0.7595096826553345,0.7574425339698792,-0.14986659586429596,0.3472139835357666,0.6976410150527954,-0.2551833689212799
0.7595457434654236,0.7548637390136719,-0.14539413154125214,0.3471059203147888,0.697742223739624,-0.2561216652393341
0.7594745755195618,0.7532901763916016,-0.14761589467525482,0.3471401631832123,0.6971595883369446,-0.25794127583503723
0.7590906023979187,0.7523781657218933,-0.14703288674354553,0.3471497893333435,0.6966021060943604,-0.2511974573135376
0.7582488656044006,0.7493872046470642,-0.14327788352966309,0.34737733006477356,0.6881192326545715,-0.2519068121910095
0.7576766014099121,0.7443411350250244,-0.12359468638896942,0.34726399183273315,0.6757720708847046,-0.2531260848045349
0.7574518918991089,0.7421419620513916,-0.1349308341741562,0.3470371663570404,0.6659191250801086,-0.29242488741874695
0.7564001083374023,0.7424017786979675,-0.03905662149190903,0.34675154089927673,0.6644325852394104,-0.22646155953407288
0.7563616037368774,0.7425408959388733,-0.057662177830934525,0.3468450903892517,0.6647764444351196,-0.23015005886554718
0.7563233971595764,0.7424426674842834,-0.07796165347099304,0.3466324508190155,0.6650910973548889,-0.23335616290569305
0.757383406162262,0.7457370758056641,-0.1141381710767746,0.34655821323394775,0.6824427843093872,-0.2358713150024414
0.7580617070198059,0.7494022250175476,-0.15776818990707397,0.3465471863746643,0.6901407241821289,-0.2411411702632904
0.7579609155654907,0.7497355341911316,-0.15446558594703674,0.3460977077484131,0.6900988221168518,-0.24559104442596436
0.7584167122840881,0.7511416673660278,-0.1521616280078888,0.3461129069328308,0.6916614174842834,-0.2587715983390808
0.7585252523422241,0.7517898678779602,-0.15157732367515564,0.3464272618293762,0.6915644407272339,-0.26279646158218384
0.7582632303237915,0.7516151070594788,-0.1502545177936554,0.3463113605976105,0.6843011975288391,-0.2846454381942749
0.7582257986068726,0.7515442371368408,-0.13055290281772614,0.3442314863204956,0.682826578617096,-0.2618926167488098
0.7585087418556213,0.7515419125556946,-0.12851320207118988,0.34292739629745483,0.6828445792198181,-0.2544417977333069
0.7587770223617554,0.7513097524642944,-0.12199483066797256,0.3430200219154358,0.683144211769104,-0.2112552374601364
0.760149359703064,0.7514207363128662,-0.15894843637943268,0.34398624300956726,0.6833288669586182,-0.234561949968338
0.7613723278045654,0.7535628080368042,-0.1658785492181778,0.34470221400260925,0.6937261819839478,-0.2427915334701538
0.761638343334198,0.7554792165756226,-0.17146185040473938,0.34473079442977905,0.693907618522644,-0.26459091901779175
0.7616325616836548,0.7571203112602234,-0.17121417820453644,0.34475651383399963,0.694116473197937,-0.2845647633075714
0.761360764503479,0.7579330801963806,-0.1744154393672943,0.34479495882987976,0.6940531134605408,-0.2992342710494995
0.7612694501876831,0.7585342526435852,-0.17232412099838257,0.3450200855731964,0.6941344738006592,-0.29458993673324585
0.7616511583328247,0.7634966373443604,-0.17085930705070496,0.34592610597610474,0.697253406047821,-0.2664332687854767
0.7617813348770142,0.763978123664856,-0.16985127329826355,0.34728869795799255,0.7044543027877808,-0.26273730397224426
0.7612408399581909,0.7639323472976685,-0.1883254498243332,0.35017651319503784,0.7067552804946899,-0.22549347579479218
0.7611154317855835,0.7686065435409546,-0.18691673874855042,0.3521344065666199,0.7138842940330505,-0.20381946861743927
0.7599785923957825,0.7617257833480835,-0.18613997101783752,0.35654133558273315,0.7185832262039185,-0.20531955361366272
0.7586159110069275,0.7508982419967651,-0.18457859754562378,0.3575156033039093,0.7181971669197083,-0.21160002052783966
0.7582447528839111,0.748149037361145,-0.18574658036231995,0.35726267099380493,0.7176477313041687,-0.2159518003463745
0.758243978023529,0.7484977841377258,-0.18493890762329102,0.3571653366088867,0.7169815301895142,-0.218144491314888
0.7585005164146423,0.7487115859985352,-0.20606085658073425,0.3570922017097473,0.7164735198020935,-0.2201923429965973
0.7584010362625122,0.7482635974884033,-0.2106567621231079,0.3563612997531891,0.7121866941452026,-0.22704455256462097
0.7583398818969727,0.7487411499023438,-0.22759488224983215,0.35602936148643494,0.7101792693138123,-0.23235651850700378
