0.7226592302322388,0.8026000261306763,-0.21256084740161896,0.2880595624446869,0.7027227878570557,-0.3407295346260071
0.7232766151428223,0.8029760718345642,-0.21348008513450623,0.28760331869125366,0.7047959566116333,-0.33913272619247437
0.7236400842666626,0.8029816150665283,-0.21444067358970642,0.28763774037361145,0.7048966288566589,-0.3373468518257141
0.7240349054336548,0.8029893636703491,-0.21407589316368103,0.28836315870285034,0.7059468030929565,-0.3403604030609131
0.7240327596664429,0.8029071092605591,-0.209077388048172,0.28839778900146484,0.7076215744018555,-0.34169286489486694
0.7236385345458984,0.8029139041900635,-0.19883324205875397,0.28839609026908875,0.7083549499511719,-0.34896424412727356
0.72323077917099,0.8029601573944092,-0.1973511129617691,0.2882257401943207,0.7085798382759094,-0.35489991307258606
0.7230177521705627,0.8031372427940369,-0.19747087359428406,0.2881520390510559,0.7085106372833252,-0.3562316596508026
0.7229317426681519,0.8044278621673584,-0.1950005143880844,0.2881019413471222,0.7088567614555359,-0.3602616488933563
0.7222802042961121,0.80517578125,-0.21079829335212708,0.28758037090301514,0.6964538097381592,-0.33190232515335083
0.7204062938690186,0.8053441643714905,-0.20901663601398468,0.2849732041358948,0.6919270753860474,-0.30326029658317566
0.7193037271499634,0.8054113388061523,-0.2199307233095169,0.28074756264686584,0.695783793926239,-0.30812856554985046
0.7193997502326965,0.8054184317588806,-0.21438893675804138,0.2816552519798279,0.6999120116233826,-0.3104858994483948
0.7208985090255737,0.8054446578025818,-0.1817430853843689,0.28408846259117126,0.7031318545341492,-0.3257276117801666
0.7207318544387817,0.8051881194114685,-0.17136390507221222,0.28411898016929626,0.703222930431366,-0.32613518834114075
0.7201393246650696,0.8047812581062317,-0.16763059794902802,0.2837921977043152,0.70327228307724,-0.33273714780807495
0.7199362516403198,0.8046338558197021,-0.17103825509548187,0.2836002707481384,0.7033094167709351,-0.3431110978126526
0.7193624377250671,0.804714560508728,-0.21018767356872559,0.2811811864376068,0.7105140686035156,-0.34095627069473267
0.7184216976165771,0.8044700026512146,-0.21983952820301056,0.27877017855644226,0.7094683051109314,-0.33030205965042114
0.7183788418769836,0.8044961094856262,-0.21764910221099854,0.278489887714386,0.7103331685066223,-0.3062819838523865
0.7167505025863647,0.8035402894020081,-0.21650958061218262,0.27847713232040405,0.7100161910057068,-0.3187086284160614
0.7164022326469421,0.8021727800369263,-0.20423094928264618,0.2789992392063141,0.7062040567398071,-0.3255883753299713
0.7164294719696045,0.8019672632217407,-0.18757206201553345,0.2800902724266052,0.7051093578338623,-0.33853256702423096
0.7169920802116394,0.8020381927490234,-0.18496771156787872,0.28152912855148315,0.7046146988868713,-0.3429229259490967
0.7174397706985474,0.8017987012863159,-0.17852969467639923,0.28383296728134155,0.7042967081069946,-0.3390082120895386
0.717438817024231,0.7992229461669922,-0.16357338428497314,0.2863907217979431,0.7036912441253662,-0.34679698944091797
0.7169197797775269,0.7989622950553894,-0.14973565936088562,0.286734938621521,0.7028859853744507,-0.34065914154052734
0.7156969904899597,0.7969101667404175,-0.14682799577713013,0.2867317795753479,0.7022882699966431,-0.34207600355148315
0.7152658700942993,0.7967982888221741,-0.1493067890405655,0.2868328094482422,0.7022600173950195,-0.343509316444397
0.7150059938430786,0.7967840433120728,-0.15072572231292725,0.28646013140678406,0.7022772431373596,-0.3520722985267639
0.7149006128311157,0.7959549427032471,-0.1519339382648468,0.2858516573905945,0.7022491097450256,-0.37080392241477966
0.7147392630577087,0.7960178256034851,-0.1510220766067505,0.2856043875217438,0.702239453792572,-0.3705061674118042
0.7149454355239868,0.7983028292655945,-0.17776811122894287,0.28498151898384094,0.7020206451416016,-0.36886629462242126
0.7145968079566956,0.7982284426689148,-0.19089238345623016,0.2845843434333801,0.7011200189590454,-0.3677743375301361
0.7146226167678833,0.7981449365615845,-0.19883638620376587,0.2844504117965698,0.7007750868797302,-0.367129385471344
0.7146843075752258,0.7980599999427795,-0.20214775204658508,0.28450512886047363,0.7005301713943481,-0.3663494288921356
