0.7220351099967957,0.8014311194419861,-0.21260419487953186,0.2871704697608948,0.709915816783905,-0.39541345834732056
0.7221904397010803,0.8013620972633362,-0.2140216827392578,0.28799694776535034,0.7096648812294006,-0.39867550134658813
0.7224138975143433,0.801351010799408,-0.21974799036979675,0.2887009084224701,0.7097530961036682,-0.4003120958805084
0.7226529717445374,0.8012930750846863,-0.21793560683727264,0.2887827754020691,0.7109813094139099,-0.39002344012260437
0.7234785556793213,0.8020230531692505,-0.21612043678760529,0.28880468010902405,0.7130523920059204,-0.3895748257637024
0.7241849899291992,0.8032235503196716,-0.21554191410541534,0.2888905107975006,0.7158922553062439,-0.3879454731941223
0.7245177030563354,0.8036271333694458,-0.2092498242855072,0.28891056776046753,0.7176609635353088,-0.3864319622516632
0.7239126563072205,0.8037236928939819,-0.2005261927843094,0.28750529885292053,0.7178661227226257,-0.383836567401886
0.7226206660270691,0.8037195801734924,-0.2136620730161667,0.2814922332763672,0.710837721824646,-0.38762977719306946
0.7198346853256226,0.8034964203834534,-0.20983903110027313,0.27558237314224243,0.6797692775726318,-0.39116936922073364
0.7222365140914917,0.8048211932182312,-0.08676391839981079,0.27967569231987,0.7045004367828369,-0.23669734597206116
0.7231004238128662,0.8050397038459778,-0.11776355654001236,0.2800465226173401,0.704597532749176,-0.2690543830394745
0.7212473154067993,0.8055338263511658,-0.12411977350711823,0.2758170962333679,0.6880647540092468,-0.29655712842941284
0.71680748462677,0.8049346208572388,-0.13288787007331848,0.2754173278808594,0.6891264319419861,-0.36507099866867065
0.7167086005210876,0.8048971891403198,-0.15487299859523773,0.2756529748439789,0.7014814615249634,-0.4012141823768616
0.718166708946228,0.803784966468811,-0.1772710382938385,0.2791983187198639,0.7046384215354919,-0.40236490964889526
0.7193722724914551,0.8034090399742126,-0.1838798075914383,0.2843589186668396,0.7052505612373352,-0.3986673951148987
0.7197071313858032,0.8033279776573181,-0.1837555319070816,0.2862183749675751,0.7070878744125366,-0.39791440963745117
0.7194297909736633,0.8024606108665466,-0.1831466555595398,0.28631025552749634,0.7078114748001099,-0.3940081000328064
0.7178686857223511,0.8025781512260437,-0.18021008372306824,0.281116783618927,0.6899399161338806,-0.3914530277252197
0.7180849313735962,0.802579939365387,-0.1888638436794281,0.2811581492424011,0.6785100102424622,-0.3834606409072876
0.7182415723800659,0.8025749325752258,-0.18843317031860352,0.27974310517311096,0.6711359024047852,-0.3806599974632263
0.7181501388549805,0.8023325204849243,-0.1873336136341095,0.27934616804122925,0.6705477833747864,-0.3739595413208008
0.7172504663467407,0.8005044460296631,-0.19329842925071716,0.27706587314605713,0.6720331907272339,-0.37411531805992126
0.7160483002662659,0.7986930012702942,-0.19639483094215393,0.2774689793586731,0.6749775409698486,-0.35714519023895264
0.7156788110733032,0.7950267195701599,-0.20813699066638947,0.2779136896133423,0.6846630573272705,-0.35151204466819763
0.7157253623008728,0.7948270440101624,-0.21174128353595734,0.28297173976898193,0.6941194534301758,-0.34947454929351807
0.7156426310539246,0.7941250205039978,-0.21131499111652374,0.28316667675971985,0.6956445574760437,-0.335419237613678
0.7149862051010132,0.7920573949813843,-0.20764005184173584,0.28278863430023193,0.6958471536636353,-0.3376687169075012
0.7122229337692261,0.7891202569007874,-0.19027620553970337,0.2827211320400238,0.6933254599571228,-0.3388170897960663
0.7092054486274719,0.7894155979156494,-0.17242209613323212,0.2814030647277832,0.6928939819335938,-0.33898890018463135
0.7082099914550781,0.790076494216919,-0.1557900607585907,0.27872684597969055,0.6930155158042908,-0.33687496185302734
0.7067556381225586,0.7924753427505493,-0.14245003461837769,0.27683475613594055,0.6932691335678101,-0.3352968096733093
0.7063046097755432,0.79337477684021,-0.14691966772079468,0.2759533226490021,0.6932343244552612,-0.3358341157436371
0.7051044702529907,0.7935822010040283,-0.1458403319120407,0.2745824158191681,0.6925686597824097,-0.33610787987709045
0.7035409808158875,0.7936719655990601,-0.13840670883655548,0.2736831307411194,0.6921460628509521,-0.33651044964790344
