0.7140342593193054,0.797167956829071,-0.16959835588932037,0.2944541275501251,0.6978646516799927,-0.31305092573165894
0.7139158844947815,0.7971773743629456,-0.16481958329677582,0.29435187578201294,0.697763979434967,-0.31417208909988403
0.71360844373703,0.7977266907691956,-0.16247861087322235,0.2942614257335663,0.6981204152107239,-0.3205021917819977
0.7130711078643799,0.7991741299629211,-0.16614961624145508,0.2941175103187561,0.6985730528831482,-0.32244500517845154
0.7101629972457886,0.7991835474967957,-0.16676273941993713,0.2865847647190094,0.7010147571563721,-0.34131479263305664
0.706818163394928,0.7987852692604065,-0.17023980617523193,0.2785559594631195,0.7049363851547241,-0.3328031003475189
0.7068248391151428,0.7991319894790649,-0.14247041940689087,0.2786979079246521,0.6858990788459778,-0.2958136796951294
0.7094492316246033,0.7990347743034363,-0.10642226785421371,0.28226155042648315,0.6850529313087463,-0.26662111282348633
0.7092120051383972,0.798956036567688,-0.11468489468097687,0.2822132110595703,0.676629364490509,-0.2752457559108734
0.7055195569992065,0.7981175184249878,-0.11022895574569702,0.27435868978500366,0.6618807315826416,-0.3199782371520996
0.7026376724243164,0.7965027689933777,-0.14945194125175476,0.27400365471839905,0.6725483536720276,-0.31847941875457764
0.7026010751724243,0.7914890646934509,-0.16222617030143738,0.27424994111061096,0.6756661534309387,-0.31570756435394287
0.7044686675071716,0.7901669144630432,-0.18528863787651062,0.2778681814670563,0.6821311712265015,-0.32031258940696716
0.7066503763198853,0.7907461524009705,-0.18344129621982574,0.27973949909210205,0.6880585551261902,-0.32073813676834106
0.7056607604026794,0.7907310128211975,-0.19482780992984772,0.27919065952301025,0.6987102031707764,-0.33478736877441406
0.7054518461227417,0.7910855412483215,-0.19084730744361877,0.2775285840034485,0.6913966536521912,-0.3368845582008362
0.7055524587631226,0.7920717000961304,-0.18621039390563965,0.2759779095649719,0.6756499409675598,-0.33878540992736816
0.7063279151916504,0.793467104434967,-0.1846776008605957,0.27602213621139526,0.6621214151382446,-0.30582109093666077
0.7067338228225708,0.7933549880981445,-0.13826848566532135,0.2765718996524811,0.6580772995948792,-0.25093528628349304
0.7073277831077576,0.7933841347694397,-0.14542661607265472,0.2765008807182312,0.6579735279083252,-0.26308485865592957
0.7073835134506226,0.7938639521598816,-0.14685773849487305,0.2741261422634125,0.6567011475563049,-0.26476219296455383
0.7072938680648804,0.7938861846923828,-0.1625535786151886,0.2714933753013611,0.6573188900947571,-0.303386390209198
0.7069064974784851,0.7936128377914429,-0.1676599681377411,0.27120140194892883,0.6757469773292542,-0.31419044733047485
0.7068108320236206,0.7928442358970642,-0.18796055018901825,0.2720029950141907,0.688651978969574,-0.3155629336833954
0.7069841623306274,0.7923952341079712,-0.18829090893268585,0.2747988700866699,0.6936151385307312,-0.3153785467147827
0.7070373892784119,0.7906790375709534,-0.19665956497192383,0.27786222100257874,0.6941591501235962,-0.3153109550476074
0.7069936990737915,0.789246678352356,-0.1978646218776703,0.279727578163147,0.6946802735328674,-0.31217584013938904
0.706630527973175,0.7878732085227966,-0.19948604702949524,0.2808575928211212,0.6947978734970093,-0.31079021096229553
0.7063859701156616,0.7865840792655945,-0.19919459521770477,0.28100448846817017,0.6961050629615784,-0.30598559975624084
0.7061493396759033,0.786566972732544,-0.2055060863494873,0.2809740900993347,0.6962160468101501,-0.304988831281662
0.7054045796394348,0.7865148186683655,-0.2014865130186081,0.28096461296081543,0.6961034536361694,-0.3034883737564087
0.7044671773910522,0.7864835262298584,-0.19934019446372986,0.2813524305820465,0.6959676742553711,-0.30328840017318726
0.7042807340621948,0.7867324352264404,-0.19901813566684723,0.28156396746635437,0.6959115862846375,-0.3033411502838135
0.7039538621902466,0.7868857979774475,-0.19331535696983337,0.2815183103084564,0.6958360075950623,-0.3034304678440094
0.7038614153862,0.7868935465812683,-0.1929818093776703,0.28148341178894043,0.6957672238349915,-0.3038102984428406
0.7038540840148926,0.7870482206344604,-0.18657594919204712,0.28128108382225037,0.6960963010787964,-0.3038216233253479
