0.7053118944168091,0.7882702946662903,-0.20149794220924377,0.2806563973426819,0.6981638669967651,-0.31428733468055725
0.7053190469741821,0.7875989675521851,-0.19866451621055603,0.28166359663009644,0.697196900844574,-0.3142724633216858
0.7049095630645752,0.7872056365013123,-0.1984998732805252,0.28086310625076294,0.6974197626113892,-0.3143654465675354
0.7019856572151184,0.7867763638496399,-0.17647482454776764,0.2755565047264099,0.6981522440910339,-0.31697338819503784
0.7013365030288696,0.7882169485092163,-0.16152389347553253,0.2674066424369812,0.6771420240402222,-0.3441717326641083
0.7123816609382629,0.7882084250450134,-0.10295166820287704,0.27648088335990906,0.6853588223457336,-0.1963471621274948
0.7168822288513184,0.7905727624893188,-0.09224152565002441,0.2768876552581787,0.6987807750701904,-0.2012827843427658
0.720236599445343,0.7905916571617126,-0.10710389912128448,0.27854034304618835,0.7024085521697998,-0.21409305930137634
0.7199840545654297,0.7905601263046265,-0.11347870528697968,0.278549462556839,0.6988085508346558,-0.2296777218580246
0.7178314924240112,0.7909437417984009,-0.08529532700777054,0.27503830194473267,0.6837104558944702,-0.2405804842710495
0.7140494585037231,0.7899125814437866,-0.1291167438030243,0.2742789387702942,0.6806685924530029,-0.2971939146518707
0.7122076153755188,0.789258599281311,-0.1883121132850647,0.27420774102211,0.6933801174163818,-0.3286212980747223
0.7121719121932983,0.788845419883728,-0.19896884262561798,0.2748696804046631,0.6971638798713684,-0.32619550824165344
0.7121168375015259,0.788800835609436,-0.2092248946428299,0.27522334456443787,0.7032113671302795,-0.3314740061759949
0.7104812860488892,0.789007842540741,-0.2017248421907425,0.2747208774089813,0.7028380632400513,-0.3269895911216736
0.7104868292808533,0.7913258075714111,-0.134386345744133,0.27460139989852905,0.6821240186691284,-0.3137453496456146
0.7166224718093872,0.7895773649215698,-0.13483473658561707,0.287415474653244,0.6885205507278442,-0.2315479815006256
0.7200587391853333,0.7876245975494385,-0.13272851705551147,0.29346591234207153,0.6932558417320251,-0.20526346564292908
0.722960889339447,0.7869392037391663,-0.1720835119485855,0.29749003052711487,0.6981712579727173,-0.22498364746570587
0.722922146320343,0.7872283458709717,-0.17032167315483093,0.2965058982372284,0.6918147206306458,-0.2311778962612152
0.7222386598587036,0.7894287705421448,-0.17459194362163544,0.2919040322303772,0.677179753780365,-0.302622526884079
0.7193714380264282,0.789447546005249,-0.19296449422836304,0.2870367765426636,0.6764183044433594,-0.35160326957702637
0.7165889739990234,0.7888748645782471,-0.19706642627716064,0.2835642695426941,0.6823689341545105,-0.33818018436431885
0.7152347564697266,0.7886412143707275,-0.20373770594596863,0.28172263503074646,0.698635995388031,-0.3305904269218445
0.713930070400238,0.7867183089256287,-0.20950527489185333,0.28169241547584534,0.7023937702178955,-0.3254619538784027
0.7120394706726074,0.7860879302024841,-0.20764437317848206,0.28129684925079346,0.7056915760040283,-0.32264238595962524
0.7102678418159485,0.7855533361434937,-0.20545172691345215,0.28094175457954407,0.7064933776855469,-0.32059746980667114
0.7088082432746887,0.785023033618927,-0.20386528968811035,0.2806856036186218,0.7070056200027466,-0.3193225562572479
0.7080891132354736,0.784869372844696,-0.20327559113502502,0.2806554436683655,0.7071009874343872,-0.31898075342178345
0.7077916860580444,0.7851061224937439,-0.20373490452766418,0.280639111995697,0.707190215587616,-0.31803929805755615
0.7077078223228455,0.7855004668235779,-0.21173474192619324,0.28063973784446716,0.7077977061271667,-0.3161792457103729
0.7072086334228516,0.7861093878746033,-0.2104995995759964,0.2796861231327057,0.7085474133491516,-0.3157025873661041
0.7065606713294983,0.7861236929893494,-0.20938518643379211,0.2790910303592682,0.7085544466972351,-0.319174200296402
0.7061869502067566,0.7861449122428894,-0.2113887518644333,0.2782862186431885,0.7085307836532593,-0.3205667734146118
0.7058583498001099,0.786217451095581,-0.21115250885486603,0.2781493067741394,0.7085115313529968,-0.3201705813407898
0.7055531740188599,0.7861557602882385,-0.21055133640766144,0.2780546545982361,0.7085151672363281,-0.3184819519519806
