0.7078979015350342,0.7880141735076904,-0.16652843356132507,0.27863678336143494,0.6907685399055481,-0.3102506697177887
0.7077098488807678,0.7852996587753296,-0.16938060522079468,0.27830255031585693,0.6902977824211121,-0.3118966221809387
0.7071260809898376,0.782934844493866,-0.17173555493354797,0.2779921889305115,0.6872912645339966,-0.3135634958744049
0.7065646052360535,0.7797631621360779,-0.17752712965011597,0.2774210572242737,0.6859212517738342,-0.3136889338493347
0.7065504789352417,0.7794154286384583,-0.19504676759243011,0.27745723724365234,0.6762350797653198,-0.31443077325820923
0.7085534334182739,0.783267080783844,-0.21217048168182373,0.27760249376296997,0.6761689782142639,-0.2972637414932251
0.709722638130188,0.7847543358802795,-0.21321876347064972,0.2775126099586487,0.6726895570755005,-0.3001222014427185
0.712505042552948,0.7862125635147095,-0.21129481494426727,0.27755022048950195,0.6730003356933594,-0.28447532653808594
0.7147284746170044,0.7884228229522705,-0.20552286505699158,0.27754098176956177,0.6730889081954956,-0.27662354707717896
0.7165310382843018,0.7906295657157898,-0.2035362422466278,0.27767714858055115,0.6733457446098328,-0.2728542685508728
0.7163423299789429,0.7906082272529602,-0.21015648543834686,0.27717629075050354,0.6705655455589294,-0.2845185697078705
0.7160657644271851,0.7906529307365417,-0.20872840285301208,0.2737123966217041,0.6706559062004089,-0.2989509701728821
0.7154807448387146,0.790614902973175,-0.207065612077713,0.2719385325908661,0.6707255840301514,-0.30417919158935547
0.715234637260437,0.7910030484199524,-0.20626330375671387,0.2714225649833679,0.6701046228408813,-0.3093818426132202
0.7164596319198608,0.7933668494224548,-0.1933697909116745,0.2714281380176544,0.6701737642288208,-0.24366891384124756
0.7205978631973267,0.7940964102745056,-0.18094512820243835,0.2730579972267151,0.6949881911277771,-0.2415437251329422
0.7233770489692688,0.794357419013977,-0.17029377818107605,0.27570074796676636,0.7220165729522705,-0.22409681975841522
0.7237842679023743,0.7943747043609619,-0.1539975106716156,0.2757047414779663,0.7210638523101807,-0.23080332577228546
0.7242909073829651,0.7934759259223938,-0.1576085388660431,0.27643534541130066,0.7198187112808228,-0.2342444658279419
0.7241044044494629,0.7929033637046814,-0.19669270515441895,0.27282994985580444,0.7071758508682251,-0.23928825557231903
0.7224609851837158,0.7929050922393799,-0.1997702419757843,0.270682692527771,0.6861261129379272,-0.2692870497703552
0.7212355136871338,0.7932927012443542,-0.19759413599967957,0.2683648467063904,0.6730266213417053,-0.3031007647514343
0.7196756601333618,0.793980062007904,-0.19380536675453186,0.26788100600242615,0.6690097451210022,-0.31815218925476074
0.7178963422775269,0.7946960926055908,-0.193455770611763,0.2677571177482605,0.6687456369400024,-0.3225376307964325
0.7161603569984436,0.795960009098053,-0.20024673640727997,0.26666051149368286,0.6692827343940735,-0.33751392364501953
0.7138423323631287,0.7966211438179016,-0.20217445492744446,0.2654321789741516,0.669485330581665,-0.3373270332813263
0.7129985690116882,0.7970250248908997,-0.2025853395462036,0.26474252343177795,0.6677854061126709,-0.33909255266189575
0.7127811312675476,0.7973360419273376,-0.20435094833374023,0.26451244950294495,0.6662044525146484,-0.33905544877052307
0.7127804160118103,0.7976695895195007,-0.2129872590303421,0.2643284201622009,0.6673545241355896,-0.3404183089733124
0.7130261063575745,0.797825813293457,-0.2118707001209259,0.26366865634918213,0.6717554926872253,-0.3393386900424957
0.7130470871925354,0.7978413701057434,-0.1886749118566513,0.2637251913547516,0.6715299487113953,-0.3469769358634949
0.713071346282959,0.797855019569397,-0.1729886382818222,0.26381105184555054,0.6703137755393982,-0.3461684584617615
0.7128975987434387,0.7976403832435608,-0.174920916557312,0.26383405923843384,0.6661876440048218,-0.3461534380912781
0.7126950621604919,0.7973222732543945,-0.17320068180561066,0.26379287242889404,0.6652238965034485,-0.34469878673553467
0.7125542759895325,0.7971530556678772,-0.17361092567443848,0.2637184262275696,0.6639087796211243,-0.3433240056037903
0.71237713098526,0.7970864772796631,-0.17249691486358643,0.263728529214859,0.6633967161178589,-0.34365513920783997
