0.7102247476577759,0.7902334332466125,-0.2268524467945099,0.27471688389778137,0.7219142317771912,-0.33550769090652466
0.7090295553207397,0.7867156267166138,-0.22621777653694153,0.2744446396827698,0.7202259302139282,-0.35229793190956116
0.7057591676712036,0.7866179943084717,-0.1965961754322052,0.27405160665512085,0.7006438970565796,-0.3850956857204437
0.7056204676628113,0.7860187888145447,-0.15201129019260406,0.2679705023765564,0.6902354955673218,-0.379504531621933
0.7112439870834351,0.7906959652900696,-0.1799023449420929,0.2667424976825714,0.6956403851509094,-0.36425450444221497
0.7142505645751953,0.7912514805793762,-0.16879381239414215,0.2647491693496704,0.6995684504508972,-0.3642875552177429
0.7139533758163452,0.7889907360076904,-0.1520608514547348,0.26009872555732727,0.6965115070343018,-0.3644936680793762
0.7124586701393127,0.7843836545944214,-0.13803008198738098,0.2600024938583374,0.6766138076782227,-0.3753246068954468
0.7098897695541382,0.7842971682548523,-0.14408905804157257,0.26284006237983704,0.6778268814086914,-0.3825846016407013
0.7098778486251831,0.7845685482025146,-0.15524640679359436,0.2680814862251282,0.6864234209060669,-0.38253116607666016
0.7095369100570679,0.784349262714386,-0.14932593703269958,0.2694435715675354,0.6893009543418884,-0.3828078508377075
0.709031879901886,0.7843502759933472,-0.15118210017681122,0.26982468366622925,0.6805094480514526,-0.38561350107192993
0.7144494652748108,0.7869316935539246,-0.14884383976459503,0.27114376425743103,0.6810865998268127,-0.3326718211174011
0.7199961543083191,0.7875992655754089,-0.15961477160453796,0.27421751618385315,0.6870187520980835,-0.3080161213874817
0.7199776768684387,0.7906744480133057,-0.16476592421531677,0.27414464950561523,0.6861061453819275,-0.31849971413612366
0.7198652029037476,0.7913747429847717,-0.15954026579856873,0.27254822850227356,0.6778981685638428,-0.3323463201522827
0.7196740508079529,0.7918403744697571,-0.1771966516971588,0.2692093551158905,0.6643626093864441,-0.361946702003479
0.7180496454238892,0.7907915711402893,-0.19634751975536346,0.26884037256240845,0.6956432461738586,-0.37110409140586853
0.7170628309249878,0.7906730771064758,-0.21228520572185516,0.27006569504737854,0.7096920609474182,-0.3691684305667877
0.7159761190414429,0.7906233072280884,-0.2102174311876297,0.27062925696372986,0.7152252197265625,-0.3621876537799835
0.7156401872634888,0.7905000448226929,-0.20933933556079865,0.2706497311592102,0.7161546349525452,-0.3468291461467743
0.7154656052589417,0.7898693084716797,-0.20736849308013916,0.2703136205673218,0.7157787680625916,-0.33203497529029846
0.7151951193809509,0.7892308831214905,-0.20165936648845673,0.2691030502319336,0.7150388360023499,-0.3126196265220642
0.7146989107131958,0.7891345620155334,-0.19065234065055847,0.2676742672920227,0.7142671942710876,-0.3099796175956726
0.7146376371383667,0.7891042828559875,-0.18541520833969116,0.2675785422325134,0.7140352725982666,-0.30575382709503174
0.7142155766487122,0.7887381911277771,-0.18353228271007538,0.2673525810241699,0.71349036693573,-0.30601635575294495
0.7140896916389465,0.7886354327201843,-0.18354399502277374,0.26729536056518555,0.7130867838859558,-0.3046005666255951
0.7138011455535889,0.7883012294769287,-0.18037477135658264,0.2670840620994568,0.7128156423568726,-0.29793649911880493
0.7134365439414978,0.7882770299911499,-0.18097607791423798,0.26707860827445984,0.7125977873802185,-0.29688772559165955
0.7133638858795166,0.7882636785507202,-0.18095509707927704,0.2671353220939636,0.7119124531745911,-0.29625385999679565
0.7132360339164734,0.7883306741714478,-0.1799272894859314,0.2670597434043884,0.7112640738487244,-0.2939481735229492
0.7131212949752808,0.7886112928390503,-0.17994336783885956,0.26667794585227966,0.7109578251838684,-0.29486364126205444
0.7130810022354126,0.7885863184928894,-0.17668801546096802,0.26634544134140015,0.7103679180145264,-0.29410794377326965
0.7129294276237488,0.7885804772377014,-0.17568281292915344,0.2658523619174957,0.7103420495986938,-0.29456132650375366
0.712584376335144,0.7885633707046509,-0.17512980103492737,0.26546207070350647,0.710297167301178,-0.29361897706985474
0.712428629398346,0.7885396480560303,-0.17352190613746643,0.26509028673171997,0.7102353572845459,-0.29398563504219055
