0.7089459300041199,0.7878563404083252,-0.177851602435112,0.26120346784591675,0.694720983505249,-0.3277202844619751
0.7098919749259949,0.7893572449684143,-0.19441527128219604,0.2674746513366699,0.7062580585479736,-0.32724037766456604
0.7120113372802734,0.791724443435669,-0.21093305945396423,0.2754799425601959,0.709435760974884,-0.3268635869026184
0.7152286171913147,0.7943194508552551,-0.20802578330039978,0.2775927186012268,0.7135125994682312,-0.3201516568660736
0.7151726484298706,0.7955175042152405,-0.21449172496795654,0.278495728969574,0.723237931728363,-0.33654868602752686
0.716161847114563,0.7976152896881104,-0.2022155225276947,0.2756885886192322,0.6942662596702576,-0.33318737149238586
0.7184582948684692,0.7987855076789856,-0.19517898559570312,0.2758793830871582,0.6908063888549805,-0.33061784505844116
0.7196807861328125,0.7996665239334106,-0.19476436078548431,0.2756411135196686,0.6874313950538635,-0.32718586921691895
0.7178452014923096,0.7987805604934692,-0.19531527161598206,0.2740917503833771,0.6896973848342896,-0.33739542961120605
0.7177867889404297,0.7987585067749023,-0.19512073695659637,0.2752158045768738,0.7054175734519958,-0.3285614848136902
0.7179938554763794,0.7981007099151611,-0.18777674436569214,0.27994778752326965,0.7089003324508667,-0.3043816387653351
0.7169959545135498,0.797559380531311,-0.18802611529827118,0.2802083194255829,0.7152840495109558,-0.3197309374809265
0.7175214886665344,0.7978299856185913,-0.19131232798099518,0.2742481827735901,0.7244013547897339,-0.33454614877700806
0.7188526391983032,0.7978169918060303,-0.20835068821907043,0.27420806884765625,0.727988600730896,-0.3345435857772827
0.720443606376648,0.7976839542388916,-0.2072751224040985,0.27419719099998474,0.7296448945999146,-0.33775728940963745
0.7204164266586304,0.7976447939872742,-0.2082892656326294,0.2727871239185333,0.7312361001968384,-0.34171369671821594
0.7201540470123291,0.7976285815238953,-0.20813345909118652,0.27244800329208374,0.7315568923950195,-0.34118425846099854
0.7198026180267334,0.7976381778717041,-0.1938627064228058,0.2757492661476135,0.7313138842582703,-0.3057451844215393
0.7198020219802856,0.7974477410316467,-0.19320759177207947,0.28042513132095337,0.7298067212104797,-0.27378401160240173
0.7198240756988525,0.7974346876144409,-0.19259271025657654,0.2814423441886902,0.7291730046272278,-0.2637912333011627
0.7198326587677002,0.7976585030555725,-0.18493297696113586,0.2813180387020111,0.7289527654647827,-0.27061212062835693
0.7197880148887634,0.7977418899536133,-0.18220582604408264,0.28089919686317444,0.7288442254066467,-0.2751460671424866
0.7194333076477051,0.7977278232574463,-0.176714688539505,0.2797825038433075,0.7269156575202942,-0.2786168158054352
0.7194108963012695,0.7978067398071289,-0.1751333326101303,0.2789088487625122,0.7266387343406677,-0.28109216690063477
0.7194323539733887,0.7982837557792664,-0.177269846200943,0.2788788080215454,0.7264871001243591,-0.2836619019508362
0.7195039987564087,0.7988194823265076,-0.18262642621994019,0.2787590026855469,0.7264021635055542,-0.28275996446609497
0.7196193933486938,0.7991875410079956,-0.18455325067043304,0.2782721519470215,0.7264137268066406,-0.28992167115211487
0.7198584079742432,0.7992711663246155,-0.18766961991786957,0.2781999707221985,0.7263773679733276,-0.2891393005847931
0.7199282646179199,0.7995731234550476,-0.1870662271976471,0.27821478247642517,0.7263419032096863,-0.2919278144836426
0.7199302911758423,0.7996078729629517,-0.18460442125797272,0.27816957235336304,0.7263866662979126,-0.2899186909198761
0.7198520302772522,0.7995065450668335,-0.18026794493198395,0.2781333923339844,0.7263609766960144,-0.28928032517433167
0.7197862267494202,0.7994200587272644,-0.17944079637527466,0.27834755182266235,0.7263826131820679,-0.2905122935771942
0.7196129560470581,0.7994106411933899,-0.1761760711669922,0.27831101417541504,0.7264578342437744,-0.3184785842895508
0.7195421457290649,0.7992134094238281,-0.1762511134147644,0.2776297926902771,0.7264487743377686,-0.3360375761985779
0.7194667458534241,0.7985038161277771,-0.17480728030204773,0.27715450525283813,0.7265369296073914,-0.3458552360534668
0.7194133996963501,0.7982290387153625,-0.17372283339500427,0.277099072933197,0.7271552681922913,-0.35038289427757263
