0.7343745827674866,0.8112560510635376,-0.20527303218841553,0.30934739112854004,0.7141962051391602,-0.3036120533943176
0.7314130663871765,0.8116491436958313,-0.20533740520477295,0.303701788187027,0.7125705480575562,-0.3226737976074219
0.7308833599090576,0.8130542039871216,-0.19863885641098022,0.2960052490234375,0.6820341348648071,-0.33713167905807495
0.7298744916915894,0.8130884170532227,-0.1858731210231781,0.2934257686138153,0.6700764298439026,-0.3404659330844879
0.727018415927887,0.8127945065498352,-0.17458142340183258,0.2930176258087158,0.680501401424408,-0.3373647928237915
0.7264747619628906,0.8110882043838501,-0.1756153404712677,0.29351261258125305,0.7015641927719116,-0.32707932591438293
0.7264929413795471,0.8111305236816406,-0.1770261526107788,0.2976743280887604,0.7055285573005676,-0.3118336796760559
0.7268792986869812,0.8115608096122742,-0.18154534697532654,0.29887038469314575,0.7093600630760193,-0.30781781673431396
0.7263583540916443,0.8115049004554749,-0.17924007773399353,0.29891782999038696,0.7120387554168701,-0.3073657155036926
0.7261287569999695,0.8115091323852539,-0.19545242190361023,0.2982468903064728,0.6822420358657837,-0.33053261041641235
0.7263169288635254,0.814168393611908,-0.1854666918516159,0.2943875193595886,0.6739422678947449,-0.32989203929901123
0.7263268232345581,0.8146352171897888,-0.19010737538337708,0.29335853457450867,0.6735717058181763,-0.3358132243156433
0.7254805564880371,0.8146277666091919,-0.19367286562919617,0.2916690707206726,0.6791092157363892,-0.33479970693588257
0.7252880334854126,0.8144038319587708,-0.19544759392738342,0.2919686436653137,0.6936607360839844,-0.31387922167778015
0.7256059646606445,0.8143321871757507,-0.19433647394180298,0.29607924818992615,0.6996477842330933,-0.3107898533344269
0.7265290021896362,0.8143842816352844,-0.19432887434959412,0.29880276322364807,0.7026291489601135,-0.3098180890083313
0.7269184589385986,0.813939094543457,-0.19417908787727356,0.30032098293304443,0.7049247622489929,-0.3062274158000946
0.7269749641418457,0.8114407062530518,-0.1958710104227066,0.3015899360179901,0.7060257792472839,-0.3064383864402771
0.7272421717643738,0.81100994348526,-0.197225883603096,0.301841139793396,0.706493079662323,-0.3137650489807129
0.7277754545211792,0.8103387355804443,-0.20175659656524658,0.30191582441329956,0.707186758518219,-0.3149557113647461
0.7291666269302368,0.8100609183311462,-0.20397154986858368,0.3021309971809387,0.7073944211006165,-0.3230802118778229
0.7295783758163452,0.8098995685577393,-0.20489680767059326,0.3023078143596649,0.70740807056427,-0.32671406865119934
0.7297757863998413,0.8096540570259094,-0.2101905643939972,0.30247873067855835,0.707467257976532,-0.3265339732170105
0.7298567295074463,0.8091764450073242,-0.21330980956554413,0.3025684356689453,0.7071276903152466,-0.32756149768829346
0.7292682528495789,0.8068475723266602,-0.21315793693065643,0.30156463384628296,0.7065097689628601,-0.3274075388908386
0.7290195226669312,0.8051442503929138,-0.214092418551445,0.3003651201725006,0.706452488899231,-0.3272622525691986
0.7276270389556885,0.8038129806518555,-0.21409375965595245,0.2990972101688385,0.7063649892807007,-0.3243984580039978
0.7259087562561035,0.8028141856193542,-0.20546093583106995,0.2956521511077881,0.7067814469337463,-0.3122718930244446
0.7253068685531616,0.8026623129844666,-0.20478758215904236,0.294377863407135,0.7081900238990784,-0.31488582491874695
0.7246979475021362,0.8020654320716858,-0.20246191322803497,0.29284724593162537,0.7089464664459229,-0.31501296162605286
0.7240108251571655,0.8016441464424133,-0.20143325626850128,0.2905814051628113,0.7102119326591492,-0.31583163142204285
0.7237734794616699,0.8015398383140564,-0.2006189525127411,0.2876955270767212,0.7102286219596863,-0.32275643944740295
0.7237952947616577,0.8016385436058044,-0.20240911841392517,0.2864419221878052,0.7106360197067261,-0.3263781666755676
0.7236630320549011,0.801588237285614,-0.2024189978837967,0.28622516989707947,0.7103671431541443,-0.3263706564903259
0.7232226133346558,0.8010284304618835,-0.19342602789402008,0.28626352548599243,0.7102004885673523,-0.3175239562988281
0.7223963141441345,0.8004351854324341,-0.1873243749141693,0.2856406569480896,0.7101665139198303,-0.31531891226768494
