0.7187408208847046,0.7943449020385742,-0.18054448068141937,0.29878395795822144,0.7054879665374756,-0.30808353424072266
0.7186643481254578,0.7938843369483948,-0.1678224802017212,0.288419634103775,0.6780455112457275,-0.29758143424987793
0.718552827835083,0.7934600710868835,-0.1770734041929245,0.286441445350647,0.6840093731880188,-0.308144748210907
0.7198400497436523,0.7934337258338928,-0.1820889264345169,0.2929542660713196,0.6897345781326294,-0.30548733472824097
0.7216213345527649,0.7937520146369934,-0.18648824095726013,0.29685842990875244,0.696901261806488,-0.3016911447048187
0.7207827568054199,0.7937091588973999,-0.18561197817325592,0.2938269078731537,0.7068048715591431,-0.33724361658096313
0.720755934715271,0.7941367626190186,-0.15359443426132202,0.28795576095581055,0.673192024230957,-0.3340584337711334
0.7216086983680725,0.7941926121711731,-0.14901205897331238,0.2805030643939972,0.6729224324226379,-0.2829058766365051
0.7215653657913208,0.7937857508659363,-0.1527816355228424,0.2796767055988312,0.6639840602874756,-0.3065963685512543
0.7211803197860718,0.7939100861549377,-0.15513876080513,0.2776601016521454,0.6670437455177307,-0.3288916349411011
0.7212542295455933,0.7959694266319275,-0.1724928319454193,0.2769924998283386,0.6925843954086304,-0.33072149753570557
0.7210529446601868,0.7962940335273743,-0.17555175721645355,0.27488476037979126,0.7074058055877686,-0.3303224444389343
0.7206007242202759,0.796225905418396,-0.18400025367736816,0.2750096917152405,0.7155668139457703,-0.3238541781902313
0.7194228768348694,0.7949458956718445,-0.1902654767036438,0.2750841975212097,0.7200998663902283,-0.32811614871025085
0.7192540764808655,0.7940534949302673,-0.1934742033481598,0.2751392722129822,0.7233487963676453,-0.3279770016670227
0.7191222906112671,0.7936846613883972,-0.19486619532108307,0.2752912640571594,0.7251562476158142,-0.3456941246986389
0.7189993262290955,0.7931746244430542,-0.19445958733558655,0.27554255723953247,0.7256698608398438,-0.349936306476593
0.7190043330192566,0.7928408980369568,-0.19250157475471497,0.2767893671989441,0.7259379029273987,-0.3479852080345154
0.7186189889907837,0.7919183969497681,-0.19232216477394104,0.2768569588661194,0.7259986400604248,-0.3445402681827545
0.7179316878318787,0.7914621829986572,-0.19251516461372375,0.27689293026924133,0.7265965938568115,-0.34599432349205017
0.7174915075302124,0.791187047958374,-0.19278590381145477,0.27699512243270874,0.7270734310150146,-0.3454124629497528
0.7173468470573425,0.7910522222518921,-0.19345960021018982,0.27730095386505127,0.7269769310951233,-0.34674879908561707
0.7164393663406372,0.7887033820152283,-0.19094090163707733,0.27813878655433655,0.7259827852249146,-0.3465387523174286
0.7157738208770752,0.7871617674827576,-0.18994995951652527,0.27899760007858276,0.725670576095581,-0.34629279375076294
0.7150872349739075,0.7859811782836914,-0.18891699612140656,0.27975982427597046,0.7251868844032288,-0.34372982382774353
0.7145856618881226,0.7850567102432251,-0.18887196481227875,0.2799210250377655,0.7242915630340576,-0.3364742398262024
0.7145752310752869,0.7851893901824951,-0.1966014951467514,0.2801430821418762,0.724204957485199,-0.33452552556991577
0.7145634293556213,0.7853261828422546,-0.19799497723579407,0.28025034070014954,0.7241536378860474,-0.32547444105148315
0.714898943901062,0.7868450880050659,-0.20005111396312714,0.2802935540676117,0.7242001891136169,-0.3227630853652954
0.7151299715042114,0.7868551015853882,-0.20022232830524445,0.2803196310997009,0.7242785692214966,-0.3197726607322693
0.7155811190605164,0.7868516445159912,-0.20537987351417542,0.2803554832935333,0.723880410194397,-0.32023245096206665
0.7157696485519409,0.7867387533187866,-0.20927421748638153,0.28023678064346313,0.7225186824798584,-0.3346255123615265
0.7159833908081055,0.7867440581321716,-0.20865420997142792,0.2799811363220215,0.7209593057632446,-0.3328516483306885
0.7158417105674744,0.7865897417068481,-0.2073938548564911,0.27954739332199097,0.7163957953453064,-0.33615949749946594
0.7159291505813599,0.7865515351295471,-0.208980992436409,0.27948737144470215,0.713856041431427,-0.33600524067878723
0.715904951095581,0.7862247824668884,-0.2068435698747635,0.279072642326355,0.7116125226020813,-0.33658069372177124
