0.7548688650131226,0.749313473701477,-0.16283361613750458,0.35101956129074097,0.7091869115829468,-0.22629857063293457
0.7552070617675781,0.7497653365135193,-0.16977503895759583,0.35097208619117737,0.7091441750526428,-0.26556798815727234
0.7554022669792175,0.7500141263008118,-0.1701856255531311,0.35095763206481934,0.7097286581993103,-0.2623893618583679
0.7554036378860474,0.749809205532074,-0.1577993929386139,0.3508393168449402,0.7095874547958374,-0.2165439873933792
0.7553350925445557,0.7490018010139465,-0.1547253280878067,0.35099321603775024,0.7093165516853333,-0.18666014075279236
0.7553517818450928,0.7490400075912476,-0.15567056834697723,0.35112977027893066,0.709316074848175,-0.19256728887557983
0.7553392648696899,0.7490081787109375,-0.15770408511161804,0.35113927721977234,0.7092204689979553,-0.18277551233768463
0.7552382946014404,0.7491462826728821,-0.17058369517326355,0.35121211409568787,0.709463894367218,-0.1875622719526291
0.7551730275154114,0.7498646974563599,-0.17062833905220032,0.3512888550758362,0.7104402184486389,-0.18520817160606384
0.7550783753395081,0.7498423457145691,-0.15334925055503845,0.3539469242095947,0.7146832346916199,-0.18044282495975494
0.7555019855499268,0.7538653016090393,-0.1644054502248764,0.35399726033210754,0.7235799431800842,-0.18193887174129486
0.755780041217804,0.75459885597229,-0.16604594886302948,0.3545951247215271,0.7269502282142639,-0.18398919701576233
0.7560118436813354,0.7546170949935913,-0.21138159930706024,0.3556233048439026,0.7252381443977356,-0.2398640662431717
0.7567233443260193,0.7542712688446045,-0.26051807403564453,0.35669538378715515,0.7249827980995178,-0.2508101463317871
0.7572826743125916,0.754283607006073,-0.256464421749115,0.356822669506073,0.7236994504928589,-0.24549897015094757
0.757773220539093,0.7542789578437805,-0.2472388744354248,0.3569125831127167,0.7224504947662354,-0.2507933974266052
0.758269190788269,0.753466784954071,-0.2428947389125824,0.35693031549453735,0.7222982048988342,-0.24999499320983887
0.758412778377533,0.7531711459159851,-0.24238154292106628,0.35692858695983887,0.7214925289154053,-0.25245124101638794
0.7583925724029541,0.7529417276382446,-0.24655044078826904,0.35707977414131165,0.7203291654586792,-0.2507869601249695
0.7584468126296997,0.7539122700691223,-0.2540869116783142,0.35776573419570923,0.7180941104888916,-0.28014352917671204
0.7584918737411499,0.7536696791648865,-0.2505493760108948,0.3592570424079895,0.7180560827255249,-0.2823285758495331
0.7584992051124573,0.7538794279098511,-0.2520814538002014,0.3598840832710266,0.7155877947807312,-0.2822825312614441
0.7585060596466064,0.7539448142051697,-0.26902827620506287,0.3598378300666809,0.7146599292755127,-0.27864551544189453
0.758517324924469,0.7538729906082153,-0.26974183320999146,0.3598693609237671,0.7150863409042358,-0.2540605664253235
0.7585524320602417,0.7546977400779724,-0.24297651648521423,0.3599115014076233,0.7157189846038818,-0.25335776805877686
0.758747935295105,0.7585547566413879,-0.22542524337768555,0.3589901924133301,0.7189561724662781,-0.27268698811531067
0.7587432861328125,0.7617760896682739,-0.23082944750785828,0.35900741815567017,0.722511351108551,-0.2722306251525879
0.7588514089584351,0.7638461589813232,-0.23684175312519073,0.35884591937065125,0.7224791646003723,-0.27132123708724976
0.7590616941452026,0.766603410243988,-0.25432372093200684,0.35882121324539185,0.7199798822402954,-0.2641586661338806
0.7590731382369995,0.7730120420455933,-0.291526734828949,0.3588205575942993,0.7159736752510071,-0.2566298842430115
0.7592370510101318,0.7781639099121094,-0.28520268201828003,0.3588387966156006,0.715509295463562,-0.26169148087501526
0.759551465511322,0.7794263362884521,-0.28376612067222595,0.35894516110420227,0.7155524492263794,-0.2719983458518982
0.7598366737365723,0.7811983227729797,-0.281319797039032,0.3589700162410736,0.7160013318061829,-0.287763386964798
0.7598126530647278,0.7812072038650513,-0.2807166576385498,0.35895785689353943,0.7087014317512512,-0.2810163199901581
0.7598318457603455,0.7814224362373352,-0.2791289687156677,0.3589428961277008,0.7092377543449402,-0.27729272842407227
0.7603522539138794,0.7809492945671082,-0.27315884828567505,0.35878708958625793,0.7125299572944641,-0.26977434754371643
