0.584886908531189,0.7234783172607422,-0.21765489876270294,0.19448253512382507,0.6678676009178162,-0.15381228923797607
0.5852786302566528,0.7212763428688049,-0.2298528403043747,0.1961376816034317,0.6665041446685791,-0.13370390236377716
0.5863429307937622,0.7187713384628296,-0.22833499312400818,0.19897976517677307,0.6624253988265991,-0.12857487797737122
0.5871933698654175,0.7172432541847229,-0.24312536418437958,0.19846667349338531,0.6622337102890015,-0.13458169996738434
0.588422417640686,0.7174328565597534,-0.25029125809669495,0.19804881513118744,0.6606927514076233,-0.12987099587917328
0.5897719860076904,0.717833936214447,-0.25491324067115784,0.19817516207695007,0.6605154275894165,-0.1337803453207016
0.5905129313468933,0.7187167406082153,-0.26169151067733765,0.1982576996088028,0.659745454788208,-0.17688027024269104
0.5909750461578369,0.7192217111587524,-0.26350849866867065,0.19847172498703003,0.6596931219100952,-0.14480766654014587
0.5912378430366516,0.7187879085540771,-0.2804187834262848,0.19865593314170837,0.6568686366081238,-0.07138435542583466
0.5912188291549683,0.7197694182395935,-0.2773016095161438,0.19860371947288513,0.6553767323493958,-0.08425784856081009
0.591198742389679,0.7207671403884888,-0.28597497940063477,0.19831658899784088,0.6547641754150391,-0.09219877421855927
0.5912060737609863,0.7203773260116577,-0.364550918340683,0.19877377152442932,0.6547620296478271,0.015994219109416008
0.5912150144577026,0.7207544445991516,-0.34058329463005066,0.19954019784927368,0.6547898054122925,-0.04756828024983406
0.591412365436554,0.7216832637786865,-0.31300050020217896,0.20023301243782043,0.6547853946685791,-0.12950721383094788
0.5916104316711426,0.7222463488578796,-0.30628517270088196,0.20171651244163513,0.6545042395591736,-0.12884172797203064
0.5917061567306519,0.7225877046585083,-0.300554096698761,0.2016894370317459,0.6548206210136414,-0.09926232695579529
0.5920688509941101,0.7226178050041199,-0.36608582735061646,0.2022801637649536,0.6546698212623596,-0.016859930008649826
0.592324435710907,0.7235487103462219,-0.281109094619751,0.20235052704811096,0.6536553502082825,-0.09461995959281921
0.5926481485366821,0.7252453565597534,-0.24361154437065125,0.20248885452747345,0.6536549925804138,-0.15221799910068512
0.592928946018219,0.7265405654907227,-0.23848506808280945,0.20254091918468475,0.6537787318229675,-0.16031929850578308
0.5929548740386963,0.7278130650520325,-0.24730324745178223,0.2033611536026001,0.6527303457260132,-0.15572799742221832
0.592965304851532,0.7289079427719116,-0.26821279525756836,0.20344586670398712,0.6519019603729248,-0.14865316450595856
0.5929708480834961,0.7299329042434692,-0.2685505449771881,0.2035040408372879,0.650477945804596,-0.1432509869337082
0.5928810834884644,0.7300745248794556,-0.2674800753593445,0.20376801490783691,0.6486584544181824,-0.13962438702583313
0.5928694605827332,0.7302895188331604,-0.26245537400245667,0.20410296320915222,0.6474376320838928,-0.13830775022506714
0.592865526676178,0.730408787727356,-0.260637104511261,0.20434710383415222,0.6473962664604187,-0.15260504186153412
0.5928303003311157,0.7308594584465027,-0.2610519528388977,0.20432618260383606,0.6468977332115173,-0.14984874427318573
0.5926038026809692,0.730973482131958,-0.2635119557380676,0.20417065918445587,0.6468778848648071,-0.14975658059120178
0.5926167964935303,0.731349527835846,-0.2540493607521057,0.20410779118537903,0.6467023491859436,-0.15001408755779266
0.5926158428192139,0.7315948009490967,-0.24420344829559326,0.2040095329284668,0.6469078660011292,-0.17292603850364685
0.5929297208786011,0.7316244840621948,-0.2442854940891266,0.20396104454994202,0.6468955278396606,-0.17120522260665894
0.5930308103561401,0.7316494584083557,-0.24070191383361816,0.20392708480358124,0.6469041109085083,-0.1590004861354828
0.593316376209259,0.7319611310958862,-0.24061782658100128,0.20409540832042694,0.6469364762306213,-0.15841439366340637
0.5936664342880249,0.7328364253044128,-0.23254022002220154,0.2040741890668869,0.6484594345092773,-0.17748840153217316
0.5937063694000244,0.7330517172813416,-0.23378205299377441,0.20418331027030945,0.6493018865585327,-0.17385055124759674
0.5937665700912476,0.7333434224128723,-0.23085817694664001,0.20419220626354218,0.6501902341842651,-0.18259960412979126
