0.5887431502342224,0.7258288264274597,-0.25835004448890686,0.1940620392560959,0.6396183371543884,-0.2030571699142456
0.5893634557723999,0.7258889675140381,-0.2567364573478699,0.19567930698394775,0.6384607553482056,-0.21707525849342346
0.5897994041442871,0.7259684801101685,-0.258240282535553,0.19637148082256317,0.6397232413291931,-0.19882073998451233
0.589613676071167,0.7214803099632263,-0.28531038761138916,0.19533073902130127,0.6410642266273499,-0.12988683581352234
0.5892866849899292,0.7167280316352844,-0.3609834611415863,0.19474993646144867,0.6415778398513794,-0.011068310588598251
0.5891858339309692,0.7170506715774536,-0.33527809381484985,0.19192492961883545,0.6382033824920654,-0.09033800661563873
0.5889818668365479,0.7171409726142883,-0.323534220457077,0.19000044465065002,0.6370185613632202,-0.12131071090698242
0.5888221263885498,0.7173311114311218,-0.3028385043144226,0.19021351635456085,0.6376127600669861,-0.1341121345758438
0.5885515213012695,0.7172796726226807,-0.2771088480949402,0.1913822889328003,0.6368215084075928,-0.12992854416370392
0.5883625745773315,0.7177527546882629,-0.2520439922809601,0.19237235188484192,0.636997401714325,-0.13375350832939148
0.5881242752075195,0.7166986465454102,-0.2573220431804657,0.1922348141670227,0.6371446251869202,-0.14088508486747742
0.5879696011543274,0.716293215751648,-0.2872665226459503,0.1931643784046173,0.6375977993011475,-0.12223446369171143
0.5879008173942566,0.7154545187950134,-0.28763046860694885,0.19233883917331696,0.638351559638977,-0.10432668030261993
0.5878033638000488,0.714861273765564,-0.36330926418304443,0.1921575516462326,0.6393121480941772,-0.022285690531134605
0.5874805450439453,0.7131440043449402,-0.346298485994339,0.1932060271501541,0.6401230692863464,-0.03867208957672119
0.5876601934432983,0.7143073678016663,-0.24427327513694763,0.19354790449142456,0.6411174535751343,-0.14741741120815277
0.5881819725036621,0.7160943150520325,-0.23068150877952576,0.19385626912117004,0.6412582993507385,-0.21118175983428955
0.5887755155563354,0.7176272869110107,-0.22753015160560608,0.19375886023044586,0.6414059400558472,-0.20527879893779755
0.5891234278678894,0.7188937067985535,-0.21676163375377655,0.19339728355407715,0.6437966823577881,-0.22570958733558655
0.5895437002182007,0.7199706435203552,-0.22569207847118378,0.19367046654224396,0.644256591796875,-0.21392202377319336
0.5896163582801819,0.7206763625144958,-0.2298583984375,0.193647563457489,0.6451175808906555,-0.20731358230113983
0.5897477865219116,0.7208328247070312,-0.23299777507781982,0.19362744688987732,0.6460492014884949,-0.20327353477478027
0.5900509357452393,0.720997154712677,-0.22381345927715302,0.19310912489891052,0.6463178396224976,-0.2191752940416336
0.5901795625686646,0.7210947871208191,-0.22468891739845276,0.19253100454807281,0.647757351398468,-0.23193654417991638
0.590210497379303,0.7211220860481262,-0.22592322528362274,0.19250841438770294,0.6498792171478271,-0.22610020637512207
0.5902348756790161,0.7211397886276245,-0.22740308940410614,0.19239917397499084,0.6517638564109802,-0.2215014398097992
0.5903743505477905,0.7211763262748718,-0.22820839285850525,0.1923789083957672,0.6533037424087524,-0.21912865340709686
0.5904144048690796,0.7212091088294983,-0.22915279865264893,0.19228701293468475,0.6541970372200012,-0.22116811573505402
0.5904432535171509,0.7223126292228699,-0.23231308162212372,0.19154605269432068,0.6552633047103882,-0.2394849956035614
0.5902044773101807,0.7239910364151001,-0.24932320415973663,0.19104383885860443,0.6570562720298767,-0.2362898290157318
0.5900827646255493,0.7248968482017517,-0.2609018087387085,0.19087576866149902,0.6583650708198547,-0.23314139246940613
0.5903050899505615,0.7252512574195862,-0.26958125829696655,0.19085395336151123,0.6578872799873352,-0.21388745307922363
0.5915087461471558,0.7265326380729675,-0.30328160524368286,0.19163480401039124,0.6574245095252991,-0.22441422939300537
0.5942738652229309,0.727969765663147,-0.29487356543540955,0.19499479234218597,0.6570457816123962,-0.17730428278446198
0.5960878133773804,0.7277230024337769,-0.2786758542060852,0.1976027488708496,0.6563427448272705,-0.1542624831199646
0.5973836779594421,0.7269178032875061,-0.27448418736457825,0.20167942345142365,0.6563419699668884,-0.1586788445711136
