0.5975192189216614,0.7123290300369263,-0.3820837140083313,0.21789324283599854,0.6705945134162903,0.11863069236278534
0.5973873734474182,0.7118116617202759,-0.3728623688220978,0.2196888029575348,0.6676013469696045,0.11536446958780289
0.5983271598815918,0.7109054327011108,-0.3626154959201813,0.22323134541511536,0.6676093339920044,0.10412013530731201
0.5989782810211182,0.7110304236412048,-0.3166141211986542,0.22350755333900452,0.6697307825088501,0.065177783370018
0.6004114747047424,0.7110207676887512,-0.2887042760848999,0.22421948611736298,0.6706886887550354,0.03588093817234039
0.6007245779037476,0.7110439538955688,-0.29576098918914795,0.22469361126422882,0.6717014908790588,0.04104340821504593
0.5995580554008484,0.7109106779098511,-0.41987282037734985,0.22706051170825958,0.6660887002944946,0.11367998272180557
0.5987001061439514,0.7109001874923706,-0.43635788559913635,0.2271721363067627,0.6664583086967468,0.12120165675878525
0.5987899899482727,0.7110050916671753,-0.4129555821418762,0.2298775017261505,0.666778564453125,0.10473878681659698
0.5984489917755127,0.7110242247581482,-0.49155062437057495,0.23007318377494812,0.6624912023544312,0.18715617060661316
0.5984280705451965,0.7118339538574219,-0.46337205171585083,0.22685226798057556,0.6633960008621216,0.15162542462348938
0.599221408367157,0.713995099067688,-0.3679647147655487,0.2268790900707245,0.667500376701355,0.13621293008327484
0.5992830991744995,0.7155067920684814,-0.367540180683136,0.22686977684497833,0.6698325276374817,0.16203197836875916
0.5979899168014526,0.7153579592704773,-0.48829251527786255,0.22801168262958527,0.6679700016975403,0.2729237377643585
0.5960480570793152,0.7153483629226685,-0.45861226320266724,0.22671015560626984,0.6675615310668945,0.26166674494743347
0.5974434018135071,0.7157461047172546,-0.3537943959236145,0.2271522581577301,0.6683546304702759,0.02267533726990223
0.5978012084960938,0.7157132625579834,-0.2914610505104065,0.2273062765598297,0.6681028604507446,-0.09213877469301224
0.5982591509819031,0.7157824039459229,-0.2820279002189636,0.22588643431663513,0.6687477827072144,-0.08775412291288376
0.5985711812973022,0.7165653109550476,-0.30602067708969116,0.22551436722278595,0.6705906391143799,-0.05410277843475342
0.5990041494369507,0.7172842621803284,-0.29988595843315125,0.2253114879131317,0.6738134026527405,-0.07935945689678192
0.5996514558792114,0.7176772952079773,-0.27293017506599426,0.2226499766111374,0.6787738800048828,-0.11738172918558121
0.5998114347457886,0.7183393239974976,-0.26951926946640015,0.22033631801605225,0.6805353760719299,-0.15432889759540558
0.5998246669769287,0.7183491587638855,-0.2560427784919739,0.21811780333518982,0.6821300983428955,-0.1472952663898468
0.599918007850647,0.7182772159576416,-0.25811806321144104,0.2159988135099411,0.6842057108879089,-0.15744560956954956
0.5999808311462402,0.718253493309021,-0.26940247416496277,0.2133571356534958,0.6852914690971375,-0.1561128944158554
0.6000140905380249,0.7185124754905701,-0.2707158923149109,0.2109716236591339,0.6875928640365601,-0.17007461190223694
0.6000210046768188,0.7184239029884338,-0.2738683819770813,0.21083326637744904,0.6876946091651917,-0.16354019939899445
0.5998216867446899,0.7180613875389099,-0.2751850485801697,0.21017134189605713,0.6865388751029968,-0.16016885638237
0.5995891094207764,0.7180420756340027,-0.2775620222091675,0.2091985046863556,0.6865034699440002,-0.17738422751426697
0.5996227264404297,0.7179372906684875,-0.2756454348564148,0.20929542183876038,0.6864708662033081,-0.1718139946460724
0.5997527837753296,0.7178561687469482,-0.26540273427963257,0.20934954285621643,0.6864437460899353,-0.17217805981636047
0.5998627543449402,0.717627763748169,-0.2666023373603821,0.2092745304107666,0.6862227320671082,-0.18146578967571259
0.5998669862747192,0.7173842787742615,-0.26942068338394165,0.20981331169605255,0.685136616230011,-0.17651709914207458
0.5998871922492981,0.7173294425010681,-0.2819601595401764,0.20982882380485535,0.6844961047172546,-0.17560894787311554
0.600046694278717,0.7172380089759827,-0.28297773003578186,0.210048645734787,0.6848143339157104,-0.1752990037202835
0.600127100944519,0.7171416878700256,-0.2900170683860779,0.2101329118013382,0.6847639679908752,-0.1673496812582016
