0.6314309239387512,0.7477976679801941,-0.20971043407917023,0.2450156956911087,0.6611703634262085,-0.24199017882347107
0.6312587261199951,0.7477490305900574,-0.22007274627685547,0.24473662674427032,0.6591489315032959,-0.24316391348838806
0.6309238076210022,0.7465941309928894,-0.2171914279460907,0.244545578956604,0.6573267579078674,-0.2346448004245758
0.6307858824729919,0.746517539024353,-0.21098844707012177,0.24424083530902863,0.6574220061302185,-0.26988837122917175
0.6270239353179932,0.7460281848907471,-0.20398330688476562,0.24314460158348083,0.6561779379844666,-0.2764582931995392
0.625628650188446,0.7459937334060669,-0.17063525319099426,0.24302932620048523,0.6336656808853149,-0.30067408084869385
0.6251171827316284,0.746586799621582,-0.17973735928535461,0.24289289116859436,0.6316850185394287,-0.3169330656528473
0.6245195269584656,0.7465706467628479,-0.20688140392303467,0.24187180399894714,0.6450179219245911,-0.3120827376842499
0.6249021291732788,0.7465604543685913,-0.2054964005947113,0.24234409630298615,0.6497381329536438,-0.2688887417316437
0.6250573396682739,0.7460037469863892,-0.21189625561237335,0.24230985343456268,0.6501972079277039,-0.26577505469322205
0.6251547336578369,0.745400071144104,-0.2125212699174881,0.24261312186717987,0.6509904265403748,-0.2652358114719391
0.6239836812019348,0.7433532476425171,-0.2218143194913864,0.23996415734291077,0.6554402112960815,-0.2574092745780945
0.6236046552658081,0.7428373098373413,-0.2296394407749176,0.2387426197528839,0.6568316221237183,-0.25794652104377747
0.623540997505188,0.7426699995994568,-0.22974570095539093,0.23808352649211884,0.6572965979576111,-0.274403840303421
0.6235087513923645,0.7426288723945618,-0.23735742270946503,0.23672576248645782,0.658405065536499,-0.30565327405929565
0.6235019564628601,0.742763876914978,-0.22778698801994324,0.23368453979492188,0.6613069772720337,-0.3109220266342163
0.6234999299049377,0.743630588054657,-0.2301943600177765,0.23227126896381378,0.6633496880531311,-0.31862112879753113
0.6235909461975098,0.7463957071304321,-0.2350430190563202,0.23133333027362823,0.6637313365936279,-0.3351409137248993
0.623569130897522,0.7472921013832092,-0.2358265370130539,0.23058311641216278,0.6642876267433167,-0.33268675208091736
0.6234930157661438,0.7477446794509888,-0.2327100783586502,0.23059344291687012,0.66164231300354,-0.32790908217430115
0.6235926747322083,0.7478560209274292,-0.23238405585289001,0.2305658757686615,0.6617799401283264,-0.3148573637008667
0.6236974000930786,0.7486989498138428,-0.23105783760547638,0.2306288182735443,0.6616438627243042,-0.30745601654052734
0.6239157915115356,0.7488787770271301,-0.22759759426116943,0.23259076476097107,0.6616932153701782,-0.25144100189208984
0.6241427659988403,0.7491191625595093,-0.21752038598060608,0.23282675445079803,0.6642579436302185,-0.25480005145072937
0.6241909265518188,0.7492157816886902,-0.2273944914340973,0.23283907771110535,0.6642940640449524,-0.2606236934661865
0.6242565512657166,0.7490473985671997,-0.2253110110759735,0.23321764171123505,0.6639090180397034,-0.24619734287261963
0.6244025826454163,0.7487581968307495,-0.2191915214061737,0.23391306400299072,0.6635636687278748,-0.21092765033245087
0.6247755289077759,0.7482601404190063,-0.20717819035053253,0.23666922748088837,0.662586510181427,-0.20445910096168518
0.625732958316803,0.7482066750526428,-0.20122811198234558,0.23706912994384766,0.6624441742897034,-0.2255769670009613
0.6266521215438843,0.7480933666229248,-0.19876451790332794,0.2385738641023636,0.662135899066925,-0.2164720594882965
0.6270989179611206,0.7471355199813843,-0.2145797461271286,0.23860006034374237,0.6607503890991211,-0.22102876007556915
0.6271083950996399,0.7466499209403992,-0.22024674713611603,0.23779848217964172,0.6599176526069641,-0.26098376512527466
0.6270673871040344,0.7453871369361877,-0.2365131378173828,0.2359999418258667,0.6584164500236511,-0.2606969177722931
0.6268081665039062,0.7451897859573364,-0.2471197545528412,0.2357824742794037,0.6584908962249756,-0.26025325059890747
0.6266388893127441,0.7451947331428528,-0.24880418181419373,0.23532254993915558,0.6583675742149353,-0.27156659960746765
0.6265819072723389,0.745403528213501,-0.2498236447572708,0.23555557429790497,0.6570312976837158,-0.2751147150993347
