0.6215576529502869,0.7251186370849609,-0.25980839133262634,0.2378692328929901,0.655669093132019,-0.05719093605875969
0.6198220252990723,0.719330370426178,-0.282431423664093,0.23534329235553741,0.6587991714477539,-0.021363388746976852
0.6197844743728638,0.7195528745651245,-0.27865806221961975,0.23427632451057434,0.6602005362510681,-0.08388771116733551
0.6197750568389893,0.7197499871253967,-0.27438339591026306,0.2339038848876953,0.6619164943695068,-0.1297890543937683
0.6195799708366394,0.7176735997200012,-0.26041334867477417,0.23215129971504211,0.6634386777877808,-0.1357250213623047
0.6191900968551636,0.7160478234291077,-0.2538689970970154,0.22803494334220886,0.665988028049469,-0.20261597633361816
0.6189308762550354,0.7157695293426514,-0.24765756726264954,0.22563675045967102,0.6700515151023865,-0.1990484893321991
0.6183310151100159,0.7159407138824463,-0.27009251713752747,0.2255408763885498,0.6685193777084351,0.001861250726506114
0.617362916469574,0.7150587439537048,-0.27720528841018677,0.22558990120887756,0.6650497317314148,0.06254224479198456
0.6169936060905457,0.7144566774368286,-0.2801179885864258,0.2256145030260086,0.6585055589675903,0.012251690030097961
0.6159085631370544,0.7143137454986572,-0.3531227707862854,0.22526168823242188,0.6573755741119385,0.04013238847255707
0.6159675717353821,0.7172979712486267,-0.3410886228084564,0.22520263493061066,0.660046398639679,0.05295814201235771
0.6160327196121216,0.7180875539779663,-0.32907992601394653,0.2249893695116043,0.664344072341919,-0.011033458635210991
0.6160637140274048,0.7192016243934631,-0.29732632637023926,0.22402086853981018,0.6686915159225464,-0.11305014789104462
0.615035891532898,0.7189539074897766,-0.3509563207626343,0.224089577794075,0.6656294465065002,0.01104352343827486
0.6150366067886353,0.718959629535675,-0.3029613494873047,0.22507330775260925,0.6602016687393188,-0.02049426920711994
0.6148836612701416,0.7179121375083923,-0.32066988945007324,0.22571568191051483,0.6541450619697571,-0.006836403161287308
0.6149026155471802,0.7171428799629211,-0.32006505131721497,0.22613951563835144,0.6529549956321716,0.00010425802611280233
0.6147823333740234,0.717092752456665,-0.350473016500473,0.22746583819389343,0.6498345732688904,0.04596684128046036
0.6145254373550415,0.7172355055809021,-0.3946612477302551,0.22825685143470764,0.6492539644241333,0.07068702578544617
0.614521861076355,0.7172386646270752,-0.38736602663993835,0.23106233775615692,0.648768961429596,0.06093694642186165
0.6144477128982544,0.7171254754066467,-0.3882727324962616,0.2336512804031372,0.6475973129272461,0.06655600666999817
0.6139116883277893,0.7172057032585144,-0.38578227162361145,0.23531906306743622,0.646474301815033,0.07165925949811935
0.6136757135391235,0.7183552384376526,-0.41173750162124634,0.23764748871326447,0.6466955542564392,0.06429995596408844
0.6135801076889038,0.7197410464286804,-0.4165157377719879,0.23879873752593994,0.6470801830291748,0.07217328250408173
0.613281786441803,0.7197093367576599,-0.4215981066226959,0.23942537605762482,0.6468241214752197,0.06785274296998978
0.6120050549507141,0.7196305394172668,-0.42939648032188416,0.23957259953022003,0.6468607187271118,0.07735110819339752
0.6108685731887817,0.7199295163154602,-0.431760311126709,0.23962971568107605,0.647333562374115,0.08805494755506516
0.6105740070343018,0.7199183702468872,-0.4358668923377991,0.2395164966583252,0.6473609805107117,0.08234947174787521
0.6097602248191833,0.7199069857597351,-0.41420286893844604,0.23832610249519348,0.6469452381134033,0.09773773699998856
0.6090391874313354,0.7200466394424438,-0.4666949212551117,0.23717518150806427,0.6468701958656311,0.04756372794508934
0.6082261800765991,0.7200753688812256,-0.4796086251735687,0.23601558804512024,0.6470992565155029,0.04433663189411163
0.6073580980300903,0.7205185294151306,-0.4749317765235901,0.23403766751289368,0.6475709676742554,0.040375545620918274
0.6068640351295471,0.7205304503440857,-0.46771112084388733,0.23252208530902863,0.6481243968009949,0.03723027557134628
0.605319619178772,0.7205519080162048,-0.4550076425075531,0.22599706053733826,0.6506606340408325,0.03782359138131142
0.6050716042518616,0.7207507491111755,-0.45141682028770447,0.2250405251979828,0.6507387161254883,0.0395868644118309
