0.6350839138031006,0.8217071294784546,-0.4240890443325043,0.24695539474487305,0.7301203608512878,-0.0446135438978672
0.6368852257728577,0.8237428069114685,-0.4243646562099457,0.24630554020404816,0.7311288118362427,-0.08658724278211594
0.6400991678237915,0.8260594606399536,-0.5215393304824829,0.2464253008365631,0.7257643342018127,-0.08648742735385895
0.6430156826972961,0.8323779702186584,-0.4839979112148285,0.2460365742444992,0.735753059387207,-0.11039731651544571
0.6427477598190308,0.8355302810668945,-0.47348618507385254,0.24559417366981506,0.7518104314804077,-0.06468642503023148
0.6469560861587524,0.8397108316421509,-0.4686119556427002,0.2431401014328003,0.7705897688865662,-0.07095406204462051
0.6503137350082397,0.8471861481666565,-0.6898831129074097,0.24200530350208282,0.7670704126358032,-0.08005404472351074
0.651225745677948,0.8462715744972229,-0.48420196771621704,0.23848728835582733,0.766891360282898,-0.15159347653388977
0.6521462202072144,0.8490144610404968,-0.4796835482120514,0.23845776915550232,0.7649040222167969,-0.1681724488735199
0.6533927917480469,0.8545998930931091,-0.5854524374008179,0.24238619208335876,0.7603515386581421,-0.07823117077350616
0.6544665098190308,0.8567720651626587,-0.42631545662879944,0.24053247272968292,0.7594247460365295,-0.03944193199276924
0.654935896396637,0.855746328830719,-0.26148170232772827,0.23865413665771484,0.7619093656539917,-0.021056246012449265
0.656204342842102,0.8550011515617371,-0.28688791394233704,0.23885712027549744,0.75128573179245,-0.008071807213127613
0.6560949683189392,0.8544133901596069,-0.34704726934432983,0.23911187052726746,0.7552797794342041,-0.017428167164325714
0.6560338735580444,0.8540153503417969,-0.3538690507411957,0.24807243049144745,0.7538646459579468,-0.032939646393060684
0.6575924158096313,0.8537161350250244,-0.3702704906463623,0.25658851861953735,0.7513735294342041,-0.0349079854786396
0.65897136926651,0.8534849882125854,-0.5673919320106506,0.25875744223594666,0.7395098805427551,-0.14329317212104797
0.6573749780654907,0.8498644232749939,-0.5528390407562256,0.25806379318237305,0.7303704023361206,-0.0971691682934761
0.6573594808578491,0.8475245237350464,-0.48573845624923706,0.258314311504364,0.7257965207099915,-0.05169330909848213
0.6572378277778625,0.8446312546730042,-0.3822780251502991,0.2556183338165283,0.7271419167518616,-0.04698241502046585
0.6567667126655579,0.8422632813453674,-0.49786967039108276,0.25517478585243225,0.7250747680664062,-0.09286575764417648
0.6567260026931763,0.8422819375991821,-0.429903507232666,0.26261013746261597,0.7203638553619385,-0.1994541436433792
0.6567301154136658,0.8422601819038391,-0.36738649010658264,0.26518043875694275,0.7209497690200806,-0.25259929895401
0.6584029793739319,0.8453205227851868,-0.35566824674606323,0.2646901309490204,0.7236549854278564,-0.24830469489097595
0.6588979363441467,0.8461049199104309,-0.33971527218818665,0.2642436623573303,0.7282578945159912,-0.2811635136604309
0.6592609882354736,0.8486419916152954,-0.3508208394050598,0.26391154527664185,0.7330162525177002,-0.24282583594322205
0.6594641208648682,0.8493143916130066,-0.34955736994743347,0.264117568731308,0.7332925200462341,-0.22565631568431854
0.6593340635299683,0.8489024639129639,-0.3582294285297394,0.26632368564605713,0.7313483357429504,-0.14246156811714172
0.6593853831291199,0.8487848043441772,-0.3400854170322418,0.26639989018440247,0.7320167422294617,-0.15271595120429993
0.6593713164329529,0.8482898473739624,-0.3384431004524231,0.26692360639572144,0.7283875942230225,-0.15571102499961853
0.6597288250923157,0.8466500639915466,-0.34455031156539917,0.2683577239513397,0.7257052063941956,-0.16069912910461426
0.6613515019416809,0.8466222882270813,-0.34473925828933716,0.2700883746147156,0.7278692126274109,-0.15983504056930542
0.6621050238609314,0.8464930057525635,-0.3105911612510681,0.27221474051475525,0.7383912801742554,-0.1560092568397522
0.6623572111129761,0.8466643691062927,-0.3140469193458557,0.2725171446800232,0.7406419515609741,-0.16976115107536316
0.6625252962112427,0.8469774127006531,-0.3282166123390198,0.2753771245479584,0.7446807622909546,-0.14905473589897156
0.6634417772293091,0.8469679951667786,-0.33862563967704773,0.28019583225250244,0.7494285106658936,-0.08375684916973114
