0.6642434597015381,0.822273850440979,-0.2951626181602478,0.270402193069458,0.7667219638824463,-0.16749697923660278
0.6645629405975342,0.8223342299461365,-0.3184959292411804,0.27055782079696655,0.7705699801445007,-0.165684312582016
0.66584312915802,0.8238534331321716,-0.31460046768188477,0.270607054233551,0.7723093628883362,-0.15066875517368317
0.6660786271095276,0.8249848484992981,-0.3337385356426239,0.27065253257751465,0.7726031541824341,-0.14875510334968567
0.6660810708999634,0.8252609372138977,-0.3467036187648773,0.27090078592300415,0.7719802856445312,-0.15136142075061798
0.6660798192024231,0.8249654769897461,-0.41497117280960083,0.2710270583629608,0.7631849646568298,-0.11934260278940201
0.6663129329681396,0.8248421549797058,-0.41524210572242737,0.27064934372901917,0.7579413652420044,-0.05132143944501877
0.6663119792938232,0.8266571760177612,-0.3962789475917816,0.26828256249427795,0.75797438621521,-0.05970843508839607
0.6665558218955994,0.8266376852989197,-0.40580257773399353,0.26834478974342346,0.7580431699752808,-0.07905261218547821
0.6667633652687073,0.8271860480308533,-0.28721556067466736,0.2682691216468811,0.7612127661705017,-0.09113236516714096
0.668723464012146,0.8296111226081848,-0.2989506125450134,0.26995351910591125,0.7617901563644409,-0.09871172904968262
0.6698855757713318,0.8297395706176758,-0.31064140796661377,0.2723560929298401,0.7619806528091431,-0.08676624298095703
0.6699432134628296,0.8296878933906555,-0.41691261529922485,0.2775806784629822,0.7519199252128601,-0.14293810725212097
0.6699023842811584,0.8264945149421692,-0.441549688577652,0.2786330580711365,0.74361652135849,-0.2166224718093872
0.6699355840682983,0.8265307545661926,-0.4474412500858307,0.27929162979125977,0.7358389496803284,-0.19782738387584686
0.6700283288955688,0.8279889225959778,-0.5006744861602783,0.28219670057296753,0.7363340854644775,-0.1941525638103485
0.669990062713623,0.8278624415397644,-0.4764760434627533,0.28349390625953674,0.7364364266395569,-0.22135940194129944
0.6700304746627808,0.8261054754257202,-0.40179914236068726,0.28342553973197937,0.7457811236381531,-0.21679866313934326
0.6700481176376343,0.8290905356407166,-0.4652227759361267,0.28360849618911743,0.7404571175575256,-0.2078896313905716
0.6700533628463745,0.8299697041511536,-0.46978574991226196,0.2813411355018616,0.7405933141708374,-0.14909344911575317
0.6698144674301147,0.830202043056488,-0.4999927878379822,0.282899409532547,0.7376097440719604,-0.14702394604682922
0.669512927532196,0.8305942416191101,-0.4834063649177551,0.2830241918563843,0.7351042032241821,-0.09584065526723862
0.6682752370834351,0.8301982879638672,-0.42955002188682556,0.2830064594745636,0.7330925464630127,-0.062333423644304276
0.6664643287658691,0.828930139541626,-0.3947877883911133,0.2829900085926056,0.7328203916549683,-0.06384861469268799
0.6664630174636841,0.8249593377113342,-0.3861362934112549,0.2829745411872864,0.7290977239608765,-0.07935873419046402
0.6656018495559692,0.8246574401855469,-0.33497053384780884,0.28179746866226196,0.7292922139167786,-0.08610140532255173
0.6642447710037231,0.8225667476654053,-0.3552022874355316,0.281594455242157,0.7293063998222351,-0.05189402773976326
0.6630889773368835,0.8182303309440613,-0.3468138575553894,0.2813480496406555,0.729618489742279,-0.0642307698726654
0.6632415652275085,0.8176746368408203,-0.3544858694076538,0.2812585234642029,0.7309613823890686,-0.0691317766904831
0.6635746359825134,0.816942572593689,-0.36569029092788696,0.2812400758266449,0.7303957343101501,-0.07418085634708405
0.6648872494697571,0.8170602917671204,-0.3994946777820587,0.281803697347641,0.731031596660614,-0.07445552200078964
0.6655491590499878,0.816994845867157,-0.41199713945388794,0.2817074954509735,0.7304211854934692,-0.03949981927871704
0.6686298251152039,0.8177338242530823,-0.4175634980201721,0.2814572751522064,0.7309072017669678,-0.04822542890906334
0.6692558526992798,0.8177599310874939,-0.3829956352710724,0.2806672751903534,0.7374603152275085,-0.08967781066894531
0.6697744727134705,0.8179802298545837,-0.30508971214294434,0.28089386224746704,0.7431179285049438,-0.10822246968746185
0.670710027217865,0.8184712529182434,-0.27689799666404724,0.2810227572917938,0.7449720501899719,-0.1043001040816307
