0.6632665991783142,0.835396409034729,-0.4565196633338928,0.2570159137248993,0.7608771920204163,-0.11934145539999008
0.6641951203346252,0.8350667953491211,-0.4274528920650482,0.2565600574016571,0.7507578730583191,-0.1638379842042923
0.6646199226379395,0.8319236040115356,-0.3391072154045105,0.2568477690219879,0.7496756911277771,-0.17944496870040894
0.665027916431427,0.8317943811416626,-0.3654628098011017,0.25624197721481323,0.7499374151229858,-0.0961805209517479
0.6650027632713318,0.8315593600273132,-0.38931286334991455,0.25736671686172485,0.743285059928894,0.008778211660683155
0.6663589477539062,0.8313663601875305,-0.39829692244529724,0.2593226134777069,0.7393395304679871,0.024372972548007965
0.666451096534729,0.8307625651359558,-0.3685445189476013,0.2589659094810486,0.739678680896759,-0.14399155974388123
0.6677975654602051,0.8306775689125061,-0.3474799394607544,0.2594992518424988,0.7401570081710815,-0.25500065088272095
0.6683617234230042,0.8297486901283264,-0.3166515827178955,0.2597104012966156,0.7409941554069519,-0.2717403173446655
0.6698534488677979,0.8302598595619202,-0.32455527782440186,0.25816610455513,0.7511851787567139,-0.2722511887550354
0.6694608330726624,0.830748438835144,-0.571354866027832,0.2590561509132385,0.7461449503898621,-0.20271892845630646
0.6693927049636841,0.8315767049789429,-0.6730566620826721,0.26273760199546814,0.7344915270805359,-0.05071825534105301
0.6692209839820862,0.8320719599723816,-0.7428227663040161,0.2655631899833679,0.7265613079071045,-0.08002583682537079
0.6691550612449646,0.8323924541473389,-0.6788891553878784,0.26538413763046265,0.7309947609901428,-0.09943026304244995
0.6699802279472351,0.83236163854599,-0.635432243347168,0.26525598764419556,0.7414132356643677,-0.3150597810745239
0.6700793504714966,0.8316820859909058,-0.47442731261253357,0.2651810050010681,0.7463333606719971,-0.27230900526046753
0.6671995520591736,0.8305086493492126,-0.3709781765937805,0.26007747650146484,0.7486571073532104,-0.17380857467651367
0.6656539440155029,0.8322429656982422,-0.6526591777801514,0.2601456642150879,0.7441304326057434,-0.0859740599989891
0.6650682091712952,0.8322545886039734,-0.5471280813217163,0.26086267828941345,0.7448580861091614,0.0648469477891922
0.6649702191352844,0.8325181603431702,-0.5913137197494507,0.2630302906036377,0.7446778416633606,0.12542173266410828
0.6642810106277466,0.8333195447921753,-0.6204455494880676,0.2649359703063965,0.7432824373245239,0.1291397362947464
0.6645605564117432,0.8332662582397461,-0.503986656665802,0.264035701751709,0.7503206133842468,0.053777385503053665
0.6647464632987976,0.8329342603683472,-0.4521957337856293,0.26401883363723755,0.7546482682228088,0.011246168985962868
0.6645620465278625,0.8329223990440369,-0.46946874260902405,0.2590784430503845,0.762810468673706,-0.03668965771794319
0.6645603775978088,0.8331748843193054,-0.545150101184845,0.2556012272834778,0.7649436593055725,-0.0434119738638401
0.664609968662262,0.8332313299179077,-0.4719216227531433,0.25894051790237427,0.7604848742485046,-0.04519299045205116
0.6649073362350464,0.8332258462905884,-0.4803915023803711,0.25934165716171265,0.760040283203125,-0.12041391432285309
0.6657213568687439,0.8332290649414062,-0.48318320512771606,0.2586401402950287,0.7641564607620239,-0.19797411561012268
0.6661285161972046,0.8332158923149109,-0.49346470832824707,0.2586567997932434,0.7641398906707764,-0.22347073256969452
0.6664888858795166,0.8344621658325195,-0.5375983715057373,0.25774091482162476,0.7644413113594055,-0.21552880108356476
0.666650116443634,0.8346364498138428,-0.5641871094703674,0.25758489966392517,0.7654656767845154,-0.260797917842865
0.6666522026062012,0.8348135352134705,-0.5587459802627563,0.25834420323371887,0.7671222686767578,-0.22576804459095
0.6667510867118835,0.8352525234222412,-0.5577240586280823,0.25943106412887573,0.769794762134552,-0.24482598900794983
0.6668299436569214,0.8356397151947021,-0.5566205978393555,0.26015692949295044,0.7718178033828735,-0.2506564259529114
0.6673280000686646,0.8353455662727356,-0.5023847818374634,0.26113513112068176,0.772554337978363,-0.19109594821929932
0.6688310503959656,0.8342812657356262,-0.4859166741371155,0.2677537202835083,0.7677053213119507,-0.19108477234840393
