0.6717211604118347,0.8345898389816284,-0.5151065587997437,0.2784549593925476,0.7448712587356567,0.07147125154733658
0.6718651056289673,0.834328830242157,-0.5139983296394348,0.27841219305992126,0.7451679706573486,0.05965670943260193
0.6718986630439758,0.8341885209083557,-0.5953166484832764,0.2787920832633972,0.7371089458465576,0.02942476235330105
0.6724021434783936,0.8342679738998413,-0.6118642091751099,0.27895495295524597,0.7335535883903503,0.007499572820961475
0.6724293231964111,0.8329468965530396,-0.41934719681739807,0.27164214849472046,0.743361234664917,-0.08394702523946762
0.6738852262496948,0.8328340649604797,-0.3594089150428772,0.2711409032344818,0.7488155961036682,-0.12040342390537262
0.6750856041908264,0.8323628902435303,-0.35004723072052,0.2711731493473053,0.7553707361221313,-0.14725877344608307
0.6750750541687012,0.8321707248687744,-0.37366169691085815,0.2703906297683716,0.7537378668785095,-0.08613122999668121
0.6750752925872803,0.8330797553062439,-0.39593571424484253,0.27040719985961914,0.7472012042999268,-0.06056257337331772
0.6744289994239807,0.8330242037773132,-0.43396273255348206,0.27315980195999146,0.7376983165740967,0.034956928342580795
0.6741653680801392,0.8330173492431641,-0.5218286514282227,0.27573591470718384,0.7310138940811157,0.06495238840579987
0.6744791269302368,0.8350963592529297,-0.5080759525299072,0.2756362557411194,0.7317932844161987,0.052976690232753754
0.6760181188583374,0.8353362679481506,-0.3708961009979248,0.27315863966941833,0.7475818991661072,-0.16676393151283264
0.6781180500984192,0.8355751037597656,-0.3803800344467163,0.27429166436195374,0.7580849528312683,-0.13501179218292236
0.6797987818717957,0.8358071446418762,-0.38233476877212524,0.27619534730911255,0.7681599259376526,-0.1300828754901886
0.6817814707756042,0.8358158469200134,-0.3915560841560364,0.2762874960899353,0.7788660526275635,-0.1574571430683136
0.6833161115646362,0.8359270691871643,-0.43447351455688477,0.2763281762599945,0.7849715352058411,-0.20570814609527588
0.6835716962814331,0.8365115523338318,-0.4076945185661316,0.2754767835140228,0.7848995327949524,-0.1792784482240677
0.6828481554985046,0.8367987275123596,-0.4061146676540375,0.2750396132469177,0.7879866361618042,-0.1638699769973755
0.6815091967582703,0.8373762369155884,-0.3993333578109741,0.27152690291404724,0.7890171408653259,-0.18816988170146942
0.6803284883499146,0.8374412655830383,-0.38495853543281555,0.2713474929332733,0.7888966202735901,-0.21831414103507996
0.6793488264083862,0.8375995755195618,-0.38125693798065186,0.2692722678184509,0.7891952991485596,-0.2216719388961792
0.678608238697052,0.8376051187515259,-0.3727954626083374,0.2678045630455017,0.7887245416641235,-0.22134318947792053
0.6773126721382141,0.8368759751319885,-0.36768704652786255,0.2656031548976898,0.7890948057174683,-0.21908967196941376
0.6768875122070312,0.8364612460136414,-0.3680165112018585,0.26187288761138916,0.7888725399971008,-0.22043418884277344
0.6762582063674927,0.8364270329475403,-0.36613041162490845,0.25677382946014404,0.7888051867485046,-0.23575139045715332
0.6759389042854309,0.8368520140647888,-0.36368805170059204,0.25243404507637024,0.7886269092559814,-0.24446642398834229
0.6751724481582642,0.8369266986846924,-0.35684868693351746,0.2505860924720764,0.7892604470252991,-0.24355342984199524
0.6730896234512329,0.8369921445846558,-0.3287413716316223,0.2509477734565735,0.7891524434089661,-0.2365531474351883
0.673111081123352,0.8378639221191406,-0.34548214077949524,0.25119468569755554,0.7890700697898865,-0.23330727219581604
0.6731303930282593,0.8382641077041626,-0.3565385937690735,0.25409170985221863,0.7883936762809753,-0.2159261405467987
0.6731206178665161,0.8393632769584656,-0.3767678737640381,0.25616341829299927,0.7858943343162537,-0.18741589784622192
0.6723682284355164,0.840766191482544,-0.37654832005500793,0.25847265124320984,0.7887269258499146,-0.15047094225883484
0.6709831953048706,0.8401709198951721,-0.3427148759365082,0.2600797414779663,0.789241373538971,-0.1566055864095688
0.6699303388595581,0.8382477164268494,-0.3461366295814514,0.2601143717765808,0.788803219795227,-0.1579430103302002
0.6674326658248901,0.83775794506073,-0.339747816324234,0.25975197553634644,0.7880976796150208,-0.16048572957515717
