0.761370062828064,0.7334955930709839,-0.15862444043159485,0.3664047122001648,0.6632355451583862,-0.23055508732795715
0.7616538405418396,0.733627438545227,-0.15932324528694153,0.36634692549705505,0.6633408069610596,-0.23638732731342316
0.7616389989852905,0.7345006465911865,-0.16722479462623596,0.36633116006851196,0.6634649038314819,-0.25532835721969604
0.7614038586616516,0.7345790863037109,-0.17155998945236206,0.36631548404693604,0.6631521582603455,-0.2546979784965515
0.7612499594688416,0.7345905303955078,-0.17479495704174042,0.3657444715499878,0.6632024645805359,-0.2539352774620056
0.7611616849899292,0.7340595126152039,-0.1779973953962326,0.3655492961406708,0.6634297966957092,-0.2578393816947937
0.7611935138702393,0.7323706746101379,-0.18848969042301178,0.36525800824165344,0.6634775400161743,-0.26135069131851196
0.761131763458252,0.731242299079895,-0.19036395847797394,0.3643926680088043,0.6640401482582092,-0.2585996985435486
0.7610107660293579,0.7301557064056396,-0.1867324709892273,0.36309704184532166,0.6640868782997131,-0.2584457993507385
0.7610289454460144,0.7302672266960144,-0.18685902655124664,0.3629726767539978,0.665575385093689,-0.2579873204231262
0.7611804008483887,0.7309377193450928,-0.1811564564704895,0.36177605390548706,0.6663873791694641,-0.2454371154308319
0.76121985912323,0.7316749691963196,-0.18070277571678162,0.3616526126861572,0.6665433049201965,-0.2408563643693924
0.7611430287361145,0.7321138381958008,-0.17328551411628723,0.3615715801715851,0.668740451335907,-0.24095134437084198
0.7604182958602905,0.7334021925926208,-0.1736273169517517,0.35980644822120667,0.6703380942344666,-0.24375715851783752
0.7601658701896667,0.7333410382270813,-0.17634502053260803,0.3596176207065582,0.6728976964950562,-0.25651636719703674
0.7598448395729065,0.7338011264801025,-0.17648427188396454,0.35966992378234863,0.6728969216346741,-0.2574506103992462
0.759343683719635,0.7344432473182678,-0.17655031383037567,0.35968610644340515,0.6733636260032654,-0.2574402391910553
0.7587834000587463,0.7353232502937317,-0.17798273265361786,0.35891270637512207,0.6755024194717407,-0.25631263852119446
0.7585908770561218,0.7357053160667419,-0.17800068855285645,0.35870715975761414,0.6756817102432251,-0.2547953724861145
0.7585749626159668,0.7358351945877075,-0.17441120743751526,0.3579895496368408,0.6772222518920898,-0.25208184123039246
0.7585582137107849,0.7359473705291748,-0.17273549735546112,0.35739001631736755,0.6782158613204956,-0.24910715222358704
0.7582784295082092,0.735980212688446,-0.16981235146522522,0.35626786947250366,0.6787679195404053,-0.24761438369750977
0.7581946849822998,0.7360044717788696,-0.1702761948108673,0.3562026619911194,0.6789869070053101,-0.24446602165699005
0.7580187916755676,0.7366216778755188,-0.17041996121406555,0.3557001054286957,0.6792241334915161,-0.25029826164245605
0.7578932046890259,0.7379615902900696,-0.17052748799324036,0.3556939661502838,0.6796503663063049,-0.25881463289260864
0.7575096487998962,0.7386590242385864,-0.17421655356884003,0.35577839612960815,0.6795801520347595,-0.26700466871261597
0.7574244737625122,0.7401832938194275,-0.1817616969347,0.3559011220932007,0.6796886920928955,-0.27087634801864624
0.7572615146636963,0.7400850057601929,-0.18263253569602966,0.3559437096118927,0.6791548132896423,-0.26981574296951294
0.7571879625320435,0.7400677800178528,-0.1860356479883194,0.356316477060318,0.6793249249458313,-0.2695128321647644
0.7571741938591003,0.7397204637527466,-0.18310855329036713,0.35631054639816284,0.6806784868240356,-0.2682045102119446
0.7570164203643799,0.7398304343223572,-0.16844598948955536,0.356281578540802,0.6807875037193298,-0.24803023040294647
0.756991446018219,0.7402276396751404,-0.17041902244091034,0.3562808036804199,0.6810226440429688,-0.24291758239269257
0.7570118308067322,0.7402344942092896,-0.17054730653762817,0.35607531666755676,0.6814121603965759,-0.24308156967163086
0.7572346925735474,0.7401321530342102,-0.16827751696109772,0.35609540343284607,0.6813890337944031,-0.24396641552448273
0.7572298645973206,0.7402509450912476,-0.1685110181570053,0.35621747374534607,0.6808945536613464,-0.2461862862110138
0.7572231888771057,0.7403280735015869,-0.16835984587669373,0.35631731152534485,0.680406928062439,-0.24788112938404083
