0.6641474962234497,0.8332367539405823,-0.47360557317733765,0.26984089612960815,0.7358914017677307,0.06327597796916962
0.663958728313446,0.8343536853790283,-0.5556429624557495,0.2701651453971863,0.7343093752861023,0.04685618355870247
0.6638538241386414,0.8341142535209656,-0.5157702565193176,0.2672883868217468,0.7394182682037354,-0.006226962432265282
0.6643836498260498,0.83548504114151,-0.3933447301387787,0.2642872631549835,0.7517300248146057,-0.03980947285890579
0.6647372245788574,0.8358498215675354,-0.3443009555339813,0.2659074664115906,0.7559841871261597,-0.020588183775544167
0.6658105254173279,0.836502730846405,-0.49357858300209045,0.2718762159347534,0.7517430782318115,0.01364811696112156
0.6659368872642517,0.8381595611572266,-0.5329970121383667,0.2803977429866791,0.7465610504150391,0.01342194713652134
0.666171669960022,0.8392633199691772,-0.5615125894546509,0.2832016944885254,0.738101601600647,0.028839999809861183
0.6663675904273987,0.8398021459579468,-0.5550000071525574,0.2840218245983124,0.7340583205223083,0.06048090383410454
0.6664224863052368,0.8398152589797974,-0.5069264769554138,0.2835621237754822,0.7346121668815613,0.054554909467697144
0.6663550734519958,0.839259147644043,-0.5072246789932251,0.2830168902873993,0.7350593209266663,0.04734862595796585
0.665989100933075,0.8369152545928955,-0.5154356956481934,0.2827966809272766,0.7348453998565674,0.0439932607114315
0.6662324070930481,0.8373685479164124,-0.5311199426651001,0.28483301401138306,0.7318168878555298,0.042375966906547546
0.6666175723075867,0.8390501737594604,-0.5261877179145813,0.28946131467819214,0.7320963740348816,0.038506634533405304
0.6669747233390808,0.8404666185379028,-0.5234066843986511,0.2967616021633148,0.7305055856704712,0.036769188940525055
0.6670439839363098,0.8411626219749451,-0.5792089700698853,0.2995198667049408,0.727886438369751,-0.005522708874195814
0.6668118834495544,0.8419992923736572,-0.5856194496154785,0.29858484864234924,0.7276975512504578,-0.05702013894915581
0.6668329238891602,0.8419947028160095,-0.5712653994560242,0.2979995608329773,0.7243602871894836,-0.06436532735824585
0.6671167612075806,0.8422844409942627,-0.5684838891029358,0.2975454330444336,0.7238520383834839,-0.05771348625421524
0.6672412157058716,0.8422325849533081,-0.5635610818862915,0.2971898913383484,0.7240117788314819,-0.0672995001077652
0.6674667596817017,0.8419272899627686,-0.5604742169380188,0.2987542450428009,0.7240694761276245,-0.05903012305498123
0.6675171256065369,0.8414599299430847,-0.47280487418174744,0.2985316216945648,0.7265183329582214,0.046811409294605255
0.6676146984100342,0.8412762880325317,-0.4795936048030853,0.2981981933116913,0.7329767346382141,0.09490742534399033
0.6676720976829529,0.8411592841148376,-0.4889121651649475,0.2955405116081238,0.7339057922363281,0.0779835507273674
0.6678234338760376,0.8417999744415283,-0.49432629346847534,0.2905484437942505,0.7418476939201355,0.07055069506168365
0.6678389310836792,0.8418377637863159,-0.44757094979286194,0.2918773591518402,0.7417548894882202,0.06513131409883499
0.6678555011749268,0.8418570160865784,-0.4531455636024475,0.29270800948143005,0.7416547536849976,0.06083642318844795
0.6678417921066284,0.8418551683425903,-0.43549394607543945,0.29219305515289307,0.7406828999519348,0.07144556194543839
0.6680301427841187,0.8418096303939819,-0.4442676901817322,0.2922726273536682,0.7405113577842712,0.038968123495578766
0.6680959463119507,0.8410351276397705,-0.45228782296180725,0.2964950203895569,0.7371038794517517,0.02495056390762329
0.6680766344070435,0.8406923413276672,-0.5104749798774719,0.2935947775840759,0.7370853424072266,-0.060394566506147385
0.6674798727035522,0.8381399512290955,-0.5168019533157349,0.2933642268180847,0.7371271848678589,-0.03855914622545242
0.6681672930717468,0.8370351195335388,-0.5134848356246948,0.2934005558490753,0.7416397929191589,-0.0337953194975853
0.6696594953536987,0.8364606499671936,-0.5077331066131592,0.2931869924068451,0.7466472387313843,0.01416178047657013
0.6708031892776489,0.8366419672966003,-0.5701755881309509,0.2932916581630707,0.7464472651481628,0.012601259164512157
0.6713855266571045,0.8364586234092712,-0.576103687286377,0.2975539267063141,0.7354737520217896,-0.005806721281260252
