0.7369061708450317,0.7146127820014954,-0.1955530345439911,0.3345089554786682,0.66847163438797,-0.28473907709121704
0.7369693517684937,0.714651882648468,-0.19136066734790802,0.33447664976119995,0.6691669225692749,-0.2857591211795807
0.7369707822799683,0.7146915197372437,-0.19113588333129883,0.3350343108177185,0.6708881855010986,-0.2863759398460388
0.736977219581604,0.7149131894111633,-0.16277800500392914,0.33502039313316345,0.6711147427558899,-0.2737772464752197
0.7370061874389648,0.7231723070144653,-0.17420955002307892,0.3347495496273041,0.6745535135269165,-0.3018975555896759
0.7367263436317444,0.7280958890914917,-0.1743866205215454,0.33525800704956055,0.6752364039421082,-0.3114190101623535
0.7360179424285889,0.7331300377845764,-0.18198342621326447,0.33466044068336487,0.6771707534790039,-0.31688982248306274
0.7362494468688965,0.7329999804496765,-0.12407419830560684,0.334545761346817,0.6853657364845276,-0.2758212983608246
0.7364612817764282,0.7333386540412903,-0.108038529753685,0.33417633175849915,0.6852750182151794,-0.2857763171195984
0.7365150451660156,0.7355511784553528,-0.10193461179733276,0.32972395420074463,0.6937761306762695,-0.28296008706092834
0.7368041276931763,0.7387499213218689,-0.10448191314935684,0.3265308141708374,0.6973262429237366,-0.28417232632637024
0.7367880940437317,0.7404785752296448,-0.11097238957881927,0.32552069425582886,0.6984870433807373,-0.29857295751571655
0.7365949749946594,0.740380048751831,-0.13771864771842957,0.3259417712688446,0.6948770880699158,-0.3085385859012604
0.7366113066673279,0.7403181195259094,-0.13082900643348694,0.32632535696029663,0.694762647151947,-0.2815321087837219
0.7365995645523071,0.7395992875099182,-0.11135713011026382,0.32685285806655884,0.6925448775291443,-0.2638854384422302
0.7364736795425415,0.7395446300506592,-0.1001879945397377,0.32753461599349976,0.6914277672767639,-0.245304137468338
0.7367900609970093,0.7367817759513855,-0.14975008368492126,0.3291063606739044,0.6924440264701843,-0.25237777829170227
0.7367832660675049,0.7367242574691772,-0.11867054551839828,0.32966476678848267,0.6923607587814331,-0.2544668912887573
0.7369706034660339,0.7366929650306702,-0.10993222892284393,0.3288787007331848,0.69314044713974,-0.26069262623786926
0.7371994256973267,0.7368304133415222,-0.11067886650562286,0.32733145356178284,0.6937659382820129,-0.2620038390159607
0.7372006177902222,0.7368514537811279,-0.1002848893404007,0.327211856842041,0.6938772797584534,-0.26385730504989624
0.7371536493301392,0.7368286848068237,-0.0968540757894516,0.3272004723548889,0.6933881640434265,-0.2650444507598877
0.7368329167366028,0.7353634238243103,-0.09480752795934677,0.3285007178783417,0.6931436657905579,-0.26822149753570557
0.7368163466453552,0.7332265377044678,-0.09611145406961441,0.3302308917045593,0.6932852864265442,-0.2848011255264282
0.7377830147743225,0.731306254863739,-0.13839998841285706,0.33119481801986694,0.6949790716171265,-0.27878478169441223
0.7379849553108215,0.7296203374862671,-0.14311037957668304,0.33139723539352417,0.6949676275253296,-0.26790738105773926
0.7381144165992737,0.7285009622573853,-0.13399693369865417,0.3323657214641571,0.6943775415420532,-0.23684215545654297
0.7382445335388184,0.7285268306732178,-0.13248294591903687,0.3324092626571655,0.6942933797836304,-0.24190285801887512
0.7383731603622437,0.7267162203788757,-0.13444477319717407,0.33318713307380676,0.6946108937263489,-0.22290417551994324
0.7382911443710327,0.7273163199424744,-0.11245027929544449,0.3332235813140869,0.6931589245796204,-0.24457374215126038
0.7381144762039185,0.7314702868461609,-0.07386951893568039,0.33264726400375366,0.6931617259979248,-0.23698091506958008
0.7380167245864868,0.7334844470024109,-0.08106818795204163,0.3324835002422333,0.6932460069656372,-0.23989887535572052
0.7381898760795593,0.7338342666625977,-0.08508419245481491,0.33265429735183716,0.6932116746902466,-0.24048110842704773
0.7381962537765503,0.7337018847465515,-0.10631437599658966,0.33317142724990845,0.6921485662460327,-0.2708960771560669
0.7382592558860779,0.7333593368530273,-0.14143496751785278,0.33456850051879883,0.6925687193870544,-0.2706916928291321
0.7384370565414429,0.733289897441864,-0.14374306797981262,0.33456870913505554,0.6941563487052917,-0.26345714926719666
