0.7332982420921326,0.7434244751930237,-0.24790409207344055,0.33516842126846313,0.7048853039741516,-0.1914549022912979
0.7333540916442871,0.7430721521377563,-0.2303972691297531,0.33603382110595703,0.7048216462135315,-0.19454076886177063
0.7337132692337036,0.7430675029754639,-0.21344499289989471,0.33590036630630493,0.706909716129303,-0.17542248964309692
0.7351071834564209,0.7430954575538635,-0.21537408232688904,0.33591529726982117,0.7078741788864136,-0.17278887331485748
0.7364832162857056,0.7427005767822266,-0.21751680970191956,0.33840420842170715,0.7085738778114319,-0.16532596945762634
0.737314760684967,0.7442623972892761,-0.19510909914970398,0.3424381613731384,0.7098780870437622,-0.1670706570148468
0.7380284070968628,0.7453941106796265,-0.19521468877792358,0.34436190128326416,0.7100059986114502,-0.17012687027454376
0.7390692234039307,0.7462443113327026,-0.19935667514801025,0.34643474221229553,0.7108047604560852,-0.15124769508838654
0.7400653958320618,0.7466500997543335,-0.19238334894180298,0.34298431873321533,0.7118527293205261,-0.13875016570091248
0.7404636740684509,0.7476228475570679,-0.19373705983161926,0.3401437997817993,0.713918149471283,-0.1449081003665924
0.740844190120697,0.7479994893074036,-0.19359302520751953,0.3399006426334381,0.713918924331665,-0.14775538444519043
0.7409244179725647,0.748337984085083,-0.19328713417053223,0.33848637342453003,0.7130507230758667,-0.15238191187381744
0.7413754463195801,0.7496657967567444,-0.19623805582523346,0.3350737988948822,0.7132638096809387,-0.15879502892494202
0.7419207692146301,0.7513015866279602,-0.19670601189136505,0.3340626358985901,0.713273823261261,-0.16023550927639008
0.7421451807022095,0.7522362470626831,-0.19702181220054626,0.3339706063270569,0.7134426832199097,-0.16103582084178925
0.7426120042800903,0.7528947591781616,-0.17675723135471344,0.33536583185195923,0.7133973836898804,-0.14663046598434448
0.7427892684936523,0.7541630864143372,-0.16596654057502747,0.337549090385437,0.7140729427337646,-0.14872735738754272
0.7429572343826294,0.7542886137962341,-0.14884956181049347,0.33985644578933716,0.7143685817718506,-0.1493542343378067
0.7429623007774353,0.7541110515594482,-0.1554059088230133,0.3406357169151306,0.7143770456314087,-0.13781598210334778
0.7416473031044006,0.7541069388389587,-0.15968340635299683,0.3352046608924866,0.7143846750259399,-0.13926850259304047
0.7412249445915222,0.7548342943191528,-0.1707334816455841,0.33339565992355347,0.7143020033836365,-0.15558335185050964
0.7408165335655212,0.7554627060890198,-0.1755099892616272,0.3271459937095642,0.7140105962753296,-0.15811043977737427
0.7407695651054382,0.756524920463562,-0.16547644138336182,0.32682546973228455,0.7163646817207336,-0.1281980276107788
0.7405811548233032,0.7571230530738831,-0.16608989238739014,0.32697793841362,0.7169515490531921,-0.13149604201316833
0.7405816316604614,0.7570570111274719,-0.17023679614067078,0.326916366815567,0.7169075608253479,-0.13313347101211548
0.7406421303749084,0.7571994662284851,-0.16768021881580353,0.3302764892578125,0.7200431227684021,-0.125364750623703
0.7408331632614136,0.7572047710418701,-0.1740168035030365,0.3373134434223175,0.7230584621429443,-0.12626495957374573
0.7417764067649841,0.7573009133338928,-0.17935600876808167,0.3432178497314453,0.72333163022995,-0.1279532015323639
0.742063581943512,0.7560068368911743,-0.1841188371181488,0.3453769087791443,0.7233421802520752,-0.1288342922925949
0.742405116558075,0.752919614315033,-0.17044419050216675,0.3452308773994446,0.7221125960350037,-0.10888254642486572
0.7415356040000916,0.7512282729148865,-0.16398295760154724,0.33900555968284607,0.7182748317718506,-0.10930687189102173
0.7411545515060425,0.7515773773193359,-0.15281163156032562,0.3352915942668915,0.7180171608924866,-0.10879846662282944
0.7407878637313843,0.7516496181488037,-0.15472204983234406,0.33190375566482544,0.7164233326911926,-0.11127122491598129
0.7402343153953552,0.7516725063323975,-0.14410528540611267,0.3307918906211853,0.7150170803070068,-0.10666503757238388
0.7400192022323608,0.7524098753929138,-0.16300258040428162,0.3286600410938263,0.7146540880203247,-0.13976971805095673
0.7401900291442871,0.7536786794662476,-0.18144629895687103,0.3256320655345917,0.7147671580314636,-0.16221654415130615
