0.7475563883781433,0.7428905963897705,-0.1441388875246048,0.34801071882247925,0.7337417006492615,-0.16620725393295288
0.7475413084030151,0.7429847121238708,-0.13979469239711761,0.34792739152908325,0.7332019209861755,-0.1609906405210495
0.7471694350242615,0.7417047619819641,-0.14203372597694397,0.34985843300819397,0.7289685606956482,-0.16072353720664978
0.7471556067466736,0.7396211624145508,-0.17564134299755096,0.35784876346588135,0.722437858581543,-0.1597592532634735
0.7472673654556274,0.7406179904937744,-0.21086058020591736,0.3616333305835724,0.7147361636161804,-0.19619764387607574
0.7470831274986267,0.7441071271896362,-0.13550160825252533,0.36024796962738037,0.7186117768287659,-0.19184547662734985
0.7465564608573914,0.7446315288543701,-0.09947095811367035,0.3520152270793915,0.7177706360816956,-0.18139538168907166
0.7440630197525024,0.7447359561920166,-0.11519540846347809,0.33222854137420654,0.7168399691581726,-0.20693829655647278
0.7440402507781982,0.7427477240562439,-0.16462662816047668,0.3323464095592499,0.7130542397499084,-0.19844982028007507
0.7440943717956543,0.7427452802658081,-0.17523469030857086,0.3296346962451935,0.7131773829460144,-0.1957186758518219
0.7440409660339355,0.7426708936691284,-0.18329733610153198,0.32740360498428345,0.7132684588432312,-0.19498956203460693
0.7443432807922363,0.7426158785820007,-0.17338797450065613,0.3281647264957428,0.7147655487060547,-0.199117511510849
0.7448731660842896,0.7421966791152954,-0.1536133587360382,0.3307478725910187,0.7177577614784241,-0.1648232638835907
0.7452477812767029,0.7419419884681702,-0.13437214493751526,0.333824098110199,0.7189052700996399,-0.13499967753887177
0.7458834648132324,0.7418593764305115,-0.1353217363357544,0.3350346088409424,0.7212813496589661,-0.13816635310649872
0.746625542640686,0.7415356040000916,-0.13599316775798798,0.33643612265586853,0.7222138047218323,-0.1422293782234192
0.7472460269927979,0.7410093545913696,-0.1529817283153534,0.33838775753974915,0.7222957015037537,-0.1506938636302948
0.7474866509437561,0.7405179738998413,-0.14897355437278748,0.3403576910495758,0.7226089239120483,-0.15012326836585999
0.7473350167274475,0.739584743976593,-0.13684305548667908,0.34046798944473267,0.7204334735870361,-0.15898668766021729
0.7472068071365356,0.7392610907554626,-0.1396218091249466,0.34049075841903687,0.7185388803482056,-0.20369192957878113
0.7469593286514282,0.7372844219207764,-0.14032265543937683,0.3407384753227234,0.7179063558578491,-0.20729009807109833
0.7469726204872131,0.7372841238975525,-0.14056792855262756,0.3413415849208832,0.7206214070320129,-0.2027263343334198
0.7475243806838989,0.7371750473976135,-0.14084330201148987,0.34155306220054626,0.7225920557975769,-0.159047931432724
0.7475451231002808,0.7369365692138672,-0.14039893448352814,0.34076568484306335,0.7239200472831726,-0.16033659875392914
0.747599720954895,0.7365580797195435,-0.14052245020866394,0.3401232361793518,0.7260083556175232,-0.14042547345161438
0.7480225563049316,0.7365596890449524,-0.16850921511650085,0.33992260694503784,0.7294413447380066,-0.14429928362369537
0.7482316493988037,0.736139178276062,-0.19558581709861755,0.3400595188140869,0.7309226393699646,-0.13759198784828186
0.7484468221664429,0.736152708530426,-0.20234887301921844,0.3401810824871063,0.7317545413970947,-0.13190458714962006
0.7484563589096069,0.7363067865371704,-0.20695967972278595,0.34035152196884155,0.7335898876190186,-0.13393177092075348
0.7484474182128906,0.7364504337310791,-0.219354510307312,0.34037527441978455,0.7344480156898499,-0.16204951703548431
0.7484699487686157,0.7365032434463501,-0.21258044242858887,0.3403882384300232,0.7345126867294312,-0.1620689332485199
0.7485558986663818,0.7365223169326782,-0.21569916605949402,0.34035319089889526,0.7345442175865173,-0.18328334391117096
0.7483339309692383,0.7363185286521912,-0.17418137192726135,0.3398206830024719,0.7345381379127502,-0.10841906070709229
0.748091995716095,0.7362687587738037,-0.16954120993614197,0.3398037850856781,0.7333955764770508,-0.15294525027275085
0.7480294704437256,0.7365666031837463,-0.16979025304317474,0.33912912011146545,0.7327330708503723,-0.22917279601097107
0.7478069067001343,0.7364391684532166,-0.1702767014503479,0.3376477360725403,0.7316881418228149,-0.24124233424663544
