0.7448068857192993,0.7547937035560608,-0.14287282526493073,0.3593325912952423,0.716434121131897,-0.1476355493068695
0.7439236044883728,0.755075991153717,-0.13266783952713013,0.35837915539741516,0.7183662056922913,-0.1202099472284317
0.7416521906852722,0.7549306750297546,-0.1387944519519806,0.3586256802082062,0.7175253629684448,-0.12990088760852814
0.7411762475967407,0.7541092038154602,-0.12508893013000488,0.3584781885147095,0.7162004709243774,-0.11207985877990723
0.740021824836731,0.7528106570243835,-0.10360656678676605,0.3595207631587982,0.7124898433685303,-0.08394405245780945
0.7401739358901978,0.7532281875610352,-0.1912352740764618,0.36040621995925903,0.7111116051673889,-0.09363990277051926
0.7403802275657654,0.753473699092865,-0.1406267285346985,0.35025256872177124,0.7221668362617493,-0.17291060090065002
0.7415255308151245,0.7535387873649597,-0.12231173366308212,0.34668415784835815,0.7242575287818909,-0.18334510922431946
0.7426086664199829,0.754275381565094,-0.12532103061676025,0.34615758061408997,0.7269724607467651,-0.20654615759849548
0.7432247400283813,0.7547239065170288,-0.14561817049980164,0.345539391040802,0.7269110083580017,-0.20498856902122498
0.7440915703773499,0.7546923756599426,-0.1444334089756012,0.34565097093582153,0.7268105745315552,-0.180863156914711
0.7452129125595093,0.7547265291213989,-0.1390998512506485,0.3457445502281189,0.7266362905502319,-0.18096990883350372
0.7467883825302124,0.7553173899650574,-0.13796277344226837,0.34581178426742554,0.7287296056747437,-0.16453631222248077
0.7467890977859497,0.7559947967529297,-0.13898910582065582,0.3445696234703064,0.7286589741706848,-0.18599510192871094
0.7466366291046143,0.7559854984283447,-0.1445256769657135,0.3440864384174347,0.7285985946655273,-0.17316602170467377
0.7461211085319519,0.7559872269630432,-0.16335630416870117,0.3436600863933563,0.7288294434547424,-0.19427885115146637
0.7463623285293579,0.7559424042701721,-0.1400315910577774,0.34614095091819763,0.7288061380386353,-0.14447352290153503
0.7463105916976929,0.7554665207862854,-0.13903112709522247,0.34809887409210205,0.7280734777450562,-0.19464489817619324
0.7453079223632812,0.7596018314361572,-0.14420878887176514,0.3482002913951874,0.7181216478347778,-0.22783419489860535
0.7442997694015503,0.7601670026779175,-0.15680167078971863,0.34819740056991577,0.7096699476242065,-0.22026166319847107
0.7438187599182129,0.7604990005493164,-0.16091182827949524,0.34823328256607056,0.7052730917930603,-0.21391594409942627
0.7441422939300537,0.7607013583183289,-0.16040825843811035,0.3489154279232025,0.7058389782905579,-0.14111417531967163
0.7443454265594482,0.7598571181297302,-0.16353626549243927,0.3488636612892151,0.7069482207298279,-0.1450929194688797
0.7443488836288452,0.7590178847312927,-0.11641508340835571,0.3488040864467621,0.7102544903755188,-0.13441041111946106
0.7447361350059509,0.7590029835700989,-0.13772627711296082,0.34874480962753296,0.7191275954246521,-0.139441579580307
0.7450011968612671,0.7587788105010986,-0.12620344758033752,0.3487069010734558,0.720227062702179,-0.1405181735754013
0.745008111000061,0.7586373686790466,-0.09476917237043381,0.34870046377182007,0.7181049585342407,-0.14285160601139069
0.744968593120575,0.7585685849189758,-0.10300260782241821,0.3489256799221039,0.7171011567115784,-0.1447097510099411
0.7449100613594055,0.7584947347640991,-0.09389904886484146,0.3487604260444641,0.7156113386154175,-0.13704843819141388
0.7447842955589294,0.7580007910728455,-0.09970264136791229,0.3487628996372223,0.7151700854301453,-0.15884673595428467
0.7447932958602905,0.757777988910675,-0.07427005469799042,0.3492608964443207,0.7151576280593872,-0.09344907104969025
0.744868814945221,0.7572869658470154,-0.06519947946071625,0.34916168451309204,0.7156124114990234,-0.10656168311834335
0.744887113571167,0.75758957862854,-0.07357152551412582,0.3459489941596985,0.719648003578186,-0.06344307214021683
0.7445154786109924,0.7577766180038452,-0.06276772171258926,0.34440815448760986,0.7234547734260559,-0.06250681728124619
0.7436410188674927,0.7578788995742798,-0.06570069491863251,0.3429264426231384,0.7271468639373779,-0.06695055216550827
0.7434621453285217,0.7577317357063293,-0.06721602380275726,0.3429255187511444,0.7280508875846863,-0.10099446773529053
