0.7488710880279541,0.7580597996711731,-0.15882878005504608,0.3510741889476776,0.7319872379302979,-0.187966451048851
0.7488170862197876,0.7573658227920532,-0.16016335785388947,0.3494575023651123,0.7331243753433228,-0.18487492203712463
0.7487951517105103,0.7558953166007996,-0.15084587037563324,0.3511258661746979,0.7330480217933655,-0.16566629707813263
0.7489086389541626,0.7559279203414917,-0.1520584225654602,0.35257577896118164,0.7325724959373474,-0.24768507480621338
0.748886227607727,0.7558459043502808,-0.18802884221076965,0.35789257287979126,0.7268468141555786,-0.22206106781959534
0.7488500475883484,0.7579707503318787,-0.17848096787929535,0.35885918140411377,0.725680410861969,-0.21045351028442383
0.7473020553588867,0.7588828206062317,-0.16698069870471954,0.35877448320388794,0.724526584148407,-0.2300320863723755
0.7463812828063965,0.7595268487930298,-0.16624295711517334,0.35860559344291687,0.7227906584739685,-0.22566476464271545
0.7458516359329224,0.7624885439872742,-0.15900442004203796,0.348849356174469,0.7314056754112244,-0.2351188361644745
0.7458221316337585,0.7637344598770142,-0.12538954615592957,0.3450387120246887,0.7339239716529846,-0.20917442440986633
0.7458134889602661,0.7637157440185547,-0.11678773164749146,0.34531620144844055,0.7346774339675903,-0.217524915933609
0.7458450794219971,0.7646080255508423,-0.11430883407592773,0.3452160358428955,0.7358548045158386,-0.216038316488266
0.7461875677108765,0.764595091342926,-0.13536478579044342,0.3452945649623871,0.7320493459701538,-0.23938333988189697
0.7463268041610718,0.7645862698554993,-0.13448168337345123,0.34541305899620056,0.7285216450691223,-0.23503708839416504
0.7474026083946228,0.7639192938804626,-0.1231287345290184,0.34545615315437317,0.7266277074813843,-0.2147962599992752
0.7486289739608765,0.7637001872062683,-0.1484518200159073,0.3461639881134033,0.7256063222885132,-0.21564939618110657
0.7489428520202637,0.7624244093894958,-0.15248742699623108,0.3463301360607147,0.723649263381958,-0.23126220703125
0.7492033839225769,0.7623596787452698,-0.15248781442642212,0.346723735332489,0.7228039503097534,-0.23144114017486572
0.7498326897621155,0.7621414661407471,-0.15218167006969452,0.34824419021606445,0.722038984298706,-0.2302687168121338
0.7507212162017822,0.7605466246604919,-0.1657756268978119,0.34973689913749695,0.7214059233665466,-0.2227669060230255
0.7513310313224792,0.7602431774139404,-0.15022164583206177,0.3496219515800476,0.71949303150177,-0.22264203429222107
0.7516719102859497,0.7599785923957825,-0.12832090258598328,0.34940946102142334,0.718817949295044,-0.21593478322029114
0.7520691156387329,0.7598674297332764,-0.1286887228488922,0.34914982318878174,0.7192761898040771,-0.20630669593811035
0.7521393895149231,0.7595552206039429,-0.1317802518606186,0.34933575987815857,0.7201481461524963,-0.206588476896286
0.7520526051521301,0.7587127685546875,-0.18637847900390625,0.34928375482559204,0.7215891480445862,-0.22755280137062073
0.7516205310821533,0.758779764175415,-0.21943655610084534,0.34475475549697876,0.7275726795196533,-0.25535136461257935
0.7510316371917725,0.7591085433959961,-0.21566195785999298,0.34232643246650696,0.7313164472579956,-0.249902606010437
0.7510303258895874,0.7594863772392273,-0.25059476494789124,0.34204304218292236,0.7312870025634766,-0.24917912483215332
0.7509907484054565,0.759044349193573,-0.23201575875282288,0.34387660026550293,0.7311959862709045,-0.24601909518241882
0.7508845329284668,0.7586119771003723,-0.1992245614528656,0.34495988488197327,0.7269068360328674,-0.2366803139448166
0.7507374286651611,0.7582703232765198,-0.18716087937355042,0.3454495668411255,0.7258138656616211,-0.2346765547990799
0.750713050365448,0.7582255005836487,-0.18168821930885315,0.3451591730117798,0.7220712304115295,-0.22166812419891357
0.7506906986236572,0.7582176923751831,-0.19963636994361877,0.3453722894191742,0.7227112650871277,-0.22010433673858643
0.750674307346344,0.7583879828453064,-0.228855162858963,0.3453929126262665,0.7269905805587769,-0.23020510375499725
0.7504590153694153,0.7588919997215271,-0.22699573636054993,0.3419375717639923,0.7297194600105286,-0.20760846138000488
0.7504507899284363,0.7594749927520752,-0.24703986942768097,0.3390604853630066,0.7306777238845825,-0.21786752343177795
