0.7526987791061401,0.7625278234481812,-0.0684131607413292,0.3537876009941101,0.730575442314148,-0.09842739999294281
0.7533311247825623,0.7628482580184937,-0.07408488541841507,0.3551579713821411,0.7322371602058411,-0.10689987987279892
0.7534164786338806,0.7646447420120239,-0.1300983428955078,0.35787147283554077,0.7323156595230103,-0.1362866461277008
0.7535214424133301,0.7670029401779175,-0.1666269600391388,0.35978275537490845,0.7317715883255005,-0.13412538170814514
0.7535257935523987,0.7684018611907959,-0.1723988950252533,0.3597150444984436,0.7268747091293335,-0.14309635758399963
0.7535748481750488,0.7776870131492615,-0.1768462061882019,0.36020511388778687,0.7260952591896057,-0.18958444893360138
0.7535778880119324,0.787139892578125,-0.1899406909942627,0.34945839643478394,0.7345176935195923,-0.27212652564048767
0.7534193396568298,0.792048990726471,-0.18444527685642242,0.3395155668258667,0.7315661907196045,-0.262838214635849
0.7532860636711121,0.7947808504104614,-0.20189423859119415,0.3384432792663574,0.7187432646751404,-0.23882611095905304
0.7509980797767639,0.7911766767501831,-0.1647287756204605,0.33913654088974,0.7071124315261841,-0.22981376945972443
0.7500833868980408,0.7855150103569031,-0.16297808289527893,0.33995717763900757,0.7055724859237671,-0.2339242696762085
0.7500895261764526,0.7814586162567139,-0.1675739288330078,0.34103628993034363,0.706385612487793,-0.24734282493591309
0.7502545714378357,0.777411699295044,-0.16746698319911957,0.3420577049255371,0.7062342166900635,-0.24684318900108337
0.7509235143661499,0.7761991620063782,-0.18750987946987152,0.343400776386261,0.7063814997673035,-0.2764973044395447
0.7526794672012329,0.7750019431114197,-0.11897899955511093,0.34518224000930786,0.7091054916381836,-0.2238551676273346
0.7529463171958923,0.7749839425086975,-0.1287103295326233,0.34532517194747925,0.7179898619651794,-0.22001416981220245
0.7529616355895996,0.7761433720588684,-0.13102097809314728,0.34511375427246094,0.718016505241394,-0.22778646647930145
0.7530064582824707,0.7771630883216858,-0.15598991513252258,0.3452308475971222,0.7179844379425049,-0.22759775817394257
0.752909243106842,0.779975950717926,-0.15674744546413422,0.34530404210090637,0.7182838320732117,-0.2296065390110016
0.7522624731063843,0.780902624130249,-0.1561463475227356,0.34546175599098206,0.7216567397117615,-0.23207104206085205
0.7518669366836548,0.7819093465805054,-0.15969905257225037,0.34643667936325073,0.7256720662117004,-0.233403280377388
0.7519261240959167,0.7822599411010742,-0.16774864494800568,0.34688031673431396,0.7269759774208069,-0.2329178750514984
0.7519115209579468,0.7818992733955383,-0.16754868626594543,0.34702038764953613,0.7279432415962219,-0.2108604907989502
0.7520111799240112,0.7820280194282532,-0.16540628671646118,0.34711217880249023,0.7366594076156616,-0.17225679755210876
0.751754879951477,0.7819467186927795,-0.16118675470352173,0.3458538055419922,0.7401980757713318,-0.173873633146286
0.7515572905540466,0.7817087173461914,-0.16051849722862244,0.343915730714798,0.7397898435592651,-0.17650623619556427
0.7515659332275391,0.7816365957260132,-0.14023283123970032,0.34330418705940247,0.7394733428955078,-0.17839713394641876
0.7516804933547974,0.7836002111434937,-0.12578365206718445,0.3336699604988098,0.7485987544059753,-0.18180397152900696
0.7517721056938171,0.7834615111351013,-0.12811611592769623,0.3479876220226288,0.7334641814231873,-0.1795402616262436
0.751749575138092,0.7819749116897583,-0.13217701017856598,0.35237357020378113,0.7309805750846863,-0.1783839464187622
0.7533258199691772,0.7828250527381897,-0.14817969501018524,0.3578028082847595,0.7303895950317383,-0.13292039930820465
0.7534317374229431,0.7815472483634949,-0.18235521018505096,0.3578561842441559,0.7307142615318298,-0.19336262345314026
0.7535355687141418,0.782460629940033,-0.16205279529094696,0.34665173292160034,0.7415886521339417,-0.2107497900724411
0.7535426616668701,0.7828152179718018,-0.16158446669578552,0.3423188328742981,0.7459061741828918,-0.18846260011196136
0.7532658576965332,0.7824514508247375,-0.1554763913154602,0.33853161334991455,0.7509918808937073,-0.19216039776802063
0.7532616257667542,0.7823967337608337,-0.1708870232105255,0.33141785860061646,0.7583544850349426,-0.24468234181404114
