1,right,0,0,0,0,0,0,0,0,0,0,0,0,0,0,0,0,0,0,0,0,0,0,0,0,0,0,0,0,0,0,0,0,0,0,0,0,0,0,0,0,0,0,0,0,0,0,0,0,0,0,0,0,0,0,0,0,0,0,0,0,0,0,0
1,left,0,0,0,0,0,0,0,0,0,0,0,0,0,0,0,0,0,0,0,0,0,0,0,0,0,0,0,0,0,0,0,0,0,0,0,0,0,0,0,0,0,0,0,0,0,0,0,0,0,0,0,0,0,0,0,0,0,0,0,0,0,0,0
2,right,0,0,0,0,0,0,0,0,0,0,0,0,0,0,0,0,0,0,0,0,0,0,0,0,0,0,0,0,0,0,0,0,0,0,0,0,0,0,0,0,0,0,0,0,0,0,0,0,0,0,0,0,0,0,0,0,0,0,0,0,0,0,0
2,left,0,0,0,0,0,0,0,0,0,0,0,0,0,0,0,0,0,0,0,0,0,0,0,0,0,0,0,0,0,0,0,0,0,0,0,0,0,0,0,0,0,0,0,0,0,0,0,0,0,0,0,0,0,0,0,0,0,0,0,0,0,0,0
3,right,0,0,0,0,0,0,0,0,0,0,0,0,0,0,0,0,0,0,0,0,0,0,0,0,0,0,0,0,0,0,0,0,0,0,0,0,0,0,0,0,0,0,0,0,0,0,0,0,0,0,0,0,0,0,0,0,0,0,0,0,0,0,0
3,left,0,0,0,0,0,0,0,0,0,0,0,0,0,0,0,0,0,0,0,0,0,0,0,0,0,0,0,0,0,0,0,0,0,0,0,0,0,0,0,0,0,0,0,0,0,0,0,0,0,0,0,0,0,0,0,0,0,0,0,0,0,0,0
4,right,0,0,0,0,0,0,0,0,0,0,0,0,0,0,0,0,0,0,0,0,0,0,0,0,0,0,0,0,0,0,0,0,0,0,0,0,0,0,0,0,0,0,0,0,0,0,0,0,0,0,0,0,0,0,0,0,0,0,0,0,0,0,0
4,left,0,0,0,0,0,0,0,0,0,0,0,0,0,0,0,0,0,0,0,0,0,0,0,0,0,0,0,0,0,0,0,0,0,0,0,0,0,0,0,0,0,0,0,0,0,0,0,0,0,0,0,0,0,0,0,0,0,0,0,0,0,0,0
5,right,0,0,0,0,0,0,0,0,0,0,0,0,0,0,0,0,0,0,0,0,0,0,0,0,0,0,0,0,0,0,0,0,0,0,0,0,0,0,0,0,0,0,0,0,0,0,0,0,0,0,0,0,0,0,0,0,0,0,0,0,0,0,0
5,left,0,0,0,0,0,0,0,0,0,0,0,0,0,0,0,0,0,0,0,0,0,0,0,0,0,0,0,0,0,0,0,0,0,0,0,0,0,0,0,0,0,0,0,0,0,0,0,0,0,0,0,0,0,0,0,0,0,0,0,0,0,0,0
6,right,0.1856478601694107,0.9032341837882996,-2.42986892828867e-08,0.23459096252918243,0.8775875568389893,-0.026946166530251503,0.2794807553291321,0.8139434456825256,-0.04092526063323021,0.3146870732307434,0.7651237845420837,-0.05339518561959267,0.34735357761383057,0.7349192500114441,-0.06651120632886887,0.23899994790554047,0.7287729978561401,-0.02936740592122078,0.2368643581867218,0.6691089272499084,-0.05025354027748108,0.23063009977340698,0.6287815570831299,-0.06342633068561554,0.2243926227092743,0.5945090055465698,-0.07296238839626312,0.20009440183639526,0.7273814082145691,-0.02792860008776188,0.19818854331970215,0.731203019618988,-0.0623987540602684,0.2039058804512024,0.7950249910354614,-0.07045991718769073,0.20723287761211395,0.8321486711502075,-0.06857024878263474,0.16258826851844788,0.7444023489952087,-0.02908509410917759,0.15953831374645233,0.7591855525970459,-0.0633530467748642,0.1699073761701584,0.8173849582672119,-0.05823015049099922,0.1769344061613083,0.8485245108604431,-0.04647224023938179,0.127875417470932,0.7694146037101746,-0.03234601020812988,0.12586283683776855,0.7779249548912048,-0.05589137598872185,0.13833573460578918,0.8242340683937073,-0.05064177140593529,0.1467914879322052,0.8491140604019165,-0.040568217635154724
6,left,0,0,0,0,0,0,0,0,0,0,0,0,0,0,0,0,0,0,0,0,0,0,0,0,0,0,0,0,0,0,0,0,0,0,0,0,0,0,0,0,0,0,0,0,0,0,0,0,0,0,0,0,0,0,0,0,0,0,0,0,0,0,0
7,right,0.1896205097436905,0.8399673700332642,1.6699205573900144e-08,0.2383643388748169,0.8153757452964783,-0.026466701179742813,0.28537604212760925,0.7568770051002502,-0.04036220163106918,0.3206038177013397,0.7142238616943359,-0.05326929688453674,0.35200825333595276,0.6869255304336548,-0.06616319715976715,0.244994655251503,0.6777592897415161,-0.024493806064128876,0.24458706378936768,0.6084814071655273,-0.045804109424352646,0.23953188955783844,0.5668434500694275,-0.05728178471326828,0.23364947736263275,0.5298212766647339,-0.06508398056030273,0.20725174248218536,0.6793455481529236,-0.023135123774409294,0.2093370258808136,0.6618636250495911,-0.05889647826552391,0.21323250234127045,0.728459894657135,-0.06505763530731201,0.21420684456825256,0.7600883841514587,-0.06060706451535225,0.17036500573158264,0.6927567720413208,-0.02485572174191475,0.16937026381492615,0.6868127584457397,-0.06152649596333504,0.179480642080307,0.7492091059684753,-0.053537964820861816,0.18532952666282654,0.7738649845123291,-0.038619447499513626,0.13529351353645325,0.7115539908409119,-0.028397027403116226,0.13481594622135162,0.703892171382904,-0.05193024501204491,0.14735108613967896,0.7521089315414429,-0.04344174265861511,0.15376080572605133,0.774112343788147,-0.03080359287559986
7,left,0,0,0,0,0,0,0,0,0,0,0,0,0,0,0,0,0,0,0,0,0,0,0,0,0,0,0,0,0,0,0,0,0,0,0,0,0,0,0,0,0,0,0,0,0,0,0,0,0,0,0,0,0,0,0,0,0,0,0,0,0,0,0
8,right,0.19318851828575134,0.7637391090393066,5.0726260525379985e-08,0.2413662225008011,0.7424079775810242,-0.025882044807076454,0.2898011803627014,0.6920160055160522,-0.04150892421603203,0.32716622948646545,0.6575625538825989,-0.0568632036447525,0.35958078503608704,0.6341187953948975,-0.07205594331026077,0.2534450888633728,0.6012282967567444,-0.024506639689207077,0.25884464383125305,0.528238832950592,-0.04631362482905388,0.25844869017601013,0.48162081837654114,-0.05653737857937813,0.2560569643974304,0.44171249866485596,-0.06315460056066513,0.21832570433616638,0.5962972640991211,-0.023388145491480827,0.2178584486246109,0.5919049978256226,-0.05823664739727974,0.22001180052757263,0.6595130562782288,-0.06172436475753784,0.22029900550842285,0.6849879622459412,-0.05534514784812927,0.18385982513427734,0.6064726114273071,-0.025598851963877678,0.18056192994117737,0.621187150478363,-0.05944709852337837,0.18954555690288544,0.6809102892875671,-0.04965246096253395,0.1955205351114273,0.6954801678657532,-0.03425481915473938,0.15043097734451294,0.6220191121101379,-0.030198585242033005,0.1491921842098236,0.6345333456993103,-0.049200743436813354,0.15966075658798218,0.6801840662956238,-0.039560381323099136,0.16624219715595245,0.692636251449585,-0.02674674801528454
8,left,0,0,0,0,0,0,0,0,0,0,0,0,0,0,0,0,0,0,0,0,0,0,0,0,0,0,0,0,0,0,0,0,0,0,0,0,0,0,0,0,0,0,0,0,0,0,0,0,0,0,0,0,0,0,0,0,0,0,0,0,0,0,0
9,right,0.19540783762931824,0.7454710006713867,1.1797687449188743e-07,0.24413521587848663,0.7253806591033936,-0.028998764231801033,0.29407545924186707,0.6777400374412537,-0.04601069539785385,0.33176931738853455,0.6403630971908569,-0.0616968534886837,0.3632467985153198,0.6187912225723267,-0.07667979598045349,0.259207546710968,0.5846021175384521,-0.028762178495526314,0.26483237743377686,0.5084668397903442,-0.04942319542169571,0.2643683850765228,0.4612855017185211,-0.057871438562870026,0.2617913782596588,0.41992509365081787,-0.06307448446750641,0.22352100908756256,0.5842507481575012,-0.025567034259438515,0.22187481820583344,0.57802414894104,-0.05834607034921646,0.22323082387447357,0.6448327302932739,-0.05872467905282974,0.22547747194766998,0.6659566760063171,-0.050687115639448166,0.18948453664779663,0.5940932035446167,-0.025911405682563782,0.18364217877388,0.5974499583244324,-0.06052877753973007,0.19284839928150177,0.6589187383651733,-0.04914364218711853,0.20037755370140076,0.6745955944061279,-0.0324060395359993,0.15498191118240356,0.6074627041816711,-0.02853686548769474,0.15273278951644897,0.6031080484390259,-0.05060654506087303,0.16361144185066223,0.6500442028045654,-0.04088860750198364,0.17076817154884338,0.6678258776664734,-0.0274240430444479
9,left,0,0,0,0,0,0,0,0,0,0,0,0,0,0,0,0,0,0,0,0,0,0,0,0,0,0,0,0,0,0,0,0,0,0,0,0,0,0,0,0,0,0,0,0,0,0,0,0,0,0,0,0,0,0,0,0,0,0,0,0,0,0,0
10,right,0.20505781471729279,0.7190203666687012,1.0815739415193093e-07,0.2545121908187866,0.7029721736907959,-0.02670316770672798,0.3044602870941162,0.6586820483207703,-0.0433669351041317,0.34159141778945923,0.625508189201355,-0.059467755258083344,0.3728705942630768,0.6071903109550476,-0.07490316033363342,0.2725553810596466,0.5662885308265686,-0.026273155584931374,0.28010398149490356,0.4877071976661682,-0.04743466526269913,0.2809677720069885,0.439683735370636,-0.05565933510661125,0.2800813615322113,0.39906319975852966,-0.06048661097884178,0.23785890638828278,0.5654386878013611,-0.02462567202746868,0.23583216965198517,0.5509734749794006,-0.059044547379016876,0.23388059437274933,0.6187431812286377,-0.059406913816928864,0.23535063862800598,0.6419511437416077,-0.050562843680381775,0.20456501841545105,0.5733848810195923,-0.026432646438479424,0.19831541180610657,0.568468451499939,-0.06184368580579758,0.20442688465118408,0.6299220323562622,-0.04925118386745453,0.2109990268945694,0.646217405796051,-0.031135540455579758,0.17018339037895203,0.5852292776107788,-0.030382808297872543,0.16734519600868225,0.575165867805481,-0.052173253148794174,0.17635181546211243,0.6210249662399292,-0.04121343791484833,0.18303045630455017,0.6383601427078247,-0.026733525097370148
10,left,0,0,0,0,0,0,0,0,0,0,0,0,0,0,0,0,0,0,0,0,0,0,0,0,0,0,0,0,0,0,0,0,0,0,0,0,0,0,0,0,0,0,0,0,0,0,0,0,0,0,0,0,0,0,0,0,0,0,0,0,0,0,0
11,right,0.21154852211475372,0.7051274180412292,1.0120220395037904e-07,0.26059818267822266,0.6914588809013367,-0.028373993933200836,0.31078359484672546,0.650489091873169,-0.04523003101348877,0.3511430621147156,0.6216566562652588,-0.06112939119338989,0.3823322653770447,0.6057140231132507,-0.07661008834838867,0.2808910012245178,0.557257354259491,-0.027115199714899063,0.2918202877044678,0.478868305683136,-0.04731132462620735,0.29429757595062256,0.4308137893676758,-0.055849626660346985,0.2946223020553589,0.39063090085983276,-0.06098643317818642,0.24691873788833618,0.554872453212738,-0.02452852576971054,0.248432919383049,0.5366241931915283,-0.05903364717960358,0.2436070293188095,0.6017048358917236,-0.06100985035300255,0.24262255430221558,0.6282849311828613,-0.05295858159661293,0.2143484354019165,0.560508131980896,-0.02529495395720005,0.21100375056266785,0.5528705716133118,-0.06001371145248413,0.2146243155002594,0.6132169365882874,-0.04948912560939789,0.21957404911518097,0.6330307722091675,-0.03257899731397629,0.18131421506404877,0.568953275680542,-0.028353746980428696,0.18103349208831787,0.5577589273452759,-0.049466170370578766,0.18820491433143616,0.603248655796051,-0.039476413279771805,0.19327831268310547,0.6229743361473083,-0.025718742981553078
11,left,0,0,0,0,0,0,0,0,0,0,0,0,0,0,0,0,0,0,0,0,0,0,0,0,0,0,0,0,0,0,0,0,0,0,0,0,0,0,0,0,0,0,0,0,0,0,0,0,0,0,0,0,0,0,0,0,0,0,0,0,0,0,0
12,right,0.21201393008232117,0.6950548887252808,8.63362998870798e-08,0.2617528736591339,0.6821596622467041,-0.029233433306217194,0.3133021593093872,0.643731415271759,-0.046219632029533386,0.35326892137527466,0.615380048751831,-0.06199823319911957,0.38208532333374023,0.5988244414329529,-0.07721799612045288,0.2842475473880768,0.5492678880691528,-0.02861613966524601,0.2960442304611206,0.47301411628723145,-0.04965069144964218,0.2991560995578766,0.42496296763420105,-0.058594200760126114,0.2992618680000305,0.38391125202178955,-0.06397329270839691,0.2509540915489197,0.5469843149185181,-0.025644797831773758,0.2512142062187195,0.5302284359931946,-0.05957590043544769,0.24669377505779266,0.5954650044441223,-0.060863807797431946,0.2471121996641159,0.6193332076072693,-0.052919793874025345,0.2190822958946228,0.5519583821296692,-0.0261949822306633,0.2142963707447052,0.5445176362991333,-0.06110129505395889,0.21782417595386505,0.6057813167572021,-0.049687035381793976,0.2238442748785019,0.6244592666625977,-0.03263125941157341,0.18666741251945496,0.5593447089195251,-0.029168935492634773,0.1845920979976654,0.5475428104400635,-0.050983794033527374,0.1907116174697876,0.594398558139801,-0.04070044308900833,0.195834219455719,0.6143052577972412,-0.026907069608569145
12,left,0,0,0,0,0,0,0,0,0,0,0,0,0,0,0,0,0,0,0,0,0,0,0,0,0,0,0,0,0,0,0,0,0,0,0,0,0,0,0,0,0,0,0,0,0,0,0,0,0,0,0,0,0,0,0,0,0,0,0,0,0,0,0
13,right,0.21217593550682068,0.6925575733184814,7.029308335404494e-08,0.2622356712818146,0.6789892911911011,-0.029713278636336327,0.3126905858516693,0.6413367390632629,-0.04610932618379593,0.3529578447341919,0.6118875741958618,-0.06052142009139061,0.3819688856601715,0.5938709378242493,-0.0739128589630127,0.283878892660141,0.5474196672439575,-0.030580883845686913,0.29551491141319275,0.4708576202392578,-0.05171037092804909,0.29946380853652954,0.42293715476989746,-0.06063512712717056,0.2999761700630188,0.38168463110923767,-0.0661056712269783,0.25062406063079834,0.5451776385307312,-0.027072325348854065,0.25196897983551025,0.5244600176811218,-0.05935715138912201,0.24737907946109772,0.5897989869117737,-0.059418946504592896,0.247630313038826,0.6138468384742737,-0.0514291413128376,0.21862737834453583,0.5501677989959717,-0.027166860178112984,0.21575140953063965,0.5396204590797424,-0.061091553419828415,0.21862560510635376,0.6008428335189819,-0.049136754125356674,0.22427436709403992,0.6187846660614014,-0.03242355212569237,0.18635520339012146,0.5577972531318665,-0.02971665747463703,0.18483290076255798,0.5443858504295349,-0.051043394953012466,0.19161048531532288,0.5908077955245972,-0.04089212417602539,0.19657570123672485,0.6099051833152771,-0.02784355916082859
13,left,0,0,0,0,0,0,0,0,0,0,0,0,0,0,0,0,0,0,0,0,0,0,0,0,0,0,0,0,0,0,0,0,0,0,0,0,0,0,0,0,0,0,0,0,0,0,0,0,0,0,0,0,0,0,0,0,0,0,0,0,0,0,0
14,right,0.2145649492740631,0.691944420337677,7.861623174676424e-08,0.26374566555023193,0.6788094639778137,-0.030050039291381836,0.31391891837120056,0.6403009295463562,-0.04749525338411331,0.3552149534225464,0.6108644604682922,-0.06334797292947769,0.3850019574165344,0.5925080180168152,-0.07823280990123749,0.28695693612098694,0.5470911264419556,-0.029796672984957695,0.2980469763278961,0.47104838490486145,-0.05135561153292656,0.30171141028404236,0.4226073622703552,-0.0599922239780426,0.301872581243515,0.38107237219810486,-0.06520852446556091,0.2534633278846741,0.5449386835098267,-0.02678321860730648,0.25503724813461304,0.5238770246505737,-0.05982240289449692,0.2504572868347168,0.5906634330749512,-0.05939507484436035,0.2513914406299591,0.6119900941848755,-0.05063853785395622,0.22152864933013916,0.5495672225952148,-0.027558578178286552,0.21886038780212402,0.5392066836357117,-0.061568278819322586,0.22173389792442322,0.6010304689407349,-0.04816419631242752,0.22743764519691467,0.6168298125267029,-0.030422210693359375,0.1887131929397583,0.5567929744720459,-0.031022530049085617,0.18769460916519165,0.545078456401825,-0.052229031920433044,0.19427712261676788,0.5917852520942688,-0.041271355003118515,0.19903075695037842,0.6099274158477783,-0.02754298597574234
14,left,0,0,0,0,0,0,0,0,0,0,0,0,0,0,0,0,0,0,0,0,0,0,0,0,0,0,0,0,0,0,0,0,0,0,0,0,0,0,0,0,0,0,0,0,0,0,0,0,0,0,0,0,0,0,0,0,0,0,0,0,0,0,0
15,right,0.21533145010471344,0.6924887299537659,7.339306051790118e-08,0.2653399407863617,0.6782833337783813,-0.030462611466646194,0.31461572647094727,0.6396433711051941,-0.04711279273033142,0.35549524426460266,0.6099454760551453,-0.06147058308124542,0.3848116993904114,0.5921894311904907,-0.0745052844285965,0.2862732708454132,0.5457319617271423,-0.03149384260177612,0.2979860305786133,0.4705394506454468,-0.05325709283351898,0.3019554018974304,0.42243438959121704,-0.06193903088569641,0.3023878335952759,0.3813507854938507,-0.06707029789686203,0.2531326413154602,0.5438135862350464,-0.02793128788471222,0.25450247526168823,0.5218746066093445,-0.05946856364607811,0.24984833598136902,0.5877629518508911,-0.05803472921252251,0.25078123807907104,0.6098915934562683,-0.049024228006601334,0.22115592658519745,0.5488728284835815,-0.02828843891620636,0.21794450283050537,0.5398725271224976,-0.06193620711565018,0.2212783545255661,0.6005952954292297,-0.0494651272892952,0.22768712043762207,0.6154810786247253,-0.03252261504530907,0.1891498863697052,0.5573017597198486,-0.031227750703692436,0.18656523525714874,0.5458210110664368,-0.05206196382641792,0.19446280598640442,0.5916645526885986,-0.041692737489938736,0.19997157156467438,0.6087714433670044,-0.028716184198856354
15,left,0,0,0,0,0,0,0,0,0,0,0,0,0,0,0,0,0,0,0,0,0,0,0,0,0,0,0,0,0,0,0,0,0,0,0,0,0,0,0,0,0,0,0,0,0,0,0,0,0,0,0,0,0,0,0,0,0,0,0,0,0,0,0
16,right,0.2170323133468628,0.6921502947807312,7.286448067134188e-08,0.2660497725009918,0.6787694692611694,-0.029986649751663208,0.3154441714286804,0.6402450799942017,-0.047824133187532425,0.3547694683074951,0.6097118258476257,-0.06412219256162643,0.3841383457183838,0.5907860398292542,-0.07938340306282043,0.28721296787261963,0.5464047193527222,-0.030322255566716194,0.29795852303504944,0.4715506136417389,-0.05271458253264427,0.30149728059768677,0.42316514253616333,-0.06142815947532654,0.3017484247684479,0.3822522759437561,-0.06648237258195877,0.2536260485649109,0.5446083545684814,-0.027517033740878105,0.2547573745250702,0.5234843492507935,-0.061019416898489,0.2502645254135132,0.5906150937080383,-0.06003294140100479,0.25153014063835144,0.6120226383209229,-0.05063151568174362,0.22155192494392395,0.5501002073287964,-0.028580866754055023,0.21829725801944733,0.5408393740653992,-0.06379962712526321,0.2215174436569214,0.6023575663566589,-0.050457216799259186,0.22782684862613678,0.6173795461654663,-0.032356515526771545,0.1890086531639099,0.5584908127784729,-0.032205723226070404,0.1870293915271759,0.5471397042274475,-0.05418277531862259,0.1943245828151703,0.5938636660575867,-0.043316155672073364,0.19990381598472595,0.6111839413642883,-0.029480567201972008
16,left,0,0,0,0,0,0,0,0,0,0,0,0,0,0,0,0,0,0,0,0,0,0,0,0,0,0,0,0,0,0,0,0,0,0,0,0,0,0,0,0,0,0,0,0,0,0,0,0,0,0,0,0,0,0,0,0,0,0,0,0,0,0,0
17,right,0.2176222950220108,0.694338858127594,8.035408427531365e-08,0.26578289270401,0.6806323528289795,-0.031293924897909164,0.31428831815719604,0.6419159173965454,-0.05012853443622589,0.35507437586784363,0.6117995381355286,-0.0671827495098114,0.38538020849227905,0.5912514925003052,-0.08313450962305069,0.28741082549095154,0.5481168031692505,-0.032262712717056274,0.29823920130729675,0.47366106510162354,-0.05542045459151268,0.30189600586891174,0.42500829696655273,-0.06438066065311432,0.302107572555542,0.38367486000061035,-0.06953359395265579,0.25382140278816223,0.5461485385894775,-0.029145561158657074,0.255061537027359,0.5255509614944458,-0.06270252913236618,0.2505652606487274,0.5931722521781921,-0.061099011451005936,0.2517273724079132,0.6131187081336975,-0.05139262229204178,0.22127379477024078,0.5516748428344727,-0.030125506222248077,0.21843555569648743,0.5425520539283752,-0.06536366790533066,0.2221386730670929,0.6040509343147278,-0.05146972835063934,0.22843042016029358,0.6176653504371643,-0.03322978317737579,0.1884331852197647,0.5603805780410767,-0.03382791951298714,0.18685701489448547,0.5494061708450317,-0.05589813366532326,0.19466978311538696,0.595885694026947,-0.04490293189883232,0.19998633861541748,0.6126465797424316,-0.031093372032046318
17,left,0,0,0,0,0,0,0,0,0,0,0,0,0,0,0,0,0,0,0,0,0,0,0,0,0,0,0,0,0,0,0,0,0,0,0,0,0,0,0,0,0,0,0,0,0,0,0,0,0,0,0,0,0,0,0,0,0,0,0,0,0,0,0
18,right,0.21919777989387512,0.6967276334762573,8.573756815621891e-08,0.26762497425079346,0.6832037568092346,-0.031923554837703705,0.3165374994277954,0.643812894821167,-0.050352901220321655,0.3573983311653137,0.6128053665161133,-0.06670544296503067,0.3865993022918701,0.5920345783233643,-0.08185093104839325,0.2886087894439697,0.5490761995315552,-0.03233380615711212,0.2999168932437897,0.4748638868331909,-0.05536419525742531,0.3037002384662628,0.4262813925743103,-0.06430807709693909,0.30415835976600647,0.38454827666282654,-0.06929437071084976,0.25522705912590027,0.5472407937049866,-0.028574133291840553,0.25732290744781494,0.5280628204345703,-0.06192021816968918,0.2529422342777252,0.594700038433075,-0.06049757078289986,0.2536333501338959,0.6142899990081787,-0.05079248175024986,0.22323286533355713,0.5525019764900208,-0.028955405578017235,0.22096291184425354,0.5452563762664795,-0.06395690143108368,0.22474724054336548,0.6062919497489929,-0.050688423216342926,0.23096080124378204,0.6191620230674744,-0.03273008018732071,0.1910143345594406,0.5609135031700134,-0.03207581117749214,0.18994654715061188,0.5512763857841492,-0.05342905968427658,0.19777265191078186,0.597379744052887,-0.04241575673222542,0.20289337635040283,0.6139014363288879,-0.028614161536097527
18,left,0,0,0,0,0,0,0,0,0,0,0,0,0,0,0,0,0,0,0,0,0,0,0,0,0,0,0,0,0,0,0,0,0,0,0,0,0,0,0,0,0,0,0,0,0,0,0,0,0,0,0,0,0,0,0,0,0,0,0,0,0,0,0
19,right,0.2201961874961853,0.6943163275718689,5.7564598421322444e-08,0.26934754848480225,0.6811428070068359,-0.027788367122411728,0.31861597299575806,0.6412569880485535,-0.044424671679735184,0.3578328490257263,0.6104578375816345,-0.06005697697401047,0.38679248094558716,0.5913505554199219,-0.07515378296375275,0.29050716757774353,0.5506058931350708,-0.028501803055405617,0.3019163906574249,0.47407475113868713,-0.0496857613325119,0.3059006333351135,0.4256506860256195,-0.05834433063864708,0.3064288794994354,0.3846237361431122,-0.06365408003330231,0.2571141719818115,0.5494951009750366,-0.02651454508304596,0.2589196562767029,0.5268096327781677,-0.06002013012766838,0.25425955653190613,0.593421995639801,-0.06029392406344414,0.2541661560535431,0.6167566776275635,-0.052024051547050476,0.2251824587583542,0.5554813742637634,-0.027920112013816833,0.2230929583311081,0.540765106678009,-0.06237185001373291,0.22578716278076172,0.6028949022293091,-0.04878002777695656,0.23025375604629517,0.621673047542572,-0.0307077057659626,0.19239675998687744,0.5642966628074646,-0.031722310930490494,0.19190675020217896,0.5462777614593506,-0.053467247635126114,0.19794367253780365,0.5928817987442017,-0.04209529235959053,0.20145928859710693,0.6128677129745483,-0.027912795543670654
19,left,0,0,0,0,0,0,0,0,0,0,0,0,0,0,0,0,0,0,0,0,0,0,0,0,0,0,0,0,0,0,0,0,0,0,0,0,0,0,0,0,0,0,0,0,0,0,0,0,0,0,0,0,0,0,0,0,0,0,0,0,0,0,0
20,right,0.22055256366729736,0.69600510597229,6.20799269768213e-08,0.2697073817253113,0.6828469038009644,-0.02945818193256855,0.31867727637290955,0.6425856947898865,-0.045764774084091187,0.35837045311927795,0.610897958278656,-0.06027230992913246,0.38737037777900696,0.5908070802688599,-0.07363563776016235,0.2904669940471649,0.5496875643730164,-0.029501941055059433,0.30217593908309937,0.4746730923652649,-0.051239002496004105,0.3065188229084015,0.42696666717529297,-0.05981292575597763,0.30743271112442017,0.3856525719165802,-0.0648394227027893,0.2573905885219574,0.5483530759811401,-0.026708809658885002,0.26078101992607117,0.5270858407020569,-0.058880407363176346,0.25639304518699646,0.5935566425323486,-0.057903047651052475,0.25653234124183655,0.6136783361434937,-0.04898754507303238,0.22548194229602814,0.5540200471878052,-0.027745241299271584,0.22456730902194977,0.5435729622840881,-0.061926763504743576,0.22775974869728088,0.6050118803977966,-0.048824742436409,0.23279784619808197,0.6189368367195129,-0.031261708587408066,0.19303028285503387,0.5630388855934143,-0.031285610049963,0.19291332364082336,0.5498454570770264,-0.052311427891254425,0.20037508010864258,0.5959043502807617,-0.04111163318157196,0.20412589609622955,0.613120973110199,-0.027361221611499786
20,left,0,0,0,0,0,0,0,0,0,0,0,0,0,0,0,0,0,0,0,0,0,0,0,0,0,0,0,0,0,0,0,0,0,0,0,0,0,0,0,0,0,0,0,0,0,0,0,0,0,0,0,0,0,0,0,0,0,0,0,0,0,0,0
21,right,0.22263260185718536,0.6974344253540039,6.944389241425597e-08,0.2712690830230713,0.6840450763702393,-0.028650855645537376,0.32007020711898804,0.6442803144454956,-0.045849692076444626,0.35949063301086426,0.6128044724464417,-0.061759039759635925,0.3881763815879822,0.5927644371986389,-0.07693459838628769,0.29189684987068176,0.5512014031410217,-0.030090486630797386,0.3037104606628418,0.47675997018814087,-0.051878299564123154,0.3078046143054962,0.42811527848243713,-0.06081409379839897,0.3080861270427704,0.3872321844100952,-0.06629770249128342,0.2584148049354553,0.5496619939804077,-0.027977343648672104,0.261898010969162,0.5293416380882263,-0.06134771555662155,0.2572130858898163,0.5950555801391602,-0.06151542812585831,0.25652018189430237,0.6161779165267944,-0.053293291479349136,0.2262967973947525,0.5558690428733826,-0.029288170859217644,0.22538156807422638,0.54570472240448,-0.06354613602161407,0.2281825840473175,0.6062116622924805,-0.05025249347090721,0.23223094642162323,0.6218688488006592,-0.03263689950108528,0.19350847601890564,0.5653109550476074,-0.03306889161467552,0.193689227104187,0.5527198910713196,-0.054216910153627396,0.20092616975307465,0.5980220437049866,-0.04289870709180832,0.2044726312160492,0.615005373954773,-0.028978705406188965
21,left,0,0,0,0,0,0,0,0,0,0,0,0,0,0,0,0,0,0,0,0,0,0,0,0,0,0,0,0,0,0,0,0,0,0,0,0,0,0,0,0,0,0,0,0,0,0,0,0,0,0,0,0,0,0,0,0,0,0,0,0,0,0,0
22,right,0.2220669835805893,0.6991499066352844,7.784560551726827e-08,0.27094319462776184,0.6847085952758789,-0.029316486790776253,0.3197895288467407,0.6456517577171326,-0.04679033160209656,0.3599420487880707,0.6139565110206604,-0.06269796192646027,0.38877707719802856,0.5932543277740479,-0.07766877859830856,0.2921625077724457,0.5530753135681152,-0.03093305230140686,0.30388379096984863,0.4781343936920166,-0.05338718369603157,0.3082786202430725,0.4292922616004944,-0.06262211501598358,0.3088371455669403,0.38825204968452454,-0.068092942237854,0.2587694227695465,0.5504841804504395,-0.02819117344915867,0.26163867115974426,0.529984712600708,-0.06129416078329086,0.25694140791893005,0.5965479612350464,-0.060499124228954315,0.2571002244949341,0.6187027096748352,-0.05156863108277321,0.22642061114311218,0.5558464527130127,-0.02909630350768566,0.22500930726528168,0.5473450422286987,-0.06350171566009521,0.22788186371326447,0.6079006195068359,-0.04998604208230972,0.23305532336235046,0.6237910985946655,-0.032146938145160675,0.1937076449394226,0.5647236108779907,-0.03249973803758621,0.1930387318134308,0.5540086030960083,-0.05384867265820503,0.20048512518405914,0.6000062227249146,-0.04263778030872345,0.2051205337047577,0.6175019145011902,-0.02875361405313015
22,left,0,0,0,0,0,0,0,0,0,0,0,0,0,0,0,0,0,0,0,0,0,0,0,0,0,0,0,0,0,0,0,0,0,0,0,0,0,0,0,0,0,0,0,0,0,0,0,0,0,0,0,0,0,0,0,0,0,0,0,0,0,0,0
23,right,0.2225644886493683,0.699631929397583,5.980164985430747e-08,0.2713840901851654,0.6858976483345032,-0.028241893276572227,0.3204396665096283,0.6452043056488037,-0.044435858726501465,0.3590330481529236,0.6132916808128357,-0.059081997722387314,0.3877932131290436,0.5940567851066589,-0.07278034090995789,0.2919376492500305,0.5531144738197327,-0.029380567371845245,0.30337798595428467,0.4775233566761017,-0.05111449211835861,0.30751127004623413,0.4294968247413635,-0.05983705818653107,0.30819523334503174,0.3884347677230835,-0.06506462395191193,0.25843289494514465,0.5515886545181274,-0.02717852033674717,0.2614224851131439,0.5300810933113098,-0.060162004083395004,0.25710657238960266,0.597098708152771,-0.059597209095954895,0.25743889808654785,0.6195846199989319,-0.05079704150557518,0.22630588710308075,0.5575200319290161,-0.028528528288006783,0.2245996594429016,0.5469504594802856,-0.0630960687994957,0.2274572104215622,0.608317494392395,-0.0498192198574543,0.23258724808692932,0.6239620447158813,-0.032025910913944244,0.1937418431043625,0.5670050978660583,-0.032240934669971466,0.19257637858390808,0.5537789463996887,-0.05373001843690872,0.19997140765190125,0.6002912521362305,-0.04243524745106697,0.20446279644966125,0.6179161071777344,-0.028476005420088768
23,left,0,0,0,0,0,0,0,0,0,0,0,0,0,0,0,0,0,0,0,0,0,0,0,0,0,0,0,0,0,0,0,0,0,0,0,0,0,0,0,0,0,0,0,0,0,0,0,0,0,0,0,0,0,0,0,0,0,0,0,0,0,0,0
24,right,0.22217696905136108,0.6992263197898865,6.635401916810224e-08,0.2709316909313202,0.6853598952293396,-0.027638059109449387,0.31985414028167725,0.6444616317749023,-0.04398419335484505,0.3593258261680603,0.6129477620124817,-0.05917063355445862,0.38809120655059814,0.5934668779373169,-0.07367561012506485,0.29177525639533997,0.5527091026306152,-0.02864791639149189,0.3031007945537567,0.47752097249031067,-0.04986989125609398,0.30690011382102966,0.42935070395469666,-0.05871075019240379,0.307427316904068,0.38867974281311035,-0.06424123793840408,0.2586096227169037,0.5506017804145813,-0.02673458307981491,0.2612941861152649,0.5312051773071289,-0.059952229261398315,0.256843239068985,0.5966662168502808,-0.06050390005111694,0.25697579979896545,0.6190007925033569,-0.05254380404949188,0.22654025256633759,0.5565424561500549,-0.028155367821455002,0.22484733164310455,0.5482467412948608,-0.062314193695783615,0.22776226699352264,0.608389139175415,-0.049655500799417496,0.23292148113250732,0.6246706247329712,-0.032457757741212845,0.19389718770980835,0.5658880472183228,-0.03192774951457977,0.19317054748535156,0.5554885268211365,-0.05325358733534813,0.20033009350299835,0.6014766097068787,-0.04243326559662819,0.20507031679153442,0.6189553141593933,-0.028808938339352608
24,left,0,0,0,0,0,0,0,0,0,0,0,0,0,0,0,0,0,0,0,0,0,0,0,0,0,0,0,0,0,0,0,0,0,0,0,0,0,0,0,0,0,0,0,0,0,0,0,0,0,0,0,0,0,0,0,0,0,0,0,0,0,0,0
25,right,0.22266431152820587,0.6997544765472412,6.417385378654217e-08,0.27168840169906616,0.6862741708755493,-0.027954688295722008,0.32018744945526123,0.6458333134651184,-0.04474971815943718,0.35847869515419006,0.6131610870361328,-0.0602358914911747,0.3877556025981903,0.5935587882995605,-0.07493136078119278,0.29166164994239807,0.5536333322525024,-0.02969438210129738,0.3028019368648529,0.47850489616394043,-0.05141846090555191,0.30690082907676697,0.4300955533981323,-0.06013068929314613,0.30732789635658264,0.3896635174751282,-0.06556107848882675,0.2578902840614319,0.5519887208938599,-0.02807844802737236,0.2610008716583252,0.5299246907234192,-0.061847034841775894,0.25648951530456543,0.5970243215560913,-0.0618492029607296,0.25631189346313477,0.620216965675354,-0.053283922374248505,0.22543995082378387,0.5585061311721802,-0.029866725206375122,0.22390925884246826,0.5490760207176208,-0.06476552784442902,0.22721704840660095,0.6099379062652588,-0.05163633078336716,0.23239128291606903,0.6259771585464478,-0.033920302987098694,0.1925288885831833,0.5687520503997803,-0.03401641547679901,0.1914193332195282,0.5571684241294861,-0.0559300072491169,0.19956499338150024,0.6032407879829407,-0.04504327103495598,0.20466092228889465,0.6200225353240967,-0.03133009746670723
25,left,0,0,0,0,0,0,0,0,0,0,0,0,0,0,0,0,0,0,0,0,0,0,0,0,0,0,0,0,0,0,0,0,0,0,0,0,0,0,0,0,0,0,0,0,0,0,0,0,0,0,0,0,0,0,0,0,0,0,0,0,0,0,0
26,right,0.22256766259670258,0.699892520904541,7.548624836317686e-08,0.27064427733421326,0.6863800287246704,-0.02850954793393612,0.3195497989654541,0.645273745059967,-0.04534848779439926,0.3587909936904907,0.613196074962616,-0.06085110828280449,0.3877536952495575,0.5933070182800293,-0.07558944076299667,0.2909541726112366,0.5532745718955994,-0.029661688953638077,0.3022492825984955,0.47820085287094116,-0.05106532201170921,0.30644938349723816,0.42983731627464294,-0.05971048027276993,0.30701833963394165,0.38927480578422546,-0.06512951105833054,0.25777801871299744,0.5508320331573486,-0.027425022795796394,0.2607777714729309,0.5310544371604919,-0.06050311028957367,0.25661617517471313,0.5978035926818848,-0.06021341308951378,0.25671324133872986,0.6206526160240173,-0.05155571550130844,0.2256944626569748,0.5566912889480591,-0.028685707598924637,0.22432027757167816,0.551004946231842,-0.06263074278831482,0.22760222852230072,0.6113841533660889,-0.04952647164463997,0.23281098902225494,0.6271705627441406,-0.03205873444676399,0.19309338927268982,0.5659407377243042,-0.032445862889289856,0.19254174828529358,0.5585873126983643,-0.05374586582183838,0.20003396272659302,0.6044721603393555,-0.04319282993674278,0.20499759912490845,0.6206061244010925,-0.02978583797812462
26,left,0,0,0,0,0,0,0,0,0,0,0,0,0,0,0,0,0,0,0,0,0,0,0,0,0,0,0,0,0,0,0,0,0,0,0,0,0,0,0,0,0,0,0,0,0,0,0,0,0,0,0,0,0,0,0,0,0,0,0,0,0,0,0
27,right,0.22342456877231598,0.7009572982788086,6.739887226103747e-08,0.27163347601890564,0.6869803071022034,-0.028278900310397148,0.31988078355789185,0.6465215086936951,-0.04559994488954544,0.3592308461666107,0.6145169138908386,-0.06173522025346756,0.38833436369895935,0.5936387181282043,-0.07716934382915497,0.2924560308456421,0.5551494359970093,-0.030042489990592003,0.3038351535797119,0.48030343651771545,-0.05197891592979431,0.30775851011276245,0.4311509430408478,-0.060863789170980453,0.3080587387084961,0.38996273279190063,-0.06633420288562775,0.25902482867240906,0.5526408553123474,-0.028159840032458305,0.26178446412086487,0.532117486000061,-0.06168489530682564,0.2571278512477875,0.5986449718475342,-0.0614340677857399,0.25697949528694153,0.6210448741912842,-0.05277503654360771,0.22664162516593933,0.5585986971855164,-0.02971845120191574,0.2254870980978012,0.5505721569061279,-0.06418675184249878,0.22826799750328064,0.6112185120582581,-0.05055157095193863,0.23306651413440704,0.6272394061088562,-0.032616205513477325,0.19389602541923523,0.568260908126831,-0.03374367952346802,0.19352492690086365,0.5576731562614441,-0.055233776569366455,0.20078720152378082,0.6035782098770142,-0.043978799134492874,0.2052886188030243,0.6204026937484741,-0.030013473704457283
27,left,0,0,0,0,0,0,0,0,0,0,0,0,0,0,0,0,0,0,0,0,0,0,0,0,0,0,0,0,0,0,0,0,0,0,0,0,0,0,0,0,0,0,0,0,0,0,0,0,0,0,0,0,0,0,0,0,0,0,0,0,0,0,0
28,right,0.22297610342502594,0.7041276097297668,6.6486585126313e-08,0.27146562933921814,0.6896889209747314,-0.029260411858558655,0.32019850611686707,0.6490378379821777,-0.04635856673121452,0.35963279008865356,0.6165720820426941,-0.061851635575294495,0.3884400427341461,0.5953648686408997,-0.07635068893432617,0.2931130826473236,0.5566207766532898,-0.030408797785639763,0.3044506907463074,0.4817260205745697,-0.05256658419966698,0.30853766202926636,0.43315383791923523,-0.06144428625702858,0.30888843536376953,0.39184266328811646,-0.06674762815237045,0.2594084143638611,0.5551249980926514,-0.027951722964644432,0.26325273513793945,0.5344167351722717,-0.06035108119249344,0.2589389979839325,0.6017882823944092,-0.05926531180739403,0.2589589059352875,0.6224194169044495,-0.05038577318191528,0.2269958257675171,0.5614385008811951,-0.029223797842860222,0.22725683450698853,0.5520938634872437,-0.06332574039697647,0.23003602027893066,0.6135489344596863,-0.04951729625463486,0.23425471782684326,0.6278549432754517,-0.03167842701077461,0.19428005814552307,0.5715568661689758,-0.03302585333585739,0.19504626095294952,0.5592353343963623,-0.05405794084072113,0.2023620903491974,0.6051576733589172,-0.04246239736676216,0.20572859048843384,0.6219605207443237,-0.02849654294550419
28,left,0,0,0,0,0,0,0,0,0,0,0,0,0,0,0,0,0,0,0,0,0,0,0,0,0,0,0,0,0,0,0,0,0,0,0,0,0,0,0,0,0,0,0,0,0,0,0,0,0,0,0,0,0,0,0,0,0,0,0,0,0,0,0
29,right,0.2233864665031433,0.7026159167289734,6.880307523715601e-08,0.27243393659591675,0.6893617510795593,-0.027472374960780144,0.3217110335826874,0.6478308439254761,-0.043394748121500015,0.3600209653377533,0.6156941056251526,-0.05816712975502014,0.3889327347278595,0.5973570346832275,-0.07225839793682098,0.29279300570487976,0.5559489727020264,-0.028052551671862602,0.30404385924339294,0.4812672734260559,-0.048607539385557175,0.3081812262535095,0.4331507682800293,-0.05689017474651337,0.30879339575767517,0.39274662733078003,-0.062173739075660706,0.25941169261932373,0.5535342693328857,-0.02610437572002411,0.2619871497154236,0.5347407460212708,-0.05901574343442917,0.258049339056015,0.6007240414619446,-0.05946670472621918,0.25800031423568726,0.6239168047904968,-0.05137864127755165,0.2273000329732895,0.5595329403877258,-0.027447298169136047,0.22498883306980133,0.5538767576217651,-0.06144462153315544,0.22848747670650482,0.6141172051429749,-0.0492498017847538,0.23372365534305573,0.6300494074821472,-0.03238014504313469,0.1946549415588379,0.5688946843147278,-0.031108777970075607,0.1934189349412918,0.5614054203033447,-0.052254464477300644,0.20101186633110046,0.6073477864265442,-0.04195054620504379,0.20598411560058594,0.6233983039855957,-0.02881956659257412
29,left,0,0,0,0,0,0,0,0,0,0,0,0,0,0,0,0,0,0,0,0,0,0,0,0,0,0,0,0,0,0,0,0,0,0,0,0,0,0,0,0,0,0,0,0,0,0,0,0,0,0,0,0,0,0,0,0,0,0,0,0,0,0,0
30,right,0.22061380743980408,0.7016841173171997,7.446188021731359e-08,0.27043867111206055,0.6869676113128662,-0.027846772223711014,0.31920337677001953,0.6466845870018005,-0.04420161619782448,0.3584444522857666,0.6144917607307434,-0.05917107313871384,0.38779228925704956,0.5957816243171692,-0.07334176450967789,0.29090213775634766,0.5550136566162109,-0.029015986248850822,0.30205923318862915,0.4796655476093292,-0.04972182959318161,0.30653122067451477,0.4316362738609314,-0.05804497376084328,0.30682265758514404,0.39129436016082764,-0.06332866102457047,0.25737759470939636,0.5531509518623352,-0.02679247036576271,0.2592843174934387,0.5326477885246277,-0.05871152505278587,0.25541797280311584,0.599354088306427,-0.058127451688051224,0.25537624955177307,0.6219497919082642,-0.049710191786289215,0.2251349836587906,0.5595855712890625,-0.028005024418234825,0.22294881939888,0.5516411066055298,-0.06157210096716881,0.22647356986999512,0.6125742197036743,-0.04874091595411301,0.2315799593925476,0.6280964016914368,-0.031695619225502014,0.19269131124019623,0.5694183111190796,-0.03154918551445007,0.19095084071159363,0.5594724416732788,-0.05264262109994888,0.1987324208021164,0.6057366132736206,-0.04207232967019081,0.20389974117279053,0.6221961975097656,-0.02893000841140747
30,left,0,0,0,0,0,0,0,0,0,0,0,0,0,0,0,0,0,0,0,0,0,0,0,0,0,0,0,0,0,0,0,0,0,0,0,0,0,0,0,0,0,0,0,0,0,0,0,0,0,0,0,0,0,0,0,0,0,0,0,0,0,0,0
31,right,0.2199496030807495,0.7017324566841125,6.429704768606825e-08,0.2694362699985504,0.6859644651412964,-0.02817816473543644,0.31756365299224854,0.645940363407135,-0.044242389500141144,0.3570860028266907,0.6139661073684692,-0.058528825640678406,0.3856358826160431,0.5940796732902527,-0.07177243381738663,0.28837937116622925,0.5538098812103271,-0.029990406706929207,0.3001958131790161,0.4795491099357605,-0.05114048719406128,0.30444273352622986,0.43158918619155884,-0.05969581753015518,0.30496495962142944,0.39121213555336,-0.0648752823472023,0.2552100718021393,0.5522046685218811,-0.027634693309664726,0.2584229111671448,0.5311592817306519,-0.05964154377579689,0.2543574869632721,0.5969733595848083,-0.05905136838555336,0.2540370225906372,0.6205085515975952,-0.050455402582883835,0.2231738120317459,0.5590399503707886,-0.028733015060424805,0.22132141888141632,0.5507405996322632,-0.06267998367547989,0.22525450587272644,0.6105448603630066,-0.05065503343939781,0.23036575317382812,0.6259335875511169,-0.03385980427265167,0.19143322110176086,0.5697308778762817,-0.03207673877477646,0.1897277534008026,0.5585538148880005,-0.052756477147340775,0.1983567774295807,0.6034475564956665,-0.04210157319903374,0.20311132073402405,0.6198313236236572,-0.028906283900141716
31,left,0,0,0,0,0,0,0,0,0,0,0,0,0,0,0,0,0,0,0,0,0,0,0,0,0,0,0,0,0,0,0,0,0,0,0,0,0,0,0,0,0,0,0,0,0,0,0,0,0,0,0,0,0,0,0,0,0,0,0,0,0,0,0
32,right,0.2184922695159912,0.7010040283203125,7.010426372744405e-08,0.26758965849876404,0.6863160729408264,-0.027927419170737267,0.31609049439430237,0.6463251709938049,-0.044830430299043655,0.35505014657974243,0.6137736439704895,-0.06054527685046196,0.3839165270328522,0.594371497631073,-0.07521635293960571,0.2884957492351532,0.554717481136322,-0.02865162491798401,0.29891055822372437,0.4808503985404968,-0.05004104599356651,0.30280041694641113,0.4328038692474365,-0.0578157901763916,0.3030291199684143,0.39255189895629883,-0.06241222098469734,0.25487130880355835,0.5518569350242615,-0.026555100455880165,0.2565991282463074,0.5332990288734436,-0.0585695244371891,0.25280070304870605,0.6008339524269104,-0.0565878190100193,0.2538115084171295,0.6209213137626648,-0.04683166369795799,0.22243764996528625,0.557469367980957,-0.028141016140580177,0.2197825014591217,0.5529209971427917,-0.06191886216402054,0.22361625730991364,0.6132829189300537,-0.04825592041015625,0.22956933081150055,0.6258368492126465,-0.030518993735313416,0.18957287073135376,0.5664868354797363,-0.032160498201847076,0.18740716576576233,0.5610697865486145,-0.0531194768846035,0.19576117396354675,0.6065011620521545,-0.0424463264644146,0.2016851007938385,0.6204746961593628,-0.029173195362091064
32,left,0,0,0,0,0,0,0,0,0,0,0,0,0,0,0,0,0,0,0,0,0,0,0,0,0,0,0,0,0,0,0,0,0,0,0,0,0,0,0,0,0,0,0,0,0,0,0,0,0,0,0,0,0,0,0,0,0,0,0,0,0,0,0
33,right,0.21819382905960083,0.7014669179916382,6.163971733030849e-08,0.2668705880641937,0.6879152059555054,-0.02776402048766613,0.3149875998497009,0.6469277143478394,-0.044419992715120316,0.3525770306587219,0.6134915351867676,-0.0598260760307312,0.38215798139572144,0.5932797193527222,-0.07445520162582397,0.2868158519268036,0.5558080673217773,-0.029086671769618988,0.2975136339664459,0.4810367226600647,-0.05029100924730301,0.3016950190067291,0.43309158086776733,-0.058570291846990585,0.3022075295448303,0.3928346037864685,-0.0637378841638565,0.25295522809028625,0.5535209774971008,-0.027288779616355896,0.2560279667377472,0.5326340198516846,-0.06016070023179054,0.2517626881599426,0.6002475023269653,-0.059500209987163544,0.2513273060321808,0.6227597594261169,-0.05061904713511467,0.22049641609191895,0.5596873760223389,-0.02892519347369671,0.21921534836292267,0.5516764521598816,-0.06326062977313995,0.22232867777347565,0.6130079627037048,-0.049803122878074646,0.22672560811042786,0.6285640597343445,-0.03201546519994736,0.1875981241464615,0.5694785118103027,-0.03292902559041977,0.18688268959522247,0.5589924454689026,-0.054787155240774155,0.19486764073371887,0.6056088805198669,-0.04400250315666199,0.1996052861213684,0.622075080871582,-0.030362438410520554
33,left,0,0,0,0,0,0,0,0,0,0,0,0,0,0,0,0,0,0,0,0,0,0,0,0,0,0,0,0,0,0,0,0,0,0,0,0,0,0,0,0,0,0,0,0,0,0,0,0,0,0,0,0,0,0,0,0,0,0,0,0,0,0,0
34,right,0.21643903851509094,0.701037585735321,7.451490802168337e-08,0.26455557346343994,0.6865078806877136,-0.027909666299819946,0.3123047649860382,0.6456344723701477,-0.04514729231595993,0.35032278299331665,0.6125792860984802,-0.06128913164138794,0.37999284267425537,0.592781662940979,-0.07658019661903381,0.2848535478115082,0.5552917122840881,-0.02963241934776306,0.29530948400497437,0.48081934452056885,-0.05109963193535805,0.29941147565841675,0.4325912296772003,-0.0592469796538353,0.29983970522880554,0.39250385761260986,-0.06428570300340652,0.25100961327552795,0.5524832606315613,-0.02786129154264927,0.2533712387084961,0.5336657166481018,-0.060654088854789734,0.24940583109855652,0.6011995077133179,-0.05939027667045593,0.24970275163650513,0.6228489875793457,-0.050127409398555756,0.21836695075035095,0.5582584738731384,-0.029610367491841316,0.21665194630622864,0.5536847114562988,-0.06345368176698685,0.220296710729599,0.614255964756012,-0.04954252392053604,0.22530968487262726,0.6290379762649536,-0.03168433532118797,0.18514660000801086,0.5675496459007263,-0.033880867063999176,0.18401841819286346,0.5617273449897766,-0.055314380675554276,0.19244632124900818,0.6072828769683838,-0.04477832838892937,0.1979275345802307,0.6221855878829956,-0.03145189210772514
34,left,0,0,0,0,0,0,0,0,0,0,0,0,0,0,0,0,0,0,0,0,0,0,0,0,0,0,0,0,0,0,0,0,0,0,0,0,0,0,0,0,0,0,0,0,0,0,0,0,0,0,0,0,0,0,0,0,0,0,0,0,0,0,0
35,right,0.21613658964633942,0.6991133689880371,7.531262014026652e-08,0.26397815346717834,0.6844673752784729,-0.028054120019078255,0.3113957941532135,0.6431743502616882,-0.045154523104429245,0.3496059775352478,0.6109350919723511,-0.061097078025341034,0.37900421023368835,0.5896795392036438,-0.07625291496515274,0.28392666578292847,0.5531584024429321,-0.029283376410603523,0.29445087909698486,0.47794458270072937,-0.05074707791209221,0.2982487976551056,0.43014252185821533,-0.059368379414081573,0.298555850982666,0.38977712392807007,-0.0647938996553421,0.2501995265483856,0.5510531067848206,-0.027345551177859306,0.25176799297332764,0.5319930911064148,-0.0609273798763752,0.24809378385543823,0.5992708206176758,-0.060802072286605835,0.2488187849521637,0.6218537092208862,-0.05222448334097862,0.21776695549488068,0.5572388172149658,-0.02887994796037674,0.21554729342460632,0.5501601099967957,-0.06328966468572617,0.21958282589912415,0.6109523773193359,-0.049936819821596146,0.2251829206943512,0.6267294883728027,-0.032265547662973404,0.1847366988658905,0.5669431090354919,-0.032870642840862274,0.18372339010238647,0.5580251812934875,-0.05491480976343155,0.1917610764503479,0.6041864156723022,-0.04439934715628624,0.19719231128692627,0.620699942111969,-0.03088602051138878
35,left,0,0,0,0,0,0,0,0,0,0,0,0,0,0,0,0,0,0,0,0,0,0,0,0,0,0,0,0,0,0,0,0,0,0,0,0,0,0,0,0,0,0,0,0,0,0,0,0,0,0,0,0,0,0,0,0,0,0,0,0,0,0,0
36,right,0.21597877144813538,0.6983082294464111,6.358109061466166e-08,0.2637316584587097,0.6842413544654846,-0.02834014967083931,0.3120547831058502,0.6421863436698914,-0.04498139023780823,0.3500016927719116,0.609472393989563,-0.060355186462402344,0.37933099269866943,0.5883073210716248,-0.07490120828151703,0.28463608026504517,0.5524134039878845,-0.028595270588994026,0.2952513098716736,0.4777284860610962,-0.050221800804138184,0.2988022267818451,0.43000906705856323,-0.05893580988049507,0.2991851568222046,0.3892868459224701,-0.06431210041046143,0.25127434730529785,0.5504177808761597,-0.02641100250184536,0.2530325949192047,0.5304793119430542,-0.060122400522232056,0.2490597814321518,0.5975109338760376,-0.0601244755089283,0.24984097480773926,0.619895875453949,-0.05145690590143204,0.2191588580608368,0.5561414957046509,-0.027823608368635178,0.21724660694599152,0.5485712289810181,-0.06274949014186859,0.22056588530540466,0.6098012328147888,-0.049776095896959305,0.22619688510894775,0.625120997428894,-0.0320899672806263,0.18630628287792206,0.5651385188102722,-0.031678155064582825,0.18605875968933105,0.5556362867355347,-0.05392996594309807,0.19327694177627563,0.6025015115737915,-0.04345916211605072,0.19850601255893707,0.6193755269050598,-0.029861722141504288
36,left,0,0,0,0,0,0,0,0,0,0,0,0,0,0,0,0,0,0,0,0,0,0,0,0,0,0,0,0,0,0,0,0,0,0,0,0,0,0,0,0,0,0,0,0,0,0,0,0,0,0,0,0,0,0,0,0,0,0,0,0,0,0,0
