1,right,0,0,0,0,0,0,0,0,0,0,0,0,0,0,0,0,0,0,0,0,0,0,0,0,0,0,0,0,0,0,0,0,0,0,0,0,0,0,0,0,0,0,0,0,0,0,0,0,0,0,0,0,0,0,0,0,0,0,0,0,0,0,0
1,left,0,0,0,0,0,0,0,0,0,0,0,0,0,0,0,0,0,0,0,0,0,0,0,0,0,0,0,0,0,0,0,0,0,0,0,0,0,0,0,0,0,0,0,0,0,0,0,0,0,0,0,0,0,0,0,0,0,0,0,0,0,0,0
2,right,0,0,0,0,0,0,0,0,0,0,0,0,0,0,0,0,0,0,0,0,0,0,0,0,0,0,0,0,0,0,0,0,0,0,0,0,0,0,0,0,0,0,0,0,0,0,0,0,0,0,0,0,0,0,0,0,0,0,0,0,0,0,0
2,left,0,0,0,0,0,0,0,0,0,0,0,0,0,0,0,0,0,0,0,0,0,0,0,0,0,0,0,0,0,0,0,0,0,0,0,0,0,0,0,0,0,0,0,0,0,0,0,0,0,0,0,0,0,0,0,0,0,0,0,0,0,0,0
3,right,0,0,0,0,0,0,0,0,0,0,0,0,0,0,0,0,0,0,0,0,0,0,0,0,0,0,0,0,0,0,0,0,0,0,0,0,0,0,0,0,0,0,0,0,0,0,0,0,0,0,0,0,0,0,0,0,0,0,0,0,0,0,0
3,left,0,0,0,0,0,0,0,0,0,0,0,0,0,0,0,0,0,0,0,0,0,0,0,0,0,0,0,0,0,0,0,0,0,0,0,0,0,0,0,0,0,0,0,0,0,0,0,0,0,0,0,0,0,0,0,0,0,0,0,0,0,0,0
4,right,0,0,0,0,0,0,0,0,0,0,0,0,0,0,0,0,0,0,0,0,0,0,0,0,0,0,0,0,0,0,0,0,0,0,0,0,0,0,0,0,0,0,0,0,0,0,0,0,0,0,0,0,0,0,0,0,0,0,0,0,0,0,0
4,left,0,0,0,0,0,0,0,0,0,0,0,0,0,0,0,0,0,0,0,0,0,0,0,0,0,0,0,0,0,0,0,0,0,0,0,0,0,0,0,0,0,0,0,0,0,0,0,0,0,0,0,0,0,0,0,0,0,0,0,0,0,0,0
5,right,0,0,0,0,0,0,0,0,0,0,0,0,0,0,0,0,0,0,0,0,0,0,0,0,0,0,0,0,0,0,0,0,0,0,0,0,0,0,0,0,0,0,0,0,0,0,0,0,0,0,0,0,0,0,0,0,0,0,0,0,0,0,0
5,left,0,0,0,0,0,0,0,0,0,0,0,0,0,0,0,0,0,0,0,0,0,0,0,0,0,0,0,0,0,0,0,0,0,0,0,0,0,0,0,0,0,0,0,0,0,0,0,0,0,0,0,0,0,0,0,0,0,0,0,0,0,0,0
6,right,0,0,0,0,0,0,0,0,0,0,0,0,0,0,0,0,0,0,0,0,0,0,0,0,0,0,0,0,0,0,0,0,0,0,0,0,0,0,0,0,0,0,0,0,0,0,0,0,0,0,0,0,0,0,0,0,0,0,0,0,0,0,0
6,left,0,0,0,0,0,0,0,0,0,0,0,0,0,0,0,0,0,0,0,0,0,0,0,0,0,0,0,0,0,0,0,0,0,0,0,0,0,0,0,0,0,0,0,0,0,0,0,0,0,0,0,0,0,0,0,0,0,0,0,0,0,0,0
7,right,0,0,0,0,0,0,0,0,0,0,0,0,0,0,0,0,0,0,0,0,0,0,0,0,0,0,0,0,0,0,0,0,0,0,0,0,0,0,0,0,0,0,0,0,0,0,0,0,0,0,0,0,0,0,0,0,0,0,0,0,0,0,0
7,left,0,0,0,0,0,0,0,0,0,0,0,0,0,0,0,0,0,0,0,0,0,0,0,0,0,0,0,0,0,0,0,0,0,0,0,0,0,0,0,0,0,0,0,0,0,0,0,0,0,0,0,0,0,0,0,0,0,0,0,0,0,0,0
8,right,0,0,0,0,0,0,0,0,0,0,0,0,0,0,0,0,0,0,0,0,0,0,0,0,0,0,0,0,0,0,0,0,0,0,0,0,0,0,0,0,0,0,0,0,0,0,0,0,0,0,0,0,0,0,0,0,0,0,0,0,0,0,0
8,left,0,0,0,0,0,0,0,0,0,0,0,0,0,0,0,0,0,0,0,0,0,0,0,0,0,0,0,0,0,0,0,0,0,0,0,0,0,0,0,0,0,0,0,0,0,0,0,0,0,0,0,0,0,0,0,0,0,0,0,0,0,0,0
9,right,0.1647895872592926,0.9838601350784302,-2.731374024733668e-07,0.21879485249519348,0.9639977216720581,-0.049805864691734314,0.2700008451938629,0.9131605625152588,-0.08196260035037994,0.31016409397125244,0.8709925413131714,-0.10810883343219757,0.3427286744117737,0.832022488117218,-0.13122260570526123,0.22102302312850952,0.7566951513290405,-0.06615567952394485,0.22214166820049286,0.731764018535614,-0.1142493262887001,0.2199290543794632,0.750619113445282,-0.13943998515605927,0.21622680127620697,0.7738720178604126,-0.15008577704429626,0.16932067275047302,0.7540342807769775,-0.057261958718299866,0.16924256086349487,0.8181719183921814,-0.10956273972988129,0.1776220053434372,0.8999554514884949,-0.12104690819978714,0.18045347929000854,0.9423061609268188,-0.11871398985385895,0.12517620623111725,0.7795156836509705,-0.0537932850420475,0.13196992874145508,0.8555536866188049,-0.0990535244345665,0.14458926022052765,0.9221888184547424,-0.09319166839122772,0.1498846560716629,0.9554698467254639,-0.07860054820775986,0.09198983013629913,0.817021906375885,-0.05496405065059662,0.0960405245423317,0.8748946189880371,-0.0856112390756607,0.10907326638698578,0.9310280084609985,-0.08216283470392227,0.11704780161380768,0.9564284086227417,-0.06991486251354218
9,left,0,0,0,0,0,0,0,0,0,0,0,0,0,0,0,0,0,0,0,0,0,0,0,0,0,0,0,0,0,0,0,0,0,0,0,0,0,0,0,0,0,0,0,0,0,0,0,0,0,0,0,0,0,0,0,0,0,0,0,0,0,0,0
10,right,0.17211928963661194,0.9045453071594238,3.373856971577993e-09,0.22650200128555298,0.8852427005767822,-0.03699862211942673,0.2773953080177307,0.8296305537223816,-0.05526368319988251,0.3181579113006592,0.7858241200447083,-0.06993827223777771,0.3514041602611542,0.7529283165931702,-0.08488089591264725,0.2384071797132492,0.7394329905509949,-0.038412705063819885,0.2387128621339798,0.6755366325378418,-0.06504332274198532,0.23294813930988312,0.6341956257820129,-0.08171844482421875,0.22674624621868134,0.5970852375030518,-0.09367096424102783,0.19536806643009186,0.7412018775939941,-0.03512319177389145,0.188812255859375,0.7118925452232361,-0.07865585386753082,0.18983446061611176,0.7807910442352295,-0.09018775075674057,0.1938033103942871,0.82594233751297,-0.08869855105876923,0.1560373604297638,0.7574461102485657,-0.035570818930864334,0.1494552344083786,0.7417294383049011,-0.0804089903831482,0.1553741693496704,0.8089328408241272,-0.07596985995769501,0.16199228167533875,0.8465542793273926,-0.06179680675268173,0.12099215388298035,0.7810088992118835,-0.03851279243826866,0.11550085246562958,0.7696337103843689,-0.07133735716342926,0.12365212291479111,0.8209114670753479,-0.06753633916378021,0.13213646411895752,0.8509266376495361,-0.05693480744957924
10,left,0,0,0,0,0,0,0,0,0,0,0,0,0,0,0,0,0,0,0,0,0,0,0,0,0,0,0,0,0,0,0,0,0,0,0,0,0,0,0,0,0,0,0,0,0,0,0,0,0,0,0,0,0,0,0,0,0,0,0,0,0,0,0
11,right,0.198104128241539,0.8012611865997314,6.914718397865727e-08,0.2505273222923279,0.7741427421569824,-0.026435300707817078,0.297651082277298,0.7221150398254395,-0.041566815227270126,0.3338114321231842,0.6853708624839783,-0.056752774864435196,0.36708489060401917,0.6651660203933716,-0.07225542515516281,0.2546609342098236,0.6208445429801941,-0.01678645983338356,0.26279476284980774,0.5519675612449646,-0.03724106401205063,0.2622842788696289,0.5101433396339417,-0.04832685366272926,0.26238834857940674,0.4722064137458801,-0.05565338954329491,0.21646830439567566,0.6198161840438843,-0.017186185345053673,0.2128733992576599,0.5669574737548828,-0.05286788195371628,0.21205177903175354,0.6344221830368042,-0.06077909097075462,0.21335908770561218,0.6754646301269531,-0.055336929857730865,0.1803319752216339,0.6335522532463074,-0.02089526690542698,0.17373110353946686,0.6020345091819763,-0.05657269060611725,0.1786481738090515,0.6651302576065063,-0.0511220321059227,0.18239200115203857,0.6932325959205627,-0.03571401536464691,0.14679363369941711,0.6556997299194336,-0.026459190994501114,0.13944314420223236,0.626815140247345,-0.0458400584757328,0.14861346781253815,0.6697089672088623,-0.03617095574736595,0.15522414445877075,0.6909013986587524,-0.022340591996908188
11,left,0,0,0,0,0,0,0,0,0,0,0,0,0,0,0,0,0,0,0,0,0,0,0,0,0,0,0,0,0,0,0,0,0,0,0,0,0,0,0,0,0,0,0,0,0,0,0,0,0,0,0,0,0,0,0,0,0,0,0,0,0,0,0
12,right,0.20393311977386475,0.7760061621665955,1.5415253074024804e-07,0.25728169083595276,0.7519674301147461,-0.02815008908510208,0.3018786907196045,0.7021052241325378,-0.04211779311299324,0.33804577589035034,0.6646807789802551,-0.05466938391327858,0.3731485605239868,0.6486628651618958,-0.06686482578516006,0.2615979015827179,0.5930913090705872,-0.01767721027135849,0.27015796303749084,0.5250468850135803,-0.03614859655499458,0.27166810631752014,0.4801517128944397,-0.0468151681125164,0.2735002934932709,0.442185640335083,-0.05420065298676491,0.22361214458942413,0.592903733253479,-0.0158296637237072,0.21915709972381592,0.5395865440368652,-0.047376349568367004,0.21795646846294403,0.6034560799598694,-0.053020134568214417,0.22209309041500092,0.6401562094688416,-0.04750920459628105,0.18854749202728271,0.6065948605537415,-0.017469514161348343,0.17969867587089539,0.5696579217910767,-0.05045141652226448,0.1839761734008789,0.6276116967201233,-0.043038081377744675,0.18996840715408325,0.6520436406135559,-0.02772732824087143,0.1563439816236496,0.6293131709098816,-0.021314315497875214,0.14612272381782532,0.5930846333503723,-0.04077883064746857,0.15528178215026855,0.6320133209228516,-0.03105848655104637,0.16247640550136566,0.6517719626426697,-0.017716314643621445
12,left,0,0,0,0,0,0,0,0,0,0,0,0,0,0,0,0,0,0,0,0,0,0,0,0,0,0,0,0,0,0,0,0,0,0,0,0,0,0,0,0,0,0,0,0,0,0,0,0,0,0,0,0,0,0,0,0,0,0,0,0,0,0,0
13,right,0.21088701486587524,0.7472014427185059,1.685147736907311e-07,0.2621147036552429,0.7193464040756226,-0.024946890771389008,0.30512362718582153,0.6759589314460754,-0.03988991677761078,0.3426240384578705,0.6419053673744202,-0.054591577500104904,0.37621650099754333,0.6242325305938721,-0.0689433142542839,0.2720339000225067,0.5674994587898254,-0.014562462456524372,0.2811264395713806,0.4994755983352661,-0.03281548619270325,0.2843644320964813,0.4544539749622345,-0.043257132172584534,0.2868512272834778,0.41755974292755127,-0.0503644235432148,0.2354661524295807,0.5652287602424622,-0.014835258014500141,0.2337566316127777,0.5086777210235596,-0.04532121866941452,0.23183320462703705,0.5721108317375183,-0.05033694580197334,0.2339785397052765,0.609848141670227,-0.04446946084499359,0.20067819952964783,0.5772812962532043,-0.018460597842931747,0.19405114650726318,0.5355129241943359,-0.04934273660182953,0.19775137305259705,0.5927133560180664,-0.04059465602040291,0.20160797238349915,0.6192912459373474,-0.024827023968100548,0.16730175912380219,0.5992562174797058,-0.024234699085354805,0.15956518054008484,0.5603674054145813,-0.042163461446762085,0.16836953163146973,0.5965863466262817,-0.03173387050628662,0.1740613579750061,0.6159703135490417,-0.018054544925689697
13,left,0,0,0,0,0,0,0,0,0,0,0,0,0,0,0,0,0,0,0,0,0,0,0,0,0,0,0,0,0,0,0,0,0,0,0,0,0,0,0,0,0,0,0,0,0,0,0,0,0,0,0,0,0,0,0,0,0,0,0,0,0,0,0
14,right,0.21347135305404663,0.7377350926399231,1.0788247095661063e-07,0.2641156315803528,0.7161268591880798,-0.027288934215903282,0.3082239031791687,0.6719022989273071,-0.04214255511760712,0.34600919485092163,0.6377937197685242,-0.05597439780831337,0.3798738718032837,0.6180616617202759,-0.06943591684103012,0.2786412239074707,0.5616673827171326,-0.01873920112848282,0.2900533378124237,0.49467557668685913,-0.03698131814599037,0.29335376620292664,0.44939669966697693,-0.04712168872356415,0.2960669696331024,0.4120420217514038,-0.05428460240364075,0.24178044497966766,0.5575354099273682,-0.01812257245182991,0.2386258989572525,0.4990544021129608,-0.049064844846725464,0.23542974889278412,0.5602537989616394,-0.05441674217581749,0.23754596710205078,0.5975110530853271,-0.04886600002646446,0.206305593252182,0.5679284930229187,-0.020832600072026253,0.1979912966489792,0.5243960618972778,-0.052454814314842224,0.20056240260601044,0.5805511474609375,-0.04480716586112976,0.2054276168346405,0.606985330581665,-0.029914548620581627,0.17287999391555786,0.5884391665458679,-0.025854652747511864,0.16368938982486725,0.547562301158905,-0.04542739316821098,0.17078280448913574,0.5840051770210266,-0.03673093020915985,0.17764316499233246,0.6051116585731506,-0.024316400289535522
14,left,0,0,0,0,0,0,0,0,0,0,0,0,0,0,0,0,0,0,0,0,0,0,0,0,0,0,0,0,0,0,0,0,0,0,0,0,0,0,0,0,0,0,0,0,0,0,0,0,0,0,0,0,0,0,0,0,0,0,0,0,0,0,0
15,right,0.21893033385276794,0.7368141412734985,9.604372053217958e-08,0.2702917158603668,0.7149841785430908,-0.027047019451856613,0.3145122528076172,0.6731325387954712,-0.04162072017788887,0.3511984348297119,0.6385489702224731,-0.05531621724367142,0.38421931862831116,0.6185261607170105,-0.06848552823066711,0.2840569317340851,0.5616441965103149,-0.016568807885050774,0.2950408458709717,0.4948740303516388,-0.03342673182487488,0.298260897397995,0.4480054974555969,-0.042091283947229385,0.2998623847961426,0.41119903326034546,-0.04808184877038002,0.2472309172153473,0.5583016276359558,-0.015825852751731873,0.2440546303987503,0.5010802745819092,-0.045157283544540405,0.2407250851392746,0.5628248453140259,-0.04880617931485176,0.2427724450826645,0.5980595946311951,-0.04187857359647751,0.21201719343662262,0.5689287781715393,-0.01857360452413559,0.20428863167762756,0.5265906453132629,-0.04928317666053772,0.20645415782928467,0.5831210613250732,-0.040564462542533875,0.21092292666435242,0.6074303984642029,-0.024846140295267105,0.1785968393087387,0.5884689688682556,-0.023681726306676865,0.16924697160720825,0.5482547879219055,-0.042731981724500656,0.17578929662704468,0.5848902463912964,-0.03359544277191162,0.1824510395526886,0.6042228937149048,-0.02076301909983158
15,left,0,0,0,0,0,0,0,0,0,0,0,0,0,0,0,0,0,0,0,0,0,0,0,0,0,0,0,0,0,0,0,0,0,0,0,0,0,0,0,0,0,0,0,0,0,0,0,0,0,0,0,0,0,0,0,0,0,0,0,0,0,0,0
16,right,0.22473663091659546,0.739983320236206,9.421112423524391e-08,0.27569741010665894,0.7183952331542969,-0.02683994174003601,0.31924962997436523,0.6749526858329773,-0.04127081483602524,0.3558170199394226,0.6390989422798157,-0.05500422418117523,0.3884531855583191,0.6192700266838074,-0.06830247491598129,0.2884667217731476,0.5635396838188171,-0.01622193492949009,0.29964038729667664,0.49739575386047363,-0.033084094524383545,0.3039165139198303,0.45019257068634033,-0.04166848585009575,0.3057856261730194,0.4136350452899933,-0.04759179428219795,0.2510696053504944,0.56010502576828,-0.01579613983631134,0.24968105554580688,0.503545880317688,-0.045610684901475906,0.24681399762630463,0.5670664310455322,-0.049199577420949936,0.24740134179592133,0.6033847332000732,-0.042006537318229675,0.2156168669462204,0.5714531540870667,-0.018864192068576813,0.2088482677936554,0.5285115242004395,-0.050137631595134735,0.21168974041938782,0.5856799483299255,-0.0414690263569355,0.21427401900291443,0.6108629107475281,-0.025539642199873924,0.18223200738430023,0.5922906994819641,-0.0242141205817461,0.17238980531692505,0.5502959489822388,-0.043621648102998734,0.18013915419578552,0.5864393711090088,-0.034507010132074356,0.1865716427564621,0.6062535643577576,-0.021593477576971054
16,left,0,0,0,0,0,0,0,0,0,0,0,0,0,0,0,0,0,0,0,0,0,0,0,0,0,0,0,0,0,0,0,0,0,0,0,0,0,0,0,0,0,0,0,0,0,0,0,0,0,0,0,0,0,0,0,0,0,0,0,0,0,0,0
17,right,0.22538505494594574,0.7407637238502502,1.0245252468621402e-07,0.27692151069641113,0.7192949056625366,-0.026818115264177322,0.32094481587409973,0.6761046648025513,-0.04104653000831604,0.35777121782302856,0.6401534080505371,-0.05464586988091469,0.3913237154483795,0.6203482747077942,-0.0677712932229042,0.29054173827171326,0.5631600618362427,-0.014853667467832565,0.30122724175453186,0.496849924325943,-0.03169731795787811,0.30499446392059326,0.4494546949863434,-0.0404733307659626,0.3071185350418091,0.41295716166496277,-0.046448081731796265,0.2533471882343292,0.5600618124008179,-0.014016960747539997,0.25069645047187805,0.5046724677085876,-0.04382288455963135,0.24798642098903656,0.5670233964920044,-0.047905731946229935,0.2496306300163269,0.6032665371894836,-0.04094574972987175,0.2180083692073822,0.5711054801940918,-0.016748838126659393,0.21028614044189453,0.5297417640686035,-0.048007119446992874,0.21306036412715912,0.586495578289032,-0.03987932205200195,0.21681854128837585,0.6119610071182251,-0.024148743599653244,0.18475580215454102,0.5913451313972473,-0.021783189848065376,0.17406553030014038,0.5520274043083191,-0.04101118445396423,0.18124549090862274,0.5875669121742249,-0.03231252729892731,0.18825894594192505,0.6066548228263855,-0.019572649151086807
17,left,0,0,0,0,0,0,0,0,0,0,0,0,0,0,0,0,0,0,0,0,0,0,0,0,0,0,0,0,0,0,0,0,0,0,0,0,0,0,0,0,0,0,0,0,0,0,0,0,0,0,0,0,0,0,0,0,0,0,0,0,0,0,0
18,right,0.22538739442825317,0.7449008226394653,9.116129007225027e-08,0.2772814929485321,0.7217862606048584,-0.025406217202544212,0.32061049342155457,0.6788758635520935,-0.03895552456378937,0.3580230176448822,0.6428250074386597,-0.05225754156708717,0.39046692848205566,0.6231439709663391,-0.06529923528432846,0.291111022233963,0.5671231150627136,-0.013442732393741608,0.3028976321220398,0.5010521411895752,-0.03022511675953865,0.30820131301879883,0.4538593888282776,-0.0389927476644516,0.3112696707248688,0.41782665252685547,-0.0449245385825634,0.25397783517837524,0.563578188419342,-0.013406818732619286,0.25312742590904236,0.5076876878738403,-0.04320794716477394,0.2499588280916214,0.5704419612884521,-0.047257233411073685,0.2505258619785309,0.6057805418968201,-0.04019227996468544,0.21896183490753174,0.5746698379516602,-0.016851240769028664,0.21157169342041016,0.532791018486023,-0.048127152025699615,0.21470676362514496,0.5903404951095581,-0.039794452488422394,0.21763402223587036,0.6152414083480835,-0.023848284035921097,0.1855837106704712,0.5957034230232239,-0.02245143987238407,0.17501415312290192,0.5540169477462769,-0.04150908440351486,0.18298810720443726,0.5904838442802429,-0.032176535576581955,0.19001740217208862,0.6102142333984375,-0.01898237317800522
18,left,0,0,0,0,0,0,0,0,0,0,0,0,0,0,0,0,0,0,0,0,0,0,0,0,0,0,0,0,0,0,0,0,0,0,0,0,0,0,0,0,0,0,0,0,0,0,0,0,0,0,0,0,0,0,0,0,0,0,0,0,0,0,0
19,right,0.22493430972099304,0.7456156611442566,9.932522004874045e-08,0.2764260768890381,0.7234060764312744,-0.026086917147040367,0.319923996925354,0.6803733706474304,-0.040274593979120255,0.3579539954662323,0.6449455618858337,-0.05408751964569092,0.3907448649406433,0.6253204941749573,-0.06757743656635284,0.2916705906391144,0.5693919062614441,-0.015278427861630917,0.3039070963859558,0.5029075741767883,-0.03282266855239868,0.309189110994339,0.45551320910453796,-0.04180997610092163,0.31195908784866333,0.4191659092903137,-0.04788246005773544,0.25447550415992737,0.5655159950256348,-0.01516732107847929,0.2529813051223755,0.5093148350715637,-0.04584207758307457,0.2504483461380005,0.5723844766616821,-0.049934063106775284,0.25148165225982666,0.6081453561782837,-0.04285838454961777,0.21924923360347748,0.5765323638916016,-0.018534090369939804,0.21136599779129028,0.5345868468284607,-0.05064311996102333,0.21525907516479492,0.5922457575798035,-0.04220428690314293,0.21881172060966492,0.6177121996879578,-0.026090215891599655,0.18560846149921417,0.5973506569862366,-0.024103261530399323,0.1749863475561142,0.5566158294677734,-0.04399000480771065,0.18341702222824097,0.5929500460624695,-0.03491831198334694,0.19069938361644745,0.6127071380615234,-0.021798470988869667
19,left,0,0,0,0,0,0,0,0,0,0,0,0,0,0,0,0,0,0,0,0,0,0,0,0,0,0,0,0,0,0,0,0,0,0,0,0,0,0,0,0,0,0,0,0,0,0,0,0,0,0,0,0,0,0,0,0,0,0,0,0,0,0,0
20,right,0.22582784295082092,0.7474497556686401,9.378985765806647e-08,0.27742382884025574,0.7253706455230713,-0.02602960169315338,0.3213006556034088,0.6822078227996826,-0.0401441864669323,0.3593072295188904,0.6469811201095581,-0.05395912006497383,0.39180678129196167,0.6270549297332764,-0.0675358846783638,0.29188862442970276,0.5725166201591492,-0.015469162724912167,0.3041456639766693,0.5060177445411682,-0.032732609659433365,0.30956506729125977,0.45886069536209106,-0.041545141488313675,0.31244558095932007,0.4224696755409241,-0.047645203769207,0.2547363340854645,0.5688398480415344,-0.01544951368123293,0.25356146693229675,0.513659656047821,-0.04607715085148811,0.2511182427406311,0.5769799947738647,-0.05035948380827904,0.2519404888153076,0.6130468845367432,-0.043597474694252014,0.21969914436340332,0.5799064636230469,-0.018855126574635506,0.2118522673845291,0.537875771522522,-0.05066223442554474,0.21567130088806152,0.59565269947052,-0.042248524725437164,0.2188625931739807,0.6218504905700684,-0.026425855234265327,0.18622511625289917,0.6006543040275574,-0.024505870416760445,0.1750463843345642,0.5597461462020874,-0.04451669752597809,0.18348416686058044,0.5959798693656921,-0.03579875826835632,0.19077515602111816,0.6162312626838684,-0.023056387901306152
20,left,0,0,0,0,0,0,0,0,0,0,0,0,0,0,0,0,0,0,0,0,0,0,0,0,0,0,0,0,0,0,0,0,0,0,0,0,0,0,0,0,0,0,0,0,0,0,0,0,0,0,0,0,0,0,0,0,0,0,0,0,0,0,0
21,right,0.22588182985782623,0.7488341927528381,9.260976696623402e-08,0.2769591808319092,0.726871132850647,-0.0254986435174942,0.3205222487449646,0.6821953058242798,-0.03906526416540146,0.3585023880004883,0.6466274857521057,-0.05235135182738304,0.3907250165939331,0.6264932155609131,-0.06551691144704819,0.29144787788391113,0.5742356777191162,-0.015470029786229134,0.3038468658924103,0.5077129602432251,-0.03285063058137894,0.30976536870002747,0.4607487916946411,-0.041940703988075256,0.3132336139678955,0.42394474148750305,-0.04829417169094086,0.25400421023368835,0.570490300655365,-0.01553349383175373,0.2523956596851349,0.5161310434341431,-0.04605875909328461,0.25016507506370544,0.5789608955383301,-0.05067608132958412,0.2512752115726471,0.6141321659088135,-0.04436245560646057,0.21883463859558105,0.5813999176025391,-0.018932228907942772,0.2106197476387024,0.5411497950553894,-0.05095914006233215,0.21486298739910126,0.5987080931663513,-0.04287410527467728,0.2186015248298645,0.6242443323135376,-0.027309995144605637,0.18556812405586243,0.6019399166107178,-0.0244772806763649,0.17437392473220825,0.5613152384757996,-0.044683195650577545,0.1828070729970932,0.5979009866714478,-0.03597122058272362,0.19017046689987183,0.6182939410209656,-0.02323218062520027
21,left,0,0,0,0,0,0,0,0,0,0,0,0,0,0,0,0,0,0,0,0,0,0,0,0,0,0,0,0,0,0,0,0,0,0,0,0,0,0,0,0,0,0,0,0,0,0,0,0,0,0,0,0,0,0,0,0,0,0,0,0,0,0,0
22,right,0.22623980045318604,0.7491035461425781,1.0628588853478504e-07,0.27828022837638855,0.7248877286911011,-0.02547820657491684,0.32114776968955994,0.6819276809692383,-0.03894729167222977,0.3591219186782837,0.6462400555610657,-0.05189787596464157,0.3918854892253876,0.625887393951416,-0.06451140344142914,0.2921321392059326,0.5729332566261292,-0.014425684697926044,0.30458271503448486,0.5056382417678833,-0.031074082478880882,0.31061452627182007,0.4585229158401489,-0.0393906868994236,0.31374591588974,0.42212140560150146,-0.04499822482466698,0.2549137771129608,0.5689131617546082,-0.014086161740124226,0.25358760356903076,0.5133134126663208,-0.04334290325641632,0.251494824886322,0.5783961415290833,-0.04637329280376434,0.2528195381164551,0.6153503656387329,-0.03878204524517059,0.2197747379541397,0.5805084109306335,-0.01719665713608265,0.2125636339187622,0.5388336181640625,-0.048116207122802734,0.21625013649463654,0.5975565314292908,-0.03883744403719902,0.2195083498954773,0.6224526166915894,-0.02242194302380085,0.1862337291240692,0.6026329398155212,-0.022420914843678474,0.17586100101470947,0.5610870122909546,-0.04120572283864021,0.1844109296798706,0.5983245372772217,-0.03122500330209732,0.19143620133399963,0.6180493235588074,-0.0176937784999609
22,left,0,0,0,0,0,0,0,0,0,0,0,0,0,0,0,0,0,0,0,0,0,0,0,0,0,0,0,0,0,0,0,0,0,0,0,0,0,0,0,0,0,0,0,0,0,0,0,0,0,0,0,0,0,0,0,0,0,0,0,0,0,0,0
23,right,0.22604545950889587,0.7481564283370972,9.907626719041218e-08,0.2780727446079254,0.7242160439491272,-0.025299537926912308,0.3213208317756653,0.6807929277420044,-0.03914659470319748,0.35913318395614624,0.6454408764839172,-0.05273957550525665,0.39170247316360474,0.6252396702766418,-0.06610825657844543,0.29315581917762756,0.5725046396255493,-0.014824937097728252,0.3059871792793274,0.5061730742454529,-0.032067347317934036,0.3120375871658325,0.4591395854949951,-0.04071426019072533,0.31521543860435486,0.4231770634651184,-0.04651891440153122,0.25584694743156433,0.5686661601066589,-0.015029046684503555,0.2544919550418854,0.5137022733688354,-0.045293401926755905,0.2518234848976135,0.5780537128448486,-0.048937246203422546,0.25285449624061584,0.6142373085021973,-0.04161420091986656,0.22050093114376068,0.5800681114196777,-0.018649496138095856,0.21304920315742493,0.5387479066848755,-0.050386715680360794,0.216667041182518,0.597180187702179,-0.04143504798412323,0.21999169886112213,0.6223446130752563,-0.025089440867304802,0.18669849634170532,0.6016759872436523,-0.024390527978539467,0.17644912004470825,0.5607491135597229,-0.04393565282225609,0.18499520421028137,0.5976758003234863,-0.034350983798503876,0.1922304332256317,0.6174425482749939,-0.020932810381054878
23,left,0,0,0,0,0,0,0,0,0,0,0,0,0,0,0,0,0,0,0,0,0,0,0,0,0,0,0,0,0,0,0,0,0,0,0,0,0,0,0,0,0,0,0,0,0,0,0,0,0,0,0,0,0,0,0,0,0,0,0,0,0,0,0
24,right,0.22726450860500336,0.7476893067359924,9.302093673113632e-08,0.27823498845100403,0.7255640029907227,-0.02631331793963909,0.3218897581100464,0.6807286739349365,-0.040711659938097,0.35954052209854126,0.6452605724334717,-0.054867468774318695,0.39207401871681213,0.6250050067901611,-0.06889916956424713,0.29306769371032715,0.57309490442276,-0.016681276261806488,0.30572131276130676,0.5071077346801758,-0.03465437516570091,0.311474084854126,0.4606174826622009,-0.04387509450316429,0.3148738741874695,0.4243425130844116,-0.05022341385483742,0.2554738521575928,0.5692748427391052,-0.016823874786496162,0.25409260392189026,0.5163323283195496,-0.04879232496023178,0.2513018250465393,0.5807186365127563,-0.053778275847435,0.25190481543540955,0.6174984574317932,-0.0473652146756649,0.22021092474460602,0.5805749893188477,-0.020347997546195984,0.2126917690038681,0.5404784083366394,-0.05359971150755882,0.21651999652385712,0.5995473265647888,-0.045597586780786514,0.2198013961315155,0.6270430088043213,-0.029717762023210526,0.18671205639839172,0.6015666723251343,-0.026048237457871437,0.17588971555233002,0.5615226626396179,-0.047052592039108276,0.18438458442687988,0.5980867743492126,-0.0386134535074234,0.19170737266540527,0.6190407276153564,-0.025837333872914314
24,left,0,0,0,0,0,0,0,0,0,0,0,0,0,0,0,0,0,0,0,0,0,0,0,0,0,0,0,0,0,0,0,0,0,0,0,0,0,0,0,0,0,0,0,0,0,0,0,0,0,0,0,0,0,0,0,0,0,0,0,0,0,0,0
25,right,0.2272890955209732,0.7483330965042114,9.257387034722342e-08,0.2778884470462799,0.7267539501190186,-0.026038670912384987,0.32174602150917053,0.6818738579750061,-0.03997046872973442,0.35913804173469543,0.646229088306427,-0.05362867936491966,0.3911997079849243,0.6257299780845642,-0.06723429262638092,0.2918718755245209,0.5742354989051819,-0.01600787602365017,0.3045642375946045,0.5082144141197205,-0.033910173922777176,0.31076857447624207,0.46171385049819946,-0.04331053048372269,0.3144810199737549,0.4254278540611267,-0.04972422495484352,0.25436505675315857,0.5707099437713623,-0.01596701517701149,0.25276634097099304,0.5177825689315796,-0.04765842482447624,0.25032153725624084,0.5810583233833313,-0.05288311466574669,0.250702828168869,0.6172292232513428,-0.0466458685696125,0.21930284798145294,0.5820940136909485,-0.019316978752613068,0.21123620867729187,0.5432057976722717,-0.05261243134737015,0.21540012955665588,0.6011178493499756,-0.04532026872038841,0.21865707635879517,0.6275141835212708,-0.02980833873152733,0.18632732331752777,0.6032022833824158,-0.024757003411650658,0.17496606707572937,0.5631052851676941,-0.04576452821493149,0.18375863134860992,0.5992754101753235,-0.03758179023861885,0.19124095141887665,0.6200535893440247,-0.02493228390812874
25,left,0,0,0,0,0,0,0,0,0,0,0,0,0,0,0,0,0,0,0,0,0,0,0,0,0,0,0,0,0,0,0,0,0,0,0,0,0,0,0,0,0,0,0,0,0,0,0,0,0,0,0,0,0,0,0,0,0,0,0,0,0,0,0
26,right,0.22674578428268433,0.749150276184082,9.212147489279232e-08,0.2781722843647003,0.7263349890708923,-0.024727582931518555,0.3217925429344177,0.6817110180854797,-0.0375802107155323,0.3591519892215729,0.6464370489120483,-0.05021768808364868,0.39083635807037354,0.6264885067939758,-0.06270744651556015,0.292242169380188,0.574381947517395,-0.013869735412299633,0.30499711632728577,0.508642852306366,-0.0308542400598526,0.31090298295021057,0.46221059560775757,-0.039895717054605484,0.31430381536483765,0.4258093237876892,-0.04616515710949898,0.25507888197898865,0.5706766247749329,-0.01405879482626915,0.2533109784126282,0.5175646543502808,-0.04477668181061745,0.25092679262161255,0.580811083316803,-0.04978039488196373,0.2515549659729004,0.6169594526290894,-0.04347572848200798,0.2199932038784027,0.5820241570472717,-0.01752074435353279,0.21161048114299774,0.5433127880096436,-0.04947156831622124,0.21583473682403564,0.6009296774864197,-0.04178069531917572,0.21945852041244507,0.626255989074707,-0.026254788041114807,0.18676124513149261,0.6031367778778076,-0.02301565743982792,0.1757936179637909,0.5637683272361755,-0.04268926382064819,0.18455222249031067,0.6002407073974609,-0.03383481130003929,0.19208639860153198,0.6200545430183411,-0.020921025425195694
26,left,0,0,0,0,0,0,0,0,0,0,0,0,0,0,0,0,0,0,0,0,0,0,0,0,0,0,0,0,0,0,0,0,0,0,0,0,0,0,0,0,0,0,0,0,0,0,0,0,0,0,0,0,0,0,0,0,0,0,0,0,0,0,0
27,right,0.22586767375469208,0.7492622137069702,8.851775845641896e-08,0.2766975164413452,0.7280550599098206,-0.02626461163163185,0.32032567262649536,0.6831482648849487,-0.04011814296245575,0.35786786675453186,0.6470792889595032,-0.0536118783056736,0.38992246985435486,0.6261186599731445,-0.06702306866645813,0.292356938123703,0.5754575729370117,-0.01632871851325035,0.30495041608810425,0.5096279382705688,-0.034361179918050766,0.3106502592563629,0.4632297158241272,-0.043766092509031296,0.31390151381492615,0.42704129219055176,-0.05019508674740791,0.25471732020378113,0.5711942911148071,-0.016181783750653267,0.25264933705329895,0.5186823010444641,-0.04843014106154442,0.24974249303340912,0.5823570489883423,-0.053784359246492386,0.2501167058944702,0.619269847869873,-0.04746251925826073,0.21924403309822083,0.5822298526763916,-0.019430125132203102,0.21085909008979797,0.5436316132545471,-0.05308164283633232,0.21483463048934937,0.6020758152008057,-0.04573493450880051,0.21829882264137268,0.6291503310203552,-0.030041635036468506,0.1857992708683014,0.6031817197799683,-0.02478153444826603,0.17451854050159454,0.5633898377418518,-0.04613788053393364,0.18318206071853638,0.599925696849823,-0.038058504462242126,0.19077548384666443,0.6208194494247437,-0.025365790352225304
27,left,0,0,0,0,0,0,0,0,0,0,0,0,0,0,0,0,0,0,0,0,0,0,0,0,0,0,0,0,0,0,0,0,0,0,0,0,0,0,0,0,0,0,0,0,0,0,0,0,0,0,0,0,0,0,0,0,0,0,0,0,0,0,0
28,right,0.2267674058675766,0.7502006888389587,8.661527317599393e-08,0.2768665552139282,0.7290005087852478,-0.02629476971924305,0.3208114802837372,0.6823739409446716,-0.039888203144073486,0.35803544521331787,0.6462661027908325,-0.053098421543836594,0.3900086283683777,0.6253415942192078,-0.06622619926929474,0.2916349768638611,0.5764937996864319,-0.016515692695975304,0.30460289120674133,0.510134220123291,-0.03434625640511513,0.31027379631996155,0.4639812111854553,-0.04374251887202263,0.31372693181037903,0.42761000990867615,-0.05024387314915657,0.2545241117477417,0.5729559659957886,-0.01653808169066906,0.2534322142601013,0.5187851786613464,-0.048881880939006805,0.2507249116897583,0.5818399786949158,-0.054689813405275345,0.25049319863319397,0.6203401684761047,-0.04878627136349678,0.21942004561424255,0.5843283534049988,-0.019917162135243416,0.21204447746276855,0.5439245104789734,-0.05330415815114975,0.21577700972557068,0.6021978855133057,-0.04641548916697502,0.2184312641620636,0.6313971281051636,-0.031138090416789055,0.18632817268371582,0.6050296425819397,-0.025455763563513756,0.17521731555461884,0.5644558072090149,-0.04663079231977463,0.18365949392318726,0.5991632342338562,-0.03919640928506851,0.19073033332824707,0.6200584173202515,-0.027105193585157394
28,left,0,0,0,0,0,0,0,0,0,0,0,0,0,0,0,0,0,0,0,0,0,0,0,0,0,0,0,0,0,0,0,0,0,0,0,0,0,0,0,0,0,0,0,0,0,0,0,0,0,0,0,0,0,0,0,0,0,0,0,0,0,0,0
29,right,0.22677040100097656,0.7503693103790283,8.995112921184045e-08,0.27680039405822754,0.729308009147644,-0.026822606101632118,0.32054752111434937,0.6827429533004761,-0.040356434881687164,0.35767030715942383,0.6464567184448242,-0.05332449823617935,0.3897390067577362,0.6254017949104309,-0.06614246219396591,0.29125815629959106,0.5761744976043701,-0.01638706773519516,0.3040614724159241,0.5099278688430786,-0.03404952585697174,0.3092791438102722,0.46405360102653503,-0.04333789646625519,0.3126690089702606,0.4278135597705841,-0.04976920410990715,0.2541344165802002,0.5725054740905762,-0.0158743504434824,0.2522015869617462,0.5190373063087463,-0.04822523519396782,0.24941253662109375,0.5820421576499939,-0.05407915636897087,0.2498401701450348,0.6205602884292603,-0.04808453842997551,0.21904052793979645,0.5839270949363708,-0.018773991614580154,0.2107117623090744,0.5449694991111755,-0.05256514623761177,0.21476495265960693,0.603686511516571,-0.0458640456199646,0.2184518277645111,0.6324872374534607,-0.030514083802700043,0.1860959231853485,0.6048275232315063,-0.023810559883713722,0.17516468465328217,0.5654812455177307,-0.04536401852965355,0.18381723761558533,0.6016497015953064,-0.037948884069919586,0.19157229363918304,0.623018205165863,-0.025710580870509148
29,left,0,0,0,0,0,0,0,0,0,0,0,0,0,0,0,0,0,0,0,0,0,0,0,0,0,0,0,0,0,0,0,0,0,0,0,0,0,0,0,0,0,0,0,0,0,0,0,0,0,0,0,0,0,0,0,0,0,0,0,0,0,0,0
30,right,0.22586815059185028,0.7492761611938477,9.686008439757643e-08,0.27650928497314453,0.726782500743866,-0.026626182720065117,0.31972891092300415,0.6825242042541504,-0.040815625339746475,0.35641029477119446,0.6459361910820007,-0.054535962641239166,0.3886662423610687,0.6243345141410828,-0.06800522655248642,0.29085129499435425,0.5751250982284546,-0.015739038586616516,0.3031522035598755,0.5098837018013,-0.03348438814282417,0.30847668647766113,0.46349772810935974,-0.0425654798746109,0.3116503953933716,0.4275835156440735,-0.04861900210380554,0.2535819709300995,0.5713708400726318,-0.015157872810959816,0.2514326274394989,0.5194121599197388,-0.04697936400771141,0.24839216470718384,0.5835033655166626,-0.05184632167220116,0.24915984272956848,0.6205168962478638,-0.045030627399683,0.21833832561969757,0.582480251789093,-0.018048085272312164,0.21014706790447235,0.5446773767471313,-0.05151693895459175,0.21404975652694702,0.6034404635429382,-0.043811529874801636,0.21792852878570557,0.6300210952758789,-0.027715414762496948,0.18478862941265106,0.6030874848365784,-0.02305024489760399,0.17382913827896118,0.5637487173080444,-0.043993640691041946,0.1826394647359848,0.600715696811676,-0.03545999526977539,0.1905117928981781,0.6212747693061829,-0.022360041737556458
30,left,0,0,0,0,0,0,0,0,0,0,0,0,0,0,0,0,0,0,0,0,0,0,0,0,0,0,0,0,0,0,0,0,0,0,0,0,0,0,0,0,0,0,0,0,0,0,0,0,0,0,0,0,0,0,0,0,0,0,0,0,0,0,0
31,right,0.22652886807918549,0.7498494386672974,8.746802393488906e-08,0.27574554085731506,0.7283316850662231,-0.026594096794724464,0.31909477710723877,0.6819859743118286,-0.04067308083176613,0.356119841337204,0.6452683806419373,-0.05435825511813164,0.38760673999786377,0.623365044593811,-0.0679733008146286,0.2895714044570923,0.5769262313842773,-0.017381303012371063,0.3021986484527588,0.5106269121170044,-0.03569633513689041,0.30791911482810974,0.4642736315727234,-0.045373138040304184,0.3115842342376709,0.42770150303840637,-0.05200886353850365,0.25245457887649536,0.5735389590263367,-0.017401620745658875,0.2515331506729126,0.5199413895606995,-0.05010155588388443,0.24887202680110931,0.5833747982978821,-0.055875591933727264,0.24864237010478973,0.6216405630111694,-0.04989997297525406,0.21759933233261108,0.5852369070053101,-0.02076839469373226,0.2103155255317688,0.5450892448425293,-0.05457385629415512,0.21408547461032867,0.6034163236618042,-0.04750574380159378,0.21663953363895416,0.6325162053108215,-0.032049231231212616,0.1848558634519577,0.6064081788063049,-0.0262884721159935,0.17386183142662048,0.5659557580947876,-0.047884125262498856,0.1824527233839035,0.6012390851974487,-0.04025287926197052,0.18944035470485687,0.6227406859397888,-0.027916481718420982
31,left,0,0,0,0,0,0,0,0,0,0,0,0,0,0,0,0,0,0,0,0,0,0,0,0,0,0,0,0,0,0,0,0,0,0,0,0,0,0,0,0,0,0,0,0,0,0,0,0,0,0,0,0,0,0,0,0,0,0,0,0,0,0,0
32,right,0.22568699717521667,0.7489534616470337,9.01916550333226e-08,0.27651360630989075,0.7269514203071594,-0.02567124553024769,0.3200957477092743,0.6817758679389954,-0.0390685573220253,0.3571787476539612,0.6458570957183838,-0.05204113572835922,0.38926076889038086,0.6248634457588196,-0.0648784190416336,0.28997802734375,0.575989305973053,-0.015740051865577698,0.3019161522388458,0.5095622539520264,-0.0334273986518383,0.3073892295360565,0.46322083473205566,-0.042824286967515945,0.31080707907676697,0.426952064037323,-0.04925086721777916,0.25302958488464355,0.5722609758377075,-0.015627387911081314,0.25150009989738464,0.5194922685623169,-0.047683943063020706,0.2485794872045517,0.5831905603408813,-0.05308714881539345,0.24878674745559692,0.6210684180259705,-0.046759869903326035,0.21796013414859772,0.5835970640182495,-0.018805459141731262,0.20986968278884888,0.5452563166618347,-0.05190504714846611,0.21369148790836334,0.6035063862800598,-0.04439036175608635,0.2171567976474762,0.6303368210792542,-0.028633076697587967,0.1848180592060089,0.6045191287994385,-0.024031007662415504,0.17389556765556335,0.5648632645606995,-0.04470646008849144,0.18241938948631287,0.6013609170913696,-0.03622633218765259,0.18979182839393616,0.6218029260635376,-0.02332502417266369
32,left,0,0,0,0,0,0,0,0,0,0,0,0,0,0,0,0,0,0,0,0,0,0,0,0,0,0,0,0,0,0,0,0,0,0,0,0,0,0,0,0,0,0,0,0,0,0,0,0,0,0,0,0,0,0,0,0,0,0,0,0,0,0,0
33,right,0.22609268128871918,0.750693678855896,8.33234281572004e-08,0.2759351134300232,0.7289830446243286,-0.027194375172257423,0.31938934326171875,0.6834373474121094,-0.041562244296073914,0.3561151325702667,0.6469821333885193,-0.055478520691394806,0.3879270553588867,0.6252039074897766,-0.06931266188621521,0.29016953706741333,0.5776389837265015,-0.017601771280169487,0.3016814887523651,0.5109280347824097,-0.035804297775030136,0.30641916394233704,0.4644498825073242,-0.045338671654462814,0.30940499901771545,0.42775601148605347,-0.05186834558844566,0.2528975307941437,0.5744789242744446,-0.017199335619807243,0.2502575218677521,0.5215580463409424,-0.04986394941806793,0.2475767284631729,0.5845577120780945,-0.055741600692272186,0.24811407923698425,0.6221072673797607,-0.04978923127055168,0.21804416179656982,0.5857786536216736,-0.020210251212120056,0.20965516567230225,0.5461387038230896,-0.054229892790317535,0.2136470377445221,0.6049902439117432,-0.047375209629535675,0.21696263551712036,0.6340243220329285,-0.03193141147494316,0.1853402853012085,0.6062223315238953,-0.02542761340737343,0.17370447516441345,0.5654891133308411,-0.04733172804117203,0.18218764662742615,0.6013590097427368,-0.039973367005586624,0.18961700797080994,0.6231045722961426,-0.027714218944311142
33,left,0,0,0,0,0,0,0,0,0,0,0,0,0,0,0,0,0,0,0,0,0,0,0,0,0,0,0,0,0,0,0,0,0,0,0,0,0,0,0,0,0,0,0,0,0,0,0,0,0,0,0,0,0,0,0,0,0,0,0,0,0,0,0
34,right,0.22642025351524353,0.7514485120773315,8.634391690520715e-08,0.27644625306129456,0.7291494607925415,-0.025746280327439308,0.31991857290267944,0.6830325126647949,-0.03928481042385101,0.3569682836532593,0.6470809578895569,-0.05248555541038513,0.3885803818702698,0.6262445449829102,-0.06553097814321518,0.29004865884780884,0.5779553651809692,-0.0159558467566967,0.30201950669288635,0.51158607006073,-0.03350462391972542,0.3070480227470398,0.4653192162513733,-0.04274073243141174,0.31000155210494995,0.4286882281303406,-0.04914575070142746,0.2528846263885498,0.5746974945068359,-0.016007639467716217,0.2509060502052307,0.521955132484436,-0.04797215759754181,0.24837417900562286,0.5855667591094971,-0.05348867550492287,0.24886852502822876,0.6232185959815979,-0.047370173037052155,0.2179894596338272,0.5860511660575867,-0.019351867958903313,0.2097570300102234,0.5473445653915405,-0.05223074555397034,0.2139967978000641,0.6049118638038635,-0.04500937461853027,0.21748396754264832,0.6321170926094055,-0.0296153724193573,0.18524780869483948,0.6067163944244385,-0.024797771126031876,0.17444735765457153,0.5671384930610657,-0.04528931900858879,0.1830522119998932,0.6026647686958313,-0.03715010732412338,0.19040903449058533,0.6232458353042603,-0.024622229859232903
34,left,0,0,0,0,0,0,0,0,0,0,0,0,0,0,0,0,0,0,0,0,0,0,0,0,0,0,0,0,0,0,0,0,0,0,0,0,0,0,0,0,0,0,0,0,0,0,0,0,0,0,0,0,0,0,0,0,0,0,0,0,0,0,0
35,right,0.2255726158618927,0.7530242800712585,8.555932851095349e-08,0.27539369463920593,0.7310400605201721,-0.02672668918967247,0.319230318069458,0.6849790215492249,-0.040675461292266846,0.3567436635494232,0.6483864784240723,-0.05414149537682533,0.38892942667007446,0.6265612244606018,-0.06753796339035034,0.28999990224838257,0.57968670129776,-0.0166157353669405,0.3022882640361786,0.5135523676872253,-0.03442152217030525,0.30741995573043823,0.4673398435115814,-0.04389382153749466,0.3105834424495697,0.43071138858795166,-0.05043642595410347,0.2532287836074829,0.5760535001754761,-0.016281571239233017,0.2510128319263458,0.5228209495544434,-0.048326388001441956,0.24835199117660522,0.5859208106994629,-0.053987789899110794,0.248854860663414,0.6236667633056641,-0.047978419810533524,0.21847550570964813,0.5872316360473633,-0.019335171207785606,0.2105264663696289,0.547551155090332,-0.05269407853484154,0.21418118476867676,0.6063494086265564,-0.04549324885010719,0.21734941005706787,0.6350648403167725,-0.02998635359108448,0.18566447496414185,0.607923150062561,-0.024577515199780464,0.17467647790908813,0.567650556564331,-0.04590452089905739,0.1828777939081192,0.6041194796562195,-0.038063496351242065,0.1900486797094345,0.6258523464202881,-0.025569049641489983
35,left,0,0,0,0,0,0,0,0,0,0,0,0,0,0,0,0,0,0,0,0,0,0,0,0,0,0,0,0,0,0,0,0,0,0,0,0,0,0,0,0,0,0,0,0,0,0,0,0,0,0,0,0,0,0,0,0,0,0,0,0,0,0,0
36,right,0.2265181541442871,0.7557473182678223,7.199741247632119e-08,0.2764265835285187,0.7345191240310669,-0.026320237666368484,0.32041019201278687,0.6881614923477173,-0.04004188999533653,0.3569203019142151,0.651329755783081,-0.05326560139656067,0.38832926750183105,0.6304453015327454,-0.06631411612033844,0.2900541126728058,0.5838490724563599,-0.01746593602001667,0.3017246127128601,0.5170422792434692,-0.03550516068935394,0.3063714802265167,0.4708821773529053,-0.04479893669486046,0.30914321541786194,0.4339066743850708,-0.051230210810899734,0.2525653541088104,0.5804853439331055,-0.017341218888759613,0.2509867548942566,0.5287596583366394,-0.05009513720870018,0.24866682291030884,0.5925919413566589,-0.05585793778300285,0.24892009794712067,0.6295230388641357,-0.049833834171295166,0.21758314967155457,0.5914543867111206,-0.020489389076828957,0.20959383249282837,0.5542836785316467,-0.05429235100746155,0.2137136608362198,0.6119197607040405,-0.047499898821115494,0.2167874574661255,0.6382300853729248,-0.03226593881845474,0.18486395478248596,0.6114931106567383,-0.02571116015315056,0.17379847168922424,0.5718761682510376,-0.046836886554956436,0.18234580755233765,0.6082862615585327,-0.03890111297369003,0.1892135590314865,0.6292056441307068,-0.026468949392437935
36,left,0,0,0,0,0,0,0,0,0,0,0,0,0,0,0,0,0,0,0,0,0,0,0,0,0,0,0,0,0,0,0,0,0,0,0,0,0,0,0,0,0,0,0,0,0,0,0,0,0,0,0,0,0,0,0,0,0,0,0,0,0,0,0
