1,right,0,0,0,0,0,0,0,0,0,0,0,0,0,0,0,0,0,0,0,0,0,0,0,0,0,0,0,0,0,0,0,0,0,0,0,0,0,0,0,0,0,0,0,0,0,0,0,0,0,0,0,0,0,0,0,0,0,0,0,0,0,0,0
1,left,0,0,0,0,0,0,0,0,0,0,0,0,0,0,0,0,0,0,0,0,0,0,0,0,0,0,0,0,0,0,0,0,0,0,0,0,0,0,0,0,0,0,0,0,0,0,0,0,0,0,0,0,0,0,0,0,0,0,0,0,0,0,0
2,right,0,0,0,0,0,0,0,0,0,0,0,0,0,0,0,0,0,0,0,0,0,0,0,0,0,0,0,0,0,0,0,0,0,0,0,0,0,0,0,0,0,0,0,0,0,0,0,0,0,0,0,0,0,0,0,0,0,0,0,0,0,0,0
2,left,0,0,0,0,0,0,0,0,0,0,0,0,0,0,0,0,0,0,0,0,0,0,0,0,0,0,0,0,0,0,0,0,0,0,0,0,0,0,0,0,0,0,0,0,0,0,0,0,0,0,0,0,0,0,0,0,0,0,0,0,0,0,0
3,right,0,0,0,0,0,0,0,0,0,0,0,0,0,0,0,0,0,0,0,0,0,0,0,0,0,0,0,0,0,0,0,0,0,0,0,0,0,0,0,0,0,0,0,0,0,0,0,0,0,0,0,0,0,0,0,0,0,0,0,0,0,0,0
3,left,0,0,0,0,0,0,0,0,0,0,0,0,0,0,0,0,0,0,0,0,0,0,0,0,0,0,0,0,0,0,0,0,0,0,0,0,0,0,0,0,0,0,0,0,0,0,0,0,0,0,0,0,0,0,0,0,0,0,0,0,0,0,0
4,right,0.1426118016242981,0.8539393544197083,1.6656561285799398e-07,0.1881420761346817,0.8509302139282227,-0.032350748777389526,0.24023805558681488,0.805556058883667,-0.04674103483557701,0.27828067541122437,0.767093300819397,-0.056920863687992096,0.3126404285430908,0.7447526454925537,-0.0663909986615181,0.21586257219314575,0.718044102191925,-0.028726747259497643,0.2173956334590912,0.6725751757621765,-0.04716838523745537,0.21920211613178253,0.6371663808822632,-0.05761361122131348,0.22181393206119537,0.6016544699668884,-0.06550537794828415,0.18509943783283234,0.698618471622467,-0.021961186081171036,0.16564811766147614,0.7161791920661926,-0.047982510179281235,0.16000105440616608,0.7786809206008911,-0.04982323944568634,0.1658572256565094,0.8029984831809998,-0.04486338421702385,0.14954648911952972,0.700122594833374,-0.019392836838960648,0.12851566076278687,0.7342246174812317,-0.04709529131650925,0.13115474581718445,0.7878460884094238,-0.04096100106835365,0.14348089694976807,0.8039106130599976,-0.030391501262784004,0.11592736095190048,0.7101876735687256,-0.01973300613462925,0.09835261106491089,0.7347426414489746,-0.04033329710364342,0.10510020703077316,0.7791948914527893,-0.03756745904684067,0.11797088384628296,0.7935739159584045,-0.03021954745054245
4,left,0,0,0,0,0,0,0,0,0,0,0,0,0,0,0,0,0,0,0,0,0,0,0,0,0,0,0,0,0,0,0,0,0,0,0,0,0,0,0,0,0,0,0,0,0,0,0,0,0,0,0,0,0,0,0,0,0,0,0,0,0,0,0
5,right,0.13824808597564697,0.8477640748023987,7.022273962320469e-08,0.1875595599412918,0.8367449641227722,-0.03193197771906853,0.2377292513847351,0.7916495203971863,-0.04878844693303108,0.2744549512863159,0.7521927952766418,-0.06216644123196602,0.3084236979484558,0.7294321060180664,-0.07439238578081131,0.20904871821403503,0.6995134949684143,-0.03841139376163483,0.21242356300354004,0.6304014325141907,-0.060021448880434036,0.2123524248600006,0.5845714211463928,-0.07031957805156708,0.21147575974464417,0.5422240495681763,-0.07783981412649155,0.17397987842559814,0.6866757273674011,-0.0331413596868515,0.1632426381111145,0.7004468441009521,-0.06525254994630814,0.16082674264907837,0.7641065120697021,-0.06652647256851196,0.1643247902393341,0.785321831703186,-0.06048732250928879,0.13970588147640228,0.6902188062667847,-0.031147228553891182,0.1277484893798828,0.7199403643608093,-0.06289930641651154,0.13303624093532562,0.7727420330047607,-0.05299300327897072,0.1431014984846115,0.7826946377754211,-0.03922653943300247,0.10710751265287399,0.6994848847389221,-0.03209896758198738,0.09896159172058105,0.7202461361885071,-0.05436639487743378,0.10700194537639618,0.7652106881141663,-0.048452869057655334,0.11702045053243637,0.776871919631958,-0.03830608353018761
5,left,0,0,0,0,0,0,0,0,0,0,0,0,0,0,0,0,0,0,0,0,0,0,0,0,0,0,0,0,0,0,0,0,0,0,0,0,0,0,0,0,0,0,0,0,0,0,0,0,0,0,0,0,0,0,0,0,0,0,0,0,0,0,0
6,right,0.13689203560352325,0.8377066850662231,3.059735220745097e-08,0.18681344389915466,0.8265301585197449,-0.03076924942433834,0.23827344179153442,0.7806923985481262,-0.04710366576910019,0.27501463890075684,0.7401003241539001,-0.06041840463876724,0.309113085269928,0.7182720899581909,-0.07268784940242767,0.20780856907367706,0.6878517270088196,-0.035710409283638,0.2113495022058487,0.618877112865448,-0.05710110440850258,0.21000564098358154,0.5735877752304077,-0.06649494916200638,0.20807494223117828,0.5324326753616333,-0.07305626571178436,0.17378881573677063,0.6771382093429565,-0.030629893764853477,0.16261771321296692,0.6874204277992249,-0.06188046559691429,0.16021974384784698,0.7514449954032898,-0.062250856310129166,0.16399569809436798,0.7706349492073059,-0.05555593967437744,0.14028386771678925,0.68111252784729,-0.028937816619873047,0.1267661154270172,0.7064265012741089,-0.06058277189731598,0.13246886432170868,0.760219156742096,-0.05036494880914688,0.14285661280155182,0.769008994102478,-0.0363709032535553,0.10712536424398422,0.6896345019340515,-0.0300058014690876,0.09738606214523315,0.7078078389167786,-0.05129881203174591,0.10644230991601944,0.7520905137062073,-0.0446898378431797,0.11753075569868088,0.7628409266471863,-0.03428499028086662
6,left,0,0,0,0,0,0,0,0,0,0,0,0,0,0,0,0,0,0,0,0,0,0,0,0,0,0,0,0,0,0,0,0,0,0,0,0,0,0,0,0,0,0,0,0,0,0,0,0,0,0,0,0,0,0,0,0,0,0,0,0,0,0,0
7,right,0.13940048217773438,0.8366394639015198,1.682941963565554e-08,0.18849389255046844,0.824521005153656,-0.031086010858416557,0.23835185170173645,0.7786681652069092,-0.04798513278365135,0.27659663558006287,0.7373549938201904,-0.06201222538948059,0.31018203496932983,0.7138558626174927,-0.07481484115123749,0.20934763550758362,0.6867689490318298,-0.036862410604953766,0.21347865462303162,0.6180945634841919,-0.059824083000421524,0.21289971470832825,0.5715470910072327,-0.0695028230547905,0.210687518119812,0.529536247253418,-0.07595058530569077,0.1748124659061432,0.6758013367652893,-0.0321195088326931,0.16638171672821045,0.683499813079834,-0.06480713188648224,0.16387908160686493,0.7489573359489441,-0.06444185972213745,0.16677844524383545,0.7677876353263855,-0.05668539181351662,0.1403898000717163,0.6791678667068481,-0.030955709517002106,0.12900736927986145,0.7049526572227478,-0.0639331117272377,0.1350269913673401,0.7589399814605713,-0.05350610986351967,0.14473594725131989,0.7665829658508301,-0.03901676833629608,0.10651672631502151,0.6875768899917603,-0.032581862062215805,0.09888799488544464,0.7086659073829651,-0.054343342781066895,0.10860008746385574,0.7529101967811584,-0.04794809967279434,0.11848252266645432,0.7628323435783386,-0.03771187737584114
7,left,0,0,0,0,0,0,0,0,0,0,0,0,0,0,0,0,0,0,0,0,0,0,0,0,0,0,0,0,0,0,0,0,0,0,0,0,0,0,0,0,0,0,0,0,0,0,0,0,0,0,0,0,0,0,0,0,0,0,0,0,0,0,0
8,right,0.13937339186668396,0.8386005163192749,2.325937487057672e-08,0.18840622901916504,0.826323390007019,-0.03238103538751602,0.2379491925239563,0.7806480526924133,-0.049969516694545746,0.2762783467769623,0.7396226525306702,-0.06461059302091599,0.30933865904808044,0.7156354784965515,-0.07792060822248459,0.20918667316436768,0.6890467405319214,-0.03755193203687668,0.2130216658115387,0.6199272274971008,-0.06094075366854668,0.212367445230484,0.5730054974555969,-0.0704980418086052,0.2102261483669281,0.5304986834526062,-0.07675521820783615,0.17461508512496948,0.6781518459320068,-0.03239179402589798,0.16452020406723022,0.6854618787765503,-0.06534058600664139,0.16237108409404755,0.751340389251709,-0.06458333879709244,0.16598597168922424,0.7684084177017212,-0.05657735466957092,0.14017345011234283,0.6813873052597046,-0.03107091598212719,0.12641265988349915,0.7051397562026978,-0.06431881338357925,0.13345031440258026,0.7600040435791016,-0.05354795977473259,0.14418619871139526,0.7670998573303223,-0.03890194371342659,0.10621918737888336,0.689641535282135,-0.03268704190850258,0.09589223563671112,0.7088948488235474,-0.05456998944282532,0.10634273290634155,0.7533693313598633,-0.047969818115234375,0.11731839179992676,0.7634919285774231,-0.03763902559876442
8,left,0,0,0,0,0,0,0,0,0,0,0,0,0,0,0,0,0,0,0,0,0,0,0,0,0,0,0,0,0,0,0,0,0,0,0,0,0,0,0,0,0,0,0,0,0,0,0,0,0,0,0,0,0,0,0,0,0,0,0,0,0,0,0
9,right,0.13912148773670197,0.838792085647583,1.2863749176972306e-08,0.1883314549922943,0.8259936571121216,-0.03125404193997383,0.23761585354804993,0.7794229984283447,-0.04819325730204582,0.2758145034313202,0.738724410533905,-0.06231594830751419,0.3092009723186493,0.7150251269340515,-0.07533647865056992,0.20814865827560425,0.6899753212928772,-0.036522213369607925,0.21246559917926788,0.6195488572120667,-0.05948525294661522,0.21200577914714813,0.5725888609886169,-0.06942717730998993,0.2099086195230484,0.53019118309021,-0.07605867832899094,0.1742970496416092,0.6795104146003723,-0.031646884977817535,0.16533257067203522,0.6837048530578613,-0.0651356428861618,0.16223330795764923,0.749222993850708,-0.06545311212539673,0.1645154356956482,0.7697257399559021,-0.05790707468986511,0.14039254188537598,0.6825228929519653,-0.03033805638551712,0.12767000496387482,0.7043880224227905,-0.06380827724933624,0.13346992433071136,0.7589426636695862,-0.0538223572075367,0.1431165635585785,0.7682946920394897,-0.039368417114019394,0.10689086467027664,0.6901963353157043,-0.031787022948265076,0.09770763665437698,0.7078024744987488,-0.053771428763866425,0.1072598323225975,0.7526043653488159,-0.047394972294569016,0.11748088896274567,0.7641099691390991,-0.037060558795928955
9,left,0,0,0,0,0,0,0,0,0,0,0,0,0,0,0,0,0,0,0,0,0,0,0,0,0,0,0,0,0,0,0,0,0,0,0,0,0,0,0,0,0,0,0,0,0,0,0,0,0,0,0,0,0,0,0,0,0,0,0,0,0,0,0
10,right,0.1389223337173462,0.8306708931922913,2.1083593537696288e-07,0.18897411227226257,0.827761709690094,-0.035133883357048035,0.24042142927646637,0.7817844748497009,-0.04958116635680199,0.277933806180954,0.7421839237213135,-0.058637600392103195,0.30827265977859497,0.7132099866867065,-0.06533928215503693,0.20901896059513092,0.6906439065933228,-0.03331328555941582,0.20805466175079346,0.626001238822937,-0.05406108498573303,0.20683954656124115,0.5841136574745178,-0.06503240764141083,0.20765605568885803,0.5445504188537598,-0.07304248213768005,0.17353177070617676,0.6854400038719177,-0.026123037561774254,0.16359871625900269,0.6805357336997986,-0.05131252110004425,0.16018208861351013,0.7457700371742249,-0.051442939788103104,0.167244553565979,0.7683902382850647,-0.04635517671704292,0.1400063931941986,0.6956753730773926,-0.023546360433101654,0.12937018275260925,0.7007176280021667,-0.05160819739103317,0.13254334032535553,0.7591005563735962,-0.042721137404441833,0.14377272129058838,0.7731756567955017,-0.030983619391918182,0.11064567416906357,0.7084795236587524,-0.024048753082752228,0.09985403716564178,0.7093440294265747,-0.044239386916160583,0.10517973452806473,0.7539288401603699,-0.03812504932284355,0.11444389820098877,0.769866943359375,-0.029222000390291214
10,left,0,0,0,0,0,0,0,0,0,0,0,0,0,0,0,0,0,0,0,0,0,0,0,0,0,0,0,0,0,0,0,0,0,0,0,0,0,0,0,0,0,0,0,0,0,0,0,0,0,0,0,0,0,0,0,0,0,0,0,0,0,0,0
11,right,0,0,0,0,0,0,0,0,0,0,0,0,0,0,0,0,0,0,0,0,0,0,0,0,0,0,0,0,0,0,0,0,0,0,0,0,0,0,0,0,0,0,0,0,0,0,0,0,0,0,0,0,0,0,0,0,0,0,0,0,0,0,0
11,left,0,0,0,0,0,0,0,0,0,0,0,0,0,0,0,0,0,0,0,0,0,0,0,0,0,0,0,0,0,0,0,0,0,0,0,0,0,0,0,0,0,0,0,0,0,0,0,0,0,0,0,0,0,0,0,0,0,0,0,0,0,0,0
12,right,0,0,0,0,0,0,0,0,0,0,0,0,0,0,0,0,0,0,0,0,0,0,0,0,0,0,0,0,0,0,0,0,0,0,0,0,0,0,0,0,0,0,0,0,0,0,0,0,0,0,0,0,0,0,0,0,0,0,0,0,0,0,0
12,left,0,0,0,0,0,0,0,0,0,0,0,0,0,0,0,0,0,0,0,0,0,0,0,0,0,0,0,0,0,0,0,0,0,0,0,0,0,0,0,0,0,0,0,0,0,0,0,0,0,0,0,0,0,0,0,0,0,0,0,0,0,0,0
13,right,0,0,0,0,0,0,0,0,0,0,0,0,0,0,0,0,0,0,0,0,0,0,0,0,0,0,0,0,0,0,0,0,0,0,0,0,0,0,0,0,0,0,0,0,0,0,0,0,0,0,0,0,0,0,0,0,0,0,0,0,0,0,0
13,left,0,0,0,0,0,0,0,0,0,0,0,0,0,0,0,0,0,0,0,0,0,0,0,0,0,0,0,0,0,0,0,0,0,0,0,0,0,0,0,0,0,0,0,0,0,0,0,0,0,0,0,0,0,0,0,0,0,0,0,0,0,0,0
14,right,0,0,0,0,0,0,0,0,0,0,0,0,0,0,0,0,0,0,0,0,0,0,0,0,0,0,0,0,0,0,0,0,0,0,0,0,0,0,0,0,0,0,0,0,0,0,0,0,0,0,0,0,0,0,0,0,0,0,0,0,0,0,0
14,left,0,0,0,0,0,0,0,0,0,0,0,0,0,0,0,0,0,0,0,0,0,0,0,0,0,0,0,0,0,0,0,0,0,0,0,0,0,0,0,0,0,0,0,0,0,0,0,0,0,0,0,0,0,0,0,0,0,0,0,0,0,0,0
15,right,0,0,0,0,0,0,0,0,0,0,0,0,0,0,0,0,0,0,0,0,0,0,0,0,0,0,0,0,0,0,0,0,0,0,0,0,0,0,0,0,0,0,0,0,0,0,0,0,0,0,0,0,0,0,0,0,0,0,0,0,0,0,0
15,left,0,0,0,0,0,0,0,0,0,0,0,0,0,0,0,0,0,0,0,0,0,0,0,0,0,0,0,0,0,0,0,0,0,0,0,0,0,0,0,0,0,0,0,0,0,0,0,0,0,0,0,0,0,0,0,0,0,0,0,0,0,0,0
16,right,0,0,0,0,0,0,0,0,0,0,0,0,0,0,0,0,0,0,0,0,0,0,0,0,0,0,0,0,0,0,0,0,0,0,0,0,0,0,0,0,0,0,0,0,0,0,0,0,0,0,0,0,0,0,0,0,0,0,0,0,0,0,0
16,left,0,0,0,0,0,0,0,0,0,0,0,0,0,0,0,0,0,0,0,0,0,0,0,0,0,0,0,0,0,0,0,0,0,0,0,0,0,0,0,0,0,0,0,0,0,0,0,0,0,0,0,0,0,0,0,0,0,0,0,0,0,0,0
17,right,0,0,0,0,0,0,0,0,0,0,0,0,0,0,0,0,0,0,0,0,0,0,0,0,0,0,0,0,0,0,0,0,0,0,0,0,0,0,0,0,0,0,0,0,0,0,0,0,0,0,0,0,0,0,0,0,0,0,0,0,0,0,0
17,left,0,0,0,0,0,0,0,0,0,0,0,0,0,0,0,0,0,0,0,0,0,0,0,0,0,0,0,0,0,0,0,0,0,0,0,0,0,0,0,0,0,0,0,0,0,0,0,0,0,0,0,0,0,0,0,0,0,0,0,0,0,0,0
18,right,0,0,0,0,0,0,0,0,0,0,0,0,0,0,0,0,0,0,0,0,0,0,0,0,0,0,0,0,0,0,0,0,0,0,0,0,0,0,0,0,0,0,0,0,0,0,0,0,0,0,0,0,0,0,0,0,0,0,0,0,0,0,0
18,left,0,0,0,0,0,0,0,0,0,0,0,0,0,0,0,0,0,0,0,0,0,0,0,0,0,0,0,0,0,0,0,0,0,0,0,0,0,0,0,0,0,0,0,0,0,0,0,0,0,0,0,0,0,0,0,0,0,0,0,0,0,0,0
19,right,0,0,0,0,0,0,0,0,0,0,0,0,0,0,0,0,0,0,0,0,0,0,0,0,0,0,0,0,0,0,0,0,0,0,0,0,0,0,0,0,0,0,0,0,0,0,0,0,0,0,0,0,0,0,0,0,0,0,0,0,0,0,0
19,left,0,0,0,0,0,0,0,0,0,0,0,0,0,0,0,0,0,0,0,0,0,0,0,0,0,0,0,0,0,0,0,0,0,0,0,0,0,0,0,0,0,0,0,0,0,0,0,0,0,0,0,0,0,0,0,0,0,0,0,0,0,0,0
20,right,0,0,0,0,0,0,0,0,0,0,0,0,0,0,0,0,0,0,0,0,0,0,0,0,0,0,0,0,0,0,0,0,0,0,0,0,0,0,0,0,0,0,0,0,0,0,0,0,0,0,0,0,0,0,0,0,0,0,0,0,0,0,0
20,left,0,0,0,0,0,0,0,0,0,0,0,0,0,0,0,0,0,0,0,0,0,0,0,0,0,0,0,0,0,0,0,0,0,0,0,0,0,0,0,0,0,0,0,0,0,0,0,0,0,0,0,0,0,0,0,0,0,0,0,0,0,0,0
21,right,0,0,0,0,0,0,0,0,0,0,0,0,0,0,0,0,0,0,0,0,0,0,0,0,0,0,0,0,0,0,0,0,0,0,0,0,0,0,0,0,0,0,0,0,0,0,0,0,0,0,0,0,0,0,0,0,0,0,0,0,0,0,0
21,left,0,0,0,0,0,0,0,0,0,0,0,0,0,0,0,0,0,0,0,0,0,0,0,0,0,0,0,0,0,0,0,0,0,0,0,0,0,0,0,0,0,0,0,0,0,0,0,0,0,0,0,0,0,0,0,0,0,0,0,0,0,0,0
22,right,0,0,0,0,0,0,0,0,0,0,0,0,0,0,0,0,0,0,0,0,0,0,0,0,0,0,0,0,0,0,0,0,0,0,0,0,0,0,0,0,0,0,0,0,0,0,0,0,0,0,0,0,0,0,0,0,0,0,0,0,0,0,0
22,left,0,0,0,0,0,0,0,0,0,0,0,0,0,0,0,0,0,0,0,0,0,0,0,0,0,0,0,0,0,0,0,0,0,0,0,0,0,0,0,0,0,0,0,0,0,0,0,0,0,0,0,0,0,0,0,0,0,0,0,0,0,0,0
23,right,0,0,0,0,0,0,0,0,0,0,0,0,0,0,0,0,0,0,0,0,0,0,0,0,0,0,0,0,0,0,0,0,0,0,0,0,0,0,0,0,0,0,0,0,0,0,0,0,0,0,0,0,0,0,0,0,0,0,0,0,0,0,0
23,left,0,0,0,0,0,0,0,0,0,0,0,0,0,0,0,0,0,0,0,0,0,0,0,0,0,0,0,0,0,0,0,0,0,0,0,0,0,0,0,0,0,0,0,0,0,0,0,0,0,0,0,0,0,0,0,0,0,0,0,0,0,0,0
24,right,0,0,0,0,0,0,0,0,0,0,0,0,0,0,0,0,0,0,0,0,0,0,0,0,0,0,0,0,0,0,0,0,0,0,0,0,0,0,0,0,0,0,0,0,0,0,0,0,0,0,0,0,0,0,0,0,0,0,0,0,0,0,0
24,left,0,0,0,0,0,0,0,0,0,0,0,0,0,0,0,0,0,0,0,0,0,0,0,0,0,0,0,0,0,0,0,0,0,0,0,0,0,0,0,0,0,0,0,0,0,0,0,0,0,0,0,0,0,0,0,0,0,0,0,0,0,0,0
25,right,0,0,0,0,0,0,0,0,0,0,0,0,0,0,0,0,0,0,0,0,0,0,0,0,0,0,0,0,0,0,0,0,0,0,0,0,0,0,0,0,0,0,0,0,0,0,0,0,0,0,0,0,0,0,0,0,0,0,0,0,0,0,0
25,left,0,0,0,0,0,0,0,0,0,0,0,0,0,0,0,0,0,0,0,0,0,0,0,0,0,0,0,0,0,0,0,0,0,0,0,0,0,0,0,0,0,0,0,0,0,0,0,0,0,0,0,0,0,0,0,0,0,0,0,0,0,0,0
26,right,0,0,0,0,0,0,0,0,0,0,0,0,0,0,0,0,0,0,0,0,0,0,0,0,0,0,0,0,0,0,0,0,0,0,0,0,0,0,0,0,0,0,0,0,0,0,0,0,0,0,0,0,0,0,0,0,0,0,0,0,0,0,0
26,left,0,0,0,0,0,0,0,0,0,0,0,0,0,0,0,0,0,0,0,0,0,0,0,0,0,0,0,0,0,0,0,0,0,0,0,0,0,0,0,0,0,0,0,0,0,0,0,0,0,0,0,0,0,0,0,0,0,0,0,0,0,0,0
27,right,0,0,0,0,0,0,0,0,0,0,0,0,0,0,0,0,0,0,0,0,0,0,0,0,0,0,0,0,0,0,0,0,0,0,0,0,0,0,0,0,0,0,0,0,0,0,0,0,0,0,0,0,0,0,0,0,0,0,0,0,0,0,0
27,left,0,0,0,0,0,0,0,0,0,0,0,0,0,0,0,0,0,0,0,0,0,0,0,0,0,0,0,0,0,0,0,0,0,0,0,0,0,0,0,0,0,0,0,0,0,0,0,0,0,0,0,0,0,0,0,0,0,0,0,0,0,0,0
28,right,0,0,0,0,0,0,0,0,0,0,0,0,0,0,0,0,0,0,0,0,0,0,0,0,0,0,0,0,0,0,0,0,0,0,0,0,0,0,0,0,0,0,0,0,0,0,0,0,0,0,0,0,0,0,0,0,0,0,0,0,0,0,0
28,left,0,0,0,0,0,0,0,0,0,0,0,0,0,0,0,0,0,0,0,0,0,0,0,0,0,0,0,0,0,0,0,0,0,0,0,0,0,0,0,0,0,0,0,0,0,0,0,0,0,0,0,0,0,0,0,0,0,0,0,0,0,0,0
29,right,0,0,0,0,0,0,0,0,0,0,0,0,0,0,0,0,0,0,0,0,0,0,0,0,0,0,0,0,0,0,0,0,0,0,0,0,0,0,0,0,0,0,0,0,0,0,0,0,0,0,0,0,0,0,0,0,0,0,0,0,0,0,0
29,left,0,0,0,0,0,0,0,0,0,0,0,0,0,0,0,0,0,0,0,0,0,0,0,0,0,0,0,0,0,0,0,0,0,0,0,0,0,0,0,0,0,0,0,0,0,0,0,0,0,0,0,0,0,0,0,0,0,0,0,0,0,0,0
30,right,0,0,0,0,0,0,0,0,0,0,0,0,0,0,0,0,0,0,0,0,0,0,0,0,0,0,0,0,0,0,0,0,0,0,0,0,0,0,0,0,0,0,0,0,0,0,0,0,0,0,0,0,0,0,0,0,0,0,0,0,0,0,0
30,left,0,0,0,0,0,0,0,0,0,0,0,0,0,0,0,0,0,0,0,0,0,0,0,0,0,0,0,0,0,0,0,0,0,0,0,0,0,0,0,0,0,0,0,0,0,0,0,0,0,0,0,0,0,0,0,0,0,0,0,0,0,0,0
31,right,0.13249154388904572,0.842504620552063,2.525847548895399e-07,0.18250659108161926,0.8350458741188049,-0.030288686975836754,0.23039083182811737,0.7866175174713135,-0.04313546046614647,0.2654927372932434,0.7467024326324463,-0.05160584673285484,0.29152053594589233,0.7178581357002258,-0.05921519547700882,0.19458095729351044,0.7106756567955017,-0.025170663371682167,0.19430744647979736,0.6569340825080872,-0.03953823074698448,0.1932578980922699,0.6253037452697754,-0.048278097063302994,0.1954335719347,0.5922501683235168,-0.05580231919884682,0.16237273812294006,0.7083545923233032,-0.020645281299948692,0.154998779296875,0.6947153210639954,-0.042908523231744766,0.15117907524108887,0.752800464630127,-0.04676631838083267,0.15307769179344177,0.7772459387779236,-0.04489196464419365,0.132315531373024,0.722770094871521,-0.019403697922825813,0.12478864938020706,0.7129548788070679,-0.04511722922325134,0.12534035742282867,0.768695056438446,-0.03874148055911064,0.1307620406150818,0.7900848984718323,-0.029003044590353966,0.1072259247303009,0.7408318519592285,-0.020310264080762863,0.09876404702663422,0.7260349988937378,-0.03895241394639015,0.10184894502162933,0.7656172513961792,-0.032208506017923355,0.10758654773235321,0.7857247591018677,-0.02321312390267849
31,left,0,0,0,0,0,0,0,0,0,0,0,0,0,0,0,0,0,0,0,0,0,0,0,0,0,0,0,0,0,0,0,0,0,0,0,0,0,0,0,0,0,0,0,0,0,0,0,0,0,0,0,0,0,0,0,0,0,0,0,0,0,0,0
32,right,0,0,0,0,0,0,0,0,0,0,0,0,0,0,0,0,0,0,0,0,0,0,0,0,0,0,0,0,0,0,0,0,0,0,0,0,0,0,0,0,0,0,0,0,0,0,0,0,0,0,0,0,0,0,0,0,0,0,0,0,0,0,0
32,left,0,0,0,0,0,0,0,0,0,0,0,0,0,0,0,0,0,0,0,0,0,0,0,0,0,0,0,0,0,0,0,0,0,0,0,0,0,0,0,0,0,0,0,0,0,0,0,0,0,0,0,0,0,0,0,0,0,0,0,0,0,0,0
33,right,0.12576326727867126,0.8401157259941101,1.9839463050175254e-07,0.17443965375423431,0.837725043296814,-0.03422602638602257,0.22074581682682037,0.7918626666069031,-0.04967716708779335,0.2570797801017761,0.7526976466178894,-0.060071371495723724,0.2848852276802063,0.7210106253623962,-0.07003147155046463,0.18502813577651978,0.7068002223968506,-0.03776181861758232,0.18496955931186676,0.6420446634292603,-0.05661411210894585,0.182316392660141,0.5994639992713928,-0.06791211664676666,0.1812511831521988,0.5606613755226135,-0.07726255059242249,0.15174710750579834,0.7057022452354431,-0.032049648463726044,0.14081653952598572,0.6947306394577026,-0.060167718678712845,0.13751523196697235,0.7542176246643066,-0.06609584391117096,0.1408253312110901,0.7843228578567505,-0.06536583602428436,0.12054245918989182,0.7194103002548218,-0.02951984666287899,0.11049885302782059,0.716075599193573,-0.05980638787150383,0.11324410140514374,0.7723996639251709,-0.05498744174838066,0.12179524451494217,0.79425048828125,-0.045917823910713196,0.09371548891067505,0.7352075576782227,-0.029421040788292885,0.08316637575626373,0.7264599204063416,-0.052281055599451065,0.08708249032497406,0.7684083580970764,-0.04788663983345032,0.09482433646917343,0.7888315320014954,-0.04015328362584114
33,left,0,0,0,0,0,0,0,0,0,0,0,0,0,0,0,0,0,0,0,0,0,0,0,0,0,0,0,0,0,0,0,0,0,0,0,0,0,0,0,0,0,0,0,0,0,0,0,0,0,0,0,0,0,0,0,0,0,0,0,0,0,0,0
34,right,0,0,0,0,0,0,0,0,0,0,0,0,0,0,0,0,0,0,0,0,0,0,0,0,0,0,0,0,0,0,0,0,0,0,0,0,0,0,0,0,0,0,0,0,0,0,0,0,0,0,0,0,0,0,0,0,0,0,0,0,0,0,0
34,left,0,0,0,0,0,0,0,0,0,0,0,0,0,0,0,0,0,0,0,0,0,0,0,0,0,0,0,0,0,0,0,0,0,0,0,0,0,0,0,0,0,0,0,0,0,0,0,0,0,0,0,0,0,0,0,0,0,0,0,0,0,0,0
35,right,0.11774935573339462,0.8395736217498779,1.4845032580979023e-07,0.16487419605255127,0.8351377844810486,-0.03640949726104736,0.21569228172302246,0.7895249724388123,-0.05499054118990898,0.25122517347335815,0.7464187145233154,-0.0687364786863327,0.2831399440765381,0.7174402475357056,-0.08225783705711365,0.18240316212177277,0.7002289295196533,-0.04118656367063522,0.18332427740097046,0.6362362504005432,-0.06413077563047409,0.18209272623062134,0.5882953405380249,-0.07657791674137115,0.1799660623073578,0.5457238554954529,-0.0859355479478836,0.1492263376712799,0.6883854269981384,-0.033548519015312195,0.13112011551856995,0.6986709833145142,-0.06763660907745361,0.12801611423492432,0.7629866003990173,-0.07076368480920792,0.1343412697315216,0.7873522043228149,-0.06576167047023773,0.11472149193286896,0.6931167244911194,-0.02979445271193981,0.0940496101975441,0.7226821780204773,-0.06213829666376114,0.09988132119178772,0.7758598327636719,-0.05483318120241165,0.11292791366577148,0.7887624502182007,-0.04319982975721359,0.08249002695083618,0.7040364146232605,-0.02921699732542038,0.0656418725848198,0.7263885736465454,-0.05206410959362984,0.07428844273090363,0.7713114023208618,-0.04839707911014557,0.08797738701105118,0.7834547758102417,-0.04036785662174225
35,left,0,0,0,0,0,0,0,0,0,0,0,0,0,0,0,0,0,0,0,0,0,0,0,0,0,0,0,0,0,0,0,0,0,0,0,0,0,0,0,0,0,0,0,0,0,0,0,0,0,0,0,0,0,0,0,0,0,0,0,0,0,0,0
36,right,0.11833950877189636,0.8528168201446533,5.019618942725401e-09,0.16661611199378967,0.8351243734359741,-0.030651729553937912,0.2150316834449768,0.7881011962890625,-0.04770189896225929,0.2510589361190796,0.7460035085678101,-0.06183396279811859,0.28278452157974243,0.7186657786369324,-0.07491017132997513,0.18224552273750305,0.6967620849609375,-0.037556372582912445,0.1850837767124176,0.6288871765136719,-0.05876965820789337,0.1825229823589325,0.583573579788208,-0.06864378601312637,0.17829367518424988,0.5432174205780029,-0.07570382207632065,0.14790889620780945,0.6860683560371399,-0.03287731856107712,0.13623526692390442,0.6979753375053406,-0.06400822848081589,0.1354716718196869,0.7603912949562073,-0.06568144261837006,0.13911765813827515,0.7818320393562317,-0.060236264020204544,0.1137978583574295,0.6912940144538879,-0.03122897259891033,0.10083766281604767,0.7207010388374329,-0.061758965253829956,0.10840429365634918,0.7724398374557495,-0.05311226844787598,0.11892086267471313,0.7828655242919922,-0.04071573168039322,0.08062852174043655,0.7016811370849609,-0.032425377517938614,0.07177004218101501,0.7249919176101685,-0.052647914737463,0.08242620527744293,0.7677252292633057,-0.046933047473430634,0.0935397744178772,0.7790431380271912,-0.03754682093858719
36,left,0,0,0,0,0,0,0,0,0,0,0,0,0,0,0,0,0,0,0,0,0,0,0,0,0,0,0,0,0,0,0,0,0,0,0,0,0,0,0,0,0,0,0,0,0,0,0,0,0,0,0,0,0,0,0,0,0,0,0,0,0,0,0
