1,right,0,0,0,0,0,0,0,0,0,0,0,0,0,0,0,0,0,0,0,0,0,0,0,0,0,0,0,0,0,0,0,0,0,0,0,0,0,0,0,0,0,0,0,0,0,0,0,0,0,0,0,0,0,0,0,0,0,0,0,0,0,0,0
1,left,0,0,0,0,0,0,0,0,0,0,0,0,0,0,0,0,0,0,0,0,0,0,0,0,0,0,0,0,0,0,0,0,0,0,0,0,0,0,0,0,0,0,0,0,0,0,0,0,0,0,0,0,0,0,0,0,0,0,0,0,0,0,0
2,right,0,0,0,0,0,0,0,0,0,0,0,0,0,0,0,0,0,0,0,0,0,0,0,0,0,0,0,0,0,0,0,0,0,0,0,0,0,0,0,0,0,0,0,0,0,0,0,0,0,0,0,0,0,0,0,0,0,0,0,0,0,0,0
2,left,0,0,0,0,0,0,0,0,0,0,0,0,0,0,0,0,0,0,0,0,0,0,0,0,0,0,0,0,0,0,0,0,0,0,0,0,0,0,0,0,0,0,0,0,0,0,0,0,0,0,0,0,0,0,0,0,0,0,0,0,0,0,0
3,right,0,0,0,0,0,0,0,0,0,0,0,0,0,0,0,0,0,0,0,0,0,0,0,0,0,0,0,0,0,0,0,0,0,0,0,0,0,0,0,0,0,0,0,0,0,0,0,0,0,0,0,0,0,0,0,0,0,0,0,0,0,0,0
3,left,0,0,0,0,0,0,0,0,0,0,0,0,0,0,0,0,0,0,0,0,0,0,0,0,0,0,0,0,0,0,0,0,0,0,0,0,0,0,0,0,0,0,0,0,0,0,0,0,0,0,0,0,0,0,0,0,0,0,0,0,0,0,0
4,right,0,0,0,0,0,0,0,0,0,0,0,0,0,0,0,0,0,0,0,0,0,0,0,0,0,0,0,0,0,0,0,0,0,0,0,0,0,0,0,0,0,0,0,0,0,0,0,0,0,0,0,0,0,0,0,0,0,0,0,0,0,0,0
4,left,0,0,0,0,0,0,0,0,0,0,0,0,0,0,0,0,0,0,0,0,0,0,0,0,0,0,0,0,0,0,0,0,0,0,0,0,0,0,0,0,0,0,0,0,0,0,0,0,0,0,0,0,0,0,0,0,0,0,0,0,0,0,0
5,right,0,0,0,0,0,0,0,0,0,0,0,0,0,0,0,0,0,0,0,0,0,0,0,0,0,0,0,0,0,0,0,0,0,0,0,0,0,0,0,0,0,0,0,0,0,0,0,0,0,0,0,0,0,0,0,0,0,0,0,0,0,0,0
5,left,0,0,0,0,0,0,0,0,0,0,0,0,0,0,0,0,0,0,0,0,0,0,0,0,0,0,0,0,0,0,0,0,0,0,0,0,0,0,0,0,0,0,0,0,0,0,0,0,0,0,0,0,0,0,0,0,0,0,0,0,0,0,0
6,right,0,0,0,0,0,0,0,0,0,0,0,0,0,0,0,0,0,0,0,0,0,0,0,0,0,0,0,0,0,0,0,0,0,0,0,0,0,0,0,0,0,0,0,0,0,0,0,0,0,0,0,0,0,0,0,0,0,0,0,0,0,0,0
6,left,0,0,0,0,0,0,0,0,0,0,0,0,0,0,0,0,0,0,0,0,0,0,0,0,0,0,0,0,0,0,0,0,0,0,0,0,0,0,0,0,0,0,0,0,0,0,0,0,0,0,0,0,0,0,0,0,0,0,0,0,0,0,0
7,right,0,0,0,0,0,0,0,0,0,0,0,0,0,0,0,0,0,0,0,0,0,0,0,0,0,0,0,0,0,0,0,0,0,0,0,0,0,0,0,0,0,0,0,0,0,0,0,0,0,0,0,0,0,0,0,0,0,0,0,0,0,0,0
7,left,0,0,0,0,0,0,0,0,0,0,0,0,0,0,0,0,0,0,0,0,0,0,0,0,0,0,0,0,0,0,0,0,0,0,0,0,0,0,0,0,0,0,0,0,0,0,0,0,0,0,0,0,0,0,0,0,0,0,0,0,0,0,0
8,right,0,0,0,0,0,0,0,0,0,0,0,0,0,0,0,0,0,0,0,0,0,0,0,0,0,0,0,0,0,0,0,0,0,0,0,0,0,0,0,0,0,0,0,0,0,0,0,0,0,0,0,0,0,0,0,0,0,0,0,0,0,0,0
8,left,0,0,0,0,0,0,0,0,0,0,0,0,0,0,0,0,0,0,0,0,0,0,0,0,0,0,0,0,0,0,0,0,0,0,0,0,0,0,0,0,0,0,0,0,0,0,0,0,0,0,0,0,0,0,0,0,0,0,0,0,0,0,0
9,right,0,0,0,0,0,0,0,0,0,0,0,0,0,0,0,0,0,0,0,0,0,0,0,0,0,0,0,0,0,0,0,0,0,0,0,0,0,0,0,0,0,0,0,0,0,0,0,0,0,0,0,0,0,0,0,0,0,0,0,0,0,0,0
9,left,0,0,0,0,0,0,0,0,0,0,0,0,0,0,0,0,0,0,0,0,0,0,0,0,0,0,0,0,0,0,0,0,0,0,0,0,0,0,0,0,0,0,0,0,0,0,0,0,0,0,0,0,0,0,0,0,0,0,0,0,0,0,0
10,right,0.21037253737449646,1.0388009548187256,-1.1776553066056294e-07,0.2517705261707306,1.0291966199874878,-0.029698776081204414,0.29540181159973145,0.9924606084823608,-0.05211774259805679,0.32787448167800903,0.9559404253959656,-0.07239613682031631,0.3596044182777405,0.9257504343986511,-0.09254486858844757,0.27262359857559204,0.9094852805137634,-0.06446744501590729,0.2746015787124634,0.861320436000824,-0.09683295339345932,0.2699172794818878,0.8170091509819031,-0.11636664718389511,0.26636481285095215,0.7737396955490112,-0.13209249079227448,0.22609740495681763,0.8864177465438843,-0.0627865418791771,0.23135153949260712,0.9854309558868408,-0.09947247803211212,0.2429465651512146,1.0238895416259766,-0.10449005663394928,0.2504560351371765,1.0235437154769897,-0.10657589137554169,0.18574851751327515,0.9021666049957275,-0.06296397000551224,0.19612745940685272,1.0124449729919434,-0.09022349119186401,0.2076026201248169,1.0354145765304565,-0.08116637915372849,0.21358008682727814,1.0267012119293213,-0.07462941110134125,0.15214315056800842,0.9321331977844238,-0.06719961017370224,0.16017067432403564,1.017212152481079,-0.08828800171613693,0.17156414687633514,1.0402902364730835,-0.08723275363445282,0.17702165246009827,1.0344387292861938,-0.08412286639213562
10,left,0,0,0,0,0,0,0,0,0,0,0,0,0,0,0,0,0,0,0,0,0,0,0,0,0,0,0,0,0,0,0,0,0,0,0,0,0,0,0,0,0,0,0,0,0,0,0,0,0,0,0,0,0,0,0,0,0,0,0,0,0,0,0
11,right,0.21093741059303284,0.8995400667190552,-1.207294246796664e-07,0.2601778507232666,0.8897024989128113,-0.0312676876783371,0.3152724802494049,0.840713620185852,-0.049653925001621246,0.3552300035953522,0.800729513168335,-0.06592528522014618,0.3906015157699585,0.7712137699127197,-0.08221929520368576,0.28105831146240234,0.7454012632369995,-0.04412476718425751,0.2824510335922241,0.6793893575668335,-0.07100622355937958,0.2784803509712219,0.6333808898925781,-0.08497725427150726,0.27754539251327515,0.5906370878219604,-0.09490931034088135,0.2430274784564972,0.7202751636505127,-0.041562698781490326,0.22927650809288025,0.7677872776985168,-0.07956665009260178,0.2319667637348175,0.8356261849403381,-0.08433185517787933,0.24184930324554443,0.8610365390777588,-0.08073382079601288,0.20427769422531128,0.7233191132545471,-0.04187820851802826,0.19108985364437103,0.7888380289077759,-0.07679803669452667,0.19553188979625702,0.8460767865180969,-0.06681738793849945,0.20790265500545502,0.8618671894073486,-0.05328180640935898,0.16777721047401428,0.7366142272949219,-0.0455879345536232,0.15194135904312134,0.7875306010246277,-0.07005633413791656,0.16150495409965515,0.839583694934845,-0.06365222483873367,0.1769924759864807,0.8592110872268677,-0.05265265330672264
11,left,0,0,0,0,0,0,0,0,0,0,0,0,0,0,0,0,0,0,0,0,0,0,0,0,0,0,0,0,0,0,0,0,0,0,0,0,0,0,0,0,0,0,0,0,0,0,0,0,0,0,0,0,0,0,0,0,0,0,0,0,0,0,0
12,right,0.21630001068115234,0.8491187691688538,1.5699461641816015e-07,0.27383482456207275,0.8153340816497803,-0.023809319362044334,0.32416272163391113,0.7630196213722229,-0.03806411847472191,0.3625514805316925,0.7219684720039368,-0.05191837251186371,0.3967825770378113,0.6950811147689819,-0.06512854248285294,0.29194024205207825,0.6693877577781677,-0.024385683238506317,0.29563719034194946,0.5991459488868713,-0.04418807476758957,0.29552292823791504,0.5486834049224854,-0.05537596344947815,0.2948136031627655,0.5029449462890625,-0.06332957744598389,0.25409746170043945,0.6542540192604065,-0.02246307209134102,0.25251778960227966,0.6699226498603821,-0.0518096461892128,0.25303617119789124,0.7347165942192078,-0.054000213742256165,0.25543519854545593,0.7591346502304077,-0.04783868417143822,0.21655231714248657,0.6611272692680359,-0.023274846374988556,0.2142532467842102,0.6915903091430664,-0.05369296297430992,0.22087445855140686,0.748166024684906,-0.042974647134542465,0.22824698686599731,0.7638847231864929,-0.027535870671272278,0.18079900741577148,0.6778414845466614,-0.026460684835910797,0.17835979163646698,0.7024544477462769,-0.047492168843746185,0.1895328164100647,0.7484762668609619,-0.03922455385327339,0.19866470992565155,0.7633734345436096,-0.02630969136953354
12,left,0,0,0,0,0,0,0,0,0,0,0,0,0,0,0,0,0,0,0,0,0,0,0,0,0,0,0,0,0,0,0,0,0,0,0,0,0,0,0,0,0,0,0,0,0,0,0,0,0,0,0,0,0,0,0,0,0,0,0,0,0,0,0
13,right,0.22840115427970886,0.7936683297157288,1.5257498375831346e-07,0.2824738919734955,0.7701085805892944,-0.02703903801739216,0.3310352861881256,0.7223196029663086,-0.045453138649463654,0.36928167939186096,0.6826023459434509,-0.06333743780851364,0.4016073942184448,0.6575048565864563,-0.08040329068899155,0.2997141182422638,0.6195924878120422,-0.029093997552990913,0.30706092715263367,0.5477142333984375,-0.05002518743276596,0.3089171051979065,0.4974546432495117,-0.05845743417739868,0.30789172649383545,0.4553363025188446,-0.06375434994697571,0.26030251383781433,0.6129323244094849,-0.027886126190423965,0.26350194215774536,0.6188997626304626,-0.05903910472989082,0.26189833879470825,0.689018726348877,-0.05799549072980881,0.261433869600296,0.7059980034828186,-0.049162011593580246,0.22348499298095703,0.6230847835540771,-0.029852965846657753,0.22430439293384552,0.6392234563827515,-0.06270511448383331,0.23049893975257874,0.6989606618881226,-0.049181949347257614,0.23491506278514862,0.7094247341156006,-0.031693730503320694,0.18803122639656067,0.6397815346717834,-0.03424226865172386,0.18812628090381622,0.6487103700637817,-0.05521397665143013,0.19876384735107422,0.6940978765487671,-0.04414597153663635,0.20383024215698242,0.7062507271766663,-0.029730958864092827
13,left,0,0,0,0,0,0,0,0,0,0,0,0,0,0,0,0,0,0,0,0,0,0,0,0,0,0,0,0,0,0,0,0,0,0,0,0,0,0,0,0,0,0,0,0,0,0,0,0,0,0,0,0,0,0,0,0,0,0,0,0,0,0,0
14,right,0.23592373728752136,0.7635769844055176,7.139491486896077e-08,0.28798243403434753,0.7479903697967529,-0.02498670294880867,0.3381423354148865,0.7009533047676086,-0.042312003672122955,0.3745066225528717,0.663943886756897,-0.05953793227672577,0.4091380834579468,0.6426458358764648,-0.07647725939750671,0.3067544102668762,0.6008569002151489,-0.03032383881509304,0.3164041340351105,0.5251215696334839,-0.05132700502872467,0.32031625509262085,0.4759952425956726,-0.059350110590457916,0.32218584418296814,0.4352502226829529,-0.06438329070806503,0.26858022809028625,0.5951229333877563,-0.03021145984530449,0.2722959518432617,0.601097583770752,-0.062341101467609406,0.26980528235435486,0.6692923903465271,-0.061455488204956055,0.26782846450805664,0.6880894899368286,-0.0530678816139698,0.23303383588790894,0.6055264472961426,-0.03295021876692772,0.2338910847902298,0.6176906228065491,-0.06693096458911896,0.2395067662000656,0.6783646941184998,-0.05375519394874573,0.242667093873024,0.6915619373321533,-0.036470718681812286,0.19788295030593872,0.6219274997711182,-0.03775274381041527,0.19936102628707886,0.6252248287200928,-0.05933926999568939,0.20965883135795593,0.6705901026725769,-0.048325520008802414,0.21438097953796387,0.6846389174461365,-0.03420892357826233
14,left,0,0,0,0,0,0,0,0,0,0,0,0,0,0,0,0,0,0,0,0,0,0,0,0,0,0,0,0,0,0,0,0,0,0,0,0,0,0,0,0,0,0,0,0,0,0,0,0,0,0,0,0,0,0,0,0,0,0,0,0,0,0,0
15,right,0.23743867874145508,0.7619460821151733,5.479120801510362e-08,0.28921839594841003,0.7428932785987854,-0.02821965701878071,0.33669719099998474,0.6974377632141113,-0.046646103262901306,0.37722960114479065,0.6609534621238708,-0.06441386044025421,0.4111908972263336,0.638194739818573,-0.08134786039590836,0.3103521466255188,0.5983362197875977,-0.03187049552798271,0.3194502592086792,0.5217368006706238,-0.05484867841005325,0.32333093881607056,0.4717130661010742,-0.06491884589195251,0.32454949617385864,0.4298630952835083,-0.07148981839418411,0.27317649126052856,0.5910207629203796,-0.03015417605638504,0.2767522633075714,0.5940070748329163,-0.06357840448617935,0.2735176980495453,0.6623278856277466,-0.06369829177856445,0.2719478905200958,0.6809743642807007,-0.0560283437371254,0.23736852407455444,0.5989909768104553,-0.031774815171957016,0.23910129070281982,0.611334502696991,-0.0647311732172966,0.2440478801727295,0.6708225011825562,-0.05128910019993782,0.2473248690366745,0.683398425579071,-0.03462270647287369,0.2016752064228058,0.6135913729667664,-0.03619946166872978,0.20302020013332367,0.6229265928268433,-0.056726373732089996,0.21244987845420837,0.6666203737258911,-0.046403344720602036,0.21652138233184814,0.678995668888092,-0.03335241973400116
15,left,0,0,0,0,0,0,0,0,0,0,0,0,0,0,0,0,0,0,0,0,0,0,0,0,0,0,0,0,0,0,0,0,0,0,0,0,0,0,0,0,0,0,0,0,0,0,0,0,0,0,0,0,0,0,0,0,0,0,0,0,0,0,0
16,right,0.2412213832139969,0.755743682384491,2.748161698207241e-08,0.2921800911426544,0.740678071975708,-0.026871206238865852,0.3412821292877197,0.6940727233886719,-0.04336680844426155,0.38065987825393677,0.6582363247871399,-0.0593053363263607,0.41337600350379944,0.635478138923645,-0.07480861246585846,0.3141094148159027,0.5944593548774719,-0.030885756015777588,0.32445651292800903,0.5185278654098511,-0.05252087488770485,0.32855919003486633,0.46896547079086304,-0.06214011460542679,0.33034205436706543,0.42723315954208374,-0.06870666891336441,0.27747488021850586,0.5860564112663269,-0.02957485057413578,0.28152695298194885,0.5902943015098572,-0.06322407722473145,0.2776617109775543,0.6577348709106445,-0.06493358314037323,0.2751763164997101,0.6797339916229248,-0.05827353894710541,0.24168750643730164,0.5931761860847473,-0.031187012791633606,0.2428693324327469,0.6087881922721863,-0.06459304690361023,0.24682442843914032,0.6688253283500671,-0.052966728806495667,0.24951818585395813,0.683894157409668,-0.03725319355726242,0.2056228518486023,0.6064392924308777,-0.035370636731386185,0.20753920078277588,0.6190780997276306,-0.056563012301921844,0.2163829505443573,0.6646490693092346,-0.04740527272224426,0.22032266855239868,0.6786826252937317,-0.0349874347448349
16,left,0,0,0,0,0,0,0,0,0,0,0,0,0,0,0,0,0,0,0,0,0,0,0,0,0,0,0,0,0,0,0,0,0,0,0,0,0,0,0,0,0,0,0,0,0,0,0,0,0,0,0,0,0,0,0,0,0,0,0,0,0,0,0
17,right,0.24405451118946075,0.7540163397789001,4.314951596029459e-08,0.29465174674987793,0.7384052872657776,-0.028690863400697708,0.3420877456665039,0.6935786604881287,-0.04712313041090965,0.3819872736930847,0.6584139466285706,-0.06477699428796768,0.4157455861568451,0.6363314390182495,-0.08178648352622986,0.3162730038166046,0.5941927433013916,-0.03287447988986969,0.32665127515792847,0.5180274248123169,-0.056110963225364685,0.331664115190506,0.4686836302280426,-0.06626424938440323,0.33381417393684387,0.42773085832595825,-0.07293233275413513,0.27966415882110596,0.586958110332489,-0.03139880299568176,0.284194678068161,0.586422324180603,-0.06642726808786392,0.2797417938709259,0.6553938388824463,-0.06744063645601273,0.27680253982543945,0.6765419244766235,-0.059745751321315765,0.24429742991924286,0.5944399237632751,-0.033209025859832764,0.24593313038349152,0.6064342260360718,-0.06767630577087402,0.2497176229953766,0.6663487553596497,-0.055203214287757874,0.2521190047264099,0.6795157194137573,-0.03861859440803528,0.20915961265563965,0.6080150604248047,-0.03775644674897194,0.21142101287841797,0.6182284951210022,-0.05929092317819595,0.21993881464004517,0.663454532623291,-0.0494675450026989,0.22327208518981934,0.676361083984375,-0.036530207842588425
17,left,0,0,0,0,0,0,0,0,0,0,0,0,0,0,0,0,0,0,0,0,0,0,0,0,0,0,0,0,0,0,0,0,0,0,0,0,0,0,0,0,0,0,0,0,0,0,0,0,0,0,0,0,0,0,0,0,0,0,0,0,0,0,0
18,right,0.24256935715675354,0.7566344738006592,4.7434426164727483e-08,0.29414689540863037,0.740384042263031,-0.029544001445174217,0.3416086733341217,0.695417046546936,-0.04808562248945236,0.38178032636642456,0.6594668626785278,-0.06550665199756622,0.4153546094894409,0.6386762261390686,-0.08199986070394516,0.31594860553741455,0.5968987941741943,-0.033370938152074814,0.3266000747680664,0.5213305950164795,-0.0566575787961483,0.3318367898464203,0.4721214175224304,-0.06642629206180573,0.3334617614746094,0.43105003237724304,-0.0726706013083458,0.2795901894569397,0.589538037776947,-0.031225144863128662,0.28336408734321594,0.5882840752601624,-0.06482934206724167,0.2789473235607147,0.6574164628982544,-0.06402702629566193,0.27661409974098206,0.6764172315597534,-0.05531143769621849,0.24448448419570923,0.5960718989372253,-0.03266872838139534,0.24563921988010406,0.6097432971000671,-0.06629551202058792,0.24946609139442444,0.6688407063484192,-0.053062476217746735,0.25231754779815674,0.6794601678848267,-0.036173321306705475,0.20966938138008118,0.6081709861755371,-0.036977436393499374,0.2118631899356842,0.6189755797386169,-0.05766153708100319,0.22038321197032928,0.6643186807632446,-0.04738040268421173,0.22376322746276855,0.6764647364616394,-0.03433499112725258
18,left,0,0,0,0,0,0,0,0,0,0,0,0,0,0,0,0,0,0,0,0,0,0,0,0,0,0,0,0,0,0,0,0,0,0,0,0,0,0,0,0,0,0,0,0,0,0,0,0,0,0,0,0,0,0,0,0,0,0,0,0,0,0,0
19,right,0.24351850152015686,0.7587314248085022,2.7038485228558784e-08,0.29460442066192627,0.7434700727462769,-0.028453616425395012,0.34192028641700745,0.6973971128463745,-0.046723783016204834,0.38191479444503784,0.660347580909729,-0.06407532095909119,0.4156755208969116,0.63942551612854,-0.08069656789302826,0.3152202069759369,0.5992196202278137,-0.03323593735694885,0.3245338797569275,0.5233948230743408,-0.05596443638205528,0.32842615246772766,0.473466157913208,-0.06551472842693329,0.328559547662735,0.43158066272735596,-0.07184673845767975,0.2790471017360687,0.592163622379303,-0.03156394511461258,0.2817559242248535,0.5911254286766052,-0.06462165713310242,0.277771532535553,0.6594309210777283,-0.06371991336345673,0.2758294343948364,0.6780042052268982,-0.0553378090262413,0.2440805435180664,0.5991754531860352,-0.0332728773355484,0.24477188289165497,0.6104639768600464,-0.06673214584589005,0.24885603785514832,0.669736385345459,-0.05325876921415329,0.2520725727081299,0.6814930438995361,-0.036433182656764984,0.20958121120929718,0.611652135848999,-0.037717562168836594,0.21171581745147705,0.6191178560256958,-0.058740708976984024,0.21992385387420654,0.6645902991294861,-0.048479482531547546,0.22336101531982422,0.6775628924369812,-0.03552926704287529
19,left,0,0,0,0,0,0,0,0,0,0,0,0,0,0,0,0,0,0,0,0,0,0,0,0,0,0,0,0,0,0,0,0,0,0,0,0,0,0,0,0,0,0,0,0,0,0,0,0,0,0,0,0,0,0,0,0,0,0,0,0,0,0,0
20,right,0.24166928231716156,0.7593835592269897,3.508057133672082e-08,0.2928720712661743,0.7445785403251648,-0.02972717583179474,0.34065958857536316,0.700089693069458,-0.048532526940107346,0.38063299655914307,0.6626468896865845,-0.0660974532365799,0.4145687520503998,0.6405994892120361,-0.08276431262493134,0.31585532426834106,0.6000806093215942,-0.03430557623505592,0.3248443007469177,0.5248236656188965,-0.05751369521021843,0.3286816477775574,0.4749680757522583,-0.06743849813938141,0.3291517496109009,0.4330381751060486,-0.07391735911369324,0.2797764837741852,0.5912584066390991,-0.031838979572057724,0.28222113847732544,0.5937711000442505,-0.06498005241155624,0.2778591215610504,0.661963701248169,-0.06425037235021591,0.2758464515209198,0.680280864238739,-0.05583468824625015,0.2446480542421341,0.5972432494163513,-0.03287334367632866,0.2448427975177765,0.6142286658287048,-0.06613313406705856,0.24866020679473877,0.6727006435394287,-0.05316156521439552,0.2521185874938965,0.6833047866821289,-0.036663718521595,0.20991729199886322,0.6090061068534851,-0.03680102899670601,0.21163374185562134,0.6229442358016968,-0.05757499486207962,0.21983623504638672,0.6685267090797424,-0.04782569408416748,0.223933607339859,0.6805741786956787,-0.035172753036022186
20,left,0,0,0,0,0,0,0,0,0,0,0,0,0,0,0,0,0,0,0,0,0,0,0,0,0,0,0,0,0,0,0,0,0,0,0,0,0,0,0,0,0,0,0,0,0,0,0,0,0,0,0,0,0,0,0,0,0,0,0,0,0,0,0
21,right,0.24203398823738098,0.7606807947158813,2.9349546792900583e-08,0.2933086156845093,0.7457931637763977,-0.028002003207802773,0.34130847454071045,0.6999284029006958,-0.046182118356227875,0.38129109144210815,0.6627783179283142,-0.06347163766622543,0.4149545431137085,0.6417360901832581,-0.079957515001297,0.315283864736557,0.6015471816062927,-0.033083219081163406,0.3244560956954956,0.5259175300598145,-0.055761851370334625,0.3280242383480072,0.47605443000793457,-0.06519050896167755,0.32820677757263184,0.4336851239204407,-0.07151414453983307,0.2785775661468506,0.5937685370445251,-0.03173421695828438,0.28169724345207214,0.5941630601882935,-0.06461675465106964,0.27717098593711853,0.6628720760345459,-0.06351368129253387,0.27519893646240234,0.680356502532959,-0.05506724864244461,0.2430630922317505,0.600305438041687,-0.03372976928949356,0.24374337494373322,0.6131147742271423,-0.06698669493198395,0.24772527813911438,0.6725987195968628,-0.05320937559008598,0.2512253224849701,0.6832643151283264,-0.03638821840286255,0.20799574255943298,0.6123722195625305,-0.03845446556806564,0.20970365405082703,0.6223549842834473,-0.05934128910303116,0.21824201941490173,0.6681485772132874,-0.048974744975566864,0.22243401408195496,0.6803823709487915,-0.03606981411576271
21,left,0,0,0,0,0,0,0,0,0,0,0,0,0,0,0,0,0,0,0,0,0,0,0,0,0,0,0,0,0,0,0,0,0,0,0,0,0,0,0,0,0,0,0,0,0,0,0,0,0,0,0,0,0,0,0,0,0,0,0,0,0,0,0
22,right,0.24149678647518158,0.7612783312797546,3.772377610289368e-08,0.2933794856071472,0.7452435493469238,-0.029441634193062782,0.34112051129341125,0.7008978724479675,-0.04756862297654152,0.38152915239334106,0.6644692420959473,-0.06445954740047455,0.4153265953063965,0.640941321849823,-0.08036880195140839,0.3158714473247528,0.6015677452087402,-0.03282664716243744,0.3252738416194916,0.5257768034934998,-0.055764686316251755,0.32940617203712463,0.47600170969963074,-0.0658162459731102,0.3301277756690979,0.43390145897865295,-0.07230047136545181,0.27989915013313293,0.5936450958251953,-0.0303217601031065,0.2829344570636749,0.5948600172996521,-0.06348671019077301,0.27908840775489807,0.6627404689788818,-0.06347079575061798,0.2772553563117981,0.6815920472145081,-0.055538538843393326,0.244855597615242,0.6001669764518738,-0.03129461780190468,0.24542804062366486,0.6139909625053406,-0.0645037442445755,0.24928413331508636,0.6730070114135742,-0.05183009058237076,0.252442866563797,0.6845117211341858,-0.0354386642575264,0.2100559026002884,0.6123690009117126,-0.03509970381855965,0.21145600080490112,0.6229884624481201,-0.05570520460605621,0.22000086307525635,0.6679562330245972,-0.04575776308774948,0.22376200556755066,0.6807336807250977,-0.032905712723731995
22,left,0,0,0,0,0,0,0,0,0,0,0,0,0,0,0,0,0,0,0,0,0,0,0,0,0,0,0,0,0,0,0,0,0,0,0,0,0,0,0,0,0,0,0,0,0,0,0,0,0,0,0,0,0,0,0,0,0,0,0,0,0,0,0
23,right,0.2414764165878296,0.7605522871017456,3.799468828447061e-08,0.29362642765045166,0.7444783449172974,-0.02857552468776703,0.34167173504829407,0.7000927329063416,-0.04682197794318199,0.38214021921157837,0.6632800102233887,-0.0641101524233818,0.4165247678756714,0.6424137949943542,-0.08043310046195984,0.31677496433258057,0.6004085540771484,-0.03306731954216957,0.32568973302841187,0.5248537659645081,-0.05601189285516739,0.32934504747390747,0.47464287281036377,-0.06566788256168365,0.3298126459121704,0.4326758086681366,-0.07191482186317444,0.28006044030189514,0.5920390486717224,-0.03123561665415764,0.28297463059425354,0.5941027402877808,-0.06411901116371155,0.27872344851493835,0.6622903943061829,-0.06323208659887314,0.2771073579788208,0.680411696434021,-0.05480825901031494,0.24453583359718323,0.5982562303543091,-0.03283434733748436,0.24537533521652222,0.6135429739952087,-0.06585682183504105,0.2492145448923111,0.6723728775978088,-0.05262008681893349,0.25245463848114014,0.6832556128501892,-0.036026641726493835,0.20940640568733215,0.6104402542114258,-0.03725780174136162,0.21119362115859985,0.6226767897605896,-0.057594843208789825,0.21951469779014587,0.6671563386917114,-0.04750989377498627,0.22316372394561768,0.6788005232810974,-0.03473441302776337
23,left,0,0,0,0,0,0,0,0,0,0,0,0,0,0,0,0,0,0,0,0,0,0,0,0,0,0,0,0,0,0,0,0,0,0,0,0,0,0,0,0,0,0,0,0,0,0,0,0,0,0,0,0,0,0,0,0,0,0,0,0,0,0,0
24,right,0.2424059361219406,0.7609390020370483,3.109933643941076e-08,0.29397112131118774,0.7454198002815247,-0.028775952756404877,0.34182968735694885,0.7003310918807983,-0.046970050781965256,0.3824121356010437,0.6631991267204285,-0.06410349160432816,0.41680675745010376,0.641474187374115,-0.08023644983768463,0.316228449344635,0.6009065508842468,-0.033155858516693115,0.32530713081359863,0.5251336097717285,-0.055887140333652496,0.32938888669013977,0.4755573272705078,-0.06514451652765274,0.330288827419281,0.43365660309791565,-0.07114347070455551,0.2797659933567047,0.5930987596511841,-0.03137335926294327,0.28232327103614807,0.5947486162185669,-0.06378809362649918,0.2782241106033325,0.6631098985671997,-0.06256452202796936,0.27674901485443115,0.6799979209899902,-0.05406361073255539,0.24439848959445953,0.5996243953704834,-0.03308500349521637,0.24481448531150818,0.6139683723449707,-0.06617686152458191,0.24902863800525665,0.6731895208358765,-0.05283885821700096,0.252713680267334,0.6830899119377136,-0.03625642508268356,0.20938539505004883,0.6119197010993958,-0.03759734332561493,0.2106541097164154,0.6230305433273315,-0.0582132488489151,0.21959161758422852,0.6682941317558289,-0.04803710803389549,0.22375959157943726,0.6802163124084473,-0.035225652158260345
24,left,0,0,0,0,0,0,0,0,0,0,0,0,0,0,0,0,0,0,0,0,0,0,0,0,0,0,0,0,0,0,0,0,0,0,0,0,0,0,0,0,0,0,0,0,0,0,0,0,0,0,0,0,0,0,0,0,0,0,0,0,0,0,0
25,right,0.24109825491905212,0.7609390616416931,2.6446056011764085e-08,0.29285117983818054,0.7460087537765503,-0.028465764597058296,0.34096911549568176,0.7006722688674927,-0.04631558060646057,0.3810942769050598,0.6634771227836609,-0.06313784420490265,0.41526907682418823,0.6425633430480957,-0.07910905033349991,0.31602782011032104,0.6013315320014954,-0.03314489871263504,0.3252847492694855,0.5258916616439819,-0.05588837340474129,0.32910704612731934,0.47607195377349854,-0.0656421110033989,0.3296305239200592,0.43405115604400635,-0.07211103290319443,0.27980363368988037,0.5923779010772705,-0.031199004501104355,0.2826656401157379,0.594920814037323,-0.06409706920385361,0.2781849801540375,0.6628568768501282,-0.06346973776817322,0.27607229351997375,0.6816821694374084,-0.05525389313697815,0.24435794353485107,0.598294734954834,-0.03262660279870033,0.24503940343856812,0.6150442957878113,-0.06575806438922882,0.2485874742269516,0.6738559007644653,-0.05289845913648605,0.25171610713005066,0.6853480339050293,-0.03652513027191162,0.2093280851840973,0.6100558042526245,-0.0368354506790638,0.21133245527744293,0.6235230565071106,-0.057575773447752,0.21937739849090576,0.6690487861633301,-0.04788118600845337,0.22315290570259094,0.6815443634986877,-0.035312630236148834
25,left,0,0,0,0,0,0,0,0,0,0,0,0,0,0,0,0,0,0,0,0,0,0,0,0,0,0,0,0,0,0,0,0,0,0,0,0,0,0,0,0,0,0,0,0,0,0,0,0,0,0,0,0,0,0,0,0,0,0,0,0,0,0,0
26,right,0.24273419380187988,0.759509265422821,3.188059238823371e-08,0.29382050037384033,0.7444435358047485,-0.028241068124771118,0.34163618087768555,0.6992400884628296,-0.04662960767745972,0.381761372089386,0.6621265411376953,-0.06418866664171219,0.41602373123168945,0.6415570974349976,-0.08086660504341125,0.31619152426719666,0.6005141735076904,-0.03364144638180733,0.32504719495773315,0.5249350666999817,-0.05676297843456268,0.32871174812316895,0.4752163290977478,-0.06613589078187943,0.3291723132133484,0.4327854812145233,-0.07228560745716095,0.2795441448688507,0.5919024348258972,-0.03212858363986015,0.28249722719192505,0.5950383543968201,-0.06481404602527618,0.27838149666786194,0.6630551815032959,-0.06336412578821182,0.27673473954200745,0.6788331270217896,-0.054809704422950745,0.2441379427909851,0.5981115698814392,-0.034042831510305405,0.24490675330162048,0.6150542497634888,-0.06728207319974899,0.24909204244613647,0.6736763715744019,-0.05381299927830696,0.25242093205451965,0.6828638911247253,-0.03733191639184952,0.20898473262786865,0.6101871728897095,-0.038757093250751495,0.2106473594903946,0.6251114010810852,-0.05967796593904495,0.21949787437915802,0.6703730225563049,-0.049936115741729736,0.22366437315940857,0.6814572811126709,-0.03753199800848961
26,left,0,0,0,0,0,0,0,0,0,0,0,0,0,0,0,0,0,0,0,0,0,0,0,0,0,0,0,0,0,0,0,0,0,0,0,0,0,0,0,0,0,0,0,0,0,0,0,0,0,0,0,0,0,0,0,0,0,0,0,0,0,0,0
27,right,0.24197015166282654,0.7597774863243103,3.762093925274712e-08,0.2939903438091278,0.7436107397079468,-0.029641326516866684,0.3408817946910858,0.6998460292816162,-0.048393428325653076,0.3811022937297821,0.6630309820175171,-0.06590559333562851,0.4154675006866455,0.6405919790267944,-0.08235270529985428,0.3167855739593506,0.5999129414558411,-0.03373601287603378,0.3258408010005951,0.5243512392044067,-0.05705804005265236,0.33002373576164246,0.47430282831192017,-0.06709408015012741,0.33064159750938416,0.43233901262283325,-0.07356403023004532,0.28045061230659485,0.5912442803382874,-0.03136255592107773,0.2834351658821106,0.5932969450950623,-0.06453142315149307,0.2791232168674469,0.6621683239936829,-0.06387194991111755,0.2768554091453552,0.6804296970367432,-0.05543334782123566,0.24521677196025848,0.5975221395492554,-0.032532211393117905,0.24616342782974243,0.6130642890930176,-0.06582292169332504,0.2500336766242981,0.6721784472465515,-0.05279993265867233,0.2529471814632416,0.682663083076477,-0.03620282933115959,0.21036331355571747,0.6099121570587158,-0.03658182546496391,0.21194344758987427,0.6222241520881653,-0.057334691286087036,0.22058691084384918,0.6671100854873657,-0.0474044531583786,0.22428172826766968,0.6788685917854309,-0.034579940140247345
27,left,0,0,0,0,0,0,0,0,0,0,0,0,0,0,0,0,0,0,0,0,0,0,0,0,0,0,0,0,0,0,0,0,0,0,0,0,0,0,0,0,0,0,0,0,0,0,0,0,0,0,0,0,0,0,0,0,0,0,0,0,0,0,0
28,right,0.24363744258880615,0.7596776485443115,2.8218652303735325e-08,0.2958849370479584,0.7436655759811401,-0.02876911126077175,0.34348049759864807,0.6989012360572815,-0.04688328504562378,0.3836844563484192,0.6620725989341736,-0.06403452157974243,0.4174685776233673,0.6391579508781433,-0.08011041581630707,0.3173345923423767,0.5995853543281555,-0.032790325582027435,0.3264560103416443,0.5239205360412598,-0.05602024495601654,0.3307638168334961,0.47460657358169556,-0.06583919376134872,0.33182355761528015,0.43256711959838867,-0.07222278416156769,0.2809301018714905,0.59174644947052,-0.031101282685995102,0.284551203250885,0.594903826713562,-0.06362172216176987,0.28056442737579346,0.6632168292999268,-0.06249632313847542,0.27863478660583496,0.679032027721405,-0.05419100821018219,0.24578693509101868,0.598867654800415,-0.03300080820918083,0.2468770146369934,0.6126660108566284,-0.06596101820468903,0.251068115234375,0.6720905900001526,-0.05228764936327934,0.2542083263397217,0.6815724968910217,-0.0356980599462986,0.21090981364250183,0.612035870552063,-0.03778061643242836,0.21194173395633698,0.6235592365264893,-0.05847705528140068,0.2209131121635437,0.6680974364280701,-0.04822399094700813,0.22483494877815247,0.679685652256012,-0.035448767244815826
28,left,0,0,0,0,0,0,0,0,0,0,0,0,0,0,0,0,0,0,0,0,0,0,0,0,0,0,0,0,0,0,0,0,0,0,0,0,0,0,0,0,0,0,0,0,0,0,0,0,0,0,0,0,0,0,0,0,0,0,0,0,0,0,0
29,right,0.24415844678878784,0.7592700719833374,3.296899819815735e-08,0.29531577229499817,0.7440381646156311,-0.028558596968650818,0.34338879585266113,0.6987913846969604,-0.047176897525787354,0.3838045597076416,0.6617729067802429,-0.06493735313415527,0.4180712103843689,0.6410217881202698,-0.08185029774904251,0.3181760311126709,0.6001439690589905,-0.03342297300696373,0.3273336887359619,0.5248434543609619,-0.05644798278808594,0.33126652240753174,0.4750034213066101,-0.06594932079315186,0.3318876326084137,0.4328676164150238,-0.07227571308612823,0.28152480721473694,0.5914213061332703,-0.03182694688439369,0.28502213954925537,0.5936475992202759,-0.06497446447610855,0.280648797750473,0.6623770594596863,-0.06397292017936707,0.27845942974090576,0.6794705986976624,-0.055446773767471313,0.2460774928331375,0.5976017713546753,-0.03364839032292366,0.24727797508239746,0.6141431331634521,-0.067098468542099,0.2512438893318176,0.6732838749885559,-0.053739283233881,0.2544362246990204,0.6831281781196594,-0.0370866097509861,0.21101784706115723,0.6097639203071594,-0.03828111290931702,0.2129737287759781,0.6240255832672119,-0.05936942994594574,0.22153326869010925,0.6696614623069763,-0.04958852753043175,0.22558341920375824,0.6809871792793274,-0.03700798377394676
29,left,0,0,0,0,0,0,0,0,0,0,0,0,0,0,0,0,0,0,0,0,0,0,0,0,0,0,0,0,0,0,0,0,0,0,0,0,0,0,0,0,0,0,0,0,0,0,0,0,0,0,0,0,0,0,0,0,0,0,0,0,0,0,0
30,right,0.24513286352157593,0.7599730491638184,3.717414998050117e-08,0.2960527241230011,0.7445241808891296,-0.02891884744167328,0.34309661388397217,0.7003769278526306,-0.04783905670046806,0.3832799196243286,0.6642143726348877,-0.0658545047044754,0.4165912866592407,0.6402923464775085,-0.08296559751033783,0.3185274302959442,0.6009248495101929,-0.03376546502113342,0.3278067409992218,0.5249960422515869,-0.057495199143886566,0.33236557245254517,0.4749751389026642,-0.06767940521240234,0.33360645174980164,0.43288248777389526,-0.07427649945020676,0.28216686844825745,0.5924943685531616,-0.03212644159793854,0.2857065200805664,0.594472348690033,-0.0658923089504242,0.2812129855155945,0.6632446050643921,-0.0652567520737648,0.2792031764984131,0.6810253858566284,-0.056862372905015945,0.2468651980161667,0.5989210605621338,-0.033962808549404144,0.2480117380619049,0.6126957535743713,-0.06773646175861359,0.25187182426452637,0.6721846461296082,-0.05399938300251961,0.25527483224868774,0.6831437945365906,-0.03700852021574974,0.2118823230266571,0.6113266944885254,-0.03864455595612526,0.21350045502185822,0.6232161521911621,-0.06004863604903221,0.22189220786094666,0.6687334775924683,-0.04980605095624924,0.22595646977424622,0.6808902025222778,-0.036726582795381546
30,left,0,0,0,0,0,0,0,0,0,0,0,0,0,0,0,0,0,0,0,0,0,0,0,0,0,0,0,0,0,0,0,0,0,0,0,0,0,0,0,0,0,0,0,0,0,0,0,0,0,0,0,0,0,0,0,0,0,0,0,0,0,0,0
31,right,0.2447815239429474,0.7584540247917175,3.180653607159911e-08,0.29579052329063416,0.7429475784301758,-0.027793195098638535,0.34402957558631897,0.6978943943977356,-0.0455748550593853,0.38397470116615295,0.6619492173194885,-0.0625552088022232,0.4173653721809387,0.6404285430908203,-0.07877545058727264,0.3190494179725647,0.5997099876403809,-0.03268707916140556,0.3288504481315613,0.5238300561904907,-0.05538121238350868,0.33313047885894775,0.4743703603744507,-0.0652957558631897,0.33406898379325867,0.4323313236236572,-0.07197640836238861,0.2827918827533722,0.5910685658454895,-0.0311464611440897,0.2863224148750305,0.5936928391456604,-0.06457313150167465,0.2822599709033966,0.6616349220275879,-0.06495770066976547,0.2800208330154419,0.6803491115570068,-0.057515859603881836,0.24761255085468292,0.5974819660186768,-0.03276367858052254,0.24887624382972717,0.6129401922225952,-0.06593555957078934,0.25281721353530884,0.671892523765564,-0.05326249450445175,0.25565484166145325,0.6838155388832092,-0.037129901349544525,0.21264715492725372,0.6099786162376404,-0.03708909451961517,0.2148539125919342,0.6223849058151245,-0.0580175556242466,0.22317785024642944,0.6673978567123413,-0.04836371913552284,0.22676464915275574,0.679741382598877,-0.035819161683321
31,left,0,0,0,0,0,0,0,0,0,0,0,0,0,0,0,0,0,0,0,0,0,0,0,0,0,0,0,0,0,0,0,0,0,0,0,0,0,0,0,0,0,0,0,0,0,0,0,0,0,0,0,0,0,0,0,0,0,0,0,0,0,0,0
32,right,0.2449408769607544,0.7593783736228943,3.272804960374742e-08,0.29649025201797485,0.7437998652458191,-0.028746984899044037,0.3443814814090729,0.699240505695343,-0.047213491052389145,0.3846350908279419,0.6617810726165771,-0.06469611823558807,0.41865408420562744,0.63897705078125,-0.0812385305762291,0.31888270378112793,0.6005036234855652,-0.032898224890232086,0.3286682069301605,0.5242746472358704,-0.05602916330099106,0.33317238092422485,0.4746750295162201,-0.06581290066242218,0.33398741483688354,0.4325631856918335,-0.07222479581832886,0.2822686731815338,0.5930930972099304,-0.03126443549990654,0.28608646988868713,0.5924143195152283,-0.06447278708219528,0.28182676434516907,0.66180419921875,-0.06365648657083511,0.27968597412109375,0.6791760921478271,-0.055340010672807693,0.2469504177570343,0.5999652147293091,-0.033085789531469345,0.2485767900943756,0.6102197170257568,-0.06674125045537949,0.2524320185184479,0.6705098748207092,-0.052819620817899704,0.25531208515167236,0.6813850998878479,-0.03577962517738342,0.21184596419334412,0.6126806735992432,-0.03766884282231331,0.21370965242385864,0.6204801797866821,-0.0588906891644001,0.22244472801685333,0.666312038898468,-0.04821384698152542,0.22611188888549805,0.6790534257888794,-0.03496318310499191
32,left,0,0,0,0,0,0,0,0,0,0,0,0,0,0,0,0,0,0,0,0,0,0,0,0,0,0,0,0,0,0,0,0,0,0,0,0,0,0,0,0,0,0,0,0,0,0,0,0,0,0,0,0,0,0,0,0,0,0,0,0,0,0,0
33,right,0.24445271492004395,0.7586222887039185,3.3053247250336426e-08,0.29637545347213745,0.7420600056648254,-0.028777772560715675,0.34419411420822144,0.698950469493866,-0.04728791117668152,0.384652316570282,0.6623531579971313,-0.06479401886463165,0.4184395968914032,0.6391251087188721,-0.08118858188390732,0.31975504755973816,0.599332869052887,-0.032836757600307465,0.329531729221344,0.5239090323448181,-0.05617155134677887,0.3338817059993744,0.4745522141456604,-0.06603008508682251,0.3346652090549469,0.43268507719039917,-0.07230816036462784,0.2833470404148102,0.5910345911979675,-0.031010257080197334,0.28663286566734314,0.5932182669639587,-0.06338983029127121,0.282612144947052,0.6615937948226929,-0.0622231625020504,0.2807607650756836,0.6777235865592957,-0.053847022354602814,0.2480970025062561,0.5979108214378357,-0.03269369155168533,0.24933695793151855,0.6112189888954163,-0.06562955677509308,0.2532082498073578,0.6707130074501038,-0.05179473012685776,0.25600770115852356,0.6804452538490295,-0.03496021404862404,0.21309378743171692,0.6110865473747253,-0.03719554841518402,0.21449890732765198,0.6218064427375793,-0.05771902576088905,0.2232273817062378,0.6664790511131287,-0.04703597351908684,0.22665105760097504,0.6780803203582764,-0.0338541716337204
33,left,0,0,0,0,0,0,0,0,0,0,0,0,0,0,0,0,0,0,0,0,0,0,0,0,0,0,0,0,0,0,0,0,0,0,0,0,0,0,0,0,0,0,0,0,0,0,0,0,0,0,0,0,0,0,0,0,0,0,0,0,0,0,0
34,right,0.24476560950279236,0.7576285600662231,3.941877224633572e-08,0.29611989855766296,0.7426243424415588,-0.027754539623856544,0.34483399987220764,0.6973991990089417,-0.045843739062547684,0.3852730393409729,0.660961925983429,-0.06323669850826263,0.41940829157829285,0.6411120295524597,-0.07989951223134995,0.31914421916007996,0.5981867909431458,-0.03234218806028366,0.32930365204811096,0.5230160355567932,-0.05486588552594185,0.33392345905303955,0.4736371338367462,-0.0643238052725792,0.3351112902164459,0.43188023567199707,-0.07064422965049744,0.28245678544044495,0.5902000069618225,-0.03109665960073471,0.2861742675304413,0.591986894607544,-0.0640268474817276,0.2818203270435333,0.6604095697402954,-0.06350500881671906,0.27968335151672363,0.6780335307121277,-0.05540322884917259,0.24711531400680542,0.5968497395515442,-0.033108364790678024,0.2483595758676529,0.6119281053543091,-0.06630732864141464,0.25217851996421814,0.6710957884788513,-0.05308987572789192,0.2550019323825836,0.6819356083869934,-0.036572251468896866,0.21213138103485107,0.6092880964279175,-0.037838902324438095,0.2143913209438324,0.6219743490219116,-0.05862940102815628,0.22271916270256042,0.6676406264305115,-0.04852329194545746,0.22625482082366943,0.6797338724136353,-0.03570935130119324
34,left,0,0,0,0,0,0,0,0,0,0,0,0,0,0,0,0,0,0,0,0,0,0,0,0,0,0,0,0,0,0,0,0,0,0,0,0,0,0,0,0,0,0,0,0,0,0,0,0,0,0,0,0,0,0,0,0,0,0,0,0,0,0,0
35,right,0.24460028111934662,0.7568984031677246,3.942937709666694e-08,0.29613596200942993,0.7420641183853149,-0.029146943241357803,0.3441518247127533,0.6981854438781738,-0.047947049140930176,0.3849150538444519,0.6613339185714722,-0.06570184975862503,0.4193791449069977,0.6403812766075134,-0.08249832689762115,0.319785475730896,0.5989623069763184,-0.03388731926679611,0.32963281869888306,0.5232073664665222,-0.05742660164833069,0.3341769576072693,0.473484605550766,-0.06737391650676727,0.33523544669151306,0.4316127598285675,-0.07376791536808014,0.2834923267364502,0.5903797149658203,-0.031930603086948395,0.2865789532661438,0.5924720168113708,-0.06523098796606064,0.2818881571292877,0.6607888340950012,-0.06436410546302795,0.27983924746513367,0.6778336763381958,-0.05595068633556366,0.24825654923915863,0.5961636900901794,-0.03344183415174484,0.24883241951465607,0.6115619540214539,-0.06701872497797012,0.2524363696575165,0.6705721020698547,-0.05350494384765625,0.25549882650375366,0.6808884143829346,-0.036704547703266144,0.2133006900548935,0.6079362630844116,-0.037797391414642334,0.2146928608417511,0.6209381818771362,-0.05867733433842659,0.22325536608695984,0.6666582226753235,-0.04832269251346588,0.22720283269882202,0.6788431406021118,-0.03528648987412453
35,left,0,0,0,0,0,0,0,0,0,0,0,0,0,0,0,0,0,0,0,0,0,0,0,0,0,0,0,0,0,0,0,0,0,0,0,0,0,0,0,0,0,0,0,0,0,0,0,0,0,0,0,0,0,0,0,0,0,0,0,0,0,0,0
36,right,0.2453380525112152,0.7563878893852234,3.8859418793890654e-08,0.2967410385608673,0.7412652969360352,-0.02855018898844719,0.3452344238758087,0.6967395544052124,-0.04663311690092087,0.38583236932754517,0.6603661179542542,-0.06373520195484161,0.419979453086853,0.6395255923271179,-0.07989466190338135,0.32029861211776733,0.5967438817024231,-0.032772425562143326,0.33026376366615295,0.5218467116355896,-0.05553198233246803,0.33479833602905273,0.47260433435440063,-0.06515354663133621,0.33586445450782776,0.4303706884384155,-0.07148158550262451,0.2839933931827545,0.5879912376403809,-0.03100189007818699,0.2871878445148468,0.591705322265625,-0.06342142075300217,0.2828032076358795,0.6597043871879578,-0.06264692544937134,0.2808370590209961,0.6762421727180481,-0.05455593764781952,0.24877360463142395,0.594119668006897,-0.03263774886727333,0.2496665120124817,0.6115841865539551,-0.06537482887506485,0.2532404065132141,0.6703978180885315,-0.05204475298523903,0.2562325894832611,0.6800249814987183,-0.03563644364476204,0.2138025462627411,0.6062597036361694,-0.0371130034327507,0.21557676792144775,0.6201664805412292,-0.05750573053956032,0.22391562163829803,0.6657257080078125,-0.047264207154512405,0.22760598361492157,0.6776541471481323,-0.03443791717290878
36,left,0,0,0,0,0,0,0,0,0,0,0,0,0,0,0,0,0,0,0,0,0,0,0,0,0,0,0,0,0,0,0,0,0,0,0,0,0,0,0,0,0,0,0,0,0,0,0,0,0,0,0,0,0,0,0,0,0,0,0,0,0,0,0
