1,right,0,0,0,0,0,0,0,0,0,0,0,0,0,0,0,0,0,0,0,0,0,0,0,0,0,0,0,0,0,0,0,0,0,0,0,0,0,0,0,0,0,0,0,0,0,0,0,0,0,0,0,0,0,0,0,0,0,0,0,0,0,0,0
1,left,0,0,0,0,0,0,0,0,0,0,0,0,0,0,0,0,0,0,0,0,0,0,0,0,0,0,0,0,0,0,0,0,0,0,0,0,0,0,0,0,0,0,0,0,0,0,0,0,0,0,0,0,0,0,0,0,0,0,0,0,0,0,0
2,right,0,0,0,0,0,0,0,0,0,0,0,0,0,0,0,0,0,0,0,0,0,0,0,0,0,0,0,0,0,0,0,0,0,0,0,0,0,0,0,0,0,0,0,0,0,0,0,0,0,0,0,0,0,0,0,0,0,0,0,0,0,0,0
2,left,0,0,0,0,0,0,0,0,0,0,0,0,0,0,0,0,0,0,0,0,0,0,0,0,0,0,0,0,0,0,0,0,0,0,0,0,0,0,0,0,0,0,0,0,0,0,0,0,0,0,0,0,0,0,0,0,0,0,0,0,0,0,0
3,right,0,0,0,0,0,0,0,0,0,0,0,0,0,0,0,0,0,0,0,0,0,0,0,0,0,0,0,0,0,0,0,0,0,0,0,0,0,0,0,0,0,0,0,0,0,0,0,0,0,0,0,0,0,0,0,0,0,0,0,0,0,0,0
3,left,0,0,0,0,0,0,0,0,0,0,0,0,0,0,0,0,0,0,0,0,0,0,0,0,0,0,0,0,0,0,0,0,0,0,0,0,0,0,0,0,0,0,0,0,0,0,0,0,0,0,0,0,0,0,0,0,0,0,0,0,0,0,0
4,right,0,0,0,0,0,0,0,0,0,0,0,0,0,0,0,0,0,0,0,0,0,0,0,0,0,0,0,0,0,0,0,0,0,0,0,0,0,0,0,0,0,0,0,0,0,0,0,0,0,0,0,0,0,0,0,0,0,0,0,0,0,0,0
4,left,0,0,0,0,0,0,0,0,0,0,0,0,0,0,0,0,0,0,0,0,0,0,0,0,0,0,0,0,0,0,0,0,0,0,0,0,0,0,0,0,0,0,0,0,0,0,0,0,0,0,0,0,0,0,0,0,0,0,0,0,0,0,0
5,right,0,0,0,0,0,0,0,0,0,0,0,0,0,0,0,0,0,0,0,0,0,0,0,0,0,0,0,0,0,0,0,0,0,0,0,0,0,0,0,0,0,0,0,0,0,0,0,0,0,0,0,0,0,0,0,0,0,0,0,0,0,0,0
5,left,0,0,0,0,0,0,0,0,0,0,0,0,0,0,0,0,0,0,0,0,0,0,0,0,0,0,0,0,0,0,0,0,0,0,0,0,0,0,0,0,0,0,0,0,0,0,0,0,0,0,0,0,0,0,0,0,0,0,0,0,0,0,0
6,right,0,0,0,0,0,0,0,0,0,0,0,0,0,0,0,0,0,0,0,0,0,0,0,0,0,0,0,0,0,0,0,0,0,0,0,0,0,0,0,0,0,0,0,0,0,0,0,0,0,0,0,0,0,0,0,0,0,0,0,0,0,0,0
6,left,0,0,0,0,0,0,0,0,0,0,0,0,0,0,0,0,0,0,0,0,0,0,0,0,0,0,0,0,0,0,0,0,0,0,0,0,0,0,0,0,0,0,0,0,0,0,0,0,0,0,0,0,0,0,0,0,0,0,0,0,0,0,0
7,right,0.212940514087677,0.9451727271080017,-2.9094155706843594e-07,0.2713913917541504,0.9180465936660767,-0.021235736086964607,0.3259141445159912,0.856900691986084,-0.034067071974277496,0.36324313282966614,0.8149427175521851,-0.04800121486186981,0.39722108840942383,0.7854291200637817,-0.06303898245096207,0.280333012342453,0.7656747698783875,-0.028344806283712387,0.2811928987503052,0.7017633318901062,-0.050492268055677414,0.2805421054363251,0.6618499159812927,-0.06366404891014099,0.28118380904197693,0.6268740892410278,-0.07288288325071335,0.2391296625137329,0.7530112266540527,-0.031044043600559235,0.23400567471981049,0.7873353362083435,-0.0693902000784874,0.23928691446781158,0.8544573783874512,-0.08037017285823822,0.2448485791683197,0.8926346302032471,-0.07919175922870636,0.2010088562965393,0.7643771171569824,-0.035232510417699814,0.19677400588989258,0.8143024444580078,-0.07148417085409164,0.20809924602508545,0.8746239542961121,-0.06832222640514374,0.21937403082847595,0.9036031365394592,-0.056785088032484055,0.16588744521141052,0.7848398685455322,-0.04146192595362663,0.16134658455848694,0.8214255571365356,-0.06546130031347275,0.17506518959999084,0.8720801472663879,-0.06058740243315697,0.18882006406784058,0.8984049558639526,-0.04961089417338371
7,left,0,0,0,0,0,0,0,0,0,0,0,0,0,0,0,0,0,0,0,0,0,0,0,0,0,0,0,0,0,0,0,0,0,0,0,0,0,0,0,0,0,0,0,0,0,0,0,0,0,0,0,0,0,0,0,0,0,0,0,0,0,0,0
8,right,0.2208261340856552,0.865297257900238,-9.330949346519901e-09,0.2746458351612091,0.8462707996368408,-0.028549617156386375,0.32544153928756714,0.7889922261238098,-0.04525379464030266,0.3631519675254822,0.7457253932952881,-0.060756999999284744,0.397372305393219,0.7144922614097595,-0.07654660940170288,0.2928276062011719,0.6981821060180664,-0.03298942372202873,0.29659682512283325,0.6300526857376099,-0.05600016564130783,0.29611924290657043,0.5840154886245728,-0.067842498421669,0.29558175802230835,0.5443465113639832,-0.0764196440577507,0.2528661787509918,0.6845473647117615,-0.031374234706163406,0.2526971101760864,0.7054579257965088,-0.06713562458753586,0.25087741017341614,0.7739930152893066,-0.07260128110647202,0.2499292641878128,0.8012129068374634,-0.06882664561271667,0.21382027864456177,0.6930505633354187,-0.03287122771143913,0.2117338478565216,0.7349283695220947,-0.06670669466257095,0.2173389494419098,0.792855978012085,-0.059354204684495926,0.22290253639221191,0.8080768585205078,-0.047174122184515,0.1775924265384674,0.7116612792015076,-0.03718196600675583,0.17610006034374237,0.7511700987815857,-0.058617003262043,0.18649360537528992,0.7990139126777649,-0.0527215413749218,0.19520044326782227,0.8115304112434387,-0.04297149181365967
8,left,0,0,0,0,0,0,0,0,0,0,0,0,0,0,0,0,0,0,0,0,0,0,0,0,0,0,0,0,0,0,0,0,0,0,0,0,0,0,0,0,0,0,0,0,0,0,0,0,0,0,0,0,0,0,0,0,0,0,0,0,0,0,0
9,right,0.2264479398727417,0.824919581413269,8.65693436935544e-08,0.28096824884414673,0.807796061038971,-0.025519993156194687,0.33332347869873047,0.7538583874702454,-0.040374260395765305,0.37128108739852905,0.71004718542099,-0.054081473499536514,0.4049389958381653,0.6845239400863647,-0.06774745881557465,0.3031286299228668,0.656826376914978,-0.030440138652920723,0.30858325958251953,0.5857805013656616,-0.05149848386645317,0.310651957988739,0.5364576578140259,-0.06188933551311493,0.3108636438846588,0.49444764852523804,-0.06924900412559509,0.2648826241493225,0.6443633437156677,-0.029483316466212273,0.264849990606308,0.6587035059928894,-0.06410407274961472,0.26239868998527527,0.7283586263656616,-0.06739125400781631,0.2612306475639343,0.7558867931365967,-0.06113980710506439,0.2275630235671997,0.652023196220398,-0.031064899638295174,0.22485442459583282,0.6830794215202332,-0.06633587181568146,0.2304714471101761,0.7444985508918762,-0.05655578523874283,0.2360723316669464,0.7637621164321899,-0.041005056351423264,0.1919356882572174,0.6690670251846313,-0.03481023758649826,0.19079449772834778,0.6924033761024475,-0.05902683362364769,0.20043501257896423,0.7433451414108276,-0.051285259425640106,0.20789200067520142,0.7609171271324158,-0.03855624422430992
9,left,0,0,0,0,0,0,0,0,0,0,0,0,0,0,0,0,0,0,0,0,0,0,0,0,0,0,0,0,0,0,0,0,0,0,0,0,0,0,0,0,0,0,0,0,0,0,0,0,0,0,0,0,0,0,0,0,0,0,0,0,0,0,0
10,right,0.23600198328495026,0.7941288352012634,6.26202876219395e-08,0.28926384449005127,0.7789283394813538,-0.02473718300461769,0.3411797285079956,0.7271848917007446,-0.04007335752248764,0.37902379035949707,0.686491072177887,-0.054904837161302567,0.41349345445632935,0.6628573536872864,-0.06944334506988525,0.31292468309402466,0.6314325928688049,-0.028774050995707512,0.32176804542541504,0.5562744140625,-0.049778733402490616,0.3250831961631775,0.5078502297401428,-0.05943357199430466,0.3264242708683014,0.4666188657283783,-0.06628074496984482,0.2751696705818176,0.6217297315597534,-0.02914830856025219,0.2796803116798401,0.6246849894523621,-0.06428634375333786,0.2751493453979492,0.6959529519081116,-0.06689201295375824,0.2716176509857178,0.7213619351387024,-0.06025443971157074,0.2383090853691101,0.6289292573928833,-0.03218647465109825,0.23990106582641602,0.6436900496482849,-0.06828910112380981,0.2423519790172577,0.7092875838279724,-0.05684184283018112,0.24400483071804047,0.7287096977233887,-0.04014782980084419,0.201809823513031,0.6437141299247742,-0.03723865747451782,0.20338964462280273,0.6526401042938232,-0.06062374264001846,0.21126002073287964,0.7016564011573792,-0.05114399641752243,0.21528908610343933,0.7173334360122681,-0.03780006617307663
10,left,0,0,0,0,0,0,0,0,0,0,0,0,0,0,0,0,0,0,0,0,0,0,0,0,0,0,0,0,0,0,0,0,0,0,0,0,0,0,0,0,0,0,0,0,0,0,0,0,0,0,0,0,0,0,0,0,0,0,0,0,0,0,0
11,right,0.2435590922832489,0.7697951793670654,4.681612608692376e-08,0.2947985529899597,0.7589970827102661,-0.025264622643589973,0.3490959107875824,0.7091590762138367,-0.03920998051762581,0.38586166501045227,0.6697826385498047,-0.05225510150194168,0.420560359954834,0.6466972827911377,-0.06496214866638184,0.32206544280052185,0.611129641532898,-0.027093306183815002,0.33432212471961975,0.5346917510032654,-0.04742002859711647,0.339269757270813,0.48762261867523193,-0.05690103396773338,0.3421085476875305,0.44598785042762756,-0.06345546245574951,0.2856137752532959,0.6015355587005615,-0.02629360742866993,0.2900557518005371,0.6002014875411987,-0.06202186271548271,0.2850134074687958,0.6698670983314514,-0.06615034490823746,0.2810792028903961,0.6984349489212036,-0.06010039523243904,0.2500222325325012,0.6063758134841919,-0.028143255040049553,0.24987031519412994,0.6172730326652527,-0.06499411910772324,0.2520037889480591,0.6839354038238525,-0.055327750742435455,0.25407159328460693,0.7063920497894287,-0.03909233957529068,0.21425820887088776,0.617419421672821,-0.03184742107987404,0.21574698388576508,0.6229619383811951,-0.055707696825265884,0.2227247655391693,0.6742439866065979,-0.047076836228370667,0.2270546853542328,0.6929352283477783,-0.03389168158173561
11,left,0,0,0,0,0,0,0,0,0,0,0,0,0,0,0,0,0,0,0,0,0,0,0,0,0,0,0,0,0,0,0,0,0,0,0,0,0,0,0,0,0,0,0,0,0,0,0,0,0,0,0,0,0,0,0,0,0,0,0,0,0,0,0
12,right,0.25121304392814636,0.7567857503890991,-6.388012341318472e-10,0.3023511469364166,0.7475727200508118,-0.023161428049206734,0.355867862701416,0.699222207069397,-0.035969775170087814,0.3926016390323639,0.6614990830421448,-0.04844312742352486,0.4248839318752289,0.6385866403579712,-0.06038864701986313,0.32996103167533875,0.6005553603172302,-0.02591351978480816,0.34273087978363037,0.5238487124443054,-0.04623730480670929,0.3476042151451111,0.4784405529499054,-0.054987914860248566,0.3506363034248352,0.436751127243042,-0.06089426949620247,0.29377642273902893,0.5915107727050781,-0.026103146374225616,0.29969969391822815,0.5906534194946289,-0.06102380156517029,0.2939053475856781,0.6595766544342041,-0.06398478895425797,0.2902083098888397,0.6847642064094543,-0.057530712336301804,0.25840505957603455,0.5971274971961975,-0.028833037242293358,0.2614990770816803,0.6094596982002258,-0.06459102779626846,0.26241394877433777,0.6752068400382996,-0.053367357701063156,0.26407745480537415,0.6953434348106384,-0.03663550689816475,0.2225131094455719,0.6081413626670837,-0.03341216593980789,0.22697263956069946,0.6151053309440613,-0.05597424507141113,0.23422592878341675,0.6648068428039551,-0.046387769281864166,0.23847314715385437,0.6817524433135986,-0.03301634639501572
12,left,0,0,0,0,0,0,0,0,0,0,0,0,0,0,0,0,0,0,0,0,0,0,0,0,0,0,0,0,0,0,0,0,0,0,0,0,0,0,0,0,0,0,0,0,0,0,0,0,0,0,0,0,0,0,0,0,0,0,0,0,0,0,0
13,right,0.257023423910141,0.7488136887550354,-5.716023210311505e-09,0.3074107766151428,0.7380252480506897,-0.023995641618967056,0.36076751351356506,0.6907373070716858,-0.037285901606082916,0.3992276191711426,0.655437171459198,-0.05017927289009094,0.43053266406059265,0.6325120329856873,-0.06241569668054581,0.3341590166091919,0.5961202383041382,-0.02646184153854847,0.3484445810317993,0.5193300843238831,-0.046754419803619385,0.3541567921638489,0.4740307927131653,-0.05575501546263695,0.3573824167251587,0.43235260248184204,-0.06192072108387947,0.29876792430877686,0.5875768065452576,-0.02650669403374195,0.30733081698417664,0.582720935344696,-0.06167300418019295,0.3010964095592499,0.6504505276679993,-0.06538224220275879,0.29657500982284546,0.6764011383056641,-0.05962630733847618,0.2644592523574829,0.5926740169525146,-0.029090046882629395,0.2702099084854126,0.6001036763191223,-0.06500337272882462,0.269634872674942,0.6650862693786621,-0.05438009276986122,0.27018481492996216,0.686407744884491,-0.03812127187848091,0.22999297082424164,0.6027306914329529,-0.033570196479558945,0.23659634590148926,0.603330135345459,-0.05649634450674057,0.24273724853992462,0.652727484703064,-0.04702003672719002,0.2456531524658203,0.6721780300140381,-0.0337974838912487
13,left,0,0,0,0,0,0,0,0,0,0,0,0,0,0,0,0,0,0,0,0,0,0,0,0,0,0,0,0,0,0,0,0,0,0,0,0,0,0,0,0,0,0,0,0,0,0,0,0,0,0,0,0,0,0,0,0,0,0,0,0,0,0,0
14,right,0.258663535118103,0.7445690631866455,2.253665920548542e-09,0.3090652525424957,0.7344458699226379,-0.02529502660036087,0.3614917993545532,0.6882501244544983,-0.03981613740324974,0.40179988741874695,0.6525084972381592,-0.05376589298248291,0.43415671586990356,0.6288962960243225,-0.06697162240743637,0.33791017532348633,0.5936829447746277,-0.028338218107819557,0.35212182998657227,0.5179346799850464,-0.04978666082024574,0.35830187797546387,0.4715951085090637,-0.0593574121594429,0.3614354729652405,0.43000102043151855,-0.06582197546958923,0.30323314666748047,0.5833688378334045,-0.028051814064383507,0.31065675616264343,0.5806310772895813,-0.06327859312295914,0.30354076623916626,0.6477301716804504,-0.0665338784456253,0.29890358448028564,0.6717656850814819,-0.06054088473320007,0.26881173253059387,0.586982011795044,-0.03050927445292473,0.27384141087532043,0.5975938439369202,-0.06601758301258087,0.2728060185909271,0.6608536839485168,-0.054846785962581635,0.2734951674938202,0.6796011924743652,-0.038655802607536316,0.23388777673244476,0.5961236357688904,-0.035175856202840805,0.2399149239063263,0.6045793294906616,-0.057665929198265076,0.24525120854377747,0.6530900597572327,-0.048368874937295914,0.2481648027896881,0.6694203019142151,-0.035524725914001465
14,left,0,0,0,0,0,0,0,0,0,0,0,0,0,0,0,0,0,0,0,0,0,0,0,0,0,0,0,0,0,0,0,0,0,0,0,0,0,0,0,0,0,0,0,0,0,0,0,0,0,0,0,0,0,0,0,0,0,0,0,0,0,0,0
15,right,0.25810518860816956,0.7450045943260193,5.014421655680223e-10,0.30873778462409973,0.7340919375419617,-0.024045215919613838,0.35995155572891235,0.6880398988723755,-0.03792298957705498,0.39930567145347595,0.6522635221481323,-0.0512639582157135,0.43095502257347107,0.6297774314880371,-0.06416458636522293,0.33545982837677,0.5946665406227112,-0.028885522857308388,0.35011059045791626,0.5180414915084839,-0.050630394369363785,0.3570970892906189,0.4708503484725952,-0.06134197488427162,0.36007899045944214,0.4297086000442505,-0.06876394897699356,0.3012891411781311,0.5850763916969299,-0.029256174340844154,0.30972012877464294,0.5781603455543518,-0.06613772362470627,0.3030346632003784,0.6458064913749695,-0.07090562582015991,0.29695427417755127,0.6760421991348267,-0.06554914265871048,0.2672590911388397,0.5891345739364624,-0.03200490027666092,0.271645724773407,0.5979615449905396,-0.06790536642074585,0.2715173065662384,0.6603323221206665,-0.05766581371426582,0.2711470127105713,0.6832967400550842,-0.041867490857839584,0.23277972638607025,0.5987865924835205,-0.03685511648654938,0.2382204830646515,0.6074803471565247,-0.059617795050144196,0.24422714114189148,0.6561483144760132,-0.05076103284955025,0.24652370810508728,0.6745555996894836,-0.038127411156892776
15,left,0,0,0,0,0,0,0,0,0,0,0,0,0,0,0,0,0,0,0,0,0,0,0,0,0,0,0,0,0,0,0,0,0,0,0,0,0,0,0,0,0,0,0,0,0,0,0,0,0,0,0,0,0,0,0,0,0,0,0,0,0,0,0
16,right,0.25716632604599,0.746681809425354,-1.3298619094825881e-08,0.3076769709587097,0.7360164523124695,-0.02338111400604248,0.3595776855945587,0.6888041496276855,-0.03673596307635307,0.398843914270401,0.6528152823448181,-0.049597516655921936,0.43030306696891785,0.6317287683486938,-0.06201162561774254,0.33455273509025574,0.5962099432945251,-0.0286692064255476,0.3488374948501587,0.5196526646614075,-0.05012751370668411,0.3553018271923065,0.4729546308517456,-0.060475196689367294,0.3580992817878723,0.4314800500869751,-0.06774330884218216,0.3001691997051239,0.5859830379486084,-0.02902936562895775,0.30812883377075195,0.5819782018661499,-0.06452147662639618,0.30119580030441284,0.6495862007141113,-0.06822121888399124,0.29517531394958496,0.6765552759170532,-0.06269282847642899,0.265962153673172,0.5900983214378357,-0.031763285398483276,0.2698042690753937,0.6002205610275269,-0.06650672852993011,0.26991549134254456,0.6623609662055969,-0.055520568042993546,0.2698589861392975,0.6832799911499023,-0.03985409811139107,0.23117399215698242,0.5998286008834839,-0.03659149259328842,0.23590171337127686,0.6098095178604126,-0.05872567370533943,0.2424124777317047,0.6585736870765686,-0.049557555466890335,0.24531152844429016,0.6762523651123047,-0.03701154142618179
16,left,0,0,0,0,0,0,0,0,0,0,0,0,0,0,0,0,0,0,0,0,0,0,0,0,0,0,0,0,0,0,0,0,0,0,0,0,0,0,0,0,0,0,0,0,0,0,0,0,0,0,0,0,0,0,0,0,0,0,0,0,0,0,0
17,right,0.25597715377807617,0.7472875118255615,-1.2200338517232012e-08,0.30687904357910156,0.7363845109939575,-0.02380148321390152,0.3597003221511841,0.6890677213668823,-0.03736047446727753,0.3993071913719177,0.6531482934951782,-0.05035872757434845,0.43098580837249756,0.6310182213783264,-0.06301633268594742,0.3336361348628998,0.59809410572052,-0.028234736993908882,0.3481387197971344,0.520938515663147,-0.049457475543022156,0.35461193323135376,0.4743806719779968,-0.059736303985118866,0.35722285509109497,0.43287378549575806,-0.06700681149959564,0.2990247309207916,0.5899351239204407,-0.02889629825949669,0.30820685625076294,0.5811710357666016,-0.06536338478326797,0.300889790058136,0.6498278379440308,-0.06992781907320023,0.29422861337661743,0.6783151030540466,-0.0645960122346878,0.2649134397506714,0.594943642616272,-0.03188011422753334,0.2700459063053131,0.5980702042579651,-0.06786170601844788,0.2693040370941162,0.6623725891113281,-0.05679313838481903,0.2685626745223999,0.6848406195640564,-0.040549229830503464,0.23023337125778198,0.6051602363586426,-0.03682205080986023,0.2358275055885315,0.607844352722168,-0.05984105169773102,0.24140918254852295,0.6577478051185608,-0.04988916590809822,0.2433716207742691,0.6766384840011597,-0.03650309890508652
17,left,0,0,0,0,0,0,0,0,0,0,0,0,0,0,0,0,0,0,0,0,0,0,0,0,0,0,0,0,0,0,0,0,0,0,0,0,0,0,0,0,0,0,0,0,0,0,0,0,0,0,0,0,0,0,0,0,0,0,0,0,0,0,0
18,right,0.2566126883029938,0.7478080987930298,6.550024966855972e-09,0.3070814907550812,0.7370626926422119,-0.024554897099733353,0.35827359557151794,0.6908097267150879,-0.0386057123541832,0.397250771522522,0.6543892621994019,-0.051984578371047974,0.42880237102508545,0.6317628622055054,-0.06492310017347336,0.33338814973831177,0.5974841713905334,-0.029397988691926003,0.3475619852542877,0.5206003189086914,-0.051534898579120636,0.3544955253601074,0.47338032722473145,-0.06257538497447968,0.35743406414985657,0.43197059631347656,-0.07021694630384445,0.29890742897987366,0.5883897542953491,-0.0296273622661829,0.30743610858917236,0.5808185338973999,-0.06685549765825272,0.30086782574653625,0.6488933563232422,-0.07173973321914673,0.2945914566516876,0.679312527179718,-0.06639933586120605,0.2646980881690979,0.5930120348930359,-0.032282259315252304,0.26886242628097534,0.6010010242462158,-0.06852938234806061,0.269098699092865,0.6639864444732666,-0.058207593858242035,0.2688096761703491,0.686976969242096,-0.042330410331487656,0.2301773577928543,0.6032673716545105,-0.037044018507003784,0.23499086499214172,0.611896812915802,-0.06007181853055954,0.2414674311876297,0.6609501838684082,-0.051114581525325775,0.24417728185653687,0.6791099309921265,-0.03838981315493584
18,left,0,0,0,0,0,0,0,0,0,0,0,0,0,0,0,0,0,0,0,0,0,0,0,0,0,0,0,0,0,0,0,0,0,0,0,0,0,0,0,0,0,0,0,0,0,0,0,0,0,0,0,0,0,0,0,0,0,0,0,0,0,0,0
19,right,0.25624018907546997,0.7497715950012207,-1.920818526457424e-08,0.307094931602478,0.7392823100090027,-0.02405649609863758,0.35875776410102844,0.6918548941612244,-0.03732369840145111,0.3982622027397156,0.6557571291923523,-0.049985121935606,0.43049708008766174,0.6347216367721558,-0.06213822588324547,0.33473047614097595,0.599856972694397,-0.028600521385669708,0.34842872619628906,0.5236448645591736,-0.04994818940758705,0.35434067249298096,0.47746574878692627,-0.05992880463600159,0.35722649097442627,0.4364112615585327,-0.06691176444292068,0.30080747604370117,0.5889156460762024,-0.02851863205432892,0.30678898096084595,0.5856603384017944,-0.06430047750473022,0.2991889417171478,0.6525402665138245,-0.06805653870105743,0.2938010096549988,0.680164098739624,-0.0622992180287838,0.26642075181007385,0.5921205878257751,-0.030984481796622276,0.2682963013648987,0.6051264405250549,-0.0657874345779419,0.26776090264320374,0.6662943363189697,-0.05548752844333649,0.2687734365463257,0.6863872408866882,-0.040121834725141525,0.23128607869148254,0.6007902026176453,-0.03562868759036064,0.23419246077537537,0.6139193177223206,-0.0574202761054039,0.24003981053829193,0.6619356274604797,-0.0489896684885025,0.2439311295747757,0.6784032583236694,-0.037006914615631104
19,left,0,0,0,0,0,0,0,0,0,0,0,0,0,0,0,0,0,0,0,0,0,0,0,0,0,0,0,0,0,0,0,0,0,0,0,0,0,0,0,0,0,0,0,0,0,0,0,0,0,0,0,0,0,0,0,0,0,0,0,0,0,0,0
20,right,0.25559741258621216,0.7504529356956482,-1.1849212278036703e-08,0.30571603775024414,0.7403867244720459,-0.024184398353099823,0.3582386076450348,0.6931614875793457,-0.03774770349264145,0.3978371024131775,0.6557462811470032,-0.0505974180996418,0.43039894104003906,0.6343902945518494,-0.06288690865039825,0.33359217643737793,0.5999608635902405,-0.02884490415453911,0.3474603295326233,0.5235810279846191,-0.050055328756570816,0.354079008102417,0.47705012559890747,-0.059954505413770676,0.3571079671382904,0.43518924713134766,-0.06697738170623779,0.29933425784111023,0.5896175503730774,-0.028890585526823997,0.3066346049308777,0.5864196419715881,-0.06421788036823273,0.2997142970561981,0.6545450687408447,-0.06759504973888397,0.2942446768283844,0.681188702583313,-0.061779849231243134,0.2651731073856354,0.5934015512466431,-0.03144317492842674,0.26844900846481323,0.6055840849876404,-0.06647039949893951,0.2683321237564087,0.6682507991790771,-0.05557280778884888,0.2689379155635834,0.6882109045982361,-0.039897993206977844,0.23025727272033691,0.6025454998016357,-0.036143552511930466,0.23447662591934204,0.614450216293335,-0.05855943635106087,0.24044783413410187,0.6643872261047363,-0.049666546285152435,0.24374312162399292,0.6817750930786133,-0.037312060594558716
20,left,0,0,0,0,0,0,0,0,0,0,0,0,0,0,0,0,0,0,0,0,0,0,0,0,0,0,0,0,0,0,0,0,0,0,0,0,0,0,0,0,0,0,0,0,0,0,0,0,0,0,0,0,0,0,0,0,0,0,0,0,0,0,0
21,right,0.2567004859447479,0.7514356374740601,-1.4576685636313869e-08,0.3066987097263336,0.7411478161811829,-0.023930946364998817,0.3587305545806885,0.6933705806732178,-0.03719300776720047,0.39780983328819275,0.6556944847106934,-0.04995878413319588,0.4297337532043457,0.6339219808578491,-0.06222183257341385,0.33392414450645447,0.6009082794189453,-0.028381744399666786,0.3478184938430786,0.5237123370170593,-0.050233010202646255,0.3542100191116333,0.47732195258140564,-0.06060723960399628,0.35716453194618225,0.43553102016448975,-0.06780669838190079,0.2997167706489563,0.5914680361747742,-0.028646282851696014,0.3063305914402008,0.5859026312828064,-0.06540632247924805,0.2993922233581543,0.6539912819862366,-0.0695132315158844,0.2943045496940613,0.6820621490478516,-0.06380737572908401,0.2656188905239105,0.5954976081848145,-0.031427428126335144,0.2678524851799011,0.6041409969329834,-0.06762180477380753,0.2682088315486908,0.6677858233451843,-0.056942712515592575,0.2695617079734802,0.6902804374694824,-0.04092266038060188,0.2308066487312317,0.6049359440803528,-0.036302752792835236,0.23399458825588226,0.6143445372581482,-0.05953459069132805,0.24051442742347717,0.6639529466629028,-0.05088033899664879,0.24466156959533691,0.6823957562446594,-0.038365356624126434
21,left,0,0,0,0,0,0,0,0,0,0,0,0,0,0,0,0,0,0,0,0,0,0,0,0,0,0,0,0,0,0,0,0,0,0,0,0,0,0,0,0,0,0,0,0,0,0,0,0,0,0,0,0,0,0,0,0,0,0,0,0,0,0,0
22,right,0.25745531916618347,0.7512166500091553,-1.7123134909979854e-08,0.30790165066719055,0.7410708665847778,-0.024375924840569496,0.35971158742904663,0.6942181587219238,-0.03821711614727974,0.3990417718887329,0.6571303606033325,-0.05149805173277855,0.4314894676208496,0.6344236731529236,-0.06416836380958557,0.3355371356010437,0.6007646918296814,-0.028646305203437805,0.349214643239975,0.524873673915863,-0.05009832978248596,0.35572534799575806,0.4793396294116974,-0.05992539972066879,0.3590186536312103,0.4386393427848816,-0.0666925385594368,0.3015090227127075,0.5901069045066833,-0.028576141223311424,0.3079818785190582,0.5881908535957336,-0.06393840163946152,0.3007127642631531,0.6549915075302124,-0.06731931865215302,0.29547426104545593,0.6804744005203247,-0.06143438071012497,0.2674054503440857,0.5938199758529663,-0.031100763007998466,0.2700072228908539,0.607103705406189,-0.0663837194442749,0.2695615589618683,0.6692155003547668,-0.05578138679265976,0.270481675863266,0.6889652013778687,-0.04011252149939537,0.232559472322464,0.6028523445129395,-0.03577994555234909,0.2361636757850647,0.6153981685638428,-0.05846414715051651,0.2422250509262085,0.6644532680511475,-0.04991481825709343,0.24599461257457733,0.681470513343811,-0.03762424737215042
22,left,0,0,0,0,0,0,0,0,0,0,0,0,0,0,0,0,0,0,0,0,0,0,0,0,0,0,0,0,0,0,0,0,0,0,0,0,0,0,0,0,0,0,0,0,0,0,0,0,0,0,0,0,0,0,0,0,0,0,0,0,0,0,0
23,right,0.25715649127960205,0.7522715330123901,-2.4381366259262904e-08,0.3076172173023224,0.7421877980232239,-0.02350705862045288,0.35962700843811035,0.6945083141326904,-0.03663158416748047,0.3992595672607422,0.6570628881454468,-0.04926392436027527,0.43163734674453735,0.6354056596755981,-0.061288777738809586,0.3363616466522217,0.600851833820343,-0.02801245078444481,0.35016870498657227,0.5260090827941895,-0.04917800426483154,0.3563665747642517,0.4802860617637634,-0.05884518474340439,0.3594250977039337,0.4390184283256531,-0.06564055383205414,0.3024561107158661,0.5889132022857666,-0.028165016323328018,0.3090057075023651,0.5899147987365723,-0.06287777423858643,0.30149656534194946,0.6571469306945801,-0.06589511781930923,0.29626184701919556,0.6824231147766113,-0.05990951880812645,0.268263578414917,0.5922097563743591,-0.030869677662849426,0.270815372467041,0.6101313233375549,-0.06512773782014847,0.2700600326061249,0.6712852120399475,-0.05440890043973923,0.2710516154766083,0.6897668838500977,-0.03900549188256264,0.23333947360515594,0.6011817455291748,-0.03576149418950081,0.23712046444416046,0.6183343529701233,-0.05741821974515915,0.24279335141181946,0.6667052507400513,-0.04895493760704994,0.2466428279876709,0.6822822690010071,-0.03699742630124092
23,left,0,0,0,0,0,0,0,0,0,0,0,0,0,0,0,0,0,0,0,0,0,0,0,0,0,0,0,0,0,0,0,0,0,0,0,0,0,0,0,0,0,0,0,0,0,0,0,0,0,0,0,0,0,0,0,0,0,0,0,0,0,0,0
24,right,0.2572345733642578,0.7521289587020874,-1.514559144766281e-08,0.3077818751335144,0.7426342964172363,-0.0243503600358963,0.3600093126296997,0.6954124569892883,-0.037875059992074966,0.39921534061431885,0.6577213406562805,-0.05073678866028786,0.43178805708885193,0.6361228823661804,-0.06289375573396683,0.3360663950443268,0.6013385653495789,-0.028574857860803604,0.3500535786151886,0.5259774327278137,-0.05032266676425934,0.3567289113998413,0.4800962805747986,-0.06013660132884979,0.3602677285671234,0.43856024742126465,-0.06691918522119522,0.30163004994392395,0.5902865529060364,-0.028527040034532547,0.3088383674621582,0.588779628276825,-0.06454773247241974,0.30136623978614807,0.6570547223091125,-0.06788289546966553,0.2961769104003906,0.6830491423606873,-0.06172722205519676,0.26722046732902527,0.593998372554779,-0.031101198866963387,0.2704610824584961,0.6089686155319214,-0.06687819212675095,0.2701224684715271,0.6715161204338074,-0.05616658180952072,0.2712685465812683,0.6905900239944458,-0.04029659926891327,0.23220497369766235,0.6032047867774963,-0.03583744540810585,0.23629224300384521,0.6184673309326172,-0.058726027607917786,0.24249882996082306,0.6679249405860901,-0.05035683512687683,0.24640139937400818,0.6839388608932495,-0.03818260133266449
24,left,0,0,0,0,0,0,0,0,0,0,0,0,0,0,0,0,0,0,0,0,0,0,0,0,0,0,0,0,0,0,0,0,0,0,0,0,0,0,0,0,0,0,0,0,0,0,0,0,0,0,0,0,0,0,0,0,0,0,0,0,0,0,0
25,right,0.2573952376842499,0.7518568634986877,-1.6154602988649458e-08,0.30752018094062805,0.7426525950431824,-0.02445225603878498,0.3596930205821991,0.6956921815872192,-0.03811740130186081,0.3995751440525055,0.6575166583061218,-0.05114184319972992,0.4321601688861847,0.6351818442344666,-0.06350529938936234,0.3363998234272003,0.6010317802429199,-0.028943585231900215,0.3501049280166626,0.5254778861999512,-0.050513409078121185,0.35667186975479126,0.47942256927490234,-0.06030837818980217,0.36013489961624146,0.43790990114212036,-0.06713815778493881,0.3025253713130951,0.5892361402511597,-0.02875041589140892,0.3084726631641388,0.5893697142601013,-0.06385859102010727,0.3011553883552551,0.6560184359550476,-0.06682965904474258,0.2964963912963867,0.6808499693870544,-0.06072729825973511,0.26845765113830566,0.5925342440605164,-0.031234318390488625,0.2703751027584076,0.6099152565002441,-0.06590468436479568,0.27004146575927734,0.6706167459487915,-0.055271610617637634,0.2717941105365753,0.6888285279273987,-0.03985638916492462,0.23373118042945862,0.6016241312026978,-0.03600170090794563,0.23665282130241394,0.6191393136978149,-0.058129556477069855,0.24268439412117004,0.6673515439033508,-0.05001791566610336,0.24724479019641876,0.6828746795654297,-0.03823940455913544
25,left,0,0,0,0,0,0,0,0,0,0,0,0,0,0,0,0,0,0,0,0,0,0,0,0,0,0,0,0,0,0,0,0,0,0,0,0,0,0,0,0,0,0,0,0,0,0,0,0,0,0,0,0,0,0,0,0,0,0,0,0,0,0,0
26,right,0.2591864764690399,0.7524474859237671,-1.8399376244815357e-08,0.30959001183509827,0.7422766089439392,-0.023360274732112885,0.36107510328292847,0.6950082182884216,-0.036562953144311905,0.4001975357532501,0.6573895215988159,-0.04939777031540871,0.43215906620025635,0.6353139877319336,-0.06164582818746567,0.3374592065811157,0.5999701023101807,-0.027899540960788727,0.35139477252960205,0.5254314541816711,-0.04950162023305893,0.3582414388656616,0.47956928610801697,-0.05972801893949509,0.36189737915992737,0.4384303390979767,-0.06683027744293213,0.30336400866508484,0.5880039930343628,-0.02822067216038704,0.31060507893562317,0.5900745987892151,-0.06349758803844452,0.30352917313575745,0.6567976474761963,-0.0671447217464447,0.29802072048187256,0.6821587085723877,-0.06145605817437172,0.26920947432518005,0.591651201248169,-0.0310644693672657,0.27226635813713074,0.6098571419715881,-0.06557857245206833,0.2718672752380371,0.6705275177955627,-0.05520130321383476,0.2725934684276581,0.6890116333961487,-0.03989239037036896,0.2345961034297943,0.6011649370193481,-0.036098141223192215,0.23841102421283722,0.618769109249115,-0.05771872028708458,0.2443726658821106,0.6660173535346985,-0.049375906586647034,0.2480112463235855,0.6810232400894165,-0.037435345351696014
26,left,0,0,0,0,0,0,0,0,0,0,0,0,0,0,0,0,0,0,0,0,0,0,0,0,0,0,0,0,0,0,0,0,0,0,0,0,0,0,0,0,0,0,0,0,0,0,0,0,0,0,0,0,0,0,0,0,0,0,0,0,0,0,0
27,right,0.2587182819843292,0.7533756494522095,-2.1892686774549475e-08,0.30903956294059753,0.7432951331138611,-0.023368196561932564,0.36096489429473877,0.6957305669784546,-0.03630184382200241,0.4002360701560974,0.6582447290420532,-0.04876619204878807,0.4321718215942383,0.6364620327949524,-0.06063814088702202,0.3370397686958313,0.6018052697181702,-0.027987925335764885,0.35097524523735046,0.5261829495429993,-0.04934955760836601,0.3577216863632202,0.48052000999450684,-0.05920879542827606,0.36147791147232056,0.4394075870513916,-0.06606555730104446,0.30326247215270996,0.5899661183357239,-0.028117861598730087,0.3097037672996521,0.5904104113578796,-0.0633634701371193,0.3023931384086609,0.6574189066886902,-0.06674950569868088,0.297230064868927,0.6835920214653015,-0.060845594853162766,0.26912781596183777,0.5932084918022156,-0.03075977973639965,0.2712976336479187,0.6109641194343567,-0.06546702235937119,0.27099859714508057,0.6719872355461121,-0.05521133914589882,0.2721603512763977,0.6912529468536377,-0.03993842750787735,0.2343638837337494,0.6021792888641357,-0.035552624613046646,0.23775024712085724,0.6199374794960022,-0.057649966329336166,0.24393311142921448,0.6685745716094971,-0.049597520381212234,0.2480490505695343,0.6848415732383728,-0.03777965158224106
27,left,0,0,0,0,0,0,0,0,0,0,0,0,0,0,0,0,0,0,0,0,0,0,0,0,0,0,0,0,0,0,0,0,0,0,0,0,0,0,0,0,0,0,0,0,0,0,0,0,0,0,0,0,0,0,0,0,0,0,0,0,0,0,0
28,right,0.25818777084350586,0.7551110982894897,-1.9681387186665233e-08,0.3086857199668884,0.745337724685669,-0.023273924365639687,0.3607104420661926,0.6970897912979126,-0.036247700452804565,0.3993799686431885,0.6590418815612793,-0.04869949817657471,0.43146568536758423,0.6385393142700195,-0.0606071799993515,0.3362015187740326,0.6040472984313965,-0.02798687294125557,0.3504425585269928,0.5273135900497437,-0.049055907875299454,0.357217937707901,0.48140275478363037,-0.05865684151649475,0.36074280738830566,0.4401281476020813,-0.0654960572719574,0.301825612783432,0.5935362577438354,-0.02832046151161194,0.30973532795906067,0.5913992524147034,-0.06349939107894897,0.3023265600204468,0.6596226096153259,-0.06663868576288223,0.29677891731262207,0.6852995157241821,-0.06078289821743965,0.26735955476760864,0.5976299047470093,-0.031103957444429398,0.27153295278549194,0.6101920008659363,-0.06630179286003113,0.27110084891319275,0.6727020144462585,-0.05541578680276871,0.2716980576515198,0.6919426918029785,-0.039802443236112595,0.23204897344112396,0.6070756316184998,-0.03592759743332863,0.2370918095111847,0.6195647120475769,-0.058828409761190414,0.24359717965126038,0.6696946620941162,-0.05020921677350998,0.24729150533676147,0.6867138147354126,-0.038020387291908264
28,left,0,0,0,0,0,0,0,0,0,0,0,0,0,0,0,0,0,0,0,0,0,0,0,0,0,0,0,0,0,0,0,0,0,0,0,0,0,0,0,0,0,0,0,0,0,0,0,0,0,0,0,0,0,0,0,0,0,0,0,0,0,0,0
29,right,0.259520947933197,0.7559930086135864,-2.244061114708984e-08,0.3103703558444977,0.745969831943512,-0.022980744019150734,0.3620425760746002,0.6979326009750366,-0.03626132011413574,0.40066853165626526,0.6599722504615784,-0.049245331436395645,0.4336666464805603,0.6398674249649048,-0.06150301545858383,0.3380626440048218,0.604041337966919,-0.02773904986679554,0.35244062542915344,0.5291230082511902,-0.049517519772052765,0.35925474762916565,0.4834100902080536,-0.05905202403664589,0.36280739307403564,0.44182488322257996,-0.06574662774801254,0.30346593260765076,0.5919095873832703,-0.02847844921052456,0.3112924098968506,0.5926167368888855,-0.06333550810813904,0.3037016689777374,0.6607182025909424,-0.06546793133020401,0.2983556091785431,0.6838371157646179,-0.05896243825554848,0.268982470035553,0.5955780744552612,-0.03186953812837601,0.2732507884502411,0.6143763661384583,-0.06661875545978546,0.2721374034881592,0.6757285594940186,-0.05496340990066528,0.2728430926799774,0.691392183303833,-0.03900934383273125,0.2338528335094452,0.605027437210083,-0.03741057217121124,0.2383919656276703,0.6222066879272461,-0.05924413353204727,0.24419614672660828,0.6704243421554565,-0.050232864916324615,0.24790170788764954,0.6841930150985718,-0.03802967444062233
29,left,0,0,0,0,0,0,0,0,0,0,0,0,0,0,0,0,0,0,0,0,0,0,0,0,0,0,0,0,0,0,0,0,0,0,0,0,0,0,0,0,0,0,0,0,0,0,0,0,0,0,0,0,0,0,0,0,0,0,0,0,0,0,0
30,right,0.25925660133361816,0.7555922865867615,-2.7248821865555328e-08,0.30994752049446106,0.7465406656265259,-0.023111429065465927,0.3619674742221832,0.6983047723770142,-0.036194637417793274,0.40088945627212524,0.6590378880500793,-0.04889838770031929,0.4338005781173706,0.6385668516159058,-0.06093911454081535,0.33875566720962524,0.6034127473831177,-0.028338953852653503,0.3524360656738281,0.528358519077301,-0.05011240392923355,0.35889801383018494,0.4825342893600464,-0.060053907334804535,0.3622868061065674,0.4413527250289917,-0.0669952929019928,0.304268479347229,0.5907991528511047,-0.028815047815442085,0.3115803301334381,0.5934635400772095,-0.06407756358385086,0.3044145703315735,0.6603173017501831,-0.06700465083122253,0.29897385835647583,0.6852421760559082,-0.06092214584350586,0.2697090208530426,0.5942695140838623,-0.031820863485336304,0.273759126663208,0.61488938331604,-0.06645344942808151,0.2729952037334442,0.6760352253913879,-0.05549895390868187,0.27346155047416687,0.6943955421447754,-0.039900075644254684,0.23452091217041016,0.6039632558822632,-0.037032242864370346,0.23932141065597534,0.6236760020256042,-0.05888311564922333,0.24516615271568298,0.6714962124824524,-0.05057042837142944,0.24886244535446167,0.6860237121582031,-0.038709189742803574
30,left,0,0,0,0,0,0,0,0,0,0,0,0,0,0,0,0,0,0,0,0,0,0,0,0,0,0,0,0,0,0,0,0,0,0,0,0,0,0,0,0,0,0,0,0,0,0,0,0,0,0,0,0,0,0,0,0,0,0,0,0,0,0,0
31,right,0.26037970185279846,0.7557374835014343,-2.7500536958768862e-08,0.31087028980255127,0.7464067935943604,-0.02304689958691597,0.3621827960014343,0.6980622410774231,-0.035848427563905716,0.4006217420101166,0.659065306186676,-0.0482986718416214,0.4340370297431946,0.6397231221199036,-0.06007752940058708,0.3391885757446289,0.6030417680740356,-0.02748262509703636,0.35322505235671997,0.528613269329071,-0.04882318526506424,0.35998815298080444,0.4830518960952759,-0.05856965854763985,0.36384761333465576,0.44193869829177856,-0.06546053290367126,0.30511537194252014,0.5902440547943115,-0.027772853150963783,0.3118746280670166,0.5938599705696106,-0.06206309422850609,0.3045811951160431,0.6599127650260925,-0.06477707624435425,0.2997243404388428,0.6833844184875488,-0.058833785355091095,0.27078452706336975,0.5933406352996826,-0.030670491978526115,0.2741052806377411,0.6142821311950684,-0.06464210152626038,0.27297449111938477,0.6740124225616455,-0.053990330547094345,0.2740715444087982,0.6902934312820435,-0.03886546194553375,0.23575755953788757,0.6024641990661621,-0.035792313516139984,0.23983323574066162,0.6220988035202026,-0.05725407972931862,0.24540334939956665,0.6694419980049133,-0.049165450036525726,0.24946001172065735,0.6835103034973145,-0.037636514753103256
31,left,0,0,0,0,0,0,0,0,0,0,0,0,0,0,0,0,0,0,0,0,0,0,0,0,0,0,0,0,0,0,0,0,0,0,0,0,0,0,0,0,0,0,0,0,0,0,0,0,0,0,0,0,0,0,0,0,0,0,0,0,0,0,0
32,right,0.25970929861068726,0.753953754901886,-2.629469086912195e-08,0.31009575724601746,0.7448670268058777,-0.02297423593699932,0.36244872212409973,0.6965212821960449,-0.03550761938095093,0.40154290199279785,0.6577953696250916,-0.04769251495599747,0.4347124695777893,0.6376020908355713,-0.059238504618406296,0.33916154503822327,0.601421594619751,-0.0271145086735487,0.35327115654945374,0.5266079902648926,-0.04803008958697319,0.35996243357658386,0.4811713397502899,-0.057539261877536774,0.36415091156959534,0.4400334358215332,-0.06418658792972565,0.30509668588638306,0.5891532897949219,-0.02736428566277027,0.3116445541381836,0.5911335945129395,-0.0623386986553669,0.30425825715065,0.6569708585739136,-0.0657702386379242,0.29937300086021423,0.6829717755317688,-0.05996374040842056,0.2709515690803528,0.5921700596809387,-0.030112355947494507,0.27396687865257263,0.6121527552604675,-0.06469075381755829,0.27274709939956665,0.6727890372276306,-0.054654356092214584,0.2739616930484772,0.691810131072998,-0.039502404630184174,0.236334890127182,0.6011006236076355,-0.03499426692724228,0.24066849052906036,0.6187039613723755,-0.056707389652729034,0.24564850330352783,0.6669225692749023,-0.04876265302300453,0.24949964880943298,0.6829290986061096,-0.037105269730091095
32,left,0,0,0,0,0,0,0,0,0,0,0,0,0,0,0,0,0,0,0,0,0,0,0,0,0,0,0,0,0,0,0,0,0,0,0,0,0,0,0,0,0,0,0,0,0,0,0,0,0,0,0,0,0,0,0,0,0,0,0,0,0,0,0
33,right,0.2599228024482727,0.7527068853378296,-2.5378977142054282e-08,0.3108137845993042,0.7433315515518188,-0.023359963670372963,0.3627985119819641,0.6958691477775574,-0.03612851724028587,0.4019138813018799,0.6575332283973694,-0.04838206246495247,0.4343324303627014,0.6354886889457703,-0.06005273014307022,0.33973217010498047,0.601085901260376,-0.028300782665610313,0.354385644197464,0.5261426568031311,-0.04967564344406128,0.3614303469657898,0.4802916944026947,-0.06001067906618118,0.3654124438762665,0.43914103507995605,-0.06726959347724915,0.3056354820728302,0.5884516835212708,-0.028508789837360382,0.3132750689983368,0.5901381373405457,-0.0643833801150322,0.30589717626571655,0.6555588245391846,-0.0689881294965744,0.2998889684677124,0.6828333139419556,-0.0639290139079094,0.27127447724342346,0.5915573239326477,-0.031051993370056152,0.27531516551971436,0.6103253960609436,-0.06590485572814941,0.2741885185241699,0.6705313920974731,-0.05631929263472557,0.27435365319252014,0.6906397938728333,-0.04141070693731308,0.2363722026348114,0.6007671356201172,-0.035737890750169754,0.2410641610622406,0.6185985207557678,-0.05776309221982956,0.2466888278722763,0.6661156415939331,-0.04996908828616142,0.2502405345439911,0.6821208596229553,-0.0383014976978302
33,left,0,0,0,0,0,0,0,0,0,0,0,0,0,0,0,0,0,0,0,0,0,0,0,0,0,0,0,0,0,0,0,0,0,0,0,0,0,0,0,0,0,0,0,0,0,0,0,0,0,0,0,0,0,0,0,0,0,0,0,0,0,0,0
34,right,0.2611667513847351,0.752295196056366,-1.381939895850337e-08,0.3112116754055023,0.7422429323196411,-0.023726509883999825,0.362235426902771,0.6959068179130554,-0.037669532001018524,0.4016302824020386,0.6577963829040527,-0.051188282668590546,0.43439242243766785,0.6355475783348083,-0.06400018185377121,0.3402223587036133,0.6001320481300354,-0.029151326045393944,0.35461774468421936,0.5257982611656189,-0.051149461418390274,0.36181145906448364,0.47951602935791016,-0.06123016029596329,0.365719735622406,0.4384932518005371,-0.0682307556271553,0.3057495653629303,0.5869797468185425,-0.029517685994505882,0.31271472573280334,0.5899562835693359,-0.06491601467132568,0.3050411343574524,0.6563813090324402,-0.06806739419698715,0.29963693022727966,0.6813375949859619,-0.062191594392061234,0.2711356282234192,0.590186357498169,-0.03242494910955429,0.2748660743236542,0.6110253930091858,-0.06706219166517258,0.27384012937545776,0.6708971261978149,-0.05625410005450249,0.2744525372982025,0.6884772181510925,-0.04085541144013405,0.23602694272994995,0.5998093485832214,-0.03760550916194916,0.24022141098976135,0.6201667785644531,-0.05951074883341789,0.24615761637687683,0.667646586894989,-0.05131910741329193,0.25006502866744995,0.6819391250610352,-0.03958131745457649
34,left,0,0,0,0,0,0,0,0,0,0,0,0,0,0,0,0,0,0,0,0,0,0,0,0,0,0,0,0,0,0,0,0,0,0,0,0,0,0,0,0,0,0,0,0,0,0,0,0,0,0,0,0,0,0,0,0,0,0,0,0,0,0,0
35,right,0.2604202330112457,0.7512394189834595,-1.9958038777190268e-08,0.3109172284603119,0.7417377829551697,-0.02393057569861412,0.3625630736351013,0.6949356198310852,-0.03740684315562248,0.4012584090232849,0.6570265889167786,-0.05031447485089302,0.4334549009799957,0.6350428462028503,-0.06248382106423378,0.3396436870098114,0.5998126268386841,-0.028636932373046875,0.353939950466156,0.5251140594482422,-0.050451718270778656,0.361309289932251,0.4794658422470093,-0.06052016466856003,0.36547455191612244,0.4385753273963928,-0.06750431656837463,0.3056391477584839,0.5871223211288452,-0.02873959019780159,0.312825083732605,0.5890123248100281,-0.06427835673093796,0.3052029013633728,0.6559566259384155,-0.06749596446752548,0.2998546063899994,0.6816479563713074,-0.06145466864109039,0.27158796787261963,0.5901362299919128,-0.03146316856145859,0.2747070789337158,0.6104317903518677,-0.06640972197055817,0.27356037497520447,0.6708728075027466,-0.055925849825143814,0.2746540307998657,0.6888012290000916,-0.04048686474561691,0.23712250590324402,0.5992203950881958,-0.036433398723602295,0.2408292293548584,0.6184143424034119,-0.05862930044531822,0.24621552228927612,0.6663978695869446,-0.050562452524900436,0.250390887260437,0.6812973618507385,-0.03876181319355965
35,left,0,0,0,0,0,0,0,0,0,0,0,0,0,0,0,0,0,0,0,0,0,0,0,0,0,0,0,0,0,0,0,0,0,0,0,0,0,0,0,0,0,0,0,0,0,0,0,0,0,0,0,0,0,0,0,0,0,0,0,0,0,0,0
36,right,0.26017892360687256,0.751189649105072,-1.3727104786198652e-08,0.3106840252876282,0.7408052682876587,-0.0240620244294405,0.36241981387138367,0.6938102841377258,-0.037850916385650635,0.40178370475769043,0.6558507680892944,-0.05113501846790314,0.4340246915817261,0.632938027381897,-0.06370625644922256,0.3393222689628601,0.5987918972969055,-0.02835628017783165,0.35411715507507324,0.5240987539291382,-0.049883197993040085,0.3613734543323517,0.4779282212257385,-0.05973991006612778,0.3651852607727051,0.4363066852092743,-0.06659668684005737,0.30504077672958374,0.5872387886047363,-0.028617635369300842,0.312863826751709,0.5879614353179932,-0.06368719041347504,0.3052544593811035,0.655268669128418,-0.0667891651391983,0.2996050715446472,0.679486095905304,-0.06086789071559906,0.27073246240615845,0.5909402966499329,-0.03147922828793526,0.2752033770084381,0.6066542863845825,-0.06645383685827255,0.2739703357219696,0.6684933304786682,-0.05535870045423508,0.27405595779418945,0.6864995956420898,-0.03957696259021759,0.2358475774526596,0.600372850894928,-0.03654885292053223,0.24077430367469788,0.6151410341262817,-0.05884715914726257,0.2462593913078308,0.6635117530822754,-0.05004819855093956,0.24929922819137573,0.678749680519104,-0.03773464635014534
36,left,0,0,0,0,0,0,0,0,0,0,0,0,0,0,0,0,0,0,0,0,0,0,0,0,0,0,0,0,0,0,0,0,0,0,0,0,0,0,0,0,0,0,0,0,0,0,0,0,0,0,0,0,0,0,0,0,0,0,0,0,0,0,0
