1,right,0,0,0,0,0,0,0,0,0,0,0,0,0,0,0,0,0,0,0,0,0,0,0,0,0,0,0,0,0,0,0,0,0,0,0,0,0,0,0,0,0,0,0,0,0,0,0,0,0,0,0,0,0,0,0,0,0,0,0,0,0,0,0
1,left,0,0,0,0,0,0,0,0,0,0,0,0,0,0,0,0,0,0,0,0,0,0,0,0,0,0,0,0,0,0,0,0,0,0,0,0,0,0,0,0,0,0,0,0,0,0,0,0,0,0,0,0,0,0,0,0,0,0,0,0,0,0,0
2,right,0,0,0,0,0,0,0,0,0,0,0,0,0,0,0,0,0,0,0,0,0,0,0,0,0,0,0,0,0,0,0,0,0,0,0,0,0,0,0,0,0,0,0,0,0,0,0,0,0,0,0,0,0,0,0,0,0,0,0,0,0,0,0
2,left,0,0,0,0,0,0,0,0,0,0,0,0,0,0,0,0,0,0,0,0,0,0,0,0,0,0,0,0,0,0,0,0,0,0,0,0,0,0,0,0,0,0,0,0,0,0,0,0,0,0,0,0,0,0,0,0,0,0,0,0,0,0,0
3,right,0,0,0,0,0,0,0,0,0,0,0,0,0,0,0,0,0,0,0,0,0,0,0,0,0,0,0,0,0,0,0,0,0,0,0,0,0,0,0,0,0,0,0,0,0,0,0,0,0,0,0,0,0,0,0,0,0,0,0,0,0,0,0
3,left,0,0,0,0,0,0,0,0,0,0,0,0,0,0,0,0,0,0,0,0,0,0,0,0,0,0,0,0,0,0,0,0,0,0,0,0,0,0,0,0,0,0,0,0,0,0,0,0,0,0,0,0,0,0,0,0,0,0,0,0,0,0,0
4,right,0,0,0,0,0,0,0,0,0,0,0,0,0,0,0,0,0,0,0,0,0,0,0,0,0,0,0,0,0,0,0,0,0,0,0,0,0,0,0,0,0,0,0,0,0,0,0,0,0,0,0,0,0,0,0,0,0,0,0,0,0,0,0
4,left,0,0,0,0,0,0,0,0,0,0,0,0,0,0,0,0,0,0,0,0,0,0,0,0,0,0,0,0,0,0,0,0,0,0,0,0,0,0,0,0,0,0,0,0,0,0,0,0,0,0,0,0,0,0,0,0,0,0,0,0,0,0,0
5,right,0,0,0,0,0,0,0,0,0,0,0,0,0,0,0,0,0,0,0,0,0,0,0,0,0,0,0,0,0,0,0,0,0,0,0,0,0,0,0,0,0,0,0,0,0,0,0,0,0,0,0,0,0,0,0,0,0,0,0,0,0,0,0
5,left,0,0,0,0,0,0,0,0,0,0,0,0,0,0,0,0,0,0,0,0,0,0,0,0,0,0,0,0,0,0,0,0,0,0,0,0,0,0,0,0,0,0,0,0,0,0,0,0,0,0,0,0,0,0,0,0,0,0,0,0,0,0,0
6,right,0,0,0,0,0,0,0,0,0,0,0,0,0,0,0,0,0,0,0,0,0,0,0,0,0,0,0,0,0,0,0,0,0,0,0,0,0,0,0,0,0,0,0,0,0,0,0,0,0,0,0,0,0,0,0,0,0,0,0,0,0,0,0
6,left,0,0,0,0,0,0,0,0,0,0,0,0,0,0,0,0,0,0,0,0,0,0,0,0,0,0,0,0,0,0,0,0,0,0,0,0,0,0,0,0,0,0,0,0,0,0,0,0,0,0,0,0,0,0,0,0,0,0,0,0,0,0,0
7,right,0.2499963343143463,0.9917537569999695,-1.476938678024453e-07,0.2887645363807678,0.9952328205108643,-0.03302488476037979,0.32395875453948975,0.990425705909729,-0.061177488416433334,0.3539082109928131,0.9851686954498291,-0.08580641448497772,0.38215792179107666,0.9756720662117004,-0.10989382117986679,0.29303035140037537,0.9397379159927368,-0.07876846194267273,0.30509883165359497,0.895235538482666,-0.11850892007350922,0.3018796443939209,0.9240074753761292,-0.1386626809835434,0.29512763023376465,0.9600976705551147,-0.14764802157878876,0.24975518882274628,0.9438798427581787,-0.07556776702404022,0.2484414279460907,0.9172054529190063,-0.10742322355508804,0.24915607273578644,0.9442332983016968,-0.1130969300866127,0.25112074613571167,0.9728150367736816,-0.11659617722034454,0.21409976482391357,0.9568345546722412,-0.07420338690280914,0.20914770662784576,0.9556765556335449,-0.0984114333987236,0.21088093519210815,0.9755579233169556,-0.09650683403015137,0.21138125658035278,0.994324266910553,-0.0948963612318039,0.1857234686613083,0.9752184748649597,-0.07540612667798996,0.17792680859565735,0.984967827796936,-0.09062463790178299,0.1795617938041687,1.0028961896896362,-0.0889713242650032,0.18164780735969543,1.0173825025558472,-0.08770734071731567
7,left,0,0,0,0,0,0,0,0,0,0,0,0,0,0,0,0,0,0,0,0,0,0,0,0,0,0,0,0,0,0,0,0,0,0,0,0,0,0,0,0,0,0,0,0,0,0,0,0,0,0,0,0,0,0,0,0,0,0,0,0,0,0,0
8,right,0.24121031165122986,0.9547010660171509,-1.481791116475506e-07,0.29424819350242615,0.9383291006088257,-0.025708043947815895,0.3466934561729431,0.8821275234222412,-0.0417373962700367,0.38510510325431824,0.8407638072967529,-0.05700910463929176,0.4216293692588806,0.8128482103347778,-0.07336849719285965,0.31262916326522827,0.8052182793617249,-0.04318210110068321,0.3170996308326721,0.7323880791664124,-0.06697513908147812,0.3198140561580658,0.6909103989601135,-0.07972317188978195,0.32275253534317017,0.6554417014122009,-0.08883679658174515,0.2698744535446167,0.7891182899475098,-0.04321311414241791,0.27619287371635437,0.8252648115158081,-0.07915832847356796,0.27868974208831787,0.8831919431686401,-0.08643293380737305,0.2790493965148926,0.9127209186553955,-0.0848643034696579,0.23046836256980896,0.8009527921676636,-0.044813044369220734,0.23609912395477295,0.8606813549995422,-0.07508723437786102,0.24232478439807892,0.9103074073791504,-0.06958287954330444,0.24744723737239838,0.9279316663742065,-0.06006363034248352,0.1948079764842987,0.8228812217712402,-0.04913024976849556,0.19980435073375702,0.8765851855278015,-0.0671774297952652,0.20927751064300537,0.9192236065864563,-0.06206865608692169,0.21753013134002686,0.9330422878265381,-0.0536920391023159
8,left,0,0,0,0,0,0,0,0,0,0,0,0,0,0,0,0,0,0,0,0,0,0,0,0,0,0,0,0,0,0,0,0,0,0,0,0,0,0,0,0,0,0,0,0,0,0,0,0,0,0,0,0,0,0,0,0,0,0,0,0,0,0,0
9,right,0.25024932622909546,0.8566499352455139,-5.8857644091858674e-08,0.3038158118724823,0.8366636037826538,-0.01909220963716507,0.3538122773170471,0.7831612825393677,-0.03162964805960655,0.39135104417800903,0.7445797324180603,-0.04499609395861626,0.4270900785923004,0.7198960185050964,-0.05961095541715622,0.3247385323047638,0.6942805051803589,-0.023763086646795273,0.3347841501235962,0.6304302215576172,-0.043818023055791855,0.3402841091156006,0.5856146812438965,-0.05655183643102646,0.3444385826587677,0.5483325719833374,-0.06552779674530029,0.2862579822540283,0.680528461933136,-0.025876639410853386,0.29703718423843384,0.7031675577163696,-0.05912930145859718,0.294793039560318,0.7681627869606018,-0.06662964820861816,0.28814563155174255,0.8055643439292908,-0.06437709927558899,0.24782663583755493,0.6920254826545715,-0.029686519876122475,0.2585188150405884,0.7203985452651978,-0.06126466765999794,0.26069605350494385,0.7805326581001282,-0.0544750913977623,0.2589844763278961,0.8115125298500061,-0.04192567989230156,0.21161676943302155,0.7143636345863342,-0.03516238555312157,0.22073692083358765,0.7312338948249817,-0.05516773834824562,0.22982676327228546,0.7779587507247925,-0.04735694080591202,0.23282229900360107,0.8019454479217529,-0.03551715984940529
9,left,0,0,0,0,0,0,0,0,0,0,0,0,0,0,0,0,0,0,0,0,0,0,0,0,0,0,0,0,0,0,0,0,0,0,0,0,0,0,0,0,0,0,0,0,0,0,0,0,0,0,0,0,0,0,0,0,0,0,0,0,0,0,0
10,right,0.2529878616333008,0.8098039627075195,7.336637253274603e-08,0.3059178292751312,0.7928760647773743,-0.020269256085157394,0.35621535778045654,0.7397653460502625,-0.033521316945552826,0.3939197063446045,0.6967955231666565,-0.046836238354444504,0.42883336544036865,0.6740655899047852,-0.06046413630247116,0.3322906792163849,0.6449552774429321,-0.02511095069348812,0.34335362911224365,0.5771468877792358,-0.044992703944444656,0.34947291016578674,0.5297946333885193,-0.05583542585372925,0.35339510440826416,0.4892651438713074,-0.06395155936479568,0.29494237899780273,0.6293092370033264,-0.02719440497457981,0.3039379417896271,0.6493473649024963,-0.06091303005814552,0.29757678508758545,0.7171372175216675,-0.06514044851064682,0.29075920581817627,0.7450334429740906,-0.060193028301000595,0.25790128111839294,0.6368014812469482,-0.031434763222932816,0.26599645614624023,0.6710506677627563,-0.0655193030834198,0.266117125749588,0.7312703728675842,-0.0561550036072731,0.2651989758014679,0.7517720460891724,-0.04145054891705513,0.22141560912132263,0.6551206707954407,-0.03741070255637169,0.2282484918832779,0.6783533692359924,-0.06086605414748192,0.23500436544418335,0.727041482925415,-0.05321425944566727,0.23777762055397034,0.7432658076286316,-0.04094057157635689
10,left,0,0,0,0,0,0,0,0,0,0,0,0,0,0,0,0,0,0,0,0,0,0,0,0,0,0,0,0,0,0,0,0,0,0,0,0,0,0,0,0,0,0,0,0,0,0,0,0,0,0,0,0,0,0,0,0,0,0,0,0,0,0,0
11,right,0.2549356520175934,0.7946897745132446,-1.8040562821397543e-08,0.30637088418006897,0.7809289693832397,-0.020223243162035942,0.35752415657043457,0.7287230491638184,-0.03266877308487892,0.39426127076148987,0.6879312992095947,-0.04519278183579445,0.4292398989200592,0.6666924357414246,-0.05746364966034889,0.33430907130241394,0.633931577205658,-0.02844914421439171,0.34683653712272644,0.5600059032440186,-0.049166589975357056,0.3524321913719177,0.5132575035095215,-0.05932004749774933,0.3571845591068268,0.4720383584499359,-0.06653144955635071,0.29725512862205505,0.6183468103408813,-0.029971599578857422,0.3057124614715576,0.6373699307441711,-0.06431782245635986,0.29899412393569946,0.7020720839500427,-0.06834226846694946,0.2935263514518738,0.7293802499771118,-0.06331523507833481,0.26054951548576355,0.6233347058296204,-0.03330216556787491,0.26759904623031616,0.658054769039154,-0.06605513393878937,0.26755326986312866,0.7166141271591187,-0.05613229051232338,0.2682681083679199,0.7374092936515808,-0.04145367071032524,0.2244628667831421,0.6376034021377563,-0.03861378878355026,0.23123764991760254,0.6634864807128906,-0.059208087623119354,0.23828816413879395,0.7094295024871826,-0.051228586584329605,0.24276934564113617,0.7253451347351074,-0.039367254823446274
11,left,0,0,0,0,0,0,0,0,0,0,0,0,0,0,0,0,0,0,0,0,0,0,0,0,0,0,0,0,0,0,0,0,0,0,0,0,0,0,0,0,0,0,0,0,0,0,0,0,0,0,0,0,0,0,0,0,0,0,0,0,0,0,0
12,right,0.2555941045284271,0.781065821647644,-2.8983899724721596e-08,0.30769070982933044,0.7683718204498291,-0.0202536191791296,0.359619677066803,0.7159987092018127,-0.03195050731301308,0.39691248536109924,0.675843358039856,-0.043798722326755524,0.43139657378196716,0.6562021970748901,-0.05531721189618111,0.3360987603664398,0.6192600727081299,-0.02676388993859291,0.34835654497146606,0.5456605553627014,-0.04705179110169411,0.3536010682582855,0.4997742176055908,-0.057075515389442444,0.3573894202709198,0.45898061990737915,-0.06429046392440796,0.29963263869285583,0.6050936579704285,-0.028415463864803314,0.30750030279159546,0.61920166015625,-0.06297606974840164,0.30173245072364807,0.6843685507774353,-0.06746908277273178,0.2966007590293884,0.7125549912452698,-0.06254196912050247,0.2634390592575073,0.6104215383529663,-0.032006073743104935,0.26967954635620117,0.6412482857704163,-0.06504718959331512,0.2702999413013458,0.700926661491394,-0.05577131360769272,0.27091726660728455,0.722373366355896,-0.04131859168410301,0.2278907597064972,0.6241984367370605,-0.037596963346004486,0.23438146710395813,0.6489499807357788,-0.058261025696992874,0.2416914701461792,0.6943315267562866,-0.05092808976769447,0.2461661398410797,0.7093349099159241,-0.039595626294612885
12,left,0,0,0,0,0,0,0,0,0,0,0,0,0,0,0,0,0,0,0,0,0,0,0,0,0,0,0,0,0,0,0,0,0,0,0,0,0,0,0,0,0,0,0,0,0,0,0,0,0,0,0,0,0,0,0,0,0,0,0,0,0,0,0
13,right,0.25684991478919983,0.7774122953414917,-3.2869500898868864e-08,0.3082713782787323,0.7642543911933899,-0.02168901450932026,0.3593939542770386,0.7121627926826477,-0.03415301814675331,0.39858052134513855,0.6726362705230713,-0.046550244092941284,0.4327302575111389,0.6528061628341675,-0.05842951312661171,0.33605334162712097,0.6176467537879944,-0.028004838153719902,0.34889233112335205,0.5429741144180298,-0.0492587611079216,0.3542887568473816,0.49715518951416016,-0.05949980765581131,0.3572714924812317,0.45537373423576355,-0.06695669889450073,0.3004937767982483,0.6034878492355347,-0.02924967184662819,0.3078426122665405,0.6120235323905945,-0.0643942579627037,0.30171307921409607,0.6783367395401001,-0.06878913193941116,0.296503484249115,0.704395055770874,-0.063868448138237,0.26486438512802124,0.6076051592826843,-0.03264046832919121,0.2691175937652588,0.6364414095878601,-0.06616159528493881,0.26949942111968994,0.6961514949798584,-0.056503016501665115,0.2707262337207794,0.7142777442932129,-0.04213867709040642,0.22934380173683167,0.61929851770401,-0.03819234296679497,0.2338438630104065,0.6451995372772217,-0.05898262932896614,0.24105724692344666,0.6925525069236755,-0.05109880492091179,0.24585872888565063,0.707161545753479,-0.03967195004224777
13,left,0,0,0,0,0,0,0,0,0,0,0,0,0,0,0,0,0,0,0,0,0,0,0,0,0,0,0,0,0,0,0,0,0,0,0,0,0,0,0,0,0,0,0,0,0,0,0,0,0,0,0,0,0,0,0,0,0,0,0,0,0,0,0
14,right,0.25750982761383057,0.7715027332305908,-3.5544836407552793e-08,0.30853036046028137,0.7591333389282227,-0.021627387031912804,0.35961809754371643,0.708065390586853,-0.03373695909976959,0.3983282148838043,0.6691464781761169,-0.045929573476314545,0.43218010663986206,0.6492149233818054,-0.05774801969528198,0.3372225761413574,0.6124730706214905,-0.026366544887423515,0.34951239824295044,0.5378536581993103,-0.04743271321058273,0.35469502210617065,0.49167922139167786,-0.057854048907756805,0.3578484058380127,0.4505224823951721,-0.0652129054069519,0.301969051361084,0.5995314717292786,-0.02750076726078987,0.3087000846862793,0.6064556837081909,-0.06305809319019318,0.3027373254299164,0.6723744869232178,-0.06804438680410385,0.29798153042793274,0.7006074786186218,-0.06330180168151855,0.266227126121521,0.6037930846214294,-0.0308433435857296,0.27027428150177,0.6281946897506714,-0.06534594297409058,0.27047574520111084,0.6892314553260803,-0.056248739361763,0.27153199911117554,0.7110231518745422,-0.041687097400426865,0.23005525767803192,0.6153926849365234,-0.036228712648153305,0.23424765467643738,0.6362107992172241,-0.057787198573350906,0.24092413485050201,0.684059202671051,-0.050082627683877945,0.24514976143836975,0.7010412216186523,-0.03842104598879814
14,left,0,0,0,0,0,0,0,0,0,0,0,0,0,0,0,0,0,0,0,0,0,0,0,0,0,0,0,0,0,0,0,0,0,0,0,0,0,0,0,0,0,0,0,0,0,0,0,0,0,0,0,0,0,0,0,0,0,0,0,0,0,0,0
15,right,0.2591586410999298,0.769223690032959,-2.8831099285753226e-08,0.30942386388778687,0.7573560476303101,-0.02191339246928692,0.3603673279285431,0.7054482698440552,-0.03398912772536278,0.3992612063884735,0.666693925857544,-0.04602173715829849,0.4330947995185852,0.6481227278709412,-0.05754594877362251,0.3373945951461792,0.6115232706069946,-0.026604652404785156,0.35053130984306335,0.5365182161331177,-0.047557681798934937,0.35642439126968384,0.4906703233718872,-0.05723733827471733,0.35971155762672424,0.4491792321205139,-0.06415799260139465,0.3025630712509155,0.5984801054000854,-0.027622390538454056,0.31007418036460876,0.6023396849632263,-0.06318259984254837,0.30394095182418823,0.6695343852043152,-0.06718886643648148,0.29870128631591797,0.6970708966255188,-0.06148461624979973,0.2676301896572113,0.6021509170532227,-0.030985431745648384,0.2714785635471344,0.6274765133857727,-0.06520058959722519,0.2715599834918976,0.6876513957977295,-0.05560249090194702,0.27255764603614807,0.7061859965324402,-0.04075577110052109,0.23233173787593842,0.6125226020812988,-0.03646481782197952,0.23659074306488037,0.6356438994407654,-0.05739458650350571,0.24338799715042114,0.6830780506134033,-0.04952140897512436,0.2480093389749527,0.697590172290802,-0.037976182997226715
15,left,0,0,0,0,0,0,0,0,0,0,0,0,0,0,0,0,0,0,0,0,0,0,0,0,0,0,0,0,0,0,0,0,0,0,0,0,0,0,0,0,0,0,0,0,0,0,0,0,0,0,0,0,0,0,0,0,0,0,0,0,0,0,0
16,right,0.2583894431591034,0.7666060924530029,-2.357531236896193e-08,0.30860719084739685,0.7547836303710938,-0.022543346509337425,0.3594605624675751,0.7044392824172974,-0.03525109216570854,0.3986012637615204,0.6661868691444397,-0.04787810891866684,0.4322130084037781,0.6479065418243408,-0.060097385197877884,0.33757084608078003,0.6108596324920654,-0.027031507343053818,0.35036778450012207,0.5352861285209656,-0.04833000525832176,0.35599827766418457,0.48910200595855713,-0.05853205546736717,0.35913822054862976,0.44823330640792847,-0.06573358923196793,0.3032192289829254,0.5986350178718567,-0.027746299281716347,0.30914199352264404,0.6010428667068481,-0.0640602558851242,0.3025517463684082,0.6680383086204529,-0.06870978325605392,0.2975517213344574,0.6963517665863037,-0.06333714723587036,0.2683248519897461,0.6021490693092346,-0.030776754021644592,0.27044805884361267,0.6223942041397095,-0.06584341824054718,0.2708108425140381,0.6842413544654846,-0.056244146078825,0.27224525809288025,0.7059430480003357,-0.04112033545970917,0.23272138833999634,0.6123158931732178,-0.035923898220062256,0.23558585345745087,0.6319449543952942,-0.05802423134446144,0.24249976873397827,0.68079674243927,-0.05022500455379486,0.24742290377616882,0.6978646516799927,-0.03837151080369949
16,left,0,0,0,0,0,0,0,0,0,0,0,0,0,0,0,0,0,0,0,0,0,0,0,0,0,0,0,0,0,0,0,0,0,0,0,0,0,0,0,0,0,0,0,0,0,0,0,0,0,0,0,0,0,0,0,0,0,0,0,0,0,0,0
17,right,0.2579925060272217,0.7666312456130981,-3.077346377722279e-08,0.3082101047039032,0.7547778487205505,-0.02204020693898201,0.358686625957489,0.7048981785774231,-0.03484344854950905,0.3980334401130676,0.6662554740905762,-0.047578904777765274,0.4315181374549866,0.6467350721359253,-0.060032110661268234,0.33676186203956604,0.6116102933883667,-0.0273257065564394,0.3497663140296936,0.5362151861190796,-0.04853562265634537,0.3559128940105438,0.49042952060699463,-0.05893601104617119,0.3592749536037445,0.4498516917228699,-0.06637592613697052,0.3022373616695404,0.5998983383178711,-0.028441227972507477,0.30883172154426575,0.6009571552276611,-0.06432262808084488,0.30199646949768066,0.6683796048164368,-0.06890124827623367,0.29642295837402344,0.6967328786849976,-0.06377359479665756,0.26726698875427246,0.6037805080413818,-0.0317673534154892,0.2701825499534607,0.6214566826820374,-0.06656696647405624,0.27034279704093933,0.6835025548934937,-0.056669123470783234,0.2710167467594147,0.7054365277290344,-0.04161468893289566,0.23153755068778992,0.6140405535697937,-0.037127088755369186,0.2349565476179123,0.6317286491394043,-0.05922495201230049,0.24170413613319397,0.680919885635376,-0.05101756006479263,0.24589070677757263,0.6983166337013245,-0.03902168199419975
17,left,0,0,0,0,0,0,0,0,0,0,0,0,0,0,0,0,0,0,0,0,0,0,0,0,0,0,0,0,0,0,0,0,0,0,0,0,0,0,0,0,0,0,0,0,0,0,0,0,0,0,0,0,0,0,0,0,0,0,0,0,0,0,0
18,right,0.2582326829433441,0.7663835883140564,-2.7262121449211918e-08,0.3084574341773987,0.7548310160636902,-0.02232317440211773,0.35862722992897034,0.704481840133667,-0.03502966836094856,0.3979876935482025,0.6654565930366516,-0.0475764237344265,0.43215104937553406,0.6471545100212097,-0.059818342328071594,0.336185485124588,0.6109294891357422,-0.02757391892373562,0.34908634424209595,0.5366792678833008,-0.04887933284044266,0.3549441397190094,0.49109721183776855,-0.059371594339609146,0.3582713305950165,0.4503564238548279,-0.06697636842727661,0.30162665247917175,0.599048376083374,-0.028407379984855652,0.30779778957366943,0.6019985675811768,-0.06419844180345535,0.30123284459114075,0.6688776016235352,-0.06878779828548431,0.2960043251514435,0.6961894035339355,-0.06380661576986313,0.2666541039943695,0.6032140254974365,-0.03150293231010437,0.268942654132843,0.6231932044029236,-0.0663313940167427,0.26934096217155457,0.684339165687561,-0.0567990280687809,0.2705541253089905,0.7049049139022827,-0.04208309203386307,0.2311590015888214,0.6137213706970215,-0.03665970638394356,0.23430073261260986,0.632713258266449,-0.05895012244582176,0.24143683910369873,0.6814098954200745,-0.05127490311861038,0.24616995453834534,0.6980227828025818,-0.03971074894070625
18,left,0,0,0,0,0,0,0,0,0,0,0,0,0,0,0,0,0,0,0,0,0,0,0,0,0,0,0,0,0,0,0,0,0,0,0,0,0,0,0,0,0,0,0,0,0,0,0,0,0,0,0,0,0,0,0,0,0,0,0,0,0,0,0
19,right,0.25912177562713623,0.7659835815429688,-2.31201155997951e-08,0.3087480664253235,0.7540126442909241,-0.022177590057253838,0.3585595488548279,0.7039448022842407,-0.03490481153130531,0.39739832282066345,0.6659096479415894,-0.047496113926172256,0.4305843412876129,0.6462194919586182,-0.059834063053131104,0.33564895391464233,0.6113017797470093,-0.027869276702404022,0.3482488989830017,0.5363338589668274,-0.049326639622449875,0.3543251156806946,0.4904085397720337,-0.06003207340836525,0.35774892568588257,0.4497838318347931,-0.06769637018442154,0.3009546995162964,0.5998380780220032,-0.028798289597034454,0.30743587017059326,0.6024158596992493,-0.06481615453958511,0.300945520401001,0.6690661907196045,-0.06957119703292847,0.29541465640068054,0.6969884037971497,-0.06464239209890366,0.26591551303863525,0.6042643785476685,-0.0319451168179512,0.26873698830604553,0.6238527894020081,-0.06675592064857483,0.26909396052360535,0.6845461130142212,-0.05720657482743263,0.26979997754096985,0.7051883339881897,-0.04246626794338226,0.2303677797317505,0.6150617599487305,-0.03712183237075806,0.23444640636444092,0.633295476436615,-0.05922771617770195,0.2414572834968567,0.681679368019104,-0.0512666180729866,0.24547117948532104,0.6984216570854187,-0.03950837627053261
19,left,0,0,0,0,0,0,0,0,0,0,0,0,0,0,0,0,0,0,0,0,0,0,0,0,0,0,0,0,0,0,0,0,0,0,0,0,0,0,0,0,0,0,0,0,0,0,0,0,0,0,0,0,0,0,0,0,0,0,0,0,0,0,0
20,right,0.2576652467250824,0.7678956985473633,-1.0879992906609459e-08,0.3080177903175354,0.7563372850418091,-0.02376624383032322,0.35851016640663147,0.7061646580696106,-0.037744004279375076,0.39833226799964905,0.6671284437179565,-0.0513317845761776,0.4325244724750519,0.648943305015564,-0.0645611584186554,0.3351297974586487,0.6142073273658752,-0.028639107942581177,0.3481985926628113,0.5386292934417725,-0.050504058599472046,0.35443031787872314,0.4927179217338562,-0.060948994010686874,0.35729995369911194,0.45181530714035034,-0.06842554360628128,0.300321489572525,0.6035063862800598,-0.029172353446483612,0.3072861433029175,0.6020748019218445,-0.06562595069408417,0.3009903132915497,0.6712446212768555,-0.06948157399892807,0.29529160261154175,0.6981126666069031,-0.06367605924606323,0.2654699683189392,0.6081308126449585,-0.03220192342996597,0.2687355577945709,0.6233243942260742,-0.06784649938344955,0.2699117064476013,0.6865437030792236,-0.057305142283439636,0.2705901563167572,0.7070636749267578,-0.04166615009307861,0.22994552552700043,0.6188909411430359,-0.03737231343984604,0.23391947150230408,0.6348357796669006,-0.06048719212412834,0.24190586805343628,0.6847119927406311,-0.052318744361400604,0.24649325013160706,0.7013834118843079,-0.04025883227586746
20,left,0,0,0,0,0,0,0,0,0,0,0,0,0,0,0,0,0,0,0,0,0,0,0,0,0,0,0,0,0,0,0,0,0,0,0,0,0,0,0,0,0,0,0,0,0,0,0,0,0,0,0,0,0,0,0,0,0,0,0,0,0,0,0
21,right,0.25811535120010376,0.768604040145874,-2.1588324017329796e-08,0.3084493577480316,0.7572083473205566,-0.02230079099535942,0.3591882586479187,0.705886960029602,-0.03489558771252632,0.3986453413963318,0.6670294404029846,-0.04741234704852104,0.4325340986251831,0.6486799716949463,-0.05962636321783066,0.33635690808296204,0.6135843992233276,-0.026663703843951225,0.3493439257144928,0.5381601452827454,-0.04799267649650574,0.35542288422584534,0.49225735664367676,-0.058372970670461655,0.35862186551094055,0.45111098885536194,-0.06579172611236572,0.3017667233943939,0.6026079058647156,-0.027713507413864136,0.30826336145401,0.6032516956329346,-0.06429268419742584,0.3016239106655121,0.6712414622306824,-0.06899141520261765,0.2958860695362091,0.699558675289154,-0.06367380917072296,0.26683253049850464,0.6070641875267029,-0.031104352325201035,0.26961514353752136,0.6244158148765564,-0.06664405018091202,0.2702350616455078,0.6871086359024048,-0.05683770775794983,0.27101919054985046,0.7089288830757141,-0.041550349444150925,0.23131969571113586,0.6177455186843872,-0.036508362740278244,0.2351052612066269,0.6346875429153442,-0.05905114859342575,0.24224750697612762,0.6841328740119934,-0.050958577543497086,0.24654380977153778,0.7013959884643555,-0.03891215845942497
21,left,0,0,0,0,0,0,0,0,0,0,0,0,0,0,0,0,0,0,0,0,0,0,0,0,0,0,0,0,0,0,0,0,0,0,0,0,0,0,0,0,0,0,0,0,0,0,0,0,0,0,0,0,0,0,0,0,0,0,0,0,0,0,0
22,right,0.2599487602710724,0.7690550088882446,-3.356850442060022e-08,0.31004098057746887,0.7575026154518127,-0.021148739382624626,0.36046233773231506,0.7056690454483032,-0.03281689062714577,0.39955371618270874,0.6671825051307678,-0.04451002925634384,0.433150053024292,0.6493107080459595,-0.05605511739850044,0.33712220191955566,0.6140090823173523,-0.026458358392119408,0.3503890037536621,0.538353681564331,-0.04704701527953148,0.3564435839653015,0.4928058981895447,-0.05740203708410263,0.3600288927555084,0.4523811340332031,-0.06495258212089539,0.302391916513443,0.6027554869651794,-0.02784530073404312,0.30979201197624207,0.6036150455474854,-0.06422843039035797,0.30341216921806335,0.6703488230705261,-0.06984125077724457,0.29742711782455444,0.7007967233657837,-0.06529335677623749,0.2673458456993103,0.6071118712425232,-0.03123302198946476,0.2710581421852112,0.6246829032897949,-0.06610134243965149,0.2713892459869385,0.6863052845001221,-0.05711952969431877,0.27178916335105896,0.7096366882324219,-0.04249465838074684,0.23175475001335144,0.617976725101471,-0.036514755338430405,0.23625147342681885,0.6338566541671753,-0.05849209427833557,0.24318066239356995,0.6821737289428711,-0.05064326524734497,0.24713748693466187,0.7002070546150208,-0.038869865238666534
22,left,0,0,0,0,0,0,0,0,0,0,0,0,0,0,0,0,0,0,0,0,0,0,0,0,0,0,0,0,0,0,0,0,0,0,0,0,0,0,0,0,0,0,0,0,0,0,0,0,0,0,0,0,0,0,0,0,0,0,0,0,0,0,0
23,right,0.26050692796707153,0.7697780132293701,-2.507584362376747e-08,0.3108730912208557,0.757632315158844,-0.021786071360111237,0.3608141541481018,0.7063204050064087,-0.03420855477452278,0.4000108242034912,0.6675106287002563,-0.04661102220416069,0.4342290163040161,0.6500082612037659,-0.058678463101387024,0.337518572807312,0.6135510206222534,-0.02645997330546379,0.3504793643951416,0.5388398170471191,-0.04731785133481026,0.3566734492778778,0.49329182505607605,-0.057276271283626556,0.3602750897407532,0.4527609348297119,-0.0645047128200531,0.30289989709854126,0.6019941568374634,-0.027568209916353226,0.3097802996635437,0.6040465831756592,-0.06284386664628983,0.3035435080528259,0.6712131500244141,-0.06693267822265625,0.2981622815132141,0.6984775066375732,-0.061610013246536255,0.26801320910453796,0.6066253185272217,-0.030984042212367058,0.2714950442314148,0.6270039677619934,-0.06537570059299469,0.2718464732170105,0.687912106513977,-0.05563133582472801,0.2725839912891388,0.7076051235198975,-0.04081549867987633,0.23249147832393646,0.617620587348938,-0.03642232343554497,0.23643425107002258,0.6360015869140625,-0.05809318646788597,0.2436908483505249,0.6839908361434937,-0.0501580573618412,0.2480904757976532,0.6996526122093201,-0.03856056556105614
23,left,0,0,0,0,0,0,0,0,0,0,0,0,0,0,0,0,0,0,0,0,0,0,0,0,0,0,0,0,0,0,0,0,0,0,0,0,0,0,0,0,0,0,0,0,0,0,0,0,0,0,0,0,0,0,0,0,0,0,0,0,0,0,0
24,right,0.2600284516811371,0.7716901898384094,-3.0114463811514725e-08,0.31032121181488037,0.7590203881263733,-0.022150374948978424,0.3604418933391571,0.7082387208938599,-0.034945957362651825,0.39987847208976746,0.6698850989341736,-0.04762839525938034,0.43398869037628174,0.6522571444511414,-0.060104694217443466,0.3376767635345459,0.6150747537612915,-0.027665359899401665,0.35058730840682983,0.5409618616104126,-0.04894600063562393,0.3568496108055115,0.4947248697280884,-0.059963397681713104,0.36029383540153503,0.4541235566139221,-0.06798510998487473,0.3030754625797272,0.6025140881538391,-0.02865538001060486,0.30999431014060974,0.607345461845398,-0.06466427445411682,0.30352914333343506,0.673737108707428,-0.06987457722425461,0.29731544852256775,0.7028160691261292,-0.06528045237064362,0.2680650055408478,0.6068512797355652,-0.03181767463684082,0.27124613523483276,0.6292162537574768,-0.06626547127962112,0.2720848321914673,0.6896361112594604,-0.05723956972360611,0.2727193832397461,0.7116919159889221,-0.04290101304650307,0.23252838850021362,0.6182482242584229,-0.0370812751352787,0.23646590113639832,0.6386003494262695,-0.059174682945013046,0.2440117746591568,0.6867727041244507,-0.05177389085292816,0.24855422973632812,0.7042267322540283,-0.040377870202064514
24,left,0,0,0,0,0,0,0,0,0,0,0,0,0,0,0,0,0,0,0,0,0,0,0,0,0,0,0,0,0,0,0,0,0,0,0,0,0,0,0,0,0,0,0,0,0,0,0,0,0,0,0,0,0,0,0,0,0,0,0,0,0,0,0
25,right,0.26031196117401123,0.7726812958717346,-3.415243909898891e-08,0.3107754588127136,0.7604262828826904,-0.02184123545885086,0.36084017157554626,0.7087324857711792,-0.03405742719769478,0.3998820185661316,0.6693218350410461,-0.046097252517938614,0.4336916208267212,0.6503560543060303,-0.05773773416876793,0.33815857768058777,0.6168986558914185,-0.027314884588122368,0.3510902225971222,0.5416964888572693,-0.04825497418642044,0.3570988178253174,0.49574485421180725,-0.05842520296573639,0.3604116439819336,0.4546339511871338,-0.06585396826267242,0.30338042974472046,0.604293167591095,-0.028307858854532242,0.3102310299873352,0.6078634858131409,-0.06419408321380615,0.30377867817878723,0.6748340725898743,-0.06891988217830658,0.2980821430683136,0.7031954526901245,-0.06392966955900192,0.26849979162216187,0.6084201335906982,-0.03147536888718605,0.2722153067588806,0.6316995620727539,-0.06584814190864563,0.27250975370407104,0.6919668316841125,-0.05658182129263878,0.27323171496391296,0.7121959924697876,-0.0421084500849247,0.23323044180870056,0.619284987449646,-0.0367150641977787,0.23752260208129883,0.6412448883056641,-0.05850677192211151,0.2445812225341797,0.6891092658042908,-0.051140330731868744,0.2492179572582245,0.7047587037086487,-0.039897579699754715
25,left,0,0,0,0,0,0,0,0,0,0,0,0,0,0,0,0,0,0,0,0,0,0,0,0,0,0,0,0,0,0,0,0,0,0,0,0,0,0,0,0,0,0,0,0,0,0,0,0,0,0,0,0,0,0,0,0,0,0,0,0,0,0,0
26,right,0.2603073716163635,0.7737151384353638,-4.1437335340788195e-08,0.31036612391471863,0.7625399827957153,-0.021763335913419724,0.36164820194244385,0.7104615569114685,-0.03373225778341293,0.40089142322540283,0.6701464056968689,-0.045564256608486176,0.4346288740634918,0.6511695384979248,-0.05707075819373131,0.3383117616176605,0.6180001497268677,-0.02679269015789032,0.35110995173454285,0.5425266027450562,-0.047450993210077286,0.3571273684501648,0.497049480676651,-0.05728543922305107,0.3604694604873657,0.45582717657089233,-0.06447942554950714,0.30384454131126404,0.6056163907051086,-0.027755770832300186,0.31091541051864624,0.6084442138671875,-0.06338153779506683,0.3044712543487549,0.6765511631965637,-0.06769543141126633,0.2984291911125183,0.7044035792350769,-0.06243790686130524,0.2692092955112457,0.6094489693641663,-0.030934931710362434,0.2724283039569855,0.6305096745491028,-0.06571493297815323,0.2730311155319214,0.6927531361579895,-0.05609723553061485,0.27361711859703064,0.7138960361480713,-0.04127202183008194,0.2337144911289215,0.6196227669715881,-0.036105960607528687,0.23783591389656067,0.6391641497612,-0.058428406715393066,0.24537009000778198,0.6888827085494995,-0.0507957898080349,0.2500048577785492,0.7062062621116638,-0.0392456017434597
26,left,0,0,0,0,0,0,0,0,0,0,0,0,0,0,0,0,0,0,0,0,0,0,0,0,0,0,0,0,0,0,0,0,0,0,0,0,0,0,0,0,0,0,0,0,0,0,0,0,0,0,0,0,0,0,0,0,0,0,0,0,0,0,0
27,right,0.2615503668785095,0.77489173412323,-3.949714155737638e-08,0.3118996024131775,0.7635891437530518,-0.02166547253727913,0.3622932732105255,0.7111382484436035,-0.033661894500255585,0.40154165029525757,0.6710348129272461,-0.04546884819865227,0.43563759326934814,0.6528534293174744,-0.05704818665981293,0.3387131094932556,0.619537353515625,-0.0276293084025383,0.3518039584159851,0.5434296131134033,-0.04826069995760918,0.3582475781440735,0.4978290796279907,-0.058383360505104065,0.3618500530719757,0.4571361243724823,-0.06582143902778625,0.30374783277511597,0.6077526211738586,-0.02872006595134735,0.3119026720523834,0.6094986200332642,-0.06481828540563583,0.3058026134967804,0.6772937774658203,-0.06974399089813232,0.2992890179157257,0.7071071863174438,-0.06481946259737015,0.26888352632522583,0.6122134923934937,-0.0318630188703537,0.273401141166687,0.632371187210083,-0.0666581392288208,0.27413681149482727,0.693943202495575,-0.05752096325159073,0.2741905450820923,0.7159937620162964,-0.042927488684654236,0.23370862007141113,0.6232348084449768,-0.036953527480363846,0.23896294832229614,0.6410349011421204,-0.05908108130097389,0.24627137184143066,0.6898253560066223,-0.05143844336271286,0.250074177980423,0.7073853015899658,-0.03989282250404358
27,left,0,0,0,0,0,0,0,0,0,0,0,0,0,0,0,0,0,0,0,0,0,0,0,0,0,0,0,0,0,0,0,0,0,0,0,0,0,0,0,0,0,0,0,0,0,0,0,0,0,0,0,0,0,0,0,0,0,0,0,0,0,0,0
28,right,0.2604685127735138,0.7754101157188416,-3.916645141543995e-08,0.31115931272506714,0.7634634971618652,-0.021675320342183113,0.3622610569000244,0.7109302282333374,-0.03354756906628609,0.40173909068107605,0.6711385250091553,-0.045352548360824585,0.4354495704174042,0.6524313688278198,-0.057022616267204285,0.33867740631103516,0.6193779706954956,-0.026931844651699066,0.3513651192188263,0.5443114638328552,-0.04773876816034317,0.3572932481765747,0.49884140491485596,-0.058350007981061935,0.36066052317619324,0.45822203159332275,-0.06611888855695724,0.304199755191803,0.6074098348617554,-0.027972929179668427,0.3117557466030121,0.6110213994979858,-0.0640568807721138,0.3057362139225006,0.6777862310409546,-0.06959246098995209,0.2994941174983978,0.7064437866210938,-0.06521251797676086,0.2694258391857147,0.611808180809021,-0.03107755072414875,0.2726092040538788,0.6316092610359192,-0.06575596332550049,0.27334654331207275,0.6934149265289307,-0.05678297579288483,0.2735847234725952,0.7161130905151367,-0.042393844574689865,0.23384040594100952,0.6227920055389404,-0.036181677132844925,0.23771882057189941,0.6418077349662781,-0.05846649780869484,0.24516209959983826,0.6906137466430664,-0.05104672908782959,0.24946080148220062,0.7083353996276855,-0.03959400951862335
28,left,0,0,0,0,0,0,0,0,0,0,0,0,0,0,0,0,0,0,0,0,0,0,0,0,0,0,0,0,0,0,0,0,0,0,0,0,0,0,0,0,0,0,0,0,0,0,0,0,0,0,0,0,0,0,0,0,0,0,0,0,0,0,0
29,right,0.2596853971481323,0.7750297784805298,-3.936346715249783e-08,0.3101772367954254,0.7636405229568481,-0.021471744403243065,0.361118882894516,0.7118302583694458,-0.03322712332010269,0.4003695249557495,0.6713777184486389,-0.04489823058247566,0.43426305055618286,0.6522915363311768,-0.05635986477136612,0.3382396996021271,0.6188610196113586,-0.02682790718972683,0.3510274291038513,0.5446542501449585,-0.04751861095428467,0.3570135831832886,0.4990922808647156,-0.0579787939786911,0.36055663228034973,0.45862066745758057,-0.06558480113744736,0.30365699529647827,0.6066169142723083,-0.027880197390913963,0.31111016869544983,0.6105924844741821,-0.06362468004226685,0.3050708472728729,0.6763569116592407,-0.06895791739225388,0.29930582642555237,0.705256462097168,-0.06445492804050446,0.2688293755054474,0.6107033491134644,-0.030975088477134705,0.27205580472946167,0.6323089003562927,-0.06542745977640152,0.27261051535606384,0.6931770443916321,-0.05647134408354759,0.2730843424797058,0.715718150138855,-0.04208286106586456,0.23333784937858582,0.6214789152145386,-0.03607521206140518,0.23751720786094666,0.6412698030471802,-0.057936497032642365,0.2445497065782547,0.6897101402282715,-0.050423070788383484,0.24863159656524658,0.7073856592178345,-0.03895103931427002
29,left,0,0,0,0,0,0,0,0,0,0,0,0,0,0,0,0,0,0,0,0,0,0,0,0,0,0,0,0,0,0,0,0,0,0,0,0,0,0,0,0,0,0,0,0,0,0,0,0,0,0,0,0,0,0,0,0,0,0,0,0,0,0,0
30,right,0.2596357762813568,0.7748489379882812,-3.717311969353432e-08,0.3099079728126526,0.7635447978973389,-0.02164156548678875,0.36029645800590515,0.7118523716926575,-0.0334966816008091,0.39932119846343994,0.6716431975364685,-0.04526098072528839,0.4329978823661804,0.6516638398170471,-0.05683072656393051,0.33822160959243774,0.6183885335922241,-0.02709055505692959,0.35096079111099243,0.5434962511062622,-0.048368774354457855,0.3569778800010681,0.49739620089530945,-0.059327103197574615,0.3605140745639801,0.45644205808639526,-0.06721295416355133,0.30377236008644104,0.606187641620636,-0.028152383863925934,0.3102806806564331,0.60982346534729,-0.06453126668930054,0.30385109782218933,0.675970733165741,-0.07011013478040695,0.2982170879840851,0.7053884267807007,-0.06565763056278229,0.2687680721282959,0.6103890538215637,-0.03132745996117592,0.27145466208457947,0.6313297748565674,-0.06614203751087189,0.27170348167419434,0.6921173334121704,-0.057265616953372955,0.2724280059337616,0.7147006988525391,-0.04286038130521774,0.23317180573940277,0.6213445067405701,-0.036524634808301926,0.23689749836921692,0.6411104202270508,-0.05860542133450508,0.24360546469688416,0.6894510984420776,-0.05117364600300789,0.2478845715522766,0.7070557475090027,-0.03969385847449303
30,left,0,0,0,0,0,0,0,0,0,0,0,0,0,0,0,0,0,0,0,0,0,0,0,0,0,0,0,0,0,0,0,0,0,0,0,0,0,0,0,0,0,0,0,0,0,0,0,0,0,0,0,0,0,0,0,0,0,0,0,0,0,0,0
31,right,0.2603978216648102,0.7740843296051025,-3.9123523976059005e-08,0.3110801875591278,0.762362539768219,-0.021333398297429085,0.36099815368652344,0.7104763984680176,-0.03304198756814003,0.39961913228034973,0.6706785559654236,-0.044698286801576614,0.43311387300491333,0.6506900787353516,-0.05607198178768158,0.33779409527778625,0.6177347898483276,-0.02670080028474331,0.35051944851875305,0.5428413152694702,-0.04759658873081207,0.3567458987236023,0.49741002917289734,-0.05808158963918686,0.3603326976299286,0.45660609006881714,-0.06568784266710281,0.30300283432006836,0.6057182550430298,-0.02784520387649536,0.31045427918434143,0.6095279455184937,-0.06408414989709854,0.3046020269393921,0.6764353513717651,-0.0695357546210289,0.29858654737472534,0.7054829597473145,-0.06493804603815079,0.26814621686935425,0.610107421875,-0.03103712387382984,0.2715812921524048,0.6316282749176025,-0.06566596776247025,0.27222684025764465,0.692661702632904,-0.05667753890156746,0.2724142074584961,0.7143577933311462,-0.04218941181898117,0.23296570777893066,0.6211060285568237,-0.036205045878887177,0.23700688779354095,0.6408138871192932,-0.058088596910238266,0.24420860409736633,0.6889287829399109,-0.050567563623189926,0.24814473092556,0.7057129144668579,-0.03906392678618431
31,left,0,0,0,0,0,0,0,0,0,0,0,0,0,0,0,0,0,0,0,0,0,0,0,0,0,0,0,0,0,0,0,0,0,0,0,0,0,0,0,0,0,0,0,0,0,0,0,0,0,0,0,0,0,0,0,0,0,0,0,0,0,0,0
32,right,0.259836345911026,0.7749223709106445,-3.4942452487030096e-08,0.3098472058773041,0.7634612917900085,-0.021747995167970657,0.360966295003891,0.7104458808898926,-0.03337385132908821,0.4004252552986145,0.670547366142273,-0.04484207183122635,0.43423178791999817,0.6517680883407593,-0.0561644472181797,0.3373812437057495,0.6190155744552612,-0.026790179312229156,0.35074934363365173,0.5426784753799438,-0.047514282166957855,0.35687410831451416,0.4970271587371826,-0.05806664377450943,0.36047810316085815,0.4561772346496582,-0.06575769186019897,0.30283868312835693,0.6078280806541443,-0.027791256085038185,0.31089869141578674,0.6087026000022888,-0.06480378657579422,0.3047776222229004,0.6759587526321411,-0.07084831595420837,0.29847586154937744,0.7068098187446594,-0.06645926833152771,0.2680194079875946,0.6121522188186646,-0.030812572687864304,0.27205583453178406,0.6298459768295288,-0.06625229865312576,0.27248820662498474,0.6921284794807434,-0.057541538029909134,0.27259561419487,0.7160834670066833,-0.04293015971779823,0.23256151378154755,0.6228069067001343,-0.03574845567345619,0.23759473860263824,0.6389222741127014,-0.058312978595495224,0.24465565383434296,0.6882956027984619,-0.05072004348039627,0.24854151904582977,0.70719975233078,-0.038955651223659515
32,left,0,0,0,0,0,0,0,0,0,0,0,0,0,0,0,0,0,0,0,0,0,0,0,0,0,0,0,0,0,0,0,0,0,0,0,0,0,0,0,0,0,0,0,0,0,0,0,0,0,0,0,0,0,0,0,0,0,0,0,0,0,0,0
33,right,0.26000890135765076,0.7758064270019531,-3.853886809679352e-08,0.3103119432926178,0.7640222907066345,-0.02199898660182953,0.3610273003578186,0.7116672396659851,-0.034218255430459976,0.40045812726020813,0.6711094975471497,-0.04624982923269272,0.43434426188468933,0.6518799066543579,-0.058043912053108215,0.33753326535224915,0.6197825074195862,-0.027608416974544525,0.3503267168998718,0.544028103351593,-0.048248738050460815,0.3564803898334503,0.49834591150283813,-0.058371879160404205,0.35989370942115784,0.45806965231895447,-0.06575095653533936,0.3027670681476593,0.6080378293991089,-0.028485147282481194,0.31001016497612,0.6105631589889526,-0.06453187018632889,0.30399519205093384,0.6778555512428284,-0.06950948387384415,0.2980021834373474,0.7071670293807983,-0.06463681906461716,0.26802927255630493,0.6123116612434387,-0.03145834431052208,0.2712840437889099,0.6325863599777222,-0.06620028614997864,0.27210426330566406,0.6939749121665955,-0.0570463165640831,0.27243390679359436,0.7163548469543457,-0.04246943071484566,0.2325371950864792,0.6229379773139954,-0.036437518894672394,0.2366219460964203,0.6415773034095764,-0.05872817710042,0.2442512959241867,0.6904118657112122,-0.051241207867860794,0.24856171011924744,0.7082040309906006,-0.039723169058561325
33,left,0,0,0,0,0,0,0,0,0,0,0,0,0,0,0,0,0,0,0,0,0,0,0,0,0,0,0,0,0,0,0,0,0,0,0,0,0,0,0,0,0,0,0,0,0,0,0,0,0,0,0,0,0,0,0,0,0,0,0,0,0,0,0
34,right,0.2595912218093872,0.7762227058410645,-4.730532410235355e-08,0.3101367950439453,0.7642148733139038,-0.02132968045771122,0.3609929382801056,0.7122666835784912,-0.03301398828625679,0.400052011013031,0.6722162365913391,-0.04454854503273964,0.4335918426513672,0.6523923873901367,-0.05579683557152748,0.3381199538707733,0.6207216382026672,-0.02675289288163185,0.3510025143623352,0.5453528165817261,-0.047307923436164856,0.35715001821517944,0.4998089075088501,-0.057450566440820694,0.3604617714881897,0.45909562706947327,-0.06485883891582489,0.3035639524459839,0.6085498929023743,-0.02789054997265339,0.31075793504714966,0.6113927364349365,-0.06372527778148651,0.3044634163379669,0.6787713170051575,-0.06876073777675629,0.2983400523662567,0.7086688876152039,-0.06395699828863144,0.26883772015571594,0.6126849055290222,-0.03109760582447052,0.2722872495651245,0.634863555431366,-0.0656658336520195,0.2727167010307312,0.6963710784912109,-0.05663794279098511,0.273063063621521,0.7187528610229492,-0.042185019701719284,0.23356053233146667,0.6233996152877808,-0.03625058755278587,0.2379484474658966,0.6433389782905579,-0.058154452592134476,0.24477767944335938,0.6923484802246094,-0.050582218915224075,0.24879232048988342,0.7098543643951416,-0.039106063544750214
34,left,0,0,0,0,0,0,0,0,0,0,0,0,0,0,0,0,0,0,0,0,0,0,0,0,0,0,0,0,0,0,0,0,0,0,0,0,0,0,0,0,0,0,0,0,0,0,0,0,0,0,0,0,0,0,0,0,0,0,0,0,0,0,0
35,right,0.2604777216911316,0.777237594127655,-4.238019002400506e-08,0.3110799789428711,0.7653700113296509,-0.021051717922091484,0.3618326187133789,0.7125154733657837,-0.032383061945438385,0.40048593282699585,0.6722161769866943,-0.04361326992511749,0.434101402759552,0.6530609130859375,-0.054540395736694336,0.33833038806915283,0.6207828521728516,-0.026509344577789307,0.3511159121990204,0.5455325245857239,-0.04715501144528389,0.35758891701698303,0.5000258088111877,-0.05743130296468735,0.3614104390144348,0.45930662751197815,-0.06491701304912567,0.3035050928592682,0.6085671782493591,-0.027711942791938782,0.31097322702407837,0.6120412349700928,-0.06369350105524063,0.3047395348548889,0.6787683367729187,-0.068947933614254,0.29862967133522034,0.7082709074020386,-0.06426630169153214,0.2688644528388977,0.6127337217330933,-0.03096034936606884,0.27231791615486145,0.6361176371574402,-0.06556373834609985,0.2729436457157135,0.6968085765838623,-0.056822698563337326,0.2733916640281677,0.7186582684516907,-0.04252270236611366,0.23382478952407837,0.6234999299049377,-0.03614459186792374,0.2382805049419403,0.6440342664718628,-0.05812518671154976,0.2454482764005661,0.6928222179412842,-0.05077660083770752,0.24962465465068817,0.7103335857391357,-0.039402689784765244
35,left,0,0,0,0,0,0,0,0,0,0,0,0,0,0,0,0,0,0,0,0,0,0,0,0,0,0,0,0,0,0,0,0,0,0,0,0,0,0,0,0,0,0,0,0,0,0,0,0,0,0,0,0,0,0,0,0,0,0,0,0,0,0,0
36,right,0.25986647605895996,0.7769566178321838,-4.4381099684187575e-08,0.3106299340724945,0.7650876641273499,-0.02103036642074585,0.3611692786216736,0.7128980755805969,-0.03265949711203575,0.40055063366889954,0.6725989580154419,-0.04432293400168419,0.4343140423297882,0.6531205773353577,-0.055832844227552414,0.33839550614356995,0.6200517416000366,-0.026682555675506592,0.35146886110305786,0.545680582523346,-0.047411564737558365,0.3579008877277374,0.5003238320350647,-0.057947903871536255,0.36181071400642395,0.45995643734931946,-0.0656462162733078,0.30382686853408813,0.6072449684143066,-0.02798144705593586,0.3109265863895416,0.6134002208709717,-0.06363574415445328,0.3045381009578705,0.6794800162315369,-0.06902888417243958,0.29831597208976746,0.7081815004348755,-0.06462441384792328,0.26890623569488525,0.6115522980690002,-0.031314052641391754,0.27237170934677124,0.6358597278594971,-0.06536971032619476,0.2727130949497223,0.6956933736801147,-0.05675498768687248,0.2729834020137787,0.716968297958374,-0.042815398424863815,0.23345118761062622,0.6229077577590942,-0.0366465225815773,0.23758210241794586,0.6459638476371765,-0.058284953236579895,0.24469208717346191,0.6937779188156128,-0.051150884479284286,0.249007910490036,0.7104920744895935,-0.04004723206162453
36,left,0,0,0,0,0,0,0,0,0,0,0,0,0,0,0,0,0,0,0,0,0,0,0,0,0,0,0,0,0,0,0,0,0,0,0,0,0,0,0,0,0,0,0,0,0,0,0,0,0,0,0,0,0,0,0,0,0,0,0,0,0,0,0
