1,right,0,0,0,0,0,0,0,0,0,0,0,0,0,0,0,0,0,0,0,0,0,0,0,0,0,0,0,0,0,0,0,0,0,0,0,0,0,0,0,0,0,0,0,0,0,0,0,0,0,0,0,0,0,0,0,0,0,0,0,0,0,0,0
1,left,0,0,0,0,0,0,0,0,0,0,0,0,0,0,0,0,0,0,0,0,0,0,0,0,0,0,0,0,0,0,0,0,0,0,0,0,0,0,0,0,0,0,0,0,0,0,0,0,0,0,0,0,0,0,0,0,0,0,0,0,0,0,0
2,right,0,0,0,0,0,0,0,0,0,0,0,0,0,0,0,0,0,0,0,0,0,0,0,0,0,0,0,0,0,0,0,0,0,0,0,0,0,0,0,0,0,0,0,0,0,0,0,0,0,0,0,0,0,0,0,0,0,0,0,0,0,0,0
2,left,0,0,0,0,0,0,0,0,0,0,0,0,0,0,0,0,0,0,0,0,0,0,0,0,0,0,0,0,0,0,0,0,0,0,0,0,0,0,0,0,0,0,0,0,0,0,0,0,0,0,0,0,0,0,0,0,0,0,0,0,0,0,0
3,right,0,0,0,0,0,0,0,0,0,0,0,0,0,0,0,0,0,0,0,0,0,0,0,0,0,0,0,0,0,0,0,0,0,0,0,0,0,0,0,0,0,0,0,0,0,0,0,0,0,0,0,0,0,0,0,0,0,0,0,0,0,0,0
3,left,0,0,0,0,0,0,0,0,0,0,0,0,0,0,0,0,0,0,0,0,0,0,0,0,0,0,0,0,0,0,0,0,0,0,0,0,0,0,0,0,0,0,0,0,0,0,0,0,0,0,0,0,0,0,0,0,0,0,0,0,0,0,0
4,right,0,0,0,0,0,0,0,0,0,0,0,0,0,0,0,0,0,0,0,0,0,0,0,0,0,0,0,0,0,0,0,0,0,0,0,0,0,0,0,0,0,0,0,0,0,0,0,0,0,0,0,0,0,0,0,0,0,0,0,0,0,0,0
4,left,0,0,0,0,0,0,0,0,0,0,0,0,0,0,0,0,0,0,0,0,0,0,0,0,0,0,0,0,0,0,0,0,0,0,0,0,0,0,0,0,0,0,0,0,0,0,0,0,0,0,0,0,0,0,0,0,0,0,0,0,0,0,0
5,right,0,0,0,0,0,0,0,0,0,0,0,0,0,0,0,0,0,0,0,0,0,0,0,0,0,0,0,0,0,0,0,0,0,0,0,0,0,0,0,0,0,0,0,0,0,0,0,0,0,0,0,0,0,0,0,0,0,0,0,0,0,0,0
5,left,0,0,0,0,0,0,0,0,0,0,0,0,0,0,0,0,0,0,0,0,0,0,0,0,0,0,0,0,0,0,0,0,0,0,0,0,0,0,0,0,0,0,0,0,0,0,0,0,0,0,0,0,0,0,0,0,0,0,0,0,0,0,0
6,right,0,0,0,0,0,0,0,0,0,0,0,0,0,0,0,0,0,0,0,0,0,0,0,0,0,0,0,0,0,0,0,0,0,0,0,0,0,0,0,0,0,0,0,0,0,0,0,0,0,0,0,0,0,0,0,0,0,0,0,0,0,0,0
6,left,0,0,0,0,0,0,0,0,0,0,0,0,0,0,0,0,0,0,0,0,0,0,0,0,0,0,0,0,0,0,0,0,0,0,0,0,0,0,0,0,0,0,0,0,0,0,0,0,0,0,0,0,0,0,0,0,0,0,0,0,0,0,0
7,right,0,0,0,0,0,0,0,0,0,0,0,0,0,0,0,0,0,0,0,0,0,0,0,0,0,0,0,0,0,0,0,0,0,0,0,0,0,0,0,0,0,0,0,0,0,0,0,0,0,0,0,0,0,0,0,0,0,0,0,0,0,0,0
7,left,0,0,0,0,0,0,0,0,0,0,0,0,0,0,0,0,0,0,0,0,0,0,0,0,0,0,0,0,0,0,0,0,0,0,0,0,0,0,0,0,0,0,0,0,0,0,0,0,0,0,0,0,0,0,0,0,0,0,0,0,0,0,0
8,right,0,0,0,0,0,0,0,0,0,0,0,0,0,0,0,0,0,0,0,0,0,0,0,0,0,0,0,0,0,0,0,0,0,0,0,0,0,0,0,0,0,0,0,0,0,0,0,0,0,0,0,0,0,0,0,0,0,0,0,0,0,0,0
8,left,0,0,0,0,0,0,0,0,0,0,0,0,0,0,0,0,0,0,0,0,0,0,0,0,0,0,0,0,0,0,0,0,0,0,0,0,0,0,0,0,0,0,0,0,0,0,0,0,0,0,0,0,0,0,0,0,0,0,0,0,0,0,0
9,right,0,0,0,0,0,0,0,0,0,0,0,0,0,0,0,0,0,0,0,0,0,0,0,0,0,0,0,0,0,0,0,0,0,0,0,0,0,0,0,0,0,0,0,0,0,0,0,0,0,0,0,0,0,0,0,0,0,0,0,0,0,0,0
9,left,0,0,0,0,0,0,0,0,0,0,0,0,0,0,0,0,0,0,0,0,0,0,0,0,0,0,0,0,0,0,0,0,0,0,0,0,0,0,0,0,0,0,0,0,0,0,0,0,0,0,0,0,0,0,0,0,0,0,0,0,0,0,0
10,right,0.2176448404788971,0.9090651273727417,-1.1603526672843145e-07,0.2711676061153412,0.8954839706420898,-0.023388199508190155,0.32950422167778015,0.8479815721511841,-0.03874603658914566,0.37127575278282166,0.8141561150550842,-0.054488930851221085,0.4085741639137268,0.7927599549293518,-0.07118800282478333,0.3022520840167999,0.7483945488929749,-0.03500695899128914,0.3148745894432068,0.6819204688072205,-0.058872904628515244,0.3196054697036743,0.6386663913726807,-0.0719086304306984,0.32516393065452576,0.6002620458602905,-0.08094147592782974,0.2607448101043701,0.7234500646591187,-0.03623729571700096,0.2633691132068634,0.7648823261260986,-0.07352297753095627,0.259440153837204,0.8319987654685974,-0.0808207243680954,0.2577630877494812,0.8646537661552429,-0.07791474461555481,0.21910107135772705,0.7260152101516724,-0.03925862908363342,0.2192654311656952,0.7889042496681213,-0.0734747052192688,0.22262004017829895,0.8491336107254028,-0.06688009202480316,0.22850680351257324,0.8745777606964111,-0.05429964140057564,0.17915426194667816,0.7400578260421753,-0.04475105181336403,0.17765697836875916,0.7970172762870789,-0.06589414924383163,0.18745268881320953,0.8492791652679443,-0.05955619364976883,0.19740881025791168,0.8711816072463989,-0.04836798086762428
10,left,0,0,0,0,0,0,0,0,0,0,0,0,0,0,0,0,0,0,0,0,0,0,0,0,0,0,0,0,0,0,0,0,0,0,0,0,0,0,0,0,0,0,0,0,0,0,0,0,0,0,0,0,0,0,0,0,0,0,0,0,0,0,0
11,right,0.22414369881153107,0.8661004304885864,5.374027267635029e-08,0.27807825803756714,0.8490051627159119,-0.019856158643960953,0.331840455532074,0.7986454963684082,-0.033424243330955505,0.3729012608528137,0.7600207924842834,-0.0479000099003315,0.4106249511241913,0.7384946346282959,-0.06335901468992233,0.30952751636505127,0.7006309032440186,-0.025242580100893974,0.3198438882827759,0.6284584999084473,-0.046406880021095276,0.3256627321243286,0.5809018611907959,-0.05852153152227402,0.33109599351882935,0.5408335328102112,-0.06726996600627899,0.270657479763031,0.6850382089614868,-0.028433294966816902,0.27696725726127625,0.7037064433097839,-0.06701598316431046,0.2712650001049042,0.7735437750816345,-0.0757715180516243,0.2653045654296875,0.8088880777359009,-0.07267605513334274,0.23123621940612793,0.6929255723953247,-0.0332355871796608,0.23540139198303223,0.719171941280365,-0.07142209261655807,0.23597635328769684,0.7852962613105774,-0.06492037326097488,0.2352873831987381,0.815741777420044,-0.05064989626407623,0.19322943687438965,0.7125751972198486,-0.03949533402919769,0.19703125953674316,0.735579788684845,-0.06699499487876892,0.20377731323242188,0.7889599204063416,-0.06117852032184601,0.20686125755310059,0.8129174113273621,-0.048923224210739136
11,left,0,0,0,0,0,0,0,0,0,0,0,0,0,0,0,0,0,0,0,0,0,0,0,0,0,0,0,0,0,0,0,0,0,0,0,0,0,0,0,0,0,0,0,0,0,0,0,0,0,0,0,0,0,0,0,0,0,0,0,0,0,0,0
12,right,0.23228338360786438,0.811500608921051,1.1853182257937078e-07,0.2868235111236572,0.791091799736023,-0.01969505473971367,0.3391496539115906,0.7383657693862915,-0.03230084478855133,0.37981295585632324,0.6999636888504028,-0.04533563554286957,0.41580861806869507,0.6798658967018127,-0.058857716619968414,0.31273481249809265,0.6427778601646423,-0.021935421973466873,0.3260734975337982,0.5664204359054565,-0.04126033931970596,0.3327370584011078,0.5171855092048645,-0.05268632248044014,0.3363124132156372,0.47351086139678955,-0.06126425042748451,0.2753218710422516,0.6331967115402222,-0.024660881608724594,0.2878178358078003,0.62729811668396,-0.06124250963330269,0.2818983197212219,0.7008941769599915,-0.0682031586766243,0.27434077858924866,0.7370213270187378,-0.06398095190525055,0.23791757225990295,0.6405969858169556,-0.029107002541422844,0.24635760486125946,0.645257294178009,-0.066013865172863,0.24625465273857117,0.7152134776115417,-0.056179940700531006,0.2437783032655716,0.7458850145339966,-0.03956638276576996,0.20034267008304596,0.6555679440498352,-0.03489435464143753,0.2077660858631134,0.6548925638198853,-0.05954601243138313,0.21356093883514404,0.7085601687431335,-0.04947488754987717,0.2131318300962448,0.7325395941734314,-0.034785714000463486
12,left,0,0,0,0,0,0,0,0,0,0,0,0,0,0,0,0,0,0,0,0,0,0,0,0,0,0,0,0,0,0,0,0,0,0,0,0,0,0,0,0,0,0,0,0,0,0,0,0,0,0,0,0,0,0,0,0,0,0,0,0,0,0,0
13,right,0.23774924874305725,0.7734529376029968,6.459988810547657e-08,0.288764089345932,0.7602916955947876,-0.023877833038568497,0.3417802155017853,0.7111721634864807,-0.03869086131453514,0.3808642625808716,0.6749104261398315,-0.05311538651585579,0.4160726070404053,0.6577327251434326,-0.06757023930549622,0.3163429796695709,0.6155064105987549,-0.03226792439818382,0.32978662848472595,0.5324558615684509,-0.05439407378435135,0.3361782133579254,0.4822542667388916,-0.06498188525438309,0.3405052125453949,0.4397139549255371,-0.07204078137874603,0.27941450476646423,0.6043865084648132,-0.0328214168548584,0.2882481813430786,0.6022213697433472,-0.07198682427406311,0.28194257616996765,0.6719080209732056,-0.07684987038373947,0.27559894323349,0.7080866694450378,-0.07067155092954636,0.24315527081489563,0.6083462238311768,-0.035392194986343384,0.2472890317440033,0.6234041452407837,-0.07298468053340912,0.2473786473274231,0.6877692937850952,-0.06337626278400421,0.24671675264835358,0.7165356874465942,-0.046830061823129654,0.20721103250980377,0.6199138760566711,-0.03982109948992729,0.2123066931962967,0.628947377204895,-0.06325600296258926,0.2190493792295456,0.6796607971191406,-0.054415084421634674,0.22228127717971802,0.7030150294303894,-0.04088738560676575
13,left,0,0,0,0,0,0,0,0,0,0,0,0,0,0,0,0,0,0,0,0,0,0,0,0,0,0,0,0,0,0,0,0,0,0,0,0,0,0,0,0,0,0,0,0,0,0,0,0,0,0,0,0,0,0,0,0,0,0,0,0,0,0,0
14,right,0.23434613645076752,0.7645718455314636,2.9347873464757868e-08,0.2852803170681,0.7518811821937561,-0.02599060721695423,0.33706414699554443,0.7036805748939514,-0.04119913652539253,0.37962979078292847,0.6689645648002625,-0.055882155895233154,0.4143774211406708,0.6487659811973572,-0.07045621424913406,0.31663182377815247,0.6069343090057373,-0.031312428414821625,0.33146876096725464,0.5251521468162537,-0.05424242094159126,0.3382958173751831,0.4755873680114746,-0.06570038944482803,0.34225380420684814,0.43312662839889526,-0.07333554327487946,0.28096190094947815,0.5970051884651184,-0.031082237139344215,0.2868407368659973,0.5892844200134277,-0.07078529894351959,0.28013983368873596,0.658389687538147,-0.07675906270742416,0.2752177119255066,0.6937482357025146,-0.07108559459447861,0.24492031335830688,0.5997006893157959,-0.03337305411696434,0.24573728442192078,0.6116268634796143,-0.07073340564966202,0.24623748660087585,0.6759699583053589,-0.06150498986244202,0.247606560587883,0.7032244801521301,-0.0453934483230114,0.20872440934181213,0.6088759899139404,-0.037945643067359924,0.21037788689136505,0.6196160316467285,-0.060832273215055466,0.2159639596939087,0.669623851776123,-0.05229692906141281,0.21962739527225494,0.6906331181526184,-0.0392586924135685
14,left,0,0,0,0,0,0,0,0,0,0,0,0,0,0,0,0,0,0,0,0,0,0,0,0,0,0,0,0,0,0,0,0,0,0,0,0,0,0,0,0,0,0,0,0,0,0,0,0,0,0,0,0,0,0,0,0,0,0,0,0,0,0,0
15,right,0.23600983619689941,0.7620230317115784,-8.521521266402488e-09,0.2875058352947235,0.7506332397460938,-0.024314025416970253,0.3401842713356018,0.7021498084068298,-0.03834318369626999,0.38251152634620667,0.6677437424659729,-0.05212469398975372,0.41776177287101746,0.6525568962097168,-0.06576820462942123,0.3187556862831116,0.6046037673950195,-0.029916392639279366,0.33420610427856445,0.5253947973251343,-0.0521974191069603,0.34110990166664124,0.47698402404785156,-0.06330472975969315,0.3452826738357544,0.4350922107696533,-0.0709310993552208,0.28384965658187866,0.5924406051635742,-0.030094817280769348,0.2904872000217438,0.5901618599891663,-0.06864693015813828,0.28224849700927734,0.658629298210144,-0.07407862693071365,0.2757914662361145,0.6923092007637024,-0.06845846027135849,0.24820207059383392,0.5942422747612,-0.03261086344718933,0.24897482991218567,0.6114295125007629,-0.06895571947097778,0.24780002236366272,0.6748334169387817,-0.059632495045661926,0.24786511063575745,0.7011008858680725,-0.043923310935497284,0.2116740345954895,0.6023436188697815,-0.03735852986574173,0.21394576132297516,0.6165648698806763,-0.05953160300850868,0.21872924268245697,0.6672919392585754,-0.05103207379579544,0.2217135727405548,0.6887372136116028,-0.03832612559199333
15,left,0,0,0,0,0,0,0,0,0,0,0,0,0,0,0,0,0,0,0,0,0,0,0,0,0,0,0,0,0,0,0,0,0,0,0,0,0,0,0,0,0,0,0,0,0,0,0,0,0,0,0,0,0,0,0,0,0,0,0,0,0,0,0
16,right,0.23750975728034973,0.7604599595069885,-1.0367813274569926e-08,0.2886166274547577,0.7497807741165161,-0.023943498730659485,0.34147894382476807,0.7011387944221497,-0.03771710395812988,0.3839447498321533,0.6666569709777832,-0.05126599594950676,0.41944533586502075,0.6510181427001953,-0.06470189243555069,0.3200334906578064,0.6053053140640259,-0.02963254041969776,0.3357403874397278,0.5256757736206055,-0.05168076604604721,0.3428206145763397,0.47753041982650757,-0.06245763599872589,0.3474021852016449,0.4359045624732971,-0.0699111744761467,0.2851390242576599,0.5937164425849915,-0.030034415423870087,0.2917613089084625,0.5900599360466003,-0.06855189800262451,0.2830657362937927,0.6583877801895142,-0.07371895015239716,0.2771341800689697,0.6922271251678467,-0.06805861741304398,0.2495102733373642,0.5954625010490417,-0.032785091549158096,0.25100618600845337,0.6102326512336731,-0.06940105557441711,0.24915394186973572,0.6737526655197144,-0.059795353561639786,0.2497592270374298,0.7002221345901489,-0.0440039224922657,0.2129407823085785,0.603257417678833,-0.03769097104668617,0.21578305959701538,0.6154745221138,-0.06033840775489807,0.22014519572257996,0.6668484807014465,-0.051774438470602036,0.2237122356891632,0.6888841986656189,-0.03908928111195564
16,left,0,0,0,0,0,0,0,0,0,0,0,0,0,0,0,0,0,0,0,0,0,0,0,0,0,0,0,0,0,0,0,0,0,0,0,0,0,0,0,0,0,0,0,0,0,0,0,0,0,0,0,0,0,0,0,0,0,0,0,0,0,0,0
17,right,0.23758205771446228,0.7611075639724731,-1.1808337418983683e-08,0.28881165385246277,0.7494888305664062,-0.024195387959480286,0.3413101136684418,0.7012344002723694,-0.038056381046772,0.3832259178161621,0.6668565273284912,-0.05153261497616768,0.4179977774620056,0.6502155661582947,-0.06491387635469437,0.3201735317707062,0.6066847443580627,-0.030413774773478508,0.33607956767082214,0.5277976989746094,-0.0529753714799881,0.3434443473815918,0.47987133264541626,-0.06449486315250397,0.34773921966552734,0.4381251335144043,-0.07245898991823196,0.28528791666030884,0.5951398611068726,-0.03073970228433609,0.29242008924484253,0.5904147028923035,-0.06988071650266647,0.2842114269733429,0.6587851643562317,-0.07588918507099152,0.27767449617385864,0.6930689215660095,-0.0707179456949234,0.24992430210113525,0.5969048738479614,-0.03334204852581024,0.25124478340148926,0.6107179522514343,-0.07012347877025604,0.2501450479030609,0.6739009022712708,-0.06109171733260155,0.2502445578575134,0.7005465626716614,-0.045644331723451614,0.21375006437301636,0.6048029661178589,-0.038088858127593994,0.2161829173564911,0.6169249415397644,-0.061045557260513306,0.22123628854751587,0.6676391959190369,-0.05290023237466812,0.22466476261615753,0.6894436478614807,-0.04043760523200035
17,left,0,0,0,0,0,0,0,0,0,0,0,0,0,0,0,0,0,0,0,0,0,0,0,0,0,0,0,0,0,0,0,0,0,0,0,0,0,0,0,0,0,0,0,0,0,0,0,0,0,0,0,0,0,0,0,0,0,0,0,0,0,0,0
18,right,0.23889189958572388,0.7648439407348633,-8.594704503650519e-09,0.2895602285861969,0.7554144859313965,-0.025286121293902397,0.34269505739212036,0.7075255513191223,-0.04029771313071251,0.3854166269302368,0.671451210975647,-0.054891008883714676,0.42130449414253235,0.6533506512641907,-0.06926073133945465,0.32257792353630066,0.6108458042144775,-0.03066517971456051,0.3387967646121979,0.5322235822677612,-0.05360787361860275,0.34696513414382935,0.48443400859832764,-0.06474814563989639,0.3517018258571625,0.4430464506149292,-0.07233478873968124,0.28717663884162903,0.598601758480072,-0.030890973284840584,0.2957397997379303,0.5940279364585876,-0.07025887072086334,0.28698328137397766,0.665275514125824,-0.0751669704914093,0.27975374460220337,0.6990048885345459,-0.06900631636381149,0.25159645080566406,0.6006647944450378,-0.033673353493213654,0.25438764691352844,0.6148445010185242,-0.07146482169628143,0.2529560327529907,0.6807279586791992,-0.061194393783807755,0.25256484746932983,0.707526683807373,-0.04464160278439522,0.21522949635982513,0.6087059378623962,-0.03866835683584213,0.21904951333999634,0.6206840872764587,-0.06277406215667725,0.22412505745887756,0.6736949682235718,-0.05414813756942749,0.22728735208511353,0.6956372261047363,-0.04110049828886986
18,left,0,0,0,0,0,0,0,0,0,0,0,0,0,0,0,0,0,0,0,0,0,0,0,0,0,0,0,0,0,0,0,0,0,0,0,0,0,0,0,0,0,0,0,0,0,0,0,0,0,0,0,0,0,0,0,0,0,0,0,0,0,0,0
19,right,0.23980489373207092,0.7667344808578491,-8.146948893283934e-09,0.29068005084991455,0.75590580701828,-0.0240631140768528,0.3433569371700287,0.7079471945762634,-0.038031306117773056,0.38557106256484985,0.6730815172195435,-0.051641084253787994,0.4202058017253876,0.6550499200820923,-0.06502000242471695,0.3230004608631134,0.6114252805709839,-0.030245013535022736,0.33859050273895264,0.533207893371582,-0.05301308259367943,0.34623247385025024,0.4854336380958557,-0.0647268146276474,0.35067540407180786,0.44352781772613525,-0.072872593998909,0.28755319118499756,0.5986583828926086,-0.030771788209676743,0.2952364981174469,0.5969655513763428,-0.07016102224588394,0.28711292147636414,0.6664502620697021,-0.07635120302438736,0.2803548574447632,0.7005041837692261,-0.07131364941596985,0.25174379348754883,0.6005027294158936,-0.033540770411491394,0.25416237115859985,0.6180721521377563,-0.07090841978788376,0.25312596559524536,0.6824081540107727,-0.06185218691825867,0.25290369987487793,0.7092131972312927,-0.04632517322897911,0.2152528166770935,0.6086139678955078,-0.03844533860683441,0.21892394125461578,0.624930202960968,-0.0623958520591259,0.2246149480342865,0.6770712733268738,-0.05462118610739708,0.22827483713626862,0.6987817883491516,-0.04221180081367493
19,left,0,0,0,0,0,0,0,0,0,0,0,0,0,0,0,0,0,0,0,0,0,0,0,0,0,0,0,0,0,0,0,0,0,0,0,0,0,0,0,0,0,0,0,0,0,0,0,0,0,0,0,0,0,0,0,0,0,0,0,0,0,0,0
20,right,0.2387908548116684,0.7696248292922974,-1.4064230668964228e-08,0.2899852395057678,0.7582087516784668,-0.024099072441458702,0.3422600030899048,0.7096967697143555,-0.037995003163814545,0.38353782892227173,0.6738110780715942,-0.051453396677970886,0.41822853684425354,0.6556857228279114,-0.06472942978143692,0.320715069770813,0.6141659021377563,-0.03037109598517418,0.33620917797088623,0.53554368019104,-0.0532369427382946,0.34369054436683655,0.48722895979881287,-0.06492911279201508,0.3478122055530548,0.44497257471084595,-0.07304137200117111,0.2850990295410156,0.6026719808578491,-0.030862366780638695,0.29333600401878357,0.5982374548912048,-0.0698680430650711,0.2855949103832245,0.668219268321991,-0.0754099041223526,0.2789420485496521,0.702026903629303,-0.07011500746011734,0.24922893941402435,0.6052436232566833,-0.03366394713521004,0.25254854559898376,0.6180545091629028,-0.07095617055892944,0.2517198920249939,0.6827392578125,-0.0610797256231308,0.2514635920524597,0.7093096971511841,-0.045100416988134384,0.2127029150724411,0.6138272881507874,-0.03857193514704704,0.21694231033325195,0.624760091304779,-0.06233377754688263,0.22272419929504395,0.6763590574264526,-0.05376918986439705,0.2258506566286087,0.6977627873420715,-0.04093414545059204
20,left,0,0,0,0,0,0,0,0,0,0,0,0,0,0,0,0,0,0,0,0,0,0,0,0,0,0,0,0,0,0,0,0,0,0,0,0,0,0,0,0,0,0,0,0,0,0,0,0,0,0,0,0,0,0,0,0,0,0,0,0,0,0,0
21,right,0.23509147763252258,0.7856695652008057,-4.8026791432675964e-08,0.2850337028503418,0.7741278409957886,-0.024435624480247498,0.3372618556022644,0.7235358953475952,-0.038665808737277985,0.37847959995269775,0.6857321262359619,-0.052620504051446915,0.4132674038410187,0.6637760400772095,-0.06664758175611496,0.31632378697395325,0.6264886260032654,-0.029356611892580986,0.3315616846084595,0.547308623790741,-0.05211228132247925,0.3396645486354828,0.4977661967277527,-0.0634814202785492,0.3441198468208313,0.4567493796348572,-0.07103144377470016,0.27913373708724976,0.6164711713790894,-0.03025483898818493,0.28634366393089294,0.6114882826805115,-0.06941606104373932,0.27721521258354187,0.6840396523475647,-0.07426400482654572,0.2701205611228943,0.7202934622764587,-0.06820125877857208,0.24212190508842468,0.6208672523498535,-0.03379344940185547,0.24523621797561646,0.6325388550758362,-0.07220913469791412,0.24370357394218445,0.6991284489631653,-0.0619962140917778,0.24294637143611908,0.7281168103218079,-0.04531992971897125,0.2047508955001831,0.6317580342292786,-0.03935706242918968,0.20912906527519226,0.6369209885597229,-0.06361543387174606,0.21315240859985352,0.6895628571510315,-0.05419061332941055,0.21394729614257812,0.7132560610771179,-0.04055254906415939
21,left,0,0,0,0,0,0,0,0,0,0,0,0,0,0,0,0,0,0,0,0,0,0,0,0,0,0,0,0,0,0,0,0,0,0,0,0,0,0,0,0,0,0,0,0,0,0,0,0,0,0,0,0,0,0,0,0,0,0,0,0,0,0,0
22,right,0.2309771180152893,0.8093118667602539,-6.792139828348809e-08,0.28289687633514404,0.7954843640327454,-0.02398097887635231,0.33546578884124756,0.7446830868721008,-0.038420625030994415,0.3750004768371582,0.7067564129829407,-0.05315257981419563,0.4093940854072571,0.6834949851036072,-0.06822597980499268,0.3138734996318817,0.6415688395500183,-0.0282618198543787,0.32822078466415405,0.5670130252838135,-0.05147138983011246,0.3362124562263489,0.5177924633026123,-0.06402359157800674,0.34217944741249084,0.4781532287597656,-0.07243330031633377,0.275046706199646,0.6292139291763306,-0.02999022603034973,0.28279227018356323,0.6403666734695435,-0.07006759941577911,0.27441269159317017,0.7116928696632385,-0.07706480473279953,0.26771825551986694,0.7477563619613647,-0.07244174182415009,0.23658300936222076,0.635754406452179,-0.034220755100250244,0.24081328511238098,0.6574464440345764,-0.07354386895895004,0.23993360996246338,0.723669171333313,-0.06520289927721024,0.23982615768909454,0.7537058591842651,-0.04956958070397377,0.1987597495317459,0.6512569189071655,-0.04047120735049248,0.20309673249721527,0.6651487946510315,-0.06644538789987564,0.2082202434539795,0.7175034284591675,-0.05851812660694122,0.210912823677063,0.7421267032623291,-0.045284245163202286
22,left,0,0,0,0,0,0,0,0,0,0,0,0,0,0,0,0,0,0,0,0,0,0,0,0,0,0,0,0,0,0,0,0,0,0,0,0,0,0,0,0,0,0,0,0,0,0,0,0,0,0,0,0,0,0,0,0,0,0,0,0,0,0,0
23,right,0.2108292281627655,0.8893283605575562,-5.275635217572017e-08,0.2649332582950592,0.8780437111854553,-0.025617843493819237,0.3225001394748688,0.8297012448310852,-0.041682347655296326,0.36528250575065613,0.794295072555542,-0.05748579651117325,0.4018481373786926,0.7723425626754761,-0.07461154460906982,0.299437940120697,0.7307537794113159,-0.03749624267220497,0.3134303689002991,0.6576021909713745,-0.06189104914665222,0.32058531045913696,0.6087117195129395,-0.07565214484930038,0.32631540298461914,0.5678677558898926,-0.08486168831586838,0.25922122597694397,0.7094334363937378,-0.037587717175483704,0.2569822072982788,0.7351171970367432,-0.07852472364902496,0.2502434253692627,0.8058851361274719,-0.08660917729139328,0.24633586406707764,0.8477562665939331,-0.08310159295797348,0.21776577830314636,0.7112370729446411,-0.03945460170507431,0.20995038747787476,0.7476799488067627,-0.07737312465906143,0.21135404706001282,0.8160744905471802,-0.0698976144194603,0.21542492508888245,0.8546242713928223,-0.05534511059522629,0.17810557782649994,0.7237100005149841,-0.04353860765695572,0.1681453436613083,0.7554559707641602,-0.06833984702825546,0.1733388602733612,0.812994658946991,-0.0612935945391655,0.18086005747318268,0.8447520732879639,-0.04853810742497444
23,left,0,0,0,0,0,0,0,0,0,0,0,0,0,0,0,0,0,0,0,0,0,0,0,0,0,0,0,0,0,0,0,0,0,0,0,0,0,0,0,0,0,0,0,0,0,0,0,0,0,0,0,0,0,0,0,0,0,0,0,0,0,0,0
24,right,0.22780337929725647,0.941713809967041,-1.4556380278918368e-07,0.27497002482414246,0.9399294257164001,-0.02822599560022354,0.3238643705844879,0.9053891897201538,-0.04959764704108238,0.3616052567958832,0.8711342215538025,-0.0700492188334465,0.3976593613624573,0.8453078866004944,-0.0910157710313797,0.29235386848449707,0.804537832736969,-0.05915030837059021,0.3048231303691864,0.7307741641998291,-0.08870775997638702,0.31384798884391785,0.6827331185340881,-0.10438095033168793,0.32232192158699036,0.646198570728302,-0.1152518093585968,0.2453782558441162,0.7836521863937378,-0.06097695976495743,0.25727981328964233,0.8528854846954346,-0.1015862226486206,0.2557140290737152,0.9142459630966187,-0.10803089290857315,0.25180748105049133,0.9534668922424316,-0.1067221462726593,0.20270055532455444,0.7998618483543396,-0.06395144760608673,0.21651063859462738,0.890394926071167,-0.09895014762878418,0.21615630388259888,0.9425152540206909,-0.09153685718774796,0.21548593044281006,0.9723417162895203,-0.08071797341108322,0.16544979810714722,0.8289652466773987,-0.06996799260377884,0.17704644799232483,0.8986321091651917,-0.09423548728227615,0.18022900819778442,0.9421699047088623,-0.09006235003471375,0.18196773529052734,0.9646108150482178,-0.08160910755395889
24,left,0,0,0,0,0,0,0,0,0,0,0,0,0,0,0,0,0,0,0,0,0,0,0,0,0,0,0,0,0,0,0,0,0,0,0,0,0,0,0,0,0,0,0,0,0,0,0,0,0,0,0,0,0,0,0,0,0,0,0,0,0,0,0
25,right,0,0,0,0,0,0,0,0,0,0,0,0,0,0,0,0,0,0,0,0,0,0,0,0,0,0,0,0,0,0,0,0,0,0,0,0,0,0,0,0,0,0,0,0,0,0,0,0,0,0,0,0,0,0,0,0,0,0,0,0,0,0,0
25,left,0,0,0,0,0,0,0,0,0,0,0,0,0,0,0,0,0,0,0,0,0,0,0,0,0,0,0,0,0,0,0,0,0,0,0,0,0,0,0,0,0,0,0,0,0,0,0,0,0,0,0,0,0,0,0,0,0,0,0,0,0,0,0
26,right,0,0,0,0,0,0,0,0,0,0,0,0,0,0,0,0,0,0,0,0,0,0,0,0,0,0,0,0,0,0,0,0,0,0,0,0,0,0,0,0,0,0,0,0,0,0,0,0,0,0,0,0,0,0,0,0,0,0,0,0,0,0,0
26,left,0,0,0,0,0,0,0,0,0,0,0,0,0,0,0,0,0,0,0,0,0,0,0,0,0,0,0,0,0,0,0,0,0,0,0,0,0,0,0,0,0,0,0,0,0,0,0,0,0,0,0,0,0,0,0,0,0,0,0,0,0,0,0
27,right,0,0,0,0,0,0,0,0,0,0,0,0,0,0,0,0,0,0,0,0,0,0,0,0,0,0,0,0,0,0,0,0,0,0,0,0,0,0,0,0,0,0,0,0,0,0,0,0,0,0,0,0,0,0,0,0,0,0,0,0,0,0,0
27,left,0,0,0,0,0,0,0,0,0,0,0,0,0,0,0,0,0,0,0,0,0,0,0,0,0,0,0,0,0,0,0,0,0,0,0,0,0,0,0,0,0,0,0,0,0,0,0,0,0,0,0,0,0,0,0,0,0,0,0,0,0,0,0
28,right,0,0,0,0,0,0,0,0,0,0,0,0,0,0,0,0,0,0,0,0,0,0,0,0,0,0,0,0,0,0,0,0,0,0,0,0,0,0,0,0,0,0,0,0,0,0,0,0,0,0,0,0,0,0,0,0,0,0,0,0,0,0,0
28,left,0,0,0,0,0,0,0,0,0,0,0,0,0,0,0,0,0,0,0,0,0,0,0,0,0,0,0,0,0,0,0,0,0,0,0,0,0,0,0,0,0,0,0,0,0,0,0,0,0,0,0,0,0,0,0,0,0,0,0,0,0,0,0
29,right,0,0,0,0,0,0,0,0,0,0,0,0,0,0,0,0,0,0,0,0,0,0,0,0,0,0,0,0,0,0,0,0,0,0,0,0,0,0,0,0,0,0,0,0,0,0,0,0,0,0,0,0,0,0,0,0,0,0,0,0,0,0,0
29,left,0,0,0,0,0,0,0,0,0,0,0,0,0,0,0,0,0,0,0,0,0,0,0,0,0,0,0,0,0,0,0,0,0,0,0,0,0,0,0,0,0,0,0,0,0,0,0,0,0,0,0,0,0,0,0,0,0,0,0,0,0,0,0
30,right,0,0,0,0,0,0,0,0,0,0,0,0,0,0,0,0,0,0,0,0,0,0,0,0,0,0,0,0,0,0,0,0,0,0,0,0,0,0,0,0,0,0,0,0,0,0,0,0,0,0,0,0,0,0,0,0,0,0,0,0,0,0,0
30,left,0,0,0,0,0,0,0,0,0,0,0,0,0,0,0,0,0,0,0,0,0,0,0,0,0,0,0,0,0,0,0,0,0,0,0,0,0,0,0,0,0,0,0,0,0,0,0,0,0,0,0,0,0,0,0,0,0,0,0,0,0,0,0
31,right,0,0,0,0,0,0,0,0,0,0,0,0,0,0,0,0,0,0,0,0,0,0,0,0,0,0,0,0,0,0,0,0,0,0,0,0,0,0,0,0,0,0,0,0,0,0,0,0,0,0,0,0,0,0,0,0,0,0,0,0,0,0,0
31,left,0,0,0,0,0,0,0,0,0,0,0,0,0,0,0,0,0,0,0,0,0,0,0,0,0,0,0,0,0,0,0,0,0,0,0,0,0,0,0,0,0,0,0,0,0,0,0,0,0,0,0,0,0,0,0,0,0,0,0,0,0,0,0
32,right,0,0,0,0,0,0,0,0,0,0,0,0,0,0,0,0,0,0,0,0,0,0,0,0,0,0,0,0,0,0,0,0,0,0,0,0,0,0,0,0,0,0,0,0,0,0,0,0,0,0,0,0,0,0,0,0,0,0,0,0,0,0,0
32,left,0,0,0,0,0,0,0,0,0,0,0,0,0,0,0,0,0,0,0,0,0,0,0,0,0,0,0,0,0,0,0,0,0,0,0,0,0,0,0,0,0,0,0,0,0,0,0,0,0,0,0,0,0,0,0,0,0,0,0,0,0,0,0
33,right,0,0,0,0,0,0,0,0,0,0,0,0,0,0,0,0,0,0,0,0,0,0,0,0,0,0,0,0,0,0,0,0,0,0,0,0,0,0,0,0,0,0,0,0,0,0,0,0,0,0,0,0,0,0,0,0,0,0,0,0,0,0,0
33,left,0,0,0,0,0,0,0,0,0,0,0,0,0,0,0,0,0,0,0,0,0,0,0,0,0,0,0,0,0,0,0,0,0,0,0,0,0,0,0,0,0,0,0,0,0,0,0,0,0,0,0,0,0,0,0,0,0,0,0,0,0,0,0
34,right,0,0,0,0,0,0,0,0,0,0,0,0,0,0,0,0,0,0,0,0,0,0,0,0,0,0,0,0,0,0,0,0,0,0,0,0,0,0,0,0,0,0,0,0,0,0,0,0,0,0,0,0,0,0,0,0,0,0,0,0,0,0,0
34,left,0,0,0,0,0,0,0,0,0,0,0,0,0,0,0,0,0,0,0,0,0,0,0,0,0,0,0,0,0,0,0,0,0,0,0,0,0,0,0,0,0,0,0,0,0,0,0,0,0,0,0,0,0,0,0,0,0,0,0,0,0,0,0
35,right,0,0,0,0,0,0,0,0,0,0,0,0,0,0,0,0,0,0,0,0,0,0,0,0,0,0,0,0,0,0,0,0,0,0,0,0,0,0,0,0,0,0,0,0,0,0,0,0,0,0,0,0,0,0,0,0,0,0,0,0,0,0,0
35,left,0,0,0,0,0,0,0,0,0,0,0,0,0,0,0,0,0,0,0,0,0,0,0,0,0,0,0,0,0,0,0,0,0,0,0,0,0,0,0,0,0,0,0,0,0,0,0,0,0,0,0,0,0,0,0,0,0,0,0,0,0,0,0
36,right,0,0,0,0,0,0,0,0,0,0,0,0,0,0,0,0,0,0,0,0,0,0,0,0,0,0,0,0,0,0,0,0,0,0,0,0,0,0,0,0,0,0,0,0,0,0,0,0,0,0,0,0,0,0,0,0,0,0,0,0,0,0,0
36,left,0,0,0,0,0,0,0,0,0,0,0,0,0,0,0,0,0,0,0,0,0,0,0,0,0,0,0,0,0,0,0,0,0,0,0,0,0,0,0,0,0,0,0,0,0,0,0,0,0,0,0,0,0,0,0,0,0,0,0,0,0,0,0
