1,right,0,0,0,0,0,0,0,0,0,0,0,0,0,0,0,0,0,0,0,0,0,0,0,0,0,0,0,0,0,0,0,0,0,0,0,0,0,0,0,0,0,0,0,0,0,0,0,0,0,0,0,0,0,0,0,0,0,0,0,0,0,0,0
1,left,0,0,0,0,0,0,0,0,0,0,0,0,0,0,0,0,0,0,0,0,0,0,0,0,0,0,0,0,0,0,0,0,0,0,0,0,0,0,0,0,0,0,0,0,0,0,0,0,0,0,0,0,0,0,0,0,0,0,0,0,0,0,0
2,right,0,0,0,0,0,0,0,0,0,0,0,0,0,0,0,0,0,0,0,0,0,0,0,0,0,0,0,0,0,0,0,0,0,0,0,0,0,0,0,0,0,0,0,0,0,0,0,0,0,0,0,0,0,0,0,0,0,0,0,0,0,0,0
2,left,0,0,0,0,0,0,0,0,0,0,0,0,0,0,0,0,0,0,0,0,0,0,0,0,0,0,0,0,0,0,0,0,0,0,0,0,0,0,0,0,0,0,0,0,0,0,0,0,0,0,0,0,0,0,0,0,0,0,0,0,0,0,0
3,right,0,0,0,0,0,0,0,0,0,0,0,0,0,0,0,0,0,0,0,0,0,0,0,0,0,0,0,0,0,0,0,0,0,0,0,0,0,0,0,0,0,0,0,0,0,0,0,0,0,0,0,0,0,0,0,0,0,0,0,0,0,0,0
3,left,0,0,0,0,0,0,0,0,0,0,0,0,0,0,0,0,0,0,0,0,0,0,0,0,0,0,0,0,0,0,0,0,0,0,0,0,0,0,0,0,0,0,0,0,0,0,0,0,0,0,0,0,0,0,0,0,0,0,0,0,0,0,0
4,right,0,0,0,0,0,0,0,0,0,0,0,0,0,0,0,0,0,0,0,0,0,0,0,0,0,0,0,0,0,0,0,0,0,0,0,0,0,0,0,0,0,0,0,0,0,0,0,0,0,0,0,0,0,0,0,0,0,0,0,0,0,0,0
4,left,0,0,0,0,0,0,0,0,0,0,0,0,0,0,0,0,0,0,0,0,0,0,0,0,0,0,0,0,0,0,0,0,0,0,0,0,0,0,0,0,0,0,0,0,0,0,0,0,0,0,0,0,0,0,0,0,0,0,0,0,0,0,0
5,right,0,0,0,0,0,0,0,0,0,0,0,0,0,0,0,0,0,0,0,0,0,0,0,0,0,0,0,0,0,0,0,0,0,0,0,0,0,0,0,0,0,0,0,0,0,0,0,0,0,0,0,0,0,0,0,0,0,0,0,0,0,0,0
5,left,0,0,0,0,0,0,0,0,0,0,0,0,0,0,0,0,0,0,0,0,0,0,0,0,0,0,0,0,0,0,0,0,0,0,0,0,0,0,0,0,0,0,0,0,0,0,0,0,0,0,0,0,0,0,0,0,0,0,0,0,0,0,0
6,right,0,0,0,0,0,0,0,0,0,0,0,0,0,0,0,0,0,0,0,0,0,0,0,0,0,0,0,0,0,0,0,0,0,0,0,0,0,0,0,0,0,0,0,0,0,0,0,0,0,0,0,0,0,0,0,0,0,0,0,0,0,0,0
6,left,0,0,0,0,0,0,0,0,0,0,0,0,0,0,0,0,0,0,0,0,0,0,0,0,0,0,0,0,0,0,0,0,0,0,0,0,0,0,0,0,0,0,0,0,0,0,0,0,0,0,0,0,0,0,0,0,0,0,0,0,0,0,0
7,right,0,0,0,0,0,0,0,0,0,0,0,0,0,0,0,0,0,0,0,0,0,0,0,0,0,0,0,0,0,0,0,0,0,0,0,0,0,0,0,0,0,0,0,0,0,0,0,0,0,0,0,0,0,0,0,0,0,0,0,0,0,0,0
7,left,0,0,0,0,0,0,0,0,0,0,0,0,0,0,0,0,0,0,0,0,0,0,0,0,0,0,0,0,0,0,0,0,0,0,0,0,0,0,0,0,0,0,0,0,0,0,0,0,0,0,0,0,0,0,0,0,0,0,0,0,0,0,0
8,right,0,0,0,0,0,0,0,0,0,0,0,0,0,0,0,0,0,0,0,0,0,0,0,0,0,0,0,0,0,0,0,0,0,0,0,0,0,0,0,0,0,0,0,0,0,0,0,0,0,0,0,0,0,0,0,0,0,0,0,0,0,0,0
8,left,0,0,0,0,0,0,0,0,0,0,0,0,0,0,0,0,0,0,0,0,0,0,0,0,0,0,0,0,0,0,0,0,0,0,0,0,0,0,0,0,0,0,0,0,0,0,0,0,0,0,0,0,0,0,0,0,0,0,0,0,0,0,0
9,right,0,0,0,0,0,0,0,0,0,0,0,0,0,0,0,0,0,0,0,0,0,0,0,0,0,0,0,0,0,0,0,0,0,0,0,0,0,0,0,0,0,0,0,0,0,0,0,0,0,0,0,0,0,0,0,0,0,0,0,0,0,0,0
9,left,0,0,0,0,0,0,0,0,0,0,0,0,0,0,0,0,0,0,0,0,0,0,0,0,0,0,0,0,0,0,0,0,0,0,0,0,0,0,0,0,0,0,0,0,0,0,0,0,0,0,0,0,0,0,0,0,0,0,0,0,0,0,0
10,right,0.1967412531375885,1.005881905555725,-1.741356498996538e-07,0.2402459681034088,1.007064938545227,-0.03466873615980148,0.29031234979629517,0.9680569767951965,-0.05713562294840813,0.32926440238952637,0.9282451272010803,-0.07709141820669174,0.3704974353313446,0.9021732807159424,-0.09795080870389938,0.2699374258518219,0.8842887282371521,-0.05870748311281204,0.2783927023410797,0.8352002501487732,-0.08470319956541061,0.2842133641242981,0.8012231588363647,-0.09948345273733139,0.2907518148422241,0.7729821801185608,-0.10995016992092133,0.22247329354286194,0.8552545309066772,-0.0532907098531723,0.2284269630908966,0.9628143310546875,-0.09294643253087997,0.23032309114933014,1.0288803577423096,-0.10307572036981583,0.22820957005023956,1.0658525228500366,-0.10332808643579483,0.179569810628891,0.8666628003120422,-0.04922555387020111,0.1870931088924408,0.9850813746452332,-0.08323279768228531,0.19024331867694855,1.0401368141174316,-0.08281200379133224,0.18812362849712372,1.0690308809280396,-0.07544434070587158,0.14242082834243774,0.8950367569923401,-0.048240918666124344,0.1481892317533493,0.9828775525093079,-0.0718223825097084,0.15242981910705566,1.0248483419418335,-0.07245048135519028,0.14968277513980865,1.044083833694458,-0.06614814698696136
10,left,0,0,0,0,0,0,0,0,0,0,0,0,0,0,0,0,0,0,0,0,0,0,0,0,0,0,0,0,0,0,0,0,0,0,0,0,0,0,0,0,0,0,0,0,0,0,0,0,0,0,0,0,0,0,0,0,0,0,0,0,0,0,0
11,right,0.19757919013500214,0.9266793727874756,-2.081206389448198e-07,0.2511814534664154,0.9107900857925415,-0.028142273426055908,0.30751925706863403,0.8612715005874634,-0.047008175402879715,0.34805822372436523,0.8212854862213135,-0.0644339919090271,0.3838818669319153,0.7900329828262329,-0.08192811906337738,0.27369260787963867,0.7712547183036804,-0.054237984120845795,0.2784956395626068,0.7101284265518188,-0.08396168053150177,0.27772584557533264,0.6679330468177795,-0.09963551163673401,0.27690252661705017,0.6249956488609314,-0.11116233468055725,0.22604547441005707,0.7385817170143127,-0.053653836250305176,0.21866782009601593,0.829990029335022,-0.09190016984939575,0.22394953668117523,0.8887717723846436,-0.09733247011899948,0.2309020459651947,0.9047565460205078,-0.09606584906578064,0.18113531172275543,0.7463369369506836,-0.054830461740493774,0.1798555999994278,0.855396032333374,-0.08821683377027512,0.19064180552959442,0.9004172086715698,-0.08113861083984375,0.20041772723197937,0.9046984910964966,-0.07176610827445984,0.14147397875785828,0.767467737197876,-0.059164490550756454,0.14287564158439636,0.8606074452400208,-0.08166434615850449,0.15953686833381653,0.9028483033180237,-0.07760188728570938,0.17463566362857819,0.9071345925331116,-0.06954659521579742
11,left,0,0,0,0,0,0,0,0,0,0,0,0,0,0,0,0,0,0,0,0,0,0,0,0,0,0,0,0,0,0,0,0,0,0,0,0,0,0,0,0,0,0,0,0,0,0,0,0,0,0,0,0,0,0,0,0,0,0,0,0,0,0,0
12,right,0.2040073722600937,0.866463840007782,-3.425677519430792e-08,0.25789862871170044,0.847159743309021,-0.028830265626311302,0.306978702545166,0.7921055555343628,-0.04654305800795555,0.34336626529693604,0.7508566975593567,-0.0626373142004013,0.37847086787223816,0.7219175696372986,-0.07928694039583206,0.2750035226345062,0.699688732624054,-0.04190540686249733,0.28167518973350525,0.6282209157943726,-0.06837069243192673,0.28120532631874084,0.5765091180801392,-0.08272623270750046,0.2797260284423828,0.5328807234764099,-0.09278636425733566,0.2317488044500351,0.6808579564094543,-0.039899542927742004,0.23153315484523773,0.7202387452125549,-0.07852616906166077,0.23188920319080353,0.7846794724464417,-0.08473137021064758,0.23317047953605652,0.8137286901473999,-0.08142093569040298,0.1904502958059311,0.6896193027496338,-0.040472351014614105,0.191241055727005,0.7546517252922058,-0.07395979017019272,0.1991531401872635,0.8059107661247253,-0.06675460934638977,0.2084730565547943,0.8183720707893372,-0.055044449865818024,0.15353313088417053,0.7097358703613281,-0.04417004436254501,0.15397915244102478,0.7670598030090332,-0.0646691769361496,0.16684472560882568,0.8120038509368896,-0.059123244136571884,0.17900754511356354,0.8218596577644348,-0.04946906119585037
12,left,0,0,0,0,0,0,0,0,0,0,0,0,0,0,0,0,0,0,0,0,0,0,0,0,0,0,0,0,0,0,0,0,0,0,0,0,0,0,0,0,0,0,0,0,0,0,0,0,0,0,0,0,0,0,0,0,0,0,0,0,0,0,0
13,right,0.2066439390182495,0.8207777142524719,1.1080543060870696e-07,0.2606171667575836,0.7989050149917603,-0.02699568308889866,0.31039246916770935,0.7433805465698242,-0.04320983588695526,0.3501609265804291,0.6974666714668274,-0.05808211863040924,0.38601210713386536,0.6720141172409058,-0.07291256636381149,0.2815508246421814,0.6480276584625244,-0.03538791835308075,0.28794610500335693,0.5758545994758606,-0.05907145515084267,0.28987157344818115,0.5230869054794312,-0.07226455956697464,0.29035016894340515,0.4777270555496216,-0.08157804608345032,0.24176669120788574,0.6307798027992249,-0.03370286524295807,0.24006260931491852,0.6572967767715454,-0.07213591039180756,0.23793895542621613,0.7243097424507141,-0.07786153256893158,0.2373753786087036,0.755699634552002,-0.07292518764734268,0.20225998759269714,0.6364260315895081,-0.03445127233862877,0.19907347857952118,0.6846014857292175,-0.06975194066762924,0.20524120330810547,0.740303635597229,-0.06106656417250633,0.2129063904285431,0.7595957517623901,-0.046438392251729965,0.1651414930820465,0.6531901359558105,-0.03793351352214813,0.16333231329917908,0.6900589466094971,-0.061611197888851166,0.17420266568660736,0.7380837798118591,-0.05539035052061081,0.18381424248218536,0.7545375227928162,-0.04360264539718628
13,left,0,0,0,0,0,0,0,0,0,0,0,0,0,0,0,0,0,0,0,0,0,0,0,0,0,0,0,0,0,0,0,0,0,0,0,0,0,0,0,0,0,0,0,0,0,0,0,0,0,0,0,0,0,0,0,0,0,0,0,0,0,0,0
14,right,0.21056240797042847,0.7772371768951416,8.96471235023455e-08,0.26234281063079834,0.7584686279296875,-0.027935609221458435,0.31277063488960266,0.7051671743392944,-0.04468264803290367,0.3494766056537628,0.6605031490325928,-0.05970969423651695,0.38072022795677185,0.6333983540534973,-0.0743102878332138,0.28146398067474365,0.6068931818008423,-0.039341963827610016,0.2877500057220459,0.5300962924957275,-0.06384468078613281,0.28948622941970825,0.47764456272125244,-0.07625725865364075,0.28873804211616516,0.43328356742858887,-0.08470942825078964,0.24062079191207886,0.5947070717811584,-0.03797196224331856,0.24428583681583405,0.6082537770271301,-0.07693935930728912,0.2427167147397995,0.6778939962387085,-0.08094741404056549,0.24019065499305725,0.7090394496917725,-0.0746493861079216,0.20200076699256897,0.6033892631530762,-0.03894994035363197,0.20206430554389954,0.6391639113426208,-0.07618070393800735,0.209391251206398,0.6990349292755127,-0.06601742655038834,0.21502935886383057,0.7201739549636841,-0.049834709614515305,0.16567105054855347,0.6213653087615967,-0.042409852147102356,0.1665995568037033,0.6455633044242859,-0.06701736897230148,0.17828813195228577,0.6940379738807678,-0.05925425887107849,0.18562480807304382,0.7120035886764526,-0.04641393944621086
14,left,0,0,0,0,0,0,0,0,0,0,0,0,0,0,0,0,0,0,0,0,0,0,0,0,0,0,0,0,0,0,0,0,0,0,0,0,0,0,0,0,0,0,0,0,0,0,0,0,0,0,0,0,0,0,0,0,0,0,0,0,0,0,0
15,right,0.21463720500469208,0.7614157199859619,2.1993058041402946e-08,0.26605507731437683,0.743678629398346,-0.026309026405215263,0.31732237339019775,0.6928346157073975,-0.04151853546500206,0.35355156660079956,0.65284663438797,-0.05571485310792923,0.38470929861068726,0.6246513724327087,-0.06995958834886551,0.2868496775627136,0.5928490161895752,-0.033952873200178146,0.29695039987564087,0.5143542885780334,-0.05667118728160858,0.2992480993270874,0.4632052183151245,-0.06880375742912292,0.30088096857070923,0.4207524061203003,-0.07684477418661118,0.2481999695301056,0.5820506811141968,-0.03269871324300766,0.24796459078788757,0.5917709469795227,-0.07163398712873459,0.24383820593357086,0.6589199900627136,-0.07830685377120972,0.24205255508422852,0.6967048645019531,-0.07349567115306854,0.21041104197502136,0.5893442630767822,-0.03358692303299904,0.20760703086853027,0.6169267892837524,-0.06948838382959366,0.2120075225830078,0.677716851234436,-0.06129181757569313,0.21716690063476562,0.7054694294929504,-0.0463147833943367,0.17352163791656494,0.6050293445587158,-0.03682627156376839,0.17230342328548431,0.6243079304695129,-0.05895182117819786,0.1810321807861328,0.6724001169204712,-0.05108854919672012,0.1879665106534958,0.69394451379776,-0.03837824612855911
15,left,0,0,0,0,0,0,0,0,0,0,0,0,0,0,0,0,0,0,0,0,0,0,0,0,0,0,0,0,0,0,0,0,0,0,0,0,0,0,0,0,0,0,0,0,0,0,0,0,0,0,0,0,0,0,0,0,0,0,0,0,0,0,0
16,right,0.22034242749214172,0.7551329731941223,9.700998226946922e-09,0.27020910382270813,0.7389776110649109,-0.027872571721673012,0.3217128813266754,0.6922078728675842,-0.04475763812661171,0.3615976870059967,0.6550559997558594,-0.06054789572954178,0.3927357792854309,0.626534640789032,-0.07629533112049103,0.2954995632171631,0.5935080051422119,-0.03620070591568947,0.3066233694553375,0.5139209032058716,-0.05983385071158409,0.31010425090789795,0.46311503648757935,-0.07165760546922684,0.31266722083091736,0.42072439193725586,-0.07939773052930832,0.2589944899082184,0.5816391110420227,-0.03474510833621025,0.25908181071281433,0.5838872790336609,-0.07413490861654282,0.25275808572769165,0.6515517234802246,-0.0797298401594162,0.24977922439575195,0.6871266961097717,-0.07398264855146408,0.22180010378360748,0.5869539380073547,-0.0357174389064312,0.21672461926937103,0.608456015586853,-0.0716962069272995,0.21992576122283936,0.6700122952461243,-0.06271693110466003,0.22484490275382996,0.6960186958312988,-0.04740919917821884,0.18490073084831238,0.599510908126831,-0.039236925542354584,0.1814594864845276,0.6184883713722229,-0.06102370470762253,0.18979083001613617,0.6672653555870056,-0.052922021597623825,0.196844682097435,0.6882810592651367,-0.040392227470874786
16,left,0,0,0,0,0,0,0,0,0,0,0,0,0,0,0,0,0,0,0,0,0,0,0,0,0,0,0,0,0,0,0,0,0,0,0,0,0,0,0,0,0,0,0,0,0,0,0,0,0,0,0,0,0,0,0,0,0,0,0,0,0,0,0
17,right,0.22179433703422546,0.7532177567481995,1.728692189395531e-09,0.2713548541069031,0.7378106713294983,-0.026415202766656876,0.32193097472190857,0.6913539171218872,-0.042584776878356934,0.3618464171886444,0.6531906127929688,-0.05787602439522743,0.39292460680007935,0.6255714297294617,-0.07301925867795944,0.2974863350391388,0.5922903418540955,-0.034738410264253616,0.3097371459007263,0.5134520530700684,-0.058751337230205536,0.31427305936813354,0.46242356300354004,-0.07133730500936508,0.3159414827823639,0.42013686895370483,-0.07971519231796265,0.261184960603714,0.5819310545921326,-0.03415519371628761,0.2631353735923767,0.5815167427062988,-0.07368280738592148,0.25703978538513184,0.6494623422622681,-0.0796932801604271,0.2529052793979645,0.6850171089172363,-0.07469939440488815,0.22471529245376587,0.5875321626663208,-0.035885900259017944,0.22217108309268951,0.6036226749420166,-0.07211586833000183,0.22549869120121002,0.6657638549804688,-0.06234508007764816,0.228913351893425,0.6935441493988037,-0.04681899771094322,0.18782120943069458,0.6007070541381836,-0.04006786644458771,0.1863214373588562,0.6159180402755737,-0.06270497292280197,0.194858118891716,0.664132833480835,-0.0544261634349823,0.20092159509658813,0.6849594712257385,-0.041874002665281296
17,left,0,0,0,0,0,0,0,0,0,0,0,0,0,0,0,0,0,0,0,0,0,0,0,0,0,0,0,0,0,0,0,0,0,0,0,0,0,0,0,0,0,0,0,0,0,0,0,0,0,0,0,0,0,0,0,0,0,0,0,0,0,0,0
18,right,0.21830710768699646,0.7514160871505737,1.2104184321515277e-08,0.2686048150062561,0.7348415851593018,-0.02722097933292389,0.31916332244873047,0.6891393661499023,-0.04409950599074364,0.3590230345726013,0.6514478921890259,-0.05973758175969124,0.3903404176235199,0.6250064969062805,-0.0749967023730278,0.2952527403831482,0.5902351140975952,-0.0367315448820591,0.3071664869785309,0.5122150778770447,-0.06149708107113838,0.31172385811805725,0.46103477478027344,-0.07435129582881927,0.31307050585746765,0.4184422791004181,-0.08286174386739731,0.258677214384079,0.5782134532928467,-0.03571569174528122,0.2608286738395691,0.5805161595344543,-0.07427467405796051,0.254890501499176,0.6489863395690918,-0.07875557988882065,0.25154104828834534,0.6823629140853882,-0.07315238565206528,0.22180183231830597,0.5828966498374939,-0.03718074411153793,0.22029119729995728,0.6026822924613953,-0.07264794409275055,0.2233859747648239,0.6641218066215515,-0.061578746885061264,0.2271399348974228,0.6903166770935059,-0.04558771848678589,0.1847664713859558,0.5954784750938416,-0.041248902678489685,0.18435418605804443,0.6115655899047852,-0.06326257437467575,0.1925458312034607,0.6595993041992188,-0.05417000874876976,0.19849476218223572,0.6798425912857056,-0.041233088821172714
18,left,0,0,0,0,0,0,0,0,0,0,0,0,0,0,0,0,0,0,0,0,0,0,0,0,0,0,0,0,0,0,0,0,0,0,0,0,0,0,0,0,0,0,0,0,0,0,0,0,0,0,0,0,0,0,0,0,0,0,0,0,0,0,0
19,right,0.2156311571598053,0.7524844408035278,1.5932986485722722e-08,0.26509007811546326,0.7364821434020996,-0.028158491477370262,0.31527867913246155,0.6906166076660156,-0.046008698642253876,0.355966717004776,0.653357744216919,-0.06254710257053375,0.3877258896827698,0.6270559430122375,-0.07876124233007431,0.29091697931289673,0.5921016931533813,-0.03852315992116928,0.3029838800430298,0.5136400461196899,-0.06345996260643005,0.3076484799385071,0.462103009223938,-0.07596152275800705,0.3089083731174469,0.4196550250053406,-0.08416495472192764,0.25416022539138794,0.581616997718811,-0.03730111941695213,0.25642430782318115,0.5823826789855957,-0.07544077932834625,0.2508924901485443,0.650507390499115,-0.07903178036212921,0.24810852110385895,0.6819490194320679,-0.07302198559045792,0.21720963716506958,0.5865777134895325,-0.038659874349832535,0.21546196937561035,0.6033443212509155,-0.07449888437986374,0.21894729137420654,0.6656503081321716,-0.06280162185430527,0.22299323976039886,0.6914927959442139,-0.046395767480134964,0.18028384447097778,0.5986890196800232,-0.042656198143959045,0.17996077239513397,0.6109505891799927,-0.06528349965810776,0.18783992528915405,0.6597591042518616,-0.05586694926023483,0.19301928579807281,0.6809118390083313,-0.04268505424261093
19,left,0,0,0,0,0,0,0,0,0,0,0,0,0,0,0,0,0,0,0,0,0,0,0,0,0,0,0,0,0,0,0,0,0,0,0,0,0,0,0,0,0,0,0,0,0,0,0,0,0,0,0,0,0,0,0,0,0,0,0,0,0,0,0
20,right,0.21569491922855377,0.7533192038536072,1.2129718562903236e-08,0.2650967240333557,0.7379146814346313,-0.028909984976053238,0.31493276357650757,0.6922776699066162,-0.046828772872686386,0.35519513487815857,0.6538779735565186,-0.06330899894237518,0.38706228137016296,0.626192033290863,-0.07939869910478592,0.2905462086200714,0.5928633213043213,-0.03806939721107483,0.30174222588539124,0.5143516063690186,-0.06344696134328842,0.30578938126564026,0.46302032470703125,-0.07644255459308624,0.3067340552806854,0.42077651619911194,-0.0848933607339859,0.25399330258369446,0.5824899673461914,-0.036591775715351105,0.2548466622829437,0.582349956035614,-0.0765264481306076,0.24892839789390564,0.651179313659668,-0.08118140697479248,0.2459225207567215,0.685710608959198,-0.0751260444521904,0.21714350581169128,0.587486982345581,-0.03782662749290466,0.21335391700267792,0.6058049201965332,-0.07472430169582367,0.21672756969928741,0.6677818894386292,-0.0639672577381134,0.2210811972618103,0.6943687796592712,-0.047636713832616806,0.18017800152301788,0.599668025970459,-0.041774503886699677,0.17799483239650726,0.6150758862495422,-0.06484127044677734,0.18612155318260193,0.6642310619354248,-0.056101858615875244,0.19234183430671692,0.6854574084281921,-0.04311482980847359
20,left,0,0,0,0,0,0,0,0,0,0,0,0,0,0,0,0,0,0,0,0,0,0,0,0,0,0,0,0,0,0,0,0,0,0,0,0,0,0,0,0,0,0,0,0,0,0,0,0,0,0,0,0,0,0,0,0,0,0,0,0,0,0,0
21,right,0.21156054735183716,0.7635225057601929,8.896755332443718e-09,0.2623653709888458,0.7476009130477905,-0.029523327946662903,0.31310123205184937,0.6996856331825256,-0.04746180400252342,0.3523762822151184,0.6605108380317688,-0.06413671374320984,0.38576507568359375,0.633951723575592,-0.0805962011218071,0.2857276499271393,0.6001008749008179,-0.035870037972927094,0.29712140560150146,0.5240345597267151,-0.06045021489262581,0.3018283545970917,0.4731653928756714,-0.07260014861822128,0.30281269550323486,0.43174898624420166,-0.08064918965101242,0.24739065766334534,0.5920368432998657,-0.03460639715194702,0.2470339834690094,0.592475414276123,-0.07335446029901505,0.2426118552684784,0.6639381647109985,-0.07733400911092758,0.24116870760917664,0.6969457864761353,-0.07125452905893326,0.20994046330451965,0.5991541743278503,-0.036430638283491135,0.205804243683815,0.6168853640556335,-0.07436134666204453,0.21046507358551025,0.6811168193817139,-0.06380718946456909,0.2156888246536255,0.7064036130905151,-0.04757900536060333,0.17296139895915985,0.6128242611885071,-0.04088425636291504,0.1701832264661789,0.6236757636070251,-0.06549107283353806,0.17884132266044617,0.6743956804275513,-0.05688052624464035,0.18480144441127777,0.6957677602767944,-0.043963607400655746
21,left,0,0,0,0,0,0,0,0,0,0,0,0,0,0,0,0,0,0,0,0,0,0,0,0,0,0,0,0,0,0,0,0,0,0,0,0,0,0,0,0,0,0,0,0,0,0,0,0,0,0,0,0,0,0,0,0,0,0,0,0,0,0,0
22,right,0.20005616545677185,0.7825895547866821,-1.582918152109869e-08,0.250629186630249,0.7686747312545776,-0.03196105733513832,0.3035253584384918,0.7188811898231506,-0.05030743405222893,0.34332311153411865,0.6770117282867432,-0.06680771708488464,0.3784664273262024,0.6498363614082336,-0.0830559954047203,0.27788934111595154,0.6136935353279114,-0.040029119700193405,0.2855825126171112,0.541250467300415,-0.0656384602189064,0.2886511981487274,0.4887866973876953,-0.07859218865633011,0.28915366530418396,0.44563281536102295,-0.08738235384225845,0.23740746080875397,0.5984317660331726,-0.03726228326559067,0.23171469569206238,0.6218357086181641,-0.07663612812757492,0.22840923070907593,0.6921584010124207,-0.08137530088424683,0.2291036695241928,0.7219564914703369,-0.07599993050098419,0.197975292801857,0.6036341190338135,-0.03773266449570656,0.18875545263290405,0.6502586603164673,-0.07574737817049026,0.19492781162261963,0.7098482251167297,-0.06797005981206894,0.2043692171573639,0.7286953926086426,-0.05399445444345474,0.16027292609214783,0.6175258159637451,-0.04131528362631798,0.15572166442871094,0.6528049111366272,-0.06703236699104309,0.16542723774909973,0.7047990560531616,-0.06176040694117546,0.17531026899814606,0.7236939668655396,-0.051001302897930145
22,left,0,0,0,0,0,0,0,0,0,0,0,0,0,0,0,0,0,0,0,0,0,0,0,0,0,0,0,0,0,0,0,0,0,0,0,0,0,0,0,0,0,0,0,0,0,0,0,0,0,0,0,0,0,0,0,0,0,0,0,0,0,0,0
23,right,0.18442168831825256,0.8294650316238403,-1.2767441148753278e-07,0.2359495460987091,0.8150007724761963,-0.03090510703623295,0.2903173565864563,0.763881504535675,-0.047624509781599045,0.33038467168807983,0.7199826836585999,-0.062239304184913635,0.36807888746261597,0.6935276985168457,-0.07659547030925751,0.2643330991268158,0.6597051620483398,-0.04066848382353783,0.2734037935733795,0.59196937084198,-0.06615186482667923,0.2742811441421509,0.5456665754318237,-0.07995016872882843,0.27510079741477966,0.5038938522338867,-0.0895346850156784,0.2239120602607727,0.6381658911705017,-0.03775949403643608,0.2148917019367218,0.6740381717681885,-0.07726176083087921,0.21328140795230865,0.7438594102859497,-0.08427976816892624,0.21748840808868408,0.7794211506843567,-0.0807134360074997,0.18285097181797028,0.6410122513771057,-0.03756941482424736,0.1706359088420868,0.6983142495155334,-0.07450014352798462,0.17584887146949768,0.757148027420044,-0.06844652444124222,0.18665751814842224,0.780040979385376,-0.055696502327919006,0.14362269639968872,0.6548593640327454,-0.04036274924874306,0.13514834642410278,0.6981515884399414,-0.0642806813120842,0.14395490288734436,0.7487387657165527,-0.05957372486591339,0.15538042783737183,0.7681547403335571,-0.049274761229753494
23,left,0,0,0,0,0,0,0,0,0,0,0,0,0,0,0,0,0,0,0,0,0,0,0,0,0,0,0,0,0,0,0,0,0,0,0,0,0,0,0,0,0,0,0,0,0,0,0,0,0,0,0,0,0,0,0,0,0,0,0,0,0,0,0
24,right,0.1816810667514801,0.8696858882904053,-4.69953675974466e-07,0.23259584605693817,0.8778342604637146,-0.05784294009208679,0.2781539261341095,0.8523407578468323,-0.09088469296693802,0.3119116723537445,0.8209723830223083,-0.11530068516731262,0.34523290395736694,0.7896903157234192,-0.1364181935787201,0.24995747208595276,0.7025306224822998,-0.07495708018541336,0.21244411170482635,0.7679275274276733,-0.11926236748695374,0.2000878006219864,0.838466227054596,-0.14266371726989746,0.2010512351989746,0.8710202574729919,-0.15370123088359833,0.19813044369220734,0.6987641453742981,-0.06295507401227951,0.169021338224411,0.7733545899391174,-0.10468761622905731,0.16775718331336975,0.845521867275238,-0.11522436887025833,0.17374518513679504,0.8739473223686218,-0.11765699833631516,0.1550402045249939,0.7138633728027344,-0.05584017559885979,0.13183610141277313,0.7873011827468872,-0.09817559272050858,0.13640369474887848,0.8529887795448303,-0.09738150238990784,0.146566241979599,0.8789032697677612,-0.08971820026636124,0.12094524502754211,0.737378716468811,-0.05312218517065048,0.10229721665382385,0.7921907305717468,-0.08431119471788406,0.1084463894367218,0.8487316370010376,-0.08336002379655838,0.12055227905511856,0.8746416568756104,-0.0754958763718605
24,left,0,0,0,0,0,0,0,0,0,0,0,0,0,0,0,0,0,0,0,0,0,0,0,0,0,0,0,0,0,0,0,0,0,0,0,0,0,0,0,0,0,0,0,0,0,0,0,0,0,0,0,0,0,0,0,0,0,0,0,0,0,0,0
25,right,0.16269399225711823,0.9539253115653992,-5.096925974612532e-07,0.19801954925060272,0.9647825360298157,-0.03853537514805794,0.23965415358543396,0.9659649729728699,-0.06835779547691345,0.2723255753517151,0.9677623510360718,-0.09544100612401962,0.30312380194664,0.9672175049781799,-0.1209326907992363,0.24662548303604126,0.858816385269165,-0.06494418531656265,0.2526991069316864,0.9148876667022705,-0.11411528289318085,0.24530795216560364,0.9843043684959412,-0.14169853925704956,0.24122387170791626,1.0317662954330444,-0.15282373130321503,0.20414835214614868,0.8445515632629395,-0.06239628791809082,0.19478505849838257,0.9582601189613342,-0.1093548908829689,0.18875594437122345,1.0392242670059204,-0.1205294281244278,0.18450725078582764,1.0797221660614014,-0.11987783759832382,0.16206936538219452,0.8512030243873596,-0.06337031722068787,0.14772985875606537,0.9736992716789246,-0.10428115725517273,0.14424602687358856,1.0439079999923706,-0.10037935525178909,0.1416771411895752,1.0757299661636353,-0.08787363022565842,0.12291725724935532,0.8678458333015442,-0.06751856952905655,0.1105654314160347,0.9591256380081177,-0.09113549441099167,0.11073040962219238,1.0150693655014038,-0.08343209326267242,0.11408931016921997,1.0398740768432617,-0.06945190578699112
25,left,0,0,0,0,0,0,0,0,0,0,0,0,0,0,0,0,0,0,0,0,0,0,0,0,0,0,0,0,0,0,0,0,0,0,0,0,0,0,0,0,0,0,0,0,0,0,0,0,0,0,0,0,0,0,0,0,0,0,0,0,0,0,0
26,right,0,0,0,0,0,0,0,0,0,0,0,0,0,0,0,0,0,0,0,0,0,0,0,0,0,0,0,0,0,0,0,0,0,0,0,0,0,0,0,0,0,0,0,0,0,0,0,0,0,0,0,0,0,0,0,0,0,0,0,0,0,0,0
26,left,0,0,0,0,0,0,0,0,0,0,0,0,0,0,0,0,0,0,0,0,0,0,0,0,0,0,0,0,0,0,0,0,0,0,0,0,0,0,0,0,0,0,0,0,0,0,0,0,0,0,0,0,0,0,0,0,0,0,0,0,0,0,0
27,right,0,0,0,0,0,0,0,0,0,0,0,0,0,0,0,0,0,0,0,0,0,0,0,0,0,0,0,0,0,0,0,0,0,0,0,0,0,0,0,0,0,0,0,0,0,0,0,0,0,0,0,0,0,0,0,0,0,0,0,0,0,0,0
27,left,0,0,0,0,0,0,0,0,0,0,0,0,0,0,0,0,0,0,0,0,0,0,0,0,0,0,0,0,0,0,0,0,0,0,0,0,0,0,0,0,0,0,0,0,0,0,0,0,0,0,0,0,0,0,0,0,0,0,0,0,0,0,0
28,right,0,0,0,0,0,0,0,0,0,0,0,0,0,0,0,0,0,0,0,0,0,0,0,0,0,0,0,0,0,0,0,0,0,0,0,0,0,0,0,0,0,0,0,0,0,0,0,0,0,0,0,0,0,0,0,0,0,0,0,0,0,0,0
28,left,0,0,0,0,0,0,0,0,0,0,0,0,0,0,0,0,0,0,0,0,0,0,0,0,0,0,0,0,0,0,0,0,0,0,0,0,0,0,0,0,0,0,0,0,0,0,0,0,0,0,0,0,0,0,0,0,0,0,0,0,0,0,0
29,right,0,0,0,0,0,0,0,0,0,0,0,0,0,0,0,0,0,0,0,0,0,0,0,0,0,0,0,0,0,0,0,0,0,0,0,0,0,0,0,0,0,0,0,0,0,0,0,0,0,0,0,0,0,0,0,0,0,0,0,0,0,0,0
29,left,0,0,0,0,0,0,0,0,0,0,0,0,0,0,0,0,0,0,0,0,0,0,0,0,0,0,0,0,0,0,0,0,0,0,0,0,0,0,0,0,0,0,0,0,0,0,0,0,0,0,0,0,0,0,0,0,0,0,0,0,0,0,0
30,right,0,0,0,0,0,0,0,0,0,0,0,0,0,0,0,0,0,0,0,0,0,0,0,0,0,0,0,0,0,0,0,0,0,0,0,0,0,0,0,0,0,0,0,0,0,0,0,0,0,0,0,0,0,0,0,0,0,0,0,0,0,0,0
30,left,0,0,0,0,0,0,0,0,0,0,0,0,0,0,0,0,0,0,0,0,0,0,0,0,0,0,0,0,0,0,0,0,0,0,0,0,0,0,0,0,0,0,0,0,0,0,0,0,0,0,0,0,0,0,0,0,0,0,0,0,0,0,0
31,right,0,0,0,0,0,0,0,0,0,0,0,0,0,0,0,0,0,0,0,0,0,0,0,0,0,0,0,0,0,0,0,0,0,0,0,0,0,0,0,0,0,0,0,0,0,0,0,0,0,0,0,0,0,0,0,0,0,0,0,0,0,0,0
31,left,0,0,0,0,0,0,0,0,0,0,0,0,0,0,0,0,0,0,0,0,0,0,0,0,0,0,0,0,0,0,0,0,0,0,0,0,0,0,0,0,0,0,0,0,0,0,0,0,0,0,0,0,0,0,0,0,0,0,0,0,0,0,0
32,right,0,0,0,0,0,0,0,0,0,0,0,0,0,0,0,0,0,0,0,0,0,0,0,0,0,0,0,0,0,0,0,0,0,0,0,0,0,0,0,0,0,0,0,0,0,0,0,0,0,0,0,0,0,0,0,0,0,0,0,0,0,0,0
32,left,0,0,0,0,0,0,0,0,0,0,0,0,0,0,0,0,0,0,0,0,0,0,0,0,0,0,0,0,0,0,0,0,0,0,0,0,0,0,0,0,0,0,0,0,0,0,0,0,0,0,0,0,0,0,0,0,0,0,0,0,0,0,0
33,right,0,0,0,0,0,0,0,0,0,0,0,0,0,0,0,0,0,0,0,0,0,0,0,0,0,0,0,0,0,0,0,0,0,0,0,0,0,0,0,0,0,0,0,0,0,0,0,0,0,0,0,0,0,0,0,0,0,0,0,0,0,0,0
33,left,0,0,0,0,0,0,0,0,0,0,0,0,0,0,0,0,0,0,0,0,0,0,0,0,0,0,0,0,0,0,0,0,0,0,0,0,0,0,0,0,0,0,0,0,0,0,0,0,0,0,0,0,0,0,0,0,0,0,0,0,0,0,0
34,right,0,0,0,0,0,0,0,0,0,0,0,0,0,0,0,0,0,0,0,0,0,0,0,0,0,0,0,0,0,0,0,0,0,0,0,0,0,0,0,0,0,0,0,0,0,0,0,0,0,0,0,0,0,0,0,0,0,0,0,0,0,0,0
34,left,0,0,0,0,0,0,0,0,0,0,0,0,0,0,0,0,0,0,0,0,0,0,0,0,0,0,0,0,0,0,0,0,0,0,0,0,0,0,0,0,0,0,0,0,0,0,0,0,0,0,0,0,0,0,0,0,0,0,0,0,0,0,0
35,right,0,0,0,0,0,0,0,0,0,0,0,0,0,0,0,0,0,0,0,0,0,0,0,0,0,0,0,0,0,0,0,0,0,0,0,0,0,0,0,0,0,0,0,0,0,0,0,0,0,0,0,0,0,0,0,0,0,0,0,0,0,0,0
35,left,0,0,0,0,0,0,0,0,0,0,0,0,0,0,0,0,0,0,0,0,0,0,0,0,0,0,0,0,0,0,0,0,0,0,0,0,0,0,0,0,0,0,0,0,0,0,0,0,0,0,0,0,0,0,0,0,0,0,0,0,0,0,0
36,right,0,0,0,0,0,0,0,0,0,0,0,0,0,0,0,0,0,0,0,0,0,0,0,0,0,0,0,0,0,0,0,0,0,0,0,0,0,0,0,0,0,0,0,0,0,0,0,0,0,0,0,0,0,0,0,0,0,0,0,0,0,0,0
36,left,0,0,0,0,0,0,0,0,0,0,0,0,0,0,0,0,0,0,0,0,0,0,0,0,0,0,0,0,0,0,0,0,0,0,0,0,0,0,0,0,0,0,0,0,0,0,0,0,0,0,0,0,0,0,0,0,0,0,0,0,0,0,0
