1,right,0,0,0,0,0,0,0,0,0,0,0,0,0,0,0,0,0,0,0,0,0,0,0,0,0,0,0,0,0,0,0,0,0,0,0,0,0,0,0,0,0,0,0,0,0,0,0,0,0,0,0,0,0,0,0,0,0,0,0,0,0,0,0
1,left,0,0,0,0,0,0,0,0,0,0,0,0,0,0,0,0,0,0,0,0,0,0,0,0,0,0,0,0,0,0,0,0,0,0,0,0,0,0,0,0,0,0,0,0,0,0,0,0,0,0,0,0,0,0,0,0,0,0,0,0,0,0,0
2,right,0,0,0,0,0,0,0,0,0,0,0,0,0,0,0,0,0,0,0,0,0,0,0,0,0,0,0,0,0,0,0,0,0,0,0,0,0,0,0,0,0,0,0,0,0,0,0,0,0,0,0,0,0,0,0,0,0,0,0,0,0,0,0
2,left,0,0,0,0,0,0,0,0,0,0,0,0,0,0,0,0,0,0,0,0,0,0,0,0,0,0,0,0,0,0,0,0,0,0,0,0,0,0,0,0,0,0,0,0,0,0,0,0,0,0,0,0,0,0,0,0,0,0,0,0,0,0,0
3,right,0,0,0,0,0,0,0,0,0,0,0,0,0,0,0,0,0,0,0,0,0,0,0,0,0,0,0,0,0,0,0,0,0,0,0,0,0,0,0,0,0,0,0,0,0,0,0,0,0,0,0,0,0,0,0,0,0,0,0,0,0,0,0
3,left,0,0,0,0,0,0,0,0,0,0,0,0,0,0,0,0,0,0,0,0,0,0,0,0,0,0,0,0,0,0,0,0,0,0,0,0,0,0,0,0,0,0,0,0,0,0,0,0,0,0,0,0,0,0,0,0,0,0,0,0,0,0,0
4,right,0,0,0,0,0,0,0,0,0,0,0,0,0,0,0,0,0,0,0,0,0,0,0,0,0,0,0,0,0,0,0,0,0,0,0,0,0,0,0,0,0,0,0,0,0,0,0,0,0,0,0,0,0,0,0,0,0,0,0,0,0,0,0
4,left,0,0,0,0,0,0,0,0,0,0,0,0,0,0,0,0,0,0,0,0,0,0,0,0,0,0,0,0,0,0,0,0,0,0,0,0,0,0,0,0,0,0,0,0,0,0,0,0,0,0,0,0,0,0,0,0,0,0,0,0,0,0,0
5,right,0,0,0,0,0,0,0,0,0,0,0,0,0,0,0,0,0,0,0,0,0,0,0,0,0,0,0,0,0,0,0,0,0,0,0,0,0,0,0,0,0,0,0,0,0,0,0,0,0,0,0,0,0,0,0,0,0,0,0,0,0,0,0
5,left,0,0,0,0,0,0,0,0,0,0,0,0,0,0,0,0,0,0,0,0,0,0,0,0,0,0,0,0,0,0,0,0,0,0,0,0,0,0,0,0,0,0,0,0,0,0,0,0,0,0,0,0,0,0,0,0,0,0,0,0,0,0,0
6,right,0,0,0,0,0,0,0,0,0,0,0,0,0,0,0,0,0,0,0,0,0,0,0,0,0,0,0,0,0,0,0,0,0,0,0,0,0,0,0,0,0,0,0,0,0,0,0,0,0,0,0,0,0,0,0,0,0,0,0,0,0,0,0
6,left,0,0,0,0,0,0,0,0,0,0,0,0,0,0,0,0,0,0,0,0,0,0,0,0,0,0,0,0,0,0,0,0,0,0,0,0,0,0,0,0,0,0,0,0,0,0,0,0,0,0,0,0,0,0,0,0,0,0,0,0,0,0,0
7,right,0,0,0,0,0,0,0,0,0,0,0,0,0,0,0,0,0,0,0,0,0,0,0,0,0,0,0,0,0,0,0,0,0,0,0,0,0,0,0,0,0,0,0,0,0,0,0,0,0,0,0,0,0,0,0,0,0,0,0,0,0,0,0
7,left,0,0,0,0,0,0,0,0,0,0,0,0,0,0,0,0,0,0,0,0,0,0,0,0,0,0,0,0,0,0,0,0,0,0,0,0,0,0,0,0,0,0,0,0,0,0,0,0,0,0,0,0,0,0,0,0,0,0,0,0,0,0,0
8,right,0.21609801054000854,1.0403013229370117,-2.368121272411372e-07,0.2672061026096344,1.019200086593628,-0.0263816025108099,0.3150240480899811,0.9688066840171814,-0.044982824474573135,0.3529701828956604,0.9324266314506531,-0.06520803272724152,0.3917972147464752,0.9027736186981201,-0.08572113513946533,0.29401716589927673,0.8489165902137756,-0.036964453756809235,0.30934271216392517,0.7695545554161072,-0.06603007018566132,0.3228427767753601,0.7470627427101135,-0.08296843618154526,0.3385408818721771,0.7388966083526611,-0.09224812686443329,0.24768973886966705,0.834691047668457,-0.03684287890791893,0.25324419140815735,0.893806517124176,-0.07352081686258316,0.2546280026435852,0.9568549394607544,-0.08304592221975327,0.25406989455223083,0.9887423515319824,-0.08275169134140015,0.20380617678165436,0.8540526628494263,-0.039517104625701904,0.20940467715263367,0.9368178844451904,-0.06863237917423248,0.21688459813594818,0.9892895221710205,-0.06417768448591232,0.22063159942626953,1.0135586261749268,-0.0548970066010952,0.16422107815742493,0.8859536647796631,-0.045687541365623474,0.16919109225273132,0.9564715027809143,-0.061522480100393295,0.17871984839439392,1.000830054283142,-0.055697884410619736,0.1838938593864441,1.0209060907363892,-0.04551023989915848
8,left,0,0,0,0,0,0,0,0,0,0,0,0,0,0,0,0,0,0,0,0,0,0,0,0,0,0,0,0,0,0,0,0,0,0,0,0,0,0,0,0,0,0,0,0,0,0,0,0,0,0,0,0,0,0,0,0,0,0,0,0,0,0,0
9,right,0.220949187874794,0.9080191850662231,-2.1120609972058446e-07,0.27792808413505554,0.8979835510253906,-0.025292852893471718,0.3368671238422394,0.8442496061325073,-0.03926251083612442,0.3738548457622528,0.7995539307594299,-0.05212544649839401,0.40786898136138916,0.767159104347229,-0.06548377126455307,0.3066457509994507,0.7556315660476685,-0.03962172195315361,0.31321752071380615,0.6938965916633606,-0.06350954622030258,0.31467610597610474,0.6569571495056152,-0.07628278434276581,0.31785207986831665,0.6266531348228455,-0.08506859093904495,0.2639038860797882,0.7242732048034668,-0.03886805847287178,0.2618870139122009,0.7845359444618225,-0.07427287101745605,0.2579740881919861,0.8477710485458374,-0.08088180422782898,0.2581484615802765,0.8768677711486816,-0.07884615659713745,0.2212119996547699,0.7258623838424683,-0.040087223052978516,0.21807286143302917,0.8063032031059265,-0.07177098095417023,0.22036248445510864,0.861461877822876,-0.06566669046878815,0.22784605622291565,0.8812849521636963,-0.05526180937886238,0.1805027723312378,0.7409554123878479,-0.044010333716869354,0.17554470896720886,0.8107630014419556,-0.06458687782287598,0.18450197577476501,0.8609021902084351,-0.05994711071252823,0.1961749941110611,0.878282904624939,-0.050869137048721313
9,left,0,0,0,0,0,0,0,0,0,0,0,0,0,0,0,0,0,0,0,0,0,0,0,0,0,0,0,0,0,0,0,0,0,0,0,0,0,0,0,0,0,0,0,0,0,0,0,0,0,0,0,0,0,0,0,0,0,0,0,0,0,0,0
10,right,0.23019768297672272,0.8626716136932373,9.746551654643554e-08,0.29161977767944336,0.8304429054260254,-0.01911645196378231,0.3455420136451721,0.7720118165016174,-0.029503988102078438,0.3845879137516022,0.7253310084342957,-0.0401526615023613,0.4195481538772583,0.695524275302887,-0.05167875438928604,0.31553423404693604,0.6791948080062866,-0.018261216580867767,0.32533031702041626,0.614152729511261,-0.035299841314554214,0.330485075712204,0.5655054450035095,-0.048284053802490234,0.33452484011650085,0.5213552117347717,-0.058372385799884796,0.2779015004634857,0.6616361141204834,-0.019539054483175278,0.28154587745666504,0.6775836944580078,-0.052986133843660355,0.27573487162590027,0.7476844191551208,-0.06251025199890137,0.26993507146835327,0.7884652614593506,-0.06026594340801239,0.23899485170841217,0.6683776378631592,-0.0222884900867939,0.24135872721672058,0.6890325546264648,-0.05565441772341728,0.24110914766788483,0.7565457224845886,-0.0491652749478817,0.24102739989757538,0.7929601073265076,-0.03509540110826492,0.20064964890480042,0.6877503395080566,-0.02656380832195282,0.20166698098182678,0.7021651268005371,-0.05180862173438072,0.20832617580890656,0.7562417387962341,-0.045374494045972824,0.21250775456428528,0.785304844379425,-0.03232305496931076
10,left,0,0,0,0,0,0,0,0,0,0,0,0,0,0,0,0,0,0,0,0,0,0,0,0,0,0,0,0,0,0,0,0,0,0,0,0,0,0,0,0,0,0,0,0,0,0,0,0,0,0,0,0,0,0,0,0,0,0,0,0,0,0,0
11,right,0.24195596575737,0.8034504652023315,3.122271152733447e-08,0.29878079891204834,0.7827165126800537,-0.0195766668766737,0.3530508279800415,0.7294887900352478,-0.03120344690978527,0.39235299825668335,0.6868142485618591,-0.04332246631383896,0.4249891936779022,0.6591015458106995,-0.05585156008601189,0.32681068778038025,0.6327122449874878,-0.022352905943989754,0.339426189661026,0.5577434301376343,-0.040941450744867325,0.344704806804657,0.5079655051231384,-0.05165746435523033,0.34780436754226685,0.46585768461227417,-0.05937602370977402,0.28974658250808716,0.6199514269828796,-0.02428256720304489,0.29353976249694824,0.6262675523757935,-0.06079552322626114,0.28549817204475403,0.697749137878418,-0.06759893894195557,0.2787151038646698,0.735467255115509,-0.06311556696891785,0.25203657150268555,0.6259908080101013,-0.027973780408501625,0.2542087435722351,0.6382835507392883,-0.06343228369951248,0.25312718749046326,0.7054840326309204,-0.05426380783319473,0.25265398621559143,0.7372605800628662,-0.03842712193727493,0.2140854001045227,0.640752375125885,-0.033175017684698105,0.2165764570236206,0.6407724022865295,-0.05662192776799202,0.22033677995204926,0.6915345788002014,-0.04759101942181587,0.22158809006214142,0.7158125638961792,-0.03364376723766327
11,left,0,0,0,0,0,0,0,0,0,0,0,0,0,0,0,0,0,0,0,0,0,0,0,0,0,0,0,0,0,0,0,0,0,0,0,0,0,0,0,0,0,0,0,0,0,0,0,0,0,0,0,0,0,0,0,0,0,0,0,0,0,0,0
12,right,0.2533014714717865,0.7685267329216003,1.4136248616125613e-08,0.30622589588165283,0.7572723627090454,-0.023064419627189636,0.3620418608188629,0.7085013389587402,-0.03669353201985359,0.39914411306381226,0.6692829132080078,-0.049958735704422,0.4330732822418213,0.6451968550682068,-0.06294796615839005,0.3383844494819641,0.6081632971763611,-0.02851817198097706,0.3539966344833374,0.5314033031463623,-0.04974512383341789,0.3608095645904541,0.48404085636138916,-0.06018028035759926,0.3651019334793091,0.4424748420715332,-0.06723351776599884,0.3013135492801666,0.5937957763671875,-0.029123099520802498,0.3060729503631592,0.5997287034988403,-0.0653715580701828,0.29863470792770386,0.6690143942832947,-0.06986041367053986,0.2925399839878082,0.6999782919883728,-0.0642475038766861,0.264382541179657,0.5969339609146118,-0.031936850398778915,0.26518043875694275,0.6167444586753845,-0.06793342530727386,0.264841765165329,0.6815561652183533,-0.057925693690776825,0.26530224084854126,0.7058384418487549,-0.041852835565805435,0.22764907777309418,0.6078670620918274,-0.03659632429480553,0.2296549677848816,0.6185624003410339,-0.0591253787279129,0.23451878130435944,0.6686484217643738,-0.04978644847869873,0.23738446831703186,0.6884668469429016,-0.036233965307474136
12,left,0,0,0,0,0,0,0,0,0,0,0,0,0,0,0,0,0,0,0,0,0,0,0,0,0,0,0,0,0,0,0,0,0,0,0,0,0,0,0,0,0,0,0,0,0,0,0,0,0,0,0,0,0,0,0,0,0,0,0,0,0,0,0
13,right,0.2604599595069885,0.7425311207771301,5.987634832393951e-09,0.31274405121803284,0.7350443005561829,-0.023152250796556473,0.36972492933273315,0.6895749568939209,-0.035195622593164444,0.4062494933605194,0.652952253818512,-0.04683908820152283,0.43797919154167175,0.6281763315200806,-0.0580969899892807,0.34723562002182007,0.5901008248329163,-0.0258401520550251,0.3664340376853943,0.5127570033073425,-0.046048760414123535,0.37498241662979126,0.4668493866920471,-0.05558036267757416,0.38143929839134216,0.42602917551994324,-0.06160512939095497,0.3116871416568756,0.5755192637443542,-0.025862202048301697,0.31853675842285156,0.5760952830314636,-0.06277982890605927,0.3087887465953827,0.6424503326416016,-0.06830840557813644,0.30202776193618774,0.6761683821678162,-0.06246713921427727,0.27618616819381714,0.5762513279914856,-0.028131725266575813,0.27854010462760925,0.593258261680603,-0.06488732248544693,0.2752473056316376,0.657818615436554,-0.0563843734562397,0.2751137316226959,0.6846463084220886,-0.04024459049105644,0.24077150225639343,0.5833593606948853,-0.03217019885778427,0.24402514100074768,0.5927494168281555,-0.05524831265211105,0.24692410230636597,0.643927276134491,-0.046854328364133835,0.25007501244544983,0.6666616201400757,-0.03333786129951477
13,left,0,0,0,0,0,0,0,0,0,0,0,0,0,0,0,0,0,0,0,0,0,0,0,0,0,0,0,0,0,0,0,0,0,0,0,0,0,0,0,0,0,0,0,0,0,0,0,0,0,0,0,0,0,0,0,0,0,0,0,0,0,0,0
14,right,0.26172950863838196,0.7324008345603943,-2.8120670236830847e-08,0.3141356408596039,0.724587082862854,-0.02426019497215748,0.3716031014919281,0.6793949604034424,-0.036811474710702896,0.4112872779369354,0.6421377062797546,-0.04886374622583389,0.4454168677330017,0.6184543371200562,-0.06052292510867119,0.3495274782180786,0.585943341255188,-0.02628757432103157,0.3701305389404297,0.5087776780128479,-0.0474720373749733,0.3797732889652252,0.46233421564102173,-0.05828401818871498,0.3865981698036194,0.4217984676361084,-0.06531336903572083,0.31535834074020386,0.5732551217079163,-0.025997892022132874,0.32256895303726196,0.5656667947769165,-0.06561823934316635,0.31174591183662415,0.6316430568695068,-0.07322651892900467,0.3044832646846771,0.669062077999115,-0.06838544458150864,0.28096291422843933,0.5729817152023315,-0.02796703204512596,0.28363990783691406,0.5787023901939392,-0.06570751965045929,0.2789085805416107,0.6421710252761841,-0.057745013386011124,0.2781028151512146,0.6727508306503296,-0.041815437376499176,0.2462591528892517,0.5785154104232788,-0.03182213753461838,0.25097402930259705,0.5790084600448608,-0.05519844964146614,0.253190279006958,0.6279837489128113,-0.04696861654520035,0.2552470266819,0.6524710059165955,-0.03367515280842781
14,left,0,0,0,0,0,0,0,0,0,0,0,0,0,0,0,0,0,0,0,0,0,0,0,0,0,0,0,0,0,0,0,0,0,0,0,0,0,0,0,0,0,0,0,0,0,0,0,0,0,0,0,0,0,0,0,0,0,0,0,0,0,0,0
15,right,0.2671643793582916,0.721371591091156,6.640636041055359e-09,0.318759948015213,0.7155033349990845,-0.024859866127371788,0.3757942020893097,0.6725577712059021,-0.03786717355251312,0.414043128490448,0.6346591114997864,-0.05024368315935135,0.44885531067848206,0.6123167276382446,-0.06185632199048996,0.3545151650905609,0.5752229690551758,-0.02486320585012436,0.37512218952178955,0.4981406331062317,-0.04559772089123726,0.3852042555809021,0.4522562623023987,-0.05538228899240494,0.392139732837677,0.4110156297683716,-0.06178399920463562,0.3204813301563263,0.5633372664451599,-0.024380235001444817,0.3290431797504425,0.5547178387641907,-0.06182827055454254,0.3182043731212616,0.6221626996994019,-0.06688019633293152,0.3113662004470825,0.6541165709495544,-0.06078797206282616,0.2863057553768158,0.5633275508880615,-0.026576070114970207,0.2898634374141693,0.5690557956695557,-0.06424591690301895,0.2851909101009369,0.6350141763687134,-0.05458274483680725,0.284409761428833,0.6608879566192627,-0.03770003840327263,0.2514079809188843,0.5683311820030212,-0.03067643940448761,0.256702184677124,0.568808376789093,-0.05413857474923134,0.2595384120941162,0.6192776560783386,-0.04515485838055611,0.26152926683425903,0.6402560472488403,-0.031600888818502426
15,left,0,0,0,0,0,0,0,0,0,0,0,0,0,0,0,0,0,0,0,0,0,0,0,0,0,0,0,0,0,0,0,0,0,0,0,0,0,0,0,0,0,0,0,0,0,0,0,0,0,0,0,0,0,0,0,0,0,0,0,0,0,0,0
16,right,0.2687388062477112,0.7185864448547363,-2.5477634224557733e-08,0.3200032114982605,0.7139072418212891,-0.026029054075479507,0.37619295716285706,0.6719750761985779,-0.03925563767552376,0.4158519506454468,0.6333320736885071,-0.051628679037094116,0.4497072398662567,0.6086146831512451,-0.06328680366277695,0.35752561688423157,0.5769997239112854,-0.027087118476629257,0.37833982706069946,0.49951082468032837,-0.04930301383137703,0.3882131278514862,0.4517155587673187,-0.06002451479434967,0.3944770395755768,0.4101232886314392,-0.06679921597242355,0.32430005073547363,0.5644896626472473,-0.025976654142141342,0.33168864250183105,0.550378680229187,-0.06651129573583603,0.3199525475502014,0.6171656250953674,-0.07307403534650803,0.3125501871109009,0.6541638970375061,-0.06703231483697891,0.2904464900493622,0.5624421238899231,-0.027602694928646088,0.29246023297309875,0.5652262568473816,-0.06648541241884232,0.2872026264667511,0.6282703876495361,-0.05813775211572647,0.2865327000617981,0.6570430994033813,-0.041670918464660645,0.25614359974861145,0.5652464628219604,-0.03128344193100929,0.2601766884326935,0.5664786696434021,-0.055143117904663086,0.26112425327301025,0.6154006719589233,-0.04731747880578041,0.262652188539505,0.6380173563957214,-0.034409645944833755
16,left,0,0,0,0,0,0,0,0,0,0,0,0,0,0,0,0,0,0,0,0,0,0,0,0,0,0,0,0,0,0,0,0,0,0,0,0,0,0,0,0,0,0,0,0,0,0,0,0,0,0,0,0,0,0,0,0,0,0,0,0,0,0,0
17,right,0.2700916528701782,0.7160441875457764,-7.793937051303601e-09,0.3217204213142395,0.7115333676338196,-0.026352401822805405,0.3778096139431,0.6698906421661377,-0.03946717083454132,0.4170207381248474,0.6327707767486572,-0.05157538130879402,0.4510097801685333,0.6088175177574158,-0.06288560479879379,0.3586927652359009,0.5757318139076233,-0.026198379695415497,0.3796044886112213,0.49730169773101807,-0.04841117560863495,0.39015671610832214,0.4498451352119446,-0.059507183730602264,0.3972753882408142,0.40824443101882935,-0.06661824882030487,0.32503077387809753,0.5649159550666809,-0.025356516242027283,0.3345003128051758,0.5463542938232422,-0.06655622273683548,0.32229214906692505,0.6137508749961853,-0.07388252764940262,0.31407004594802856,0.6515031456947327,-0.06816195696592331,0.29108887910842896,0.5638998746871948,-0.02731396071612835,0.2954350411891937,0.5616761445999146,-0.0675528347492218,0.28948158025741577,0.6263834834098816,-0.059357818216085434,0.28797101974487305,0.6553884744644165,-0.04248123988509178,0.2568267583847046,0.5672500729560852,-0.03119848482310772,0.26376664638519287,0.56074458360672,-0.05626200884580612,0.2643313705921173,0.6114557385444641,-0.04780057072639465,0.26458439230918884,0.6355525255203247,-0.034179359674453735
17,left,0,0,0,0,0,0,0,0,0,0,0,0,0,0,0,0,0,0,0,0,0,0,0,0,0,0,0,0,0,0,0,0,0,0,0,0,0,0,0,0,0,0,0,0,0,0,0,0,0,0,0,0,0,0,0,0,0,0,0,0,0,0,0
18,right,0.2701988220214844,0.7161337733268738,-1.5652899421070288e-08,0.3212408423423767,0.7112658023834229,-0.026546426117420197,0.3770686686038971,0.6704351902008057,-0.03984624519944191,0.41723009943962097,0.6327168345451355,-0.05205073952674866,0.4509522020816803,0.6077185869216919,-0.06356358528137207,0.35892555117607117,0.5766351819038391,-0.027254704385995865,0.37987086176872253,0.4984409809112549,-0.04961681738495827,0.3908539116382599,0.4507664144039154,-0.06070141866803169,0.3975529968738556,0.4090529680252075,-0.06772446632385254,0.3257733881473541,0.5658932328224182,-0.026357147842645645,0.3345372974872589,0.5459601879119873,-0.06679647415876389,0.322550892829895,0.6130929589271545,-0.07350439578294754,0.31423214077949524,0.6507827043533325,-0.06766881048679352,0.2919199466705322,0.5644122362136841,-0.028296174481511116,0.29551613330841064,0.5609098672866821,-0.06762856990098953,0.289632111787796,0.6246694326400757,-0.058900441974401474,0.2879526913166046,0.6534565687179565,-0.042067356407642365,0.2574746608734131,0.5670655369758606,-0.03224693238735199,0.2633419632911682,0.5603410601615906,-0.05638550966978073,0.2634715139865875,0.6099206805229187,-0.04751334711909294,0.26344117522239685,0.6335678100585938,-0.03390471264719963
18,left,0,0,0,0,0,0,0,0,0,0,0,0,0,0,0,0,0,0,0,0,0,0,0,0,0,0,0,0,0,0,0,0,0,0,0,0,0,0,0,0,0,0,0,0,0,0,0,0,0,0,0,0,0,0,0,0,0,0,0,0,0,0,0
19,right,0.2701566219329834,0.7155677080154419,-8.785594474147729e-09,0.320922315120697,0.7109638452529907,-0.026589410379529,0.3765680491924286,0.6697781682014465,-0.039873454719781876,0.4168887734413147,0.6316903829574585,-0.052059050649404526,0.45060279965400696,0.6064929962158203,-0.0634387880563736,0.35864508152008057,0.5759475231170654,-0.02726781740784645,0.37935060262680054,0.49730467796325684,-0.049931567162275314,0.39006298780441284,0.4496980905532837,-0.06126268580555916,0.3967151939868927,0.4080166816711426,-0.06842067092657089,0.3255957067012787,0.5646434426307678,-0.02631562389433384,0.3333393335342407,0.5460353493690491,-0.06730642914772034,0.32188108563423157,0.6131181120872498,-0.074348583817482,0.31429585814476013,0.6507773399353027,-0.0685722604393959,0.29206371307373047,0.5627269744873047,-0.028193634003400803,0.294036328792572,0.5619692802429199,-0.06774409860372543,0.28901708126068115,0.6258670091629028,-0.05921056121587753,0.28810667991638184,0.6549890637397766,-0.042413756251335144,0.25815340876579285,0.5651741027832031,-0.0321485735476017,0.26261845231056213,0.5628114342689514,-0.05633320286870003,0.2630656957626343,0.6129720211029053,-0.04774118959903717,0.2636253237724304,0.6365053057670593,-0.0342133603990078
19,left,0,0,0,0,0,0,0,0,0,0,0,0,0,0,0,0,0,0,0,0,0,0,0,0,0,0,0,0,0,0,0,0,0,0,0,0,0,0,0,0,0,0,0,0,0,0,0,0,0,0,0,0,0,0,0,0,0,0,0,0,0,0,0
20,right,0.26980823278427124,0.7165020704269409,-2.2599765614472744e-08,0.32090216875076294,0.7121680974960327,-0.027166161686182022,0.37718960642814636,0.6709234714508057,-0.04055692255496979,0.41730791330337524,0.6328461766242981,-0.05263788253068924,0.4513583183288574,0.6078706383705139,-0.06395198404788971,0.35904738306999207,0.5777015089988708,-0.02826540172100067,0.37978434562683105,0.4987903833389282,-0.050820641219615936,0.3903692364692688,0.45108503103256226,-0.061885517090559006,0.3967001438140869,0.4092656970024109,-0.06890048086643219,0.32573169469833374,0.5667656064033508,-0.026981273666024208,0.3335988521575928,0.5480610728263855,-0.06789962947368622,0.3213525414466858,0.615333080291748,-0.07462726533412933,0.31332382559776306,0.6521717309951782,-0.06872677803039551,0.2919560670852661,0.5650206804275513,-0.028550565242767334,0.2942313253879547,0.5629140138626099,-0.06860879808664322,0.2884279787540436,0.6273589134216309,-0.06004910171031952,0.2874487638473511,0.6559609770774841,-0.043159883469343185,0.2578335702419281,0.5672378540039062,-0.03213058039546013,0.2627061903476715,0.5616771578788757,-0.057040151208639145,0.26247814297676086,0.6124007701873779,-0.04844082146883011,0.2628597021102905,0.6363241672515869,-0.03484117239713669
20,left,0,0,0,0,0,0,0,0,0,0,0,0,0,0,0,0,0,0,0,0,0,0,0,0,0,0,0,0,0,0,0,0,0,0,0,0,0,0,0,0,0,0,0,0,0,0,0,0,0,0,0,0,0,0,0,0,0,0,0,0,0,0,0
21,right,0.26979225873947144,0.7169927358627319,-1.804332683263965e-08,0.320446640253067,0.7124631404876709,-0.02622261457145214,0.376060426235199,0.6714560985565186,-0.03928089514374733,0.41590040922164917,0.6323829293251038,-0.05120188370347023,0.4497241973876953,0.6085565686225891,-0.06232621520757675,0.35869327187538147,0.5773366093635559,-0.027752237394452095,0.37876808643341064,0.49910950660705566,-0.050122037529945374,0.3890693783760071,0.45189422369003296,-0.060933127999305725,0.39548465609550476,0.4105064272880554,-0.0678073838353157,0.32578012347221375,0.5648027658462524,-0.026811057701706886,0.33336392045021057,0.547542154788971,-0.06738898158073425,0.32178929448127747,0.6148763298988342,-0.07394599914550781,0.3140072226524353,0.6527242064476013,-0.06788311898708344,0.29223930835723877,0.5622990131378174,-0.028606504201889038,0.29309722781181335,0.5655935406684875,-0.06771862506866455,0.2881864607334137,0.6291376352310181,-0.05937323346734047,0.287511944770813,0.6582280397415161,-0.042849961668252945,0.25780728459358215,0.5644926428794861,-0.032465625554323196,0.26083314418792725,0.5665098428726196,-0.05646026134490967,0.26177120208740234,0.6171579360961914,-0.04846138507127762,0.2631818354129791,0.6407582759857178,-0.03545178472995758
21,left,0,0,0,0,0,0,0,0,0,0,0,0,0,0,0,0,0,0,0,0,0,0,0,0,0,0,0,0,0,0,0,0,0,0,0,0,0,0,0,0,0,0,0,0,0,0,0,0,0,0,0,0,0,0,0,0,0,0,0,0,0,0,0
22,right,0.26970675587654114,0.7185937166213989,-1.865106113996262e-08,0.32091647386550903,0.7136251926422119,-0.026893017813563347,0.37673935294151306,0.6722833514213562,-0.04025997966527939,0.4161064922809601,0.6333906054496765,-0.05226009339094162,0.45033907890319824,0.608117938041687,-0.06330044567584991,0.35882630944252014,0.5783118605613708,-0.027948088943958282,0.37938573956489563,0.5004614591598511,-0.05017175152897835,0.3907094895839691,0.453543484210968,-0.06104443967342377,0.3974436819553375,0.4120982885360718,-0.06802329421043396,0.3259495198726654,0.5652612447738647,-0.026430867612361908,0.33437541127204895,0.5512094497680664,-0.0658676028251648,0.32233569025993347,0.6182955503463745,-0.07187718152999878,0.3139413297176361,0.6539615988731384,-0.06582386791706085,0.29248520731925964,0.562966525554657,-0.027788588777184486,0.2952379584312439,0.5678285360336304,-0.06576581299304962,0.28962332010269165,0.6299479603767395,-0.05706292390823364,0.28854289650917053,0.6559329628944397,-0.04083118960261345,0.2585561275482178,0.5653444528579712,-0.031325433403253555,0.263054758310318,0.5680743455886841,-0.054761044681072235,0.263466477394104,0.617473304271698,-0.04670453444123268,0.26455220580101013,0.6389742493629456,-0.033931441605091095
22,left,0,0,0,0,0,0,0,0,0,0,0,0,0,0,0,0,0,0,0,0,0,0,0,0,0,0,0,0,0,0,0,0,0,0,0,0,0,0,0,0,0,0,0,0,0,0,0,0,0,0,0,0,0,0,0,0,0,0,0,0,0,0,0
23,right,0.27020061016082764,0.7180700898170471,-1.870401966641566e-08,0.3210327625274658,0.7131935358047485,-0.0264009777456522,0.3765815794467926,0.6714520454406738,-0.03954645246267319,0.4158526062965393,0.6332947015762329,-0.05153294652700424,0.4500387907028198,0.6088582873344421,-0.0626663789153099,0.3583753705024719,0.5791381597518921,-0.027705850079655647,0.3795003592967987,0.5005980730056763,-0.050163645297288895,0.3907080590724945,0.45349061489105225,-0.06108337640762329,0.3975342810153961,0.4122188687324524,-0.06798598170280457,0.3250037431716919,0.5682212710380554,-0.026774700731039047,0.33377888798713684,0.5500295162200928,-0.06730148941278458,0.3220974802970886,0.6173495054244995,-0.07376381009817123,0.31400787830352783,0.6540108919143677,-0.06781239807605743,0.2912331521511078,0.5667394399642944,-0.028638342395424843,0.2948753833770752,0.5657767057418823,-0.06791765987873077,0.28929460048675537,0.6293485760688782,-0.05893363803625107,0.2878079414367676,0.6566546559333801,-0.042034924030303955,0.25685054063796997,0.5694148540496826,-0.03252042084932327,0.2631409466266632,0.5648180246353149,-0.05647525563836098,0.26355257630348206,0.6142610311508179,-0.047492630779743195,0.2635279595851898,0.6366010904312134,-0.03388665243983269
23,left,0,0,0,0,0,0,0,0,0,0,0,0,0,0,0,0,0,0,0,0,0,0,0,0,0,0,0,0,0,0,0,0,0,0,0,0,0,0,0,0,0,0,0,0,0,0,0,0,0,0,0,0,0,0,0,0,0,0,0,0,0,0,0
24,right,0.2689676284790039,0.7196942567825317,-1.873236321614513e-08,0.31992727518081665,0.7154229283332825,-0.026776444166898727,0.3755761981010437,0.6738492846488953,-0.040084924548864365,0.41489464044570923,0.633607804775238,-0.05206645652651787,0.44939592480659485,0.6093192100524902,-0.06308054178953171,0.35828912258148193,0.5796608924865723,-0.028549179434776306,0.3789542317390442,0.502311646938324,-0.05101904273033142,0.39013153314590454,0.4555940628051758,-0.06177821010351181,0.3970811367034912,0.4146496057510376,-0.06865740567445755,0.3254270851612091,0.5657484531402588,-0.02704809606075287,0.3329890966415405,0.5541324019432068,-0.06676315516233444,0.3211992383003235,0.6205821633338928,-0.072637639939785,0.3135104179382324,0.6562188863754272,-0.06649339944124222,0.29186373949050903,0.5629128813743591,-0.0283952709287405,0.29298239946365356,0.5716242790222168,-0.06627973914146423,0.287908136844635,0.6330620646476746,-0.05755113437771797,0.287603497505188,0.6592220067977905,-0.041385870426893234,0.25750118494033813,0.5650546550750732,-0.0319933257997036,0.2605780065059662,0.5729666948318481,-0.055096957832574844,0.26140546798706055,0.6221610307693481,-0.047316811978816986,0.26330462098121643,0.6429429054260254,-0.03479640930891037
24,left,0,0,0,0,0,0,0,0,0,0,0,0,0,0,0,0,0,0,0,0,0,0,0,0,0,0,0,0,0,0,0,0,0,0,0,0,0,0,0,0,0,0,0,0,0,0,0,0,0,0,0,0,0,0,0,0,0,0,0,0,0,0,0
25,right,0.26887622475624084,0.7211966514587402,-2.3184409059240352e-08,0.32002368569374084,0.717542290687561,-0.02660193108022213,0.376346230506897,0.6752942800521851,-0.03974742442369461,0.41474539041519165,0.6346966028213501,-0.051637645810842514,0.44936180114746094,0.6107639074325562,-0.06265237927436829,0.3576965928077698,0.5812916159629822,-0.028578460216522217,0.378656804561615,0.5029658675193787,-0.05084327980875969,0.3899284899234772,0.45653003454208374,-0.06147928163409233,0.39749789237976074,0.41584765911102295,-0.06832031905651093,0.3244298994541168,0.568242073059082,-0.027239227667450905,0.33329761028289795,0.5563229322433472,-0.06734531372785568,0.3208647668361664,0.6228137016296387,-0.07360727339982986,0.31282299757003784,0.658298909664154,-0.06774932146072388,0.29082420468330383,0.565911054611206,-0.028620518743991852,0.29359686374664307,0.5717723369598389,-0.06744706630706787,0.2873517572879791,0.6347571611404419,-0.05868266895413399,0.2865348160266876,0.6619203090667725,-0.042264118790626526,0.2563013732433319,0.5681068301200867,-0.03210096433758736,0.2608790993690491,0.5707101821899414,-0.05625348538160324,0.26126906275749207,0.6211641430854797,-0.04817834123969078,0.2628549337387085,0.6437955498695374,-0.03524040803313255
25,left,0,0,0,0,0,0,0,0,0,0,0,0,0,0,0,0,0,0,0,0,0,0,0,0,0,0,0,0,0,0,0,0,0,0,0,0,0,0,0,0,0,0,0,0,0,0,0,0,0,0,0,0,0,0,0,0,0,0,0,0,0,0,0
26,right,0.2689513564109802,0.7222806811332703,-2.8296705423258572e-08,0.3205348551273346,0.7178807258605957,-0.025194566696882248,0.37631040811538696,0.6757083535194397,-0.03768041357398033,0.4144170582294464,0.6350749135017395,-0.04914230853319168,0.448454886674881,0.6112309694290161,-0.059770260006189346,0.3576739430427551,0.5811241269111633,-0.02731146290898323,0.37809738516807556,0.5042892694473267,-0.04910395294427872,0.3891889452934265,0.4583437442779541,-0.059466537088155746,0.39647313952445984,0.4179571270942688,-0.06619442999362946,0.3245868980884552,0.5669924020767212,-0.02647690288722515,0.3324795067310333,0.5574106574058533,-0.06548136472702026,0.32088175415992737,0.6239151954650879,-0.07137532532215118,0.31319165229797363,0.6586617231369019,-0.06547023355960846,0.29106375575065613,0.5645730495452881,-0.02824324183166027,0.29231852293014526,0.5750763416290283,-0.0655360147356987,0.2869802415370941,0.636896550655365,-0.05679404363036156,0.2863589823246002,0.6624771952629089,-0.040862489491701126,0.25656428933143616,0.5670875906944275,-0.03211064264178276,0.2591375708580017,0.5764949917793274,-0.05477121099829674,0.25998878479003906,0.6261038184165955,-0.04682152718305588,0.26193511486053467,0.646655797958374,-0.034331221133470535
26,left,0,0,0,0,0,0,0,0,0,0,0,0,0,0,0,0,0,0,0,0,0,0,0,0,0,0,0,0,0,0,0,0,0,0,0,0,0,0,0,0,0,0,0,0,0,0,0,0,0,0,0,0,0,0,0,0,0,0,0,0,0,0,0
27,right,0.26780369877815247,0.7244266271591187,-2.9058561779038428e-08,0.31900277733802795,0.7199395895004272,-0.025522345677018166,0.3748948872089386,0.6771389245986938,-0.03847440704703331,0.41364142298698425,0.6360344290733337,-0.05043519288301468,0.4484568238258362,0.6126472353935242,-0.06154869869351387,0.3571375012397766,0.5820368528366089,-0.027997959405183792,0.37802138924598694,0.5055627822875977,-0.05018351972103119,0.3891258239746094,0.4592491388320923,-0.060830146074295044,0.39616480469703674,0.4184749126434326,-0.06771915405988693,0.32429903745651245,0.5670919418334961,-0.026968438178300858,0.3316589593887329,0.559752345085144,-0.06578264385461807,0.32019174098968506,0.6256009936332703,-0.07136620581150055,0.3124837279319763,0.6595419049263,-0.0654410794377327,0.29074978828430176,0.5645322799682617,-0.02863309159874916,0.29196903109550476,0.5770425796508789,-0.06554723531007767,0.28677719831466675,0.6384866833686829,-0.05660136044025421,0.2858351767063141,0.664364218711853,-0.04070981591939926,0.2563316226005554,0.5673309564590454,-0.032528944313526154,0.25909000635147095,0.5784898996353149,-0.054881274700164795,0.2598249316215515,0.627434492111206,-0.04711803421378136,0.26143679022789,0.6478440165519714,-0.034830641001462936
27,left,0,0,0,0,0,0,0,0,0,0,0,0,0,0,0,0,0,0,0,0,0,0,0,0,0,0,0,0,0,0,0,0,0,0,0,0,0,0,0,0,0,0,0,0,0,0,0,0,0,0,0,0,0,0,0,0,0,0,0,0,0,0,0
28,right,0.26808586716651917,0.7255336046218872,-3.164831952062741e-08,0.31933221220970154,0.7200484275817871,-0.0247777309268713,0.37484797835350037,0.6757544279098511,-0.0367887057363987,0.41336768865585327,0.6352410316467285,-0.04787860065698624,0.44763052463531494,0.6123390197753906,-0.05818581581115723,0.3564620316028595,0.5832057595252991,-0.026947712525725365,0.37686702609062195,0.5049848556518555,-0.04868454486131668,0.38803115487098694,0.4587581157684326,-0.059101786464452744,0.39518463611602783,0.4180040955543518,-0.06588144600391388,0.32335364818573,0.569794237613678,-0.026322156190872192,0.3319254517555237,0.5583441257476807,-0.06573844701051712,0.32057005167007446,0.6252737641334534,-0.07184718549251556,0.3123799264431,0.6614087224006653,-0.06598518788814545,0.2896890938282013,0.567786693572998,-0.028258193284273148,0.29193344712257385,0.5760200023651123,-0.06592132151126862,0.2869778573513031,0.6386626958847046,-0.05721868574619293,0.285807341337204,0.6660128235816956,-0.041130129247903824,0.25503626465797424,0.5708678960800171,-0.032245028764009476,0.2587430477142334,0.5779749155044556,-0.05532882735133171,0.2598835825920105,0.6276313662528992,-0.047459617257118225,0.2613503336906433,0.6492244005203247,-0.0348990336060524
28,left,0,0,0,0,0,0,0,0,0,0,0,0,0,0,0,0,0,0,0,0,0,0,0,0,0,0,0,0,0,0,0,0,0,0,0,0,0,0,0,0,0,0,0,0,0,0,0,0,0,0,0,0,0,0,0,0,0,0,0,0,0,0,0
29,right,0.2683448791503906,0.7253545522689819,-3.156029038109409e-08,0.3201097846031189,0.7202367782592773,-0.025829456746578217,0.37558549642562866,0.6771687865257263,-0.038806065917015076,0.4132404625415802,0.6360986232757568,-0.050734128803014755,0.44785308837890625,0.6119399666786194,-0.06177369877696037,0.35661572217941284,0.5834358930587769,-0.028005607426166534,0.37730324268341064,0.5068036317825317,-0.05054638907313347,0.3879488706588745,0.46031272411346436,-0.06120917573571205,0.3949853777885437,0.4196677803993225,-0.06802103668451309,0.32319584488868713,0.5698659420013428,-0.027146155014634132,0.33215028047561646,0.558822512626648,-0.06744541227817535,0.3202352523803711,0.6256731748580933,-0.07347942888736725,0.31209367513656616,0.6618902683258057,-0.06734413653612137,0.28932568430900574,0.5680012702941895,-0.02901650406420231,0.2921840250492096,0.5767664313316345,-0.06741194427013397,0.2864305377006531,0.6386873722076416,-0.05847318470478058,0.2851558029651642,0.6651854515075684,-0.04203326255083084,0.2546355724334717,0.571255087852478,-0.033020950853824615,0.2589450180530548,0.5775917768478394,-0.05617879703640938,0.25939956307411194,0.6263378858566284,-0.048062242567539215,0.2602766454219818,0.646916925907135,-0.035329218953847885
29,left,0,0,0,0,0,0,0,0,0,0,0,0,0,0,0,0,0,0,0,0,0,0,0,0,0,0,0,0,0,0,0,0,0,0,0,0,0,0,0,0,0,0,0,0,0,0,0,0,0,0,0,0,0,0,0,0,0,0,0,0,0,0,0
30,right,0.2695874869823456,0.7268897891044617,-2.384985364756176e-08,0.3212168514728546,0.7210524678230286,-0.024875501170754433,0.37643444538116455,0.677543044090271,-0.037609539926052094,0.41364121437072754,0.6369749307632446,-0.049484983086586,0.44777822494506836,0.6137781143188477,-0.060433097183704376,0.35715633630752563,0.5839381814002991,-0.027817869558930397,0.3781913220882416,0.5075950622558594,-0.05028855428099632,0.3893040418624878,0.4615805149078369,-0.06093068793416023,0.39673319458961487,0.42043715715408325,-0.067833811044693,0.32359448075294495,0.569433331489563,-0.02744329534471035,0.33346623182296753,0.561100959777832,-0.06672336161136627,0.3222404718399048,0.6275802254676819,-0.07226621359586716,0.31407809257507324,0.6612732410430908,-0.06623860448598862,0.2897872030735016,0.5677570700645447,-0.02967892773449421,0.2937540113925934,0.5796693563461304,-0.06731126457452774,0.28840160369873047,0.6420184373855591,-0.05787999927997589,0.2868809401988983,0.6672408580780029,-0.04149683192372322,0.25534138083457947,0.57169508934021,-0.034029893577098846,0.26052379608154297,0.5813543796539307,-0.05679355561733246,0.2614368200302124,0.6302417516708374,-0.048430103808641434,0.2623696029186249,0.6498554348945618,-0.03568168729543686
30,left,0,0,0,0,0,0,0,0,0,0,0,0,0,0,0,0,0,0,0,0,0,0,0,0,0,0,0,0,0,0,0,0,0,0,0,0,0,0,0,0,0,0,0,0,0,0,0,0,0,0,0,0,0,0,0,0,0,0,0,0,0,0,0
31,right,0.2693113386631012,0.7279375791549683,-2.164529533388304e-08,0.3204720616340637,0.7232935428619385,-0.02594938687980175,0.3758648633956909,0.6798410415649414,-0.03922851011157036,0.41449081897735596,0.6390005946159363,-0.051420629024505615,0.4491119980812073,0.6146562695503235,-0.06273203343153,0.357302725315094,0.5855242609977722,-0.029081543907523155,0.3789457678794861,0.5082486867904663,-0.05143559351563454,0.39030107855796814,0.462049663066864,-0.06183506175875664,0.39777490496635437,0.42126351594924927,-0.06852436065673828,0.3239799737930298,0.5710051655769348,-0.028118668124079704,0.33353912830352783,0.5613311529159546,-0.06796794384717941,0.32201093435287476,0.6276237368583679,-0.07351303845643997,0.3138643205165863,0.6633345484733582,-0.06712281703948975,0.2902752757072449,0.5688649415969849,-0.029851436614990234,0.293757826089859,0.5805259943008423,-0.06771574914455414,0.28862518072128296,0.6424527168273926,-0.05881042405962944,0.2876697778701782,0.6693004965782166,-0.0425310917198658,0.25612691044807434,0.5724952816963196,-0.03378494083881378,0.2609422206878662,0.5830482840538025,-0.056965529918670654,0.26192378997802734,0.6320906281471252,-0.04941846802830696,0.2636718451976776,0.6528652310371399,-0.03706233948469162
31,left,0,0,0,0,0,0,0,0,0,0,0,0,0,0,0,0,0,0,0,0,0,0,0,0,0,0,0,0,0,0,0,0,0,0,0,0,0,0,0,0,0,0,0,0,0,0,0,0,0,0,0,0,0,0,0,0,0,0,0,0,0,0,0
32,right,0.2689516842365265,0.7313259840011597,-4.876284975807721e-08,0.3202784061431885,0.7262716293334961,-0.024347519502043724,0.3761369585990906,0.6814460158348083,-0.036159954965114594,0.4144207537174225,0.6392829418182373,-0.047066934406757355,0.4481376111507416,0.6146702170372009,-0.05716075003147125,0.3570669889450073,0.587368905544281,-0.02774803712964058,0.37824079394340515,0.5111936330795288,-0.04917772114276886,0.3894215226173401,0.46594029664993286,-0.05914817005395889,0.3966781795024872,0.4257637560367584,-0.0657280832529068,0.32395970821380615,0.5718486309051514,-0.027241021394729614,0.33229631185531616,0.566184937953949,-0.06595399975776672,0.3211645781993866,0.6328928470611572,-0.07149381935596466,0.3130172789096832,0.6692361831665039,-0.06552555412054062,0.29053279757499695,0.5698743462562561,-0.02924945019185543,0.29206138849258423,0.5865964889526367,-0.06576769053936005,0.287509024143219,0.6479917764663696,-0.05710800364613533,0.28684544563293457,0.6748349666595459,-0.04153352975845337,0.2563300132751465,0.5736010670661926,-0.033414844423532486,0.25877317786216736,0.5894678831100464,-0.05559238791465759,0.2600569725036621,0.6383459568023682,-0.04839364066720009,0.2625546455383301,0.6583074331283569,-0.036634720861911774
32,left,0,0,0,0,0,0,0,0,0,0,0,0,0,0,0,0,0,0,0,0,0,0,0,0,0,0,0,0,0,0,0,0,0,0,0,0,0,0,0,0,0,0,0,0,0,0,0,0,0,0,0,0,0,0,0,0,0,0,0,0,0,0,0
33,right,0.26811516284942627,0.7325232625007629,-4.178938439736157e-08,0.31949812173843384,0.7268714904785156,-0.02447155863046646,0.3757293224334717,0.6823245286941528,-0.03658502921462059,0.41424691677093506,0.641294002532959,-0.04769169166684151,0.447889506816864,0.6167001128196716,-0.057932060211896896,0.3569808304309845,0.5887448191642761,-0.028519127517938614,0.37852591276168823,0.5125236511230469,-0.05041510984301567,0.3895714581012726,0.46679702401161194,-0.060613784939050674,0.39703667163848877,0.4257395267486572,-0.06734727323055267,0.32382407784461975,0.5734418034553528,-0.028034498915076256,0.33228275179862976,0.567741870880127,-0.06682807207107544,0.3207740783691406,0.6344488263130188,-0.07207320630550385,0.3130578100681305,0.669247567653656,-0.06602882593870163,0.29002878069877625,0.5714060664176941,-0.030049342662096024,0.29220050573349,0.5871232748031616,-0.06676097959280014,0.2872636020183563,0.648838222026825,-0.05739620700478554,0.2867393493652344,0.6742923259735107,-0.04142206907272339,0.25537821650505066,0.5750779509544373,-0.034224264323711395,0.2586669921875,0.5893582105636597,-0.05641710385680199,0.2597962021827698,0.6384599804878235,-0.04846194386482239,0.2620425522327423,0.6578534841537476,-0.03619636222720146
33,left,0,0,0,0,0,0,0,0,0,0,0,0,0,0,0,0,0,0,0,0,0,0,0,0,0,0,0,0,0,0,0,0,0,0,0,0,0,0,0,0,0,0,0,0,0,0,0,0,0,0,0,0,0,0,0,0,0,0,0,0,0,0,0
34,right,0.2685127258300781,0.7341582775115967,-3.9839076038106214e-08,0.32005032896995544,0.7289952039718628,-0.02435391955077648,0.3760316073894501,0.6842904090881348,-0.03625441715121269,0.41466009616851807,0.6436073780059814,-0.04721736162900925,0.4475650191307068,0.6179735660552979,-0.05737309157848358,0.35703882575035095,0.590434193611145,-0.027923298999667168,0.37849101424217224,0.5143716931343079,-0.049423471093177795,0.390024870634079,0.4695536494255066,-0.059402551501989365,0.3975865840911865,0.42946571111679077,-0.0660046935081482,0.3237684667110443,0.5754369497299194,-0.027560630813241005,0.33312663435935974,0.5687687993049622,-0.0660436600446701,0.32207444310188293,0.6356213092803955,-0.07140747457742691,0.31364670395851135,0.6707205176353455,-0.06548307836055756,0.2900071144104004,0.5737479329109192,-0.029704289510846138,0.29316169023513794,0.5881422758102417,-0.06632981449365616,0.2884979844093323,0.6503050327301025,-0.057289592921733856,0.28717586398124695,0.6762287616729736,-0.041553888469934464,0.25540727376937866,0.5778278112411499,-0.033973176032304764,0.2595817446708679,0.5924623012542725,-0.05645004287362099,0.2611313760280609,0.6417626142501831,-0.048883240669965744,0.26281386613845825,0.6612333059310913,-0.03689173236489296
34,left,0,0,0,0,0,0,0,0,0,0,0,0,0,0,0,0,0,0,0,0,0,0,0,0,0,0,0,0,0,0,0,0,0,0,0,0,0,0,0,0,0,0,0,0,0,0,0,0,0,0,0,0,0,0,0,0,0,0,0,0,0,0,0
35,right,0.2675340175628662,0.7370477318763733,-5.276155690125961e-08,0.31899359822273254,0.7310302257537842,-0.023293664678931236,0.37404000759124756,0.6867290139198303,-0.03471577167510986,0.41249173879623413,0.6458646059036255,-0.04547511041164398,0.4452754557132721,0.620389997959137,-0.05551052466034889,0.35638993978500366,0.5913658738136292,-0.02706477977335453,0.377400279045105,0.5173645615577698,-0.048631809651851654,0.38824984431266785,0.47207632660865784,-0.05902503803372383,0.3957822918891907,0.43219220638275146,-0.06576238572597504,0.3238067626953125,0.5746787786483765,-0.026793822646141052,0.33043599128723145,0.5730138421058655,-0.06474162638187408,0.3191472291946411,0.6373763680458069,-0.07038214057683945,0.3117550015449524,0.6728465557098389,-0.06474415957927704,0.29013800621032715,0.5720954537391663,-0.02892719767987728,0.290597140789032,0.5918530821800232,-0.06408340483903885,0.2858588695526123,0.650851309299469,-0.055537112057209015,0.28551021218299866,0.6772700548171997,-0.040413618087768555,0.2555416524410248,0.5757777094841003,-0.033272113651037216,0.25711554288864136,0.5948449969291687,-0.0542914941906929,0.25813060998916626,0.6423312425613403,-0.04706971347332001,0.26067599654197693,0.6622386574745178,-0.035405755043029785
35,left,0,0,0,0,0,0,0,0,0,0,0,0,0,0,0,0,0,0,0,0,0,0,0,0,0,0,0,0,0,0,0,0,0,0,0,0,0,0,0,0,0,0,0,0,0,0,0,0,0,0,0,0,0,0,0,0,0,0,0,0,0,0,0
36,right,0.26660606265068054,0.7360368371009827,-3.908903423166521e-08,0.31751835346221924,0.7293770909309387,-0.02365487813949585,0.37298673391342163,0.6853237152099609,-0.03537756949663162,0.41198503971099854,0.6449154019355774,-0.046315714716911316,0.4441656470298767,0.6185986399650574,-0.05644908547401428,0.3552010655403137,0.5928965210914612,-0.027974946424365044,0.37638893723487854,0.5168749094009399,-0.04966466501355171,0.386930376291275,0.47045648097991943,-0.059711407870054245,0.3943740725517273,0.42943328619003296,-0.06625761091709137,0.32256704568862915,0.5771052241325378,-0.02773352712392807,0.3297497034072876,0.5718159675598145,-0.06607306748628616,0.31799039244651794,0.636654257774353,-0.07117640227079391,0.3110075891017914,0.6717262268066406,-0.06511245667934418,0.2887927293777466,0.5745120048522949,-0.02991623245179653,0.28944870829582214,0.5906108617782593,-0.06566103547811508,0.28455421328544617,0.6506825089454651,-0.05630888789892197,0.2848873734474182,0.6768450736999512,-0.0405760258436203,0.2539226710796356,0.5779194831848145,-0.03430220112204552,0.2554771900177002,0.593798816204071,-0.055646076798439026,0.2564888596534729,0.6416140794754028,-0.04781750962138176,0.25931793451309204,0.6613976955413818,-0.035774849355220795
36,left,0,0,0,0,0,0,0,0,0,0,0,0,0,0,0,0,0,0,0,0,0,0,0,0,0,0,0,0,0,0,0,0,0,0,0,0,0,0,0,0,0,0,0,0,0,0,0,0,0,0,0,0,0,0,0,0,0,0,0,0,0,0,0
