1,right,0,0,0,0,0,0,0,0,0,0,0,0,0,0,0,0,0,0,0,0,0,0,0,0,0,0,0,0,0,0,0,0,0,0,0,0,0,0,0,0,0,0,0,0,0,0,0,0,0,0,0,0,0,0,0,0,0,0,0,0,0,0,0
1,left,0,0,0,0,0,0,0,0,0,0,0,0,0,0,0,0,0,0,0,0,0,0,0,0,0,0,0,0,0,0,0,0,0,0,0,0,0,0,0,0,0,0,0,0,0,0,0,0,0,0,0,0,0,0,0,0,0,0,0,0,0,0,0
2,right,0,0,0,0,0,0,0,0,0,0,0,0,0,0,0,0,0,0,0,0,0,0,0,0,0,0,0,0,0,0,0,0,0,0,0,0,0,0,0,0,0,0,0,0,0,0,0,0,0,0,0,0,0,0,0,0,0,0,0,0,0,0,0
2,left,0,0,0,0,0,0,0,0,0,0,0,0,0,0,0,0,0,0,0,0,0,0,0,0,0,0,0,0,0,0,0,0,0,0,0,0,0,0,0,0,0,0,0,0,0,0,0,0,0,0,0,0,0,0,0,0,0,0,0,0,0,0,0
3,right,0,0,0,0,0,0,0,0,0,0,0,0,0,0,0,0,0,0,0,0,0,0,0,0,0,0,0,0,0,0,0,0,0,0,0,0,0,0,0,0,0,0,0,0,0,0,0,0,0,0,0,0,0,0,0,0,0,0,0,0,0,0,0
3,left,0,0,0,0,0,0,0,0,0,0,0,0,0,0,0,0,0,0,0,0,0,0,0,0,0,0,0,0,0,0,0,0,0,0,0,0,0,0,0,0,0,0,0,0,0,0,0,0,0,0,0,0,0,0,0,0,0,0,0,0,0,0,0
4,right,0,0,0,0,0,0,0,0,0,0,0,0,0,0,0,0,0,0,0,0,0,0,0,0,0,0,0,0,0,0,0,0,0,0,0,0,0,0,0,0,0,0,0,0,0,0,0,0,0,0,0,0,0,0,0,0,0,0,0,0,0,0,0
4,left,0,0,0,0,0,0,0,0,0,0,0,0,0,0,0,0,0,0,0,0,0,0,0,0,0,0,0,0,0,0,0,0,0,0,0,0,0,0,0,0,0,0,0,0,0,0,0,0,0,0,0,0,0,0,0,0,0,0,0,0,0,0,0
5,right,0,0,0,0,0,0,0,0,0,0,0,0,0,0,0,0,0,0,0,0,0,0,0,0,0,0,0,0,0,0,0,0,0,0,0,0,0,0,0,0,0,0,0,0,0,0,0,0,0,0,0,0,0,0,0,0,0,0,0,0,0,0,0
5,left,0,0,0,0,0,0,0,0,0,0,0,0,0,0,0,0,0,0,0,0,0,0,0,0,0,0,0,0,0,0,0,0,0,0,0,0,0,0,0,0,0,0,0,0,0,0,0,0,0,0,0,0,0,0,0,0,0,0,0,0,0,0,0
6,right,0.10005375742912292,0.8909081816673279,-6.318544478745025e-07,0.15529781579971313,0.8613845109939575,-0.031751375645399094,0.20367249846458435,0.8093749284744263,-0.05270431190729141,0.23501354455947876,0.7646504640579224,-0.07052993774414062,0.2567112445831299,0.7396333813667297,-0.08521284908056259,0.18165323138237,0.6825292110443115,-0.0567648746073246,0.17570418119430542,0.7525653839111328,-0.1025083065032959,0.16583630442619324,0.8376648426055908,-0.1255154013633728,0.16178543865680695,0.8904271125793457,-0.1325169801712036,0.11953755468130112,0.6709864735603333,-0.05229068174958229,0.11603523045778275,0.7794421911239624,-0.09387523680925369,0.11546903103590012,0.8627258539199829,-0.09851834923028946,0.11813900619745255,0.9131925106048584,-0.09348917752504349,0.06543271243572235,0.6794543862342834,-0.051172588020563126,0.06403003633022308,0.7873795032501221,-0.08719294518232346,0.06725101172924042,0.8609492182731628,-0.08037883788347244,0.07139256596565247,0.9073390960693359,-0.06595996022224426,0.0206633061170578,0.6984441876411438,-0.05300567299127579,0.01565144956111908,0.7708383798599243,-0.07343624532222748,0.019309379160404205,0.8301143646240234,-0.06733612716197968,0.02457379549741745,0.8629885911941528,-0.0541689470410347
6,left,0,0,0,0,0,0,0,0,0,0,0,0,0,0,0,0,0,0,0,0,0,0,0,0,0,0,0,0,0,0,0,0,0,0,0,0,0,0,0,0,0,0,0,0,0,0,0,0,0,0,0,0,0,0,0,0,0,0,0,0,0,0,0
7,right,0.13084061443805695,0.7113642692565918,-5.970424581391853e-07,0.19180670380592346,0.682083010673523,-0.03482406213879585,0.24955430626869202,0.6313858032226562,-0.05913611873984337,0.2999321222305298,0.5948532223701477,-0.08092159777879715,0.346316933631897,0.5740334391593933,-0.10024641454219818,0.2141689956188202,0.4827081859111786,-0.04259057343006134,0.20515048503875732,0.5504766702651978,-0.08650603890419006,0.1889360249042511,0.6156231760978699,-0.11622460186481476,0.17792224884033203,0.6548361778259277,-0.13013483583927155,0.15778222680091858,0.4675444960594177,-0.04005168750882149,0.15445266664028168,0.5383084416389465,-0.07692046463489532,0.14607051014900208,0.6131294369697571,-0.08755629509687424,0.14145104587078094,0.6584290266036987,-0.08859723061323166,0.10640072822570801,0.4795008897781372,-0.04179343581199646,0.10574140399694443,0.546470582485199,-0.07478778064250946,0.10650107264518738,0.6160986423492432,-0.07101525366306305,0.10935238003730774,0.6552643179893494,-0.06044252961874008,0.060988590121269226,0.5063549876213074,-0.047207918018102646,0.059741415083408356,0.5406349301338196,-0.06583349406719208,0.06816091388463974,0.5944938063621521,-0.05892495438456535,0.07562578469514847,0.6242811679840088,-0.04717260226607323
7,left,0,0,0,0,0,0,0,0,0,0,0,0,0,0,0,0,0,0,0,0,0,0,0,0,0,0,0,0,0,0,0,0,0,0,0,0,0,0,0,0,0,0,0,0,0,0,0,0,0,0,0,0,0,0,0,0,0,0,0,0,0,0,0
8,right,0.13761405646800995,0.6613155603408813,-3.4941328408422123e-07,0.20211906731128693,0.6348997354507446,-0.034318920224905014,0.2629241347312927,0.5934105515480042,-0.05913984775543213,0.31674179434776306,0.5650032162666321,-0.08211226761341095,0.36388054490089417,0.5524489283561707,-0.10252153128385544,0.22192512452602386,0.44192880392074585,-0.038520582020282745,0.21550092101097107,0.4937104880809784,-0.07932259142398834,0.19885167479515076,0.5592477917671204,-0.10654038190841675,0.18973258137702942,0.5953913927078247,-0.11946318298578262,0.16721561551094055,0.42679065465927124,-0.03638745844364166,0.1649545580148697,0.4797167479991913,-0.07345675677061081,0.1558692455291748,0.5558529496192932,-0.0840860977768898,0.1523428112268448,0.5997177958488464,-0.08412196487188339,0.11783356964588165,0.43868333101272583,-0.038441501557826996,0.11589182913303375,0.48725491762161255,-0.0702451542019844,0.11781875789165497,0.5572556853294373,-0.06583695858716965,0.12214748561382294,0.5952593088150024,-0.05432707816362381,0.07480820268392563,0.4653468430042267,-0.04412990063428879,0.07056143134832382,0.4923175871372223,-0.060662396252155304,0.07972577959299088,0.5417486429214478,-0.053289029747247696,0.08819650113582611,0.566620409488678,-0.04119500517845154
8,left,0,0,0,0,0,0,0,0,0,0,0,0,0,0,0,0,0,0,0,0,0,0,0,0,0,0,0,0,0,0,0,0,0,0,0,0,0,0,0,0,0,0,0,0,0,0,0,0,0,0,0,0,0,0,0,0,0,0,0,0,0,0,0
9,right,0.14155203104019165,0.6162909269332886,-5.449685431813123e-07,0.20165029168128967,0.5892329216003418,-0.028975415974855423,0.2586463391780853,0.5473577976226807,-0.04987187683582306,0.3046875596046448,0.5203302502632141,-0.06966764479875565,0.3464367985725403,0.5062590837478638,-0.08698819577693939,0.22813080251216888,0.39825648069381714,-0.02837134711444378,0.22240248322486877,0.43198734521865845,-0.06808847188949585,0.2046852707862854,0.49708056449890137,-0.0958566814661026,0.19444163143634796,0.5405338406562805,-0.10911019891500473,0.17697876691818237,0.3828980624675751,-0.02800825797021389,0.1747617870569229,0.4214334785938263,-0.06386489421129227,0.1641029417514801,0.49891769886016846,-0.07437527924776077,0.16180048882961273,0.5477997660636902,-0.07412609457969666,0.12906312942504883,0.39217236638069153,-0.03201043978333473,0.12745670974254608,0.4289265275001526,-0.06438067555427551,0.12504951655864716,0.5044187903404236,-0.0602087527513504,0.1288265585899353,0.5488684773445129,-0.048398856073617935,0.0861801728606224,0.4153735637664795,-0.039078567177057266,0.08322430402040482,0.4360278248786926,-0.05834783613681793,0.09014546871185303,0.49087411165237427,-0.051517684012651443,0.09933459013700485,0.521374523639679,-0.03910955786705017
9,left,0,0,0,0,0,0,0,0,0,0,0,0,0,0,0,0,0,0,0,0,0,0,0,0,0,0,0,0,0,0,0,0,0,0,0,0,0,0,0,0,0,0,0,0,0,0,0,0,0,0,0,0,0,0,0,0,0,0,0,0,0,0,0
10,right,0.1437947154045105,0.6165459156036377,-4.0093618736136705e-07,0.20570433139801025,0.5899209380149841,-0.03466150909662247,0.26722919940948486,0.5400607585906982,-0.05762128904461861,0.31815069913864136,0.5051411390304565,-0.07834509760141373,0.3656226396560669,0.4965907335281372,-0.09634178131818771,0.23386265337467194,0.39914485812187195,-0.03518269956111908,0.22598418593406677,0.4258902966976166,-0.07641305029392242,0.20502124726772308,0.4911841154098511,-0.1040353775024414,0.1932392716407776,0.5372146368026733,-0.11648330837488174,0.18104274570941925,0.3806324601173401,-0.03201548382639885,0.17612648010253906,0.4108749330043793,-0.07167106866836548,0.16403599083423615,0.4927373230457306,-0.08311264216899872,0.161146879196167,0.5471404790878296,-0.08198021352291107,0.13291481137275696,0.38786420226097107,-0.0335441417992115,0.13048188388347626,0.4205091595649719,-0.06842804700136185,0.12930521368980408,0.49524572491645813,-0.06573251634836197,0.1335776448249817,0.5422981381416321,-0.05379445478320122,0.08965080976486206,0.4102497398853302,-0.03849067538976669,0.08806384354829788,0.4276925027370453,-0.05869854986667633,0.09538094699382782,0.47931474447250366,-0.05385949835181236,0.10379115492105484,0.5094756484031677,-0.04268297180533409
10,left,0,0,0,0,0,0,0,0,0,0,0,0,0,0,0,0,0,0,0,0,0,0,0,0,0,0,0,0,0,0,0,0,0,0,0,0,0,0,0,0,0,0,0,0,0,0,0,0,0,0,0,0,0,0,0,0,0,0,0,0,0,0,0
11,right,0.14464959502220154,0.6223412752151489,-4.387457011034712e-07,0.2081293761730194,0.593204915523529,-0.031918518245220184,0.26971983909606934,0.5418044924736023,-0.0530620813369751,0.32254284620285034,0.5075439214706421,-0.07275082916021347,0.37023434042930603,0.49828460812568665,-0.08989586681127548,0.23665285110473633,0.4029879570007324,-0.029214009642601013,0.22658635675907135,0.42415428161621094,-0.06818076968193054,0.205807164311409,0.4903273284435272,-0.09523317962884903,0.19632472097873688,0.5384544730186462,-0.10769283026456833,0.18545544147491455,0.38229507207870483,-0.026397014036774635,0.17729052901268005,0.4135585129261017,-0.0639798492193222,0.1658240258693695,0.49585282802581787,-0.07589612901210785,0.16504250466823578,0.5509098172187805,-0.07539235800504684,0.13799086213111877,0.38770729303359985,-0.028141848742961884,0.13230648636817932,0.4217531383037567,-0.06166214868426323,0.13096536695957184,0.4971868693828583,-0.05983351171016693,0.13686953485012054,0.545036256313324,-0.04861103370785713,0.09498345106840134,0.4079285264015198,-0.033102717250585556,0.09041378647089005,0.4273912310600281,-0.053021740168333054,0.09702349454164505,0.4806848168373108,-0.04889854043722153,0.10642649233341217,0.5124695897102356,-0.038133133202791214
11,left,0,0,0,0,0,0,0,0,0,0,0,0,0,0,0,0,0,0,0,0,0,0,0,0,0,0,0,0,0,0,0,0,0,0,0,0,0,0,0,0,0,0,0,0,0,0,0,0,0,0,0,0,0,0,0,0,0,0,0,0,0,0,0
12,right,0.14543959498405457,0.6262655854225159,-4.483831901325175e-07,0.21008487045764923,0.5974572896957397,-0.031152380630373955,0.2723040282726288,0.5451630353927612,-0.05171406269073486,0.32502156496047974,0.5102390646934509,-0.07110577821731567,0.3727967441082001,0.5005866885185242,-0.08795573562383652,0.2417200356721878,0.40649956464767456,-0.027595292776823044,0.2302265614271164,0.42846331000328064,-0.06604290008544922,0.20924629271030426,0.49618470668792725,-0.09260816872119904,0.19978880882263184,0.5431061387062073,-0.10482865571975708,0.19038911163806915,0.3859879970550537,-0.025384224951267242,0.18178927898406982,0.41639623045921326,-0.0627443864941597,0.17012366652488708,0.49979129433631897,-0.07441502809524536,0.1684516966342926,0.5532459020614624,-0.07381551712751389,0.1423877775669098,0.39154571294784546,-0.02770324982702732,0.1370951384305954,0.42092567682266235,-0.061583224684000015,0.13530921936035156,0.4982333183288574,-0.05898548662662506,0.14024388790130615,0.5459810495376587,-0.04715081676840782,0.0982922613620758,0.41178712248802185,-0.03311164677143097,0.0946187674999237,0.426277220249176,-0.053251344710588455,0.10066564381122589,0.47962042689323425,-0.04826570674777031,0.10900021344423294,0.5112842917442322,-0.03680074214935303
12,left,0,0,0,0,0,0,0,0,0,0,0,0,0,0,0,0,0,0,0,0,0,0,0,0,0,0,0,0,0,0,0,0,0,0,0,0,0,0,0,0,0,0,0,0,0,0,0,0,0,0,0,0,0,0,0,0,0,0,0,0,0,0,0
13,right,0.14616960287094116,0.6273629069328308,-4.526735892795841e-07,0.2104044407606125,0.5990523099899292,-0.029805054888129234,0.2730472683906555,0.546609103679657,-0.04906090721487999,0.32531076669692993,0.5092609524726868,-0.06717835366725922,0.3728489577770233,0.4989757835865021,-0.0826907828450203,0.24284954369068146,0.4116358160972595,-0.02645065449178219,0.23194636404514313,0.4276501536369324,-0.06359110027551651,0.21135787665843964,0.49498793482780457,-0.0888858437538147,0.20211197435855865,0.5436888337135315,-0.10019213706254959,0.19218476116657257,0.39066624641418457,-0.024266092106699944,0.1838597059249878,0.4174424707889557,-0.06054044887423515,0.17205166816711426,0.5001863241195679,-0.07141871005296707,0.170354425907135,0.5532153844833374,-0.07037701457738876,0.1452825367450714,0.3955575227737427,-0.02647903561592102,0.13890832662582397,0.4212892949581146,-0.0595722571015358,0.13667775690555573,0.4978587031364441,-0.05651695653796196,0.14169946312904358,0.544745922088623,-0.0445459708571434,0.10215963423252106,0.4145660996437073,-0.031570978462696075,0.09714929759502411,0.4241434931755066,-0.05119806155562401,0.10209508240222931,0.47632697224617004,-0.045855626463890076,0.11014410108327866,0.507153332233429,-0.03428354114294052
13,left,0,0,0,0,0,0,0,0,0,0,0,0,0,0,0,0,0,0,0,0,0,0,0,0,0,0,0,0,0,0,0,0,0,0,0,0,0,0,0,0,0,0,0,0,0,0,0,0,0,0,0,0,0,0,0,0,0,0,0,0,0,0,0
14,right,0.14536325633525848,0.6181949377059937,-5.117994419379102e-07,0.20513273775577545,0.5979642271995544,-0.03092745691537857,0.2673478126525879,0.5540719032287598,-0.051498882472515106,0.3200993835926056,0.5247278809547424,-0.0707019492983818,0.36740896105766296,0.5168690085411072,-0.08752269297838211,0.23875606060028076,0.4128117859363556,-0.027576370164752007,0.230163112282753,0.4387300908565521,-0.06613554805517197,0.20900994539260864,0.5009098649024963,-0.09258917719125748,0.19688428938388824,0.5410403609275818,-0.10494886338710785,0.18983353674411774,0.3946261405944824,-0.025937216356396675,0.18288667500019073,0.4251071810722351,-0.06139032542705536,0.16985198855400085,0.5022323131561279,-0.07180909067392349,0.16582778096199036,0.5471739172935486,-0.07122714072465897,0.14249587059020996,0.4000207483768463,-0.028920162469148636,0.1387268453836441,0.42826905846595764,-0.06287681311368942,0.13486921787261963,0.5049631595611572,-0.05922602489590645,0.13693326711654663,0.547089159488678,-0.046948716044425964,0.09799446165561676,0.41875818371772766,-0.034731797873973846,0.09475848823785782,0.4287431240081787,-0.054448891431093216,0.1007697731256485,0.48269152641296387,-0.04713473469018936,0.10776932537555695,0.5124412775039673,-0.034165892750024796
14,left,0,0,0,0,0,0,0,0,0,0,0,0,0,0,0,0,0,0,0,0,0,0,0,0,0,0,0,0,0,0,0,0,0,0,0,0,0,0,0,0,0,0,0,0,0,0,0,0,0,0,0,0,0,0,0,0,0,0,0,0,0,0,0
15,right,0.14188696444034576,0.630985677242279,-4.4798295562031853e-07,0.20616832375526428,0.6058214902877808,-0.031103279441595078,0.2704375982284546,0.5571450591087341,-0.05163756385445595,0.32259783148765564,0.5223909020423889,-0.07051583379507065,0.37000906467437744,0.5137607455253601,-0.0867958515882492,0.23973751068115234,0.4141165614128113,-0.029078863561153412,0.22835475206375122,0.44057008624076843,-0.06760367751121521,0.2066032886505127,0.5073245763778687,-0.09389080852270126,0.19655553996562958,0.5518096685409546,-0.1058448776602745,0.18820078670978546,0.39264342188835144,-0.02684502862393856,0.18138793110847473,0.42881304025650024,-0.06255856156349182,0.16822421550750732,0.5097945332527161,-0.07342789322137833,0.16485831141471863,0.5585014224052429,-0.07294269651174545,0.14014661312103271,0.3977363705635071,-0.029006728902459145,0.1353248953819275,0.43413934111595154,-0.06212766468524933,0.1327822357416153,0.509148120880127,-0.059289079159498215,0.13666211068630219,0.5521932244300842,-0.04789615049958229,0.09576918929815292,0.4175684154033661,-0.03414193168282509,0.09308391809463501,0.435764878988266,-0.05397697910666466,0.09977471083402634,0.4909123480319977,-0.048381295055150986,0.10775156319141388,0.5221280455589294,-0.03666892275214195
15,left,0,0,0,0,0,0,0,0,0,0,0,0,0,0,0,0,0,0,0,0,0,0,0,0,0,0,0,0,0,0,0,0,0,0,0,0,0,0,0,0,0,0,0,0,0,0,0,0,0,0,0,0,0,0,0,0,0,0,0,0,0,0,0
16,right,0.14107179641723633,0.618900716304779,-5.468057793223124e-07,0.20196658372879028,0.5994203090667725,-0.03175138309597969,0.26451873779296875,0.5551882386207581,-0.05311182886362076,0.3185087740421295,0.5252841711044312,-0.07293134182691574,0.36499059200286865,0.5141830444335938,-0.09077822417020798,0.233072891831398,0.4111795723438263,-0.028998546302318573,0.22391167283058167,0.4410356879234314,-0.06962375342845917,0.20226244628429413,0.5015801191329956,-0.09841343760490417,0.19148892164230347,0.5435943007469177,-0.11200801283121109,0.18518510460853577,0.39242008328437805,-0.027058176696300507,0.17773830890655518,0.4300364851951599,-0.06494416296482086,0.16265690326690674,0.5069311857223511,-0.07738327234983444,0.15914039313793182,0.5547657608985901,-0.07742764800786972,0.1386318802833557,0.39847975969314575,-0.02973749488592148,0.13107317686080933,0.4337666630744934,-0.06441269814968109,0.12705324590206146,0.5091959238052368,-0.06183893233537674,0.13126128911972046,0.5509265065193176,-0.04997894540429115,0.09494129568338394,0.41870632767677307,-0.035426877439022064,0.08859565854072571,0.43634548783302307,-0.05471193417906761,0.09529231488704681,0.49140414595603943,-0.04757273197174072,0.10489742457866669,0.5199313163757324,-0.0346766822040081
16,left,0,0,0,0,0,0,0,0,0,0,0,0,0,0,0,0,0,0,0,0,0,0,0,0,0,0,0,0,0,0,0,0,0,0,0,0,0,0,0,0,0,0,0,0,0,0,0,0,0,0,0,0,0,0,0,0,0,0,0,0,0,0,0
17,right,0.1421094536781311,0.629852831363678,-4.5418900640470383e-07,0.20583397150039673,0.6035412549972534,-0.0315350741147995,0.2688038945198059,0.5538567900657654,-0.0521015003323555,0.3205062448978424,0.5185445547103882,-0.07113365828990936,0.36734965443611145,0.5088090300559998,-0.08739139884710312,0.23863105475902557,0.41228896379470825,-0.028850717470049858,0.2272898256778717,0.4357023537158966,-0.0675390362739563,0.20551754534244537,0.5024460554122925,-0.0940108597278595,0.1951206624507904,0.5480608940124512,-0.1060764491558075,0.18751347064971924,0.39102301001548767,-0.02645855024456978,0.17966328561306,0.4241703152656555,-0.0630553737282753,0.16694051027297974,0.5052088499069214,-0.07445242255926132,0.16409629583358765,0.5554293394088745,-0.07408758252859116,0.13993768393993378,0.39636629819869995,-0.028591813519597054,0.1342797577381134,0.42997387051582336,-0.06215474754571915,0.13209879398345947,0.5053088665008545,-0.059772346168756485,0.1366659700870514,0.5500684380531311,-0.04843057319521904,0.09619322419166565,0.41635796427726746,-0.03380672261118889,0.09200423210859299,0.43299272656440735,-0.05385313183069229,0.09766831248998642,0.4858565032482147,-0.049033500254154205,0.10538627207279205,0.5164914131164551,-0.03786112368106842
17,left,0,0,0,0,0,0,0,0,0,0,0,0,0,0,0,0,0,0,0,0,0,0,0,0,0,0,0,0,0,0,0,0,0,0,0,0,0,0,0,0,0,0,0,0,0,0,0,0,0,0,0,0,0,0,0,0,0,0,0,0,0,0,0
18,right,0.13882523775100708,0.6305752992630005,-4.3851756004187337e-07,0.20270851254463196,0.6048570275306702,-0.032469332218170166,0.26587218046188354,0.555408239364624,-0.05364363268017769,0.3189627230167389,0.5197323560714722,-0.07300631701946259,0.36735761165618896,0.50971919298172,-0.08929254114627838,0.2357986718416214,0.4120488166809082,-0.029616355895996094,0.2233397215604782,0.43551504611968994,-0.06889736652374268,0.20256942510604858,0.5047067403793335,-0.0950179249048233,0.19415375590324402,0.5510597825050354,-0.10655418038368225,0.1843971163034439,0.3904854357242584,-0.02698296122252941,0.17640285193920135,0.4242940843105316,-0.06370101124048233,0.1646677553653717,0.5057864785194397,-0.07428678125143051,0.16332408785820007,0.5537485480308533,-0.0733160600066185,0.13673120737075806,0.3960655927658081,-0.029102856293320656,0.13047757744789124,0.42907023429870605,-0.06290852278470993,0.12869341671466827,0.5035181045532227,-0.0600619800388813,0.13409501314163208,0.5453804731369019,-0.04849318787455559,0.09335163235664368,0.4157685935497284,-0.03435102477669716,0.08809854090213776,0.43019914627075195,-0.054324567317962646,0.09459736198186874,0.4834485352039337,-0.049102164804935455,0.10364262759685516,0.5136668682098389,-0.03761884942650795
18,left,0,0,0,0,0,0,0,0,0,0,0,0,0,0,0,0,0,0,0,0,0,0,0,0,0,0,0,0,0,0,0,0,0,0,0,0,0,0,0,0,0,0,0,0,0,0,0,0,0,0,0,0,0,0,0,0,0,0,0,0,0,0,0
19,right,0.13919992744922638,0.6284371614456177,-4.477532229429926e-07,0.20338723063468933,0.6040977239608765,-0.032342329621315,0.266838014125824,0.5550153255462646,-0.05336294695734978,0.3202890455722809,0.5197046995162964,-0.07263743132352829,0.36751991510391235,0.5088496804237366,-0.08885759860277176,0.23549684882164001,0.4114876687526703,-0.02953316457569599,0.22427763044834137,0.4376464784145355,-0.06891873478889465,0.20265689492225647,0.5052879452705383,-0.0951823741197586,0.19293062388896942,0.5490220785140991,-0.1071014478802681,0.18470703065395355,0.389098197221756,-0.02700297348201275,0.1766280233860016,0.42871689796447754,-0.06395973265171051,0.1644313931465149,0.5092948079109192,-0.07517695426940918,0.1623474806547165,0.5532764792442322,-0.07484862208366394,0.13710741698741913,0.3937760889530182,-0.029115810990333557,0.13012456893920898,0.43401023745536804,-0.06315933167934418,0.1291045844554901,0.508770763874054,-0.06010206416249275,0.13513022661209106,0.5469706058502197,-0.04869237169623375,0.09306766837835312,0.4131055176258087,-0.03441959246993065,0.08867298811674118,0.43655338883399963,-0.05456274747848511,0.09626492857933044,0.49267175793647766,-0.04902258142828941,0.10590765625238419,0.5212116837501526,-0.03747742995619774
19,left,0,0,0,0,0,0,0,0,0,0,0,0,0,0,0,0,0,0,0,0,0,0,0,0,0,0,0,0,0,0,0,0,0,0,0,0,0,0,0,0,0,0,0,0,0,0,0,0,0,0,0,0,0,0,0,0,0,0,0,0,0,0,0
20,right,0.13988147675991058,0.6311036348342896,-4.627400755907729e-07,0.20403778553009033,0.6057126522064209,-0.03135953098535538,0.2684442698955536,0.5562151074409485,-0.05193222686648369,0.32108503580093384,0.5195847749710083,-0.07080400735139847,0.36882537603378296,0.5082513689994812,-0.08696483075618744,0.23694977164268494,0.4111429750919342,-0.03011269122362137,0.22392357885837555,0.4402519166469574,-0.06920850276947021,0.20261715352535248,0.5074021220207214,-0.09551110118627548,0.19304272532463074,0.5526876449584961,-0.10719052702188492,0.18508239090442657,0.38920068740844727,-0.027769196778535843,0.17636971175670624,0.43144968152046204,-0.06368045508861542,0.16421176493167877,0.5103935599327087,-0.07469478994607925,0.16229861974716187,0.5576915144920349,-0.07435595989227295,0.13707494735717773,0.39423680305480957,-0.02987830340862274,0.13003873825073242,0.43869155645370483,-0.06254822015762329,0.1289771944284439,0.5107170939445496,-0.06031370535492897,0.13515713810920715,0.5512347221374512,-0.04964566230773926,0.09279809147119522,0.4140552580356598,-0.035120487213134766,0.08828400820493698,0.4387749433517456,-0.05458373576402664,0.09575371444225311,0.4936305284500122,-0.049686234444379807,0.10555998235940933,0.5239987969398499,-0.038574304431676865
20,left,0,0,0,0,0,0,0,0,0,0,0,0,0,0,0,0,0,0,0,0,0,0,0,0,0,0,0,0,0,0,0,0,0,0,0,0,0,0,0,0,0,0,0,0,0,0,0,0,0,0,0,0,0,0,0,0,0,0,0,0,0,0,0
21,right,0.13934201002120972,0.6315239667892456,-4.5971484041729127e-07,0.20393647253513336,0.6061551570892334,-0.03174209967255592,0.2678599953651428,0.5556575655937195,-0.05232030525803566,0.31988978385925293,0.5188479423522949,-0.07114239782094955,0.3679724335670471,0.5076742172241211,-0.08700988441705704,0.2371872365474701,0.412320077419281,-0.03043423593044281,0.22381004691123962,0.43869104981422424,-0.06970881670713425,0.202562153339386,0.5064480304718018,-0.09523212164640427,0.19310832023620605,0.5527085065841675,-0.10627755522727966,0.18487177789211273,0.39089223742485046,-0.028169697150588036,0.17587198317050934,0.42810648679733276,-0.06510572880506516,0.1642744243144989,0.508903443813324,-0.07539182901382446,0.16326558589935303,0.5569242835044861,-0.07420317828655243,0.13643518090248108,0.39630553126335144,-0.03047286346554756,0.12946927547454834,0.4342280924320221,-0.06448424607515335,0.12878714501857758,0.5083386301994324,-0.06124945729970932,0.13556575775146484,0.5496032238006592,-0.049506086856126785,0.09191606938838959,0.41648122668266296,-0.035867780447006226,0.08798662573099136,0.43564021587371826,-0.05620606988668442,0.09543689340353012,0.4907430410385132,-0.05070838704705238,0.10510606318712234,0.5211018323898315,-0.03902611508965492
21,left,0,0,0,0,0,0,0,0,0,0,0,0,0,0,0,0,0,0,0,0,0,0,0,0,0,0,0,0,0,0,0,0,0,0,0,0,0,0,0,0,0,0,0,0,0,0,0,0,0,0,0,0,0,0,0,0,0,0,0,0,0,0,0
22,right,0.14089566469192505,0.631943941116333,-4.520991296885768e-07,0.20446909964084625,0.6064816117286682,-0.03248501941561699,0.2678077816963196,0.5558364391326904,-0.053495604544878006,0.3204437494277954,0.5184471607208252,-0.07267190515995026,0.36815595626831055,0.5066601037979126,-0.08889636397361755,0.23758238554000854,0.41230136156082153,-0.02968558855354786,0.2260889708995819,0.43774378299713135,-0.06889364123344421,0.20459407567977905,0.5052555203437805,-0.09523420035839081,0.19427724182605743,0.5496708154678345,-0.1071961298584938,0.18639490008354187,0.3909232020378113,-0.027162501588463783,0.17800277471542358,0.4267444610595703,-0.06427542865276337,0.1658482849597931,0.5079391598701477,-0.07560965418815613,0.1632896214723587,0.554254949092865,-0.07521060109138489,0.13881495594978333,0.39657026529312134,-0.02923443727195263,0.13184726238250732,0.4306783974170685,-0.06339138001203537,0.13083192706108093,0.5064107775688171,-0.06013602018356323,0.1363234966993332,0.5471938252449036,-0.048375919461250305,0.09497527778148651,0.41710221767425537,-0.03443063423037529,0.09008821845054626,0.43375837802886963,-0.05471697077155113,0.09705914556980133,0.4888879060745239,-0.04879258945584297,0.10587552189826965,0.518247663974762,-0.03682442381978035
22,left,0,0,0,0,0,0,0,0,0,0,0,0,0,0,0,0,0,0,0,0,0,0,0,0,0,0,0,0,0,0,0,0,0,0,0,0,0,0,0,0,0,0,0,0,0,0,0,0,0,0,0,0,0,0,0,0,0,0,0,0,0,0,0
23,right,0.1413649469614029,0.630541980266571,-4.5728788222731964e-07,0.20563727617263794,0.6059789061546326,-0.032169196754693985,0.26945704221725464,0.5554581880569458,-0.05257805436849594,0.321959912776947,0.5180982351303101,-0.07115831226110458,0.36906975507736206,0.5063011646270752,-0.0868101492524147,0.23923945426940918,0.41391322016716003,-0.029387546703219414,0.2275432050228119,0.435741126537323,-0.06816601753234863,0.20558355748653412,0.5025754570960999,-0.09369588643312454,0.19519612193107605,0.5487788915634155,-0.10491818934679031,0.1884274035692215,0.3916492164134979,-0.026626145467162132,0.1786978393793106,0.4263308048248291,-0.06351043283939362,0.1662265956401825,0.5072672963142395,-0.07444030046463013,0.16430921852588654,0.554696261882782,-0.07366558909416199,0.14105439186096191,0.3958376348018646,-0.028491385281085968,0.13287854194641113,0.431940495967865,-0.062476739287376404,0.13121142983436584,0.5066845417022705,-0.05952208489179611,0.13681533932685852,0.5478031635284424,-0.04792632535099983,0.09715794026851654,0.4146401286125183,-0.03346112743020058,0.09196945279836655,0.43331214785575867,-0.053755082190036774,0.09829771518707275,0.48945415019989014,-0.04821822792291641,0.10709984600543976,0.5198804140090942,-0.03649327903985977
23,left,0,0,0,0,0,0,0,0,0,0,0,0,0,0,0,0,0,0,0,0,0,0,0,0,0,0,0,0,0,0,0,0,0,0,0,0,0,0,0,0,0,0,0,0,0,0,0,0,0,0,0,0,0,0,0,0,0,0,0,0,0,0,0
24,right,0.14081697165966034,0.632537841796875,-4.416991998823505e-07,0.2047266662120819,0.6062628030776978,-0.03155235946178436,0.26866284012794495,0.5540393590927124,-0.05132189393043518,0.32107359170913696,0.5156657695770264,-0.06931861490011215,0.36871206760406494,0.5046606063842773,-0.08422054350376129,0.23812925815582275,0.41724327206611633,-0.028104664757847786,0.2262839376926422,0.4318927526473999,-0.06627929955720901,0.20566551387310028,0.5003049373626709,-0.0907011479139328,0.1967412382364273,0.5476769804954529,-0.10111103951931,0.18770013749599457,0.3962438106536865,-0.02544381283223629,0.17912589013576508,0.42024940252304077,-0.06252289563417435,0.16768541932106018,0.5031701326370239,-0.07261654734611511,0.16631516814231873,0.5524866580963135,-0.07094784826040268,0.14092108607292175,0.40019285678863525,-0.02742541767656803,0.1332823783159256,0.42451515793800354,-0.062188971787691116,0.1317019760608673,0.5020256042480469,-0.0583934485912323,0.13683849573135376,0.5458610653877258,-0.04582054540514946,0.097383052110672,0.4178812503814697,-0.03229871019721031,0.09197217226028442,0.4280043840408325,-0.0535108782351017,0.09821801632642746,0.48485422134399414,-0.04769227281212807,0.10696586221456528,0.5169146060943604,-0.03549946844577789
24,left,0,0,0,0,0,0,0,0,0,0,0,0,0,0,0,0,0,0,0,0,0,0,0,0,0,0,0,0,0,0,0,0,0,0,0,0,0,0,0,0,0,0,0,0,0,0,0,0,0,0,0,0,0,0,0,0,0,0,0,0,0,0,0
25,right,0.14146646857261658,0.6303975582122803,-4.2026584878840367e-07,0.20342816412448883,0.6041654348373413,-0.032927256077528,0.266140878200531,0.5517758131027222,-0.053304754197597504,0.320075124502182,0.5145511627197266,-0.07162043452262878,0.36779701709747314,0.5046378970146179,-0.08669991046190262,0.23630115389823914,0.4153762459754944,-0.02888115495443344,0.22494536638259888,0.4293018579483032,-0.06742793321609497,0.20470161736011505,0.4981748163700104,-0.09207421541213989,0.19607669115066528,0.5457677245140076,-0.10245215147733688,0.18650372326374054,0.3954755663871765,-0.02552577294409275,0.17744749784469604,0.4185299277305603,-0.06296475231647491,0.16700080037117004,0.5013776421546936,-0.0733531042933464,0.16611067950725555,0.5499050617218018,-0.07176746428012848,0.14016379415988922,0.40039825439453125,-0.026927947998046875,0.13118737936019897,0.42350324988365173,-0.06206219643354416,0.1308419108390808,0.5015314817428589,-0.05852898210287094,0.13675431907176971,0.5453193783760071,-0.04592527821660042,0.09722550213336945,0.4185313284397125,-0.031296249479055405,0.09014083445072174,0.4273037314414978,-0.0526309497654438,0.09702391922473907,0.48390814661979675,-0.0469028614461422,0.10638457536697388,0.5160466432571411,-0.03467073291540146
25,left,0,0,0,0,0,0,0,0,0,0,0,0,0,0,0,0,0,0,0,0,0,0,0,0,0,0,0,0,0,0,0,0,0,0,0,0,0,0,0,0,0,0,0,0,0,0,0,0,0,0,0,0,0,0,0,0,0,0,0,0,0,0,0
26,right,0.14235614240169525,0.6277718544006348,-4.318065407460381e-07,0.20516303181648254,0.6021564602851868,-0.03260692209005356,0.26766932010650635,0.5513535737991333,-0.05317416414618492,0.32046908140182495,0.5142807364463806,-0.07179001718759537,0.3683167099952698,0.5040338635444641,-0.0873776376247406,0.23715122044086456,0.41477400064468384,-0.03013487346470356,0.22546817362308502,0.4315970838069916,-0.06879837065935135,0.2044268399477005,0.49867454171180725,-0.09357327222824097,0.19486895203590393,0.5458270907402039,-0.10409960150718689,0.18671557307243347,0.39318913221359253,-0.027088796719908714,0.17724694311618805,0.4209892749786377,-0.06428707391023636,0.16532866656780243,0.5015564560890198,-0.07468638569116592,0.16380052268505096,0.5492070913314819,-0.0733683705329895,0.139984130859375,0.3968580961227417,-0.028695501387119293,0.13095605373382568,0.42730581760406494,-0.06325746327638626,0.12964113056659698,0.5022551417350769,-0.05999218299984932,0.1358414739370346,0.5442418456077576,-0.047952547669410706,0.09670376777648926,0.41422441601753235,-0.03334987163543701,0.09041880071163177,0.42757847905158997,-0.05415107682347298,0.09681548178195953,0.4844801425933838,-0.04835110530257225,0.10623423755168915,0.5167213678359985,-0.036299604922533035
26,left,0,0,0,0,0,0,0,0,0,0,0,0,0,0,0,0,0,0,0,0,0,0,0,0,0,0,0,0,0,0,0,0,0,0,0,0,0,0,0,0,0,0,0,0,0,0,0,0,0,0,0,0,0,0,0,0,0,0,0,0,0,0,0
27,right,0.14112454652786255,0.6284410953521729,-4.4266852228247444e-07,0.20487074553966522,0.6021919250488281,-0.031571224331855774,0.26791393756866455,0.5501950979232788,-0.05137990042567253,0.32057106494903564,0.5126128196716309,-0.0694475769996643,0.36759889125823975,0.5008816719055176,-0.08445381373167038,0.2372995764017105,0.4146836996078491,-0.028156783431768417,0.22587725520133972,0.4301886558532715,-0.06642787903547287,0.20476725697517395,0.4973125755786896,-0.09107884019613266,0.19520558416843414,0.544017493724823,-0.10164710879325867,0.18735656142234802,0.39288806915283203,-0.025544825941324234,0.17788919806480408,0.4195002615451813,-0.062376827001571655,0.16624732315540314,0.500777542591095,-0.0727335512638092,0.1649537980556488,0.5479013323783875,-0.07139237225055695,0.1409054398536682,0.39652198553085327,-0.02758890390396118,0.13179722428321838,0.4254841208457947,-0.06157775968313217,0.13093671202659607,0.5007304549217224,-0.0578940249979496,0.13725759088993073,0.5414871573448181,-0.04575296863913536,0.09759307652711868,0.4139288067817688,-0.032646067440509796,0.09120526909828186,0.4277665615081787,-0.05278096720576286,0.09832855314016342,0.4843747019767761,-0.046597301959991455,0.10828796029090881,0.5150617957115173,-0.03445345535874367
27,left,0,0,0,0,0,0,0,0,0,0,0,0,0,0,0,0,0,0,0,0,0,0,0,0,0,0,0,0,0,0,0,0,0,0,0,0,0,0,0,0,0,0,0,0,0,0,0,0,0,0,0,0,0,0,0,0,0,0,0,0,0,0,0
28,right,0.14157170057296753,0.6272521615028381,-4.3075411326753965e-07,0.20448793470859528,0.6013780236244202,-0.03225947543978691,0.26693403720855713,0.5497692227363586,-0.05235198512673378,0.319693922996521,0.5121002197265625,-0.070551797747612,0.36719387769699097,0.5015707612037659,-0.08560005575418472,0.23725339770317078,0.414077490568161,-0.028590356931090355,0.22602082788944244,0.4290388226509094,-0.06671810150146484,0.20540869235992432,0.4973941147327423,-0.0911078006029129,0.19587375223636627,0.5444311499595642,-0.10140036046504974,0.18714159727096558,0.3933357000350952,-0.02549929916858673,0.17811499536037445,0.41724270582199097,-0.06250844150781631,0.16675229370594025,0.5003775358200073,-0.07263354957103729,0.16477005183696747,0.5487439036369324,-0.07094570249319077,0.14052915573120117,0.39782238006591797,-0.027070224285125732,0.1328040212392807,0.4222371280193329,-0.06182582676410675,0.1315726339817047,0.49957525730133057,-0.058126192539930344,0.13630643486976624,0.5425007939338684,-0.045501578599214554,0.09721897542476654,0.4157589077949524,-0.03153384104371071,0.0923520103096962,0.42431455850601196,-0.05212155357003212,0.09840765595436096,0.4800330102443695,-0.045877210795879364,0.10623440146446228,0.5110763311386108,-0.03346533700823784
28,left,0,0,0,0,0,0,0,0,0,0,0,0,0,0,0,0,0,0,0,0,0,0,0,0,0,0,0,0,0,0,0,0,0,0,0,0,0,0,0,0,0,0,0,0,0,0,0,0,0,0,0,0,0,0,0,0,0,0,0,0,0,0,0
29,right,0.14210088551044464,0.6296486854553223,-4.2598315985742374e-07,0.20442050695419312,0.6025657057762146,-0.03195261210203171,0.2667129635810852,0.5497878789901733,-0.05200863629579544,0.3188856840133667,0.5113231539726257,-0.07021673768758774,0.3661395311355591,0.5007454752922058,-0.0853668600320816,0.23601111769676208,0.4136248826980591,-0.028140708804130554,0.2262558490037918,0.4290127754211426,-0.06613511592149734,0.20579969882965088,0.49685126543045044,-0.09098504483699799,0.1959753930568695,0.5433850288391113,-0.10179409384727478,0.18593798577785492,0.39401325583457947,-0.025471607223153114,0.1784394532442093,0.41778984665870667,-0.06228547915816307,0.1675230860710144,0.5002413392066956,-0.07301613688468933,0.16517825424671173,0.5488404035568237,-0.07189815491437912,0.1394730806350708,0.399552583694458,-0.02739494852721691,0.1322052925825119,0.42250439524650574,-0.06198965385556221,0.13186028599739075,0.5001308917999268,-0.058432504534721375,0.13683456182479858,0.5440245270729065,-0.04600383713841438,0.0961763933300972,0.41873568296432495,-0.032202571630477905,0.09102287143468857,0.4252769947052002,-0.05309198051691055,0.09828391671180725,0.48078101873397827,-0.04684930294752121,0.10692918300628662,0.5123790502548218,-0.034403473138809204
29,left,0,0,0,0,0,0,0,0,0,0,0,0,0,0,0,0,0,0,0,0,0,0,0,0,0,0,0,0,0,0,0,0,0,0,0,0,0,0,0,0,0,0,0,0,0,0,0,0,0,0,0,0,0,0,0,0,0,0,0,0,0,0,0
30,right,0.1425057053565979,0.627334475517273,-4.2305566694267327e-07,0.20562905073165894,0.6000331044197083,-0.0319146104156971,0.2681867480278015,0.5474247932434082,-0.05181940644979477,0.3205195367336273,0.509925365447998,-0.06983552128076553,0.36756572127342224,0.4996633231639862,-0.08486612141132355,0.23814435303211212,0.41644400358200073,-0.028871240094304085,0.2274327278137207,0.42603445053100586,-0.06640173494815826,0.20731708407402039,0.4934856593608856,-0.09007448703050613,0.19715842604637146,0.5414843559265137,-0.09993045032024384,0.18731388449668884,0.3971274793148041,-0.02601911686360836,0.17827484011650085,0.4139168858528137,-0.06294658035039902,0.16825439035892487,0.4972236454486847,-0.07292944937944412,0.16630211472511292,0.5460772514343262,-0.07115936279296875,0.14037352800369263,0.4018780589103699,-0.02768881246447563,0.13258567452430725,0.4184706211090088,-0.0626676082611084,0.13254104554653168,0.4973437190055847,-0.05844716355204582,0.13730333745479584,0.5419370532035828,-0.045390911400318146,0.09663491696119308,0.4201478660106659,-0.03214546665549278,0.09149294346570969,0.42200595140457153,-0.05344849079847336,0.09847207367420197,0.47898533940315247,-0.04669635370373726,0.10640519857406616,0.5120501518249512,-0.03379200026392937
30,left,0,0,0,0,0,0,0,0,0,0,0,0,0,0,0,0,0,0,0,0,0,0,0,0,0,0,0,0,0,0,0,0,0,0,0,0,0,0,0,0,0,0,0,0,0,0,0,0,0,0,0,0,0,0,0,0,0,0,0,0,0,0,0
31,right,0.14388635754585266,0.6264260411262512,-4.159348634402704e-07,0.206231951713562,0.5991163849830627,-0.03190852329134941,0.2691388726234436,0.5465633869171143,-0.05178508162498474,0.3224037289619446,0.5098347067832947,-0.06959912925958633,0.36942529678344727,0.49994125962257385,-0.08429016917943954,0.23815837502479553,0.414985716342926,-0.030095906928181648,0.2280588299036026,0.42569124698638916,-0.06733191013336182,0.20794755220413208,0.49249064922332764,-0.09017098695039749,0.19807511568069458,0.5394704341888428,-0.0995454415678978,0.18776753544807434,0.3958421051502228,-0.027266686782240868,0.1786935031414032,0.4140840172767639,-0.06426432728767395,0.16895076632499695,0.497230589389801,-0.0735359787940979,0.16813881695270538,0.5456317663192749,-0.071326345205307,0.14125631749629974,0.4005105793476105,-0.028873560950160027,0.1328602135181427,0.41880568861961365,-0.06404712796211243,0.13353082537651062,0.4979696273803711,-0.05945223197340965,0.13956096768379211,0.5425080060958862,-0.04620934650301933,0.09786459058523178,0.418590247631073,-0.03325996920466423,0.09215500950813293,0.42190107703208923,-0.054765526205301285,0.09976577013731003,0.4797002971172333,-0.04805651679635048,0.10889790207147598,0.512919008731842,-0.03522492200136185
31,left,0,0,0,0,0,0,0,0,0,0,0,0,0,0,0,0,0,0,0,0,0,0,0,0,0,0,0,0,0,0,0,0,0,0,0,0,0,0,0,0,0,0,0,0,0,0,0,0,0,0,0,0,0,0,0,0,0,0,0,0,0,0,0
32,right,0.14522720873355865,0.6253206729888916,-4.19260288708756e-07,0.20774485170841217,0.5980290174484253,-0.03199010714888573,0.27037230134010315,0.5459938049316406,-0.052046265453100204,0.3234906494617462,0.5086994171142578,-0.07013139128684998,0.3708750605583191,0.49877259135246277,-0.08520594239234924,0.2386094331741333,0.4178508520126343,-0.03012927435338497,0.22970598936080933,0.4244648218154907,-0.06739042699337006,0.20965392887592316,0.49156877398490906,-0.09043958783149719,0.1997060775756836,0.5392071008682251,-0.10004139691591263,0.1885731816291809,0.3989983797073364,-0.027097871527075768,0.18042480945587158,0.4125204086303711,-0.0642797201871872,0.17041149735450745,0.4960829019546509,-0.073664091527462,0.16906416416168213,0.545306384563446,-0.07156279683113098,0.14261719584465027,0.4029216170310974,-0.02855014055967331,0.1348036378622055,0.41666901111602783,-0.06358177959918976,0.13488119840621948,0.49556654691696167,-0.05903002247214317,0.14002223312854767,0.5405564904212952,-0.045893386006355286,0.09955362975597382,0.41954028606414795,-0.03277730196714401,0.09368517994880676,0.4201315641403198,-0.054132912307977676,0.100517138838768,0.4770587980747223,-0.04755073040723801,0.10886438935995102,0.5102196931838989,-0.034951016306877136
32,left,0,0,0,0,0,0,0,0,0,0,0,0,0,0,0,0,0,0,0,0,0,0,0,0,0,0,0,0,0,0,0,0,0,0,0,0,0,0,0,0,0,0,0,0,0,0,0,0,0,0,0,0,0,0,0,0,0,0,0,0,0,0,0
33,right,0.14570602774620056,0.6262812614440918,-4.161506979016849e-07,0.20816561579704285,0.599332869052887,-0.03286460414528847,0.2712162435054779,0.5462064146995544,-0.05307142063975334,0.3240588903427124,0.5086156129837036,-0.07111150771379471,0.37148991227149963,0.4985482394695282,-0.08589112013578415,0.23983263969421387,0.41610264778137207,-0.03028075210750103,0.22909775376319885,0.426270455121994,-0.06762537360191345,0.20979171991348267,0.49441826343536377,-0.09032353013753891,0.20090417563915253,0.5405768156051636,-0.09972355514764786,0.18912102282047272,0.3973607122898102,-0.027094243094325066,0.18054425716400146,0.4143003225326538,-0.0647335946559906,0.17117124795913696,0.49899783730506897,-0.07408611476421356,0.17010092735290527,0.5466766357421875,-0.07186036556959152,0.14255213737487793,0.40228238701820374,-0.028447575867176056,0.13468129932880402,0.41748225688934326,-0.06443565338850021,0.1355476677417755,0.4981790781021118,-0.05949750542640686,0.1412164866924286,0.5426532030105591,-0.045905452221632004,0.09897590428590775,0.4205601215362549,-0.03263157233595848,0.09386502206325531,0.4221574068069458,-0.05488211289048195,0.10147961229085922,0.4804232716560364,-0.04814755544066429,0.1101994439959526,0.5134508609771729,-0.03522827848792076
33,left,0,0,0,0,0,0,0,0,0,0,0,0,0,0,0,0,0,0,0,0,0,0,0,0,0,0,0,0,0,0,0,0,0,0,0,0,0,0,0,0,0,0,0,0,0,0,0,0,0,0,0,0,0,0,0,0,0,0,0,0,0,0,0
34,right,0.1455274373292923,0.6281479001045227,-4.3070923538834904e-07,0.2080240398645401,0.6010067462921143,-0.032200902700424194,0.2707217037677765,0.5476630926132202,-0.051815420389175415,0.32336437702178955,0.5095916390419006,-0.06925180554389954,0.37078386545181274,0.4991156756877899,-0.0833810493350029,0.24155354499816895,0.41623303294181824,-0.02867751754820347,0.2305208444595337,0.426822304725647,-0.0652342289686203,0.21072709560394287,0.4947909712791443,-0.08769077062606812,0.20164896547794342,0.5404646396636963,-0.09713958203792572,0.19163088500499725,0.3964462876319885,-0.025499431416392326,0.1812143176794052,0.414486289024353,-0.06202155351638794,0.17187869548797607,0.4987693130970001,-0.07102948427200317,0.17159003019332886,0.5453792810440063,-0.0688081607222557,0.14528942108154297,0.4007464051246643,-0.026896268129348755,0.13569989800453186,0.4190259277820587,-0.061782289296388626,0.13634304702281952,0.4982166886329651,-0.05696757137775421,0.14238950610160828,0.5403741598129272,-0.043754693120718,0.10174719989299774,0.41829562187194824,-0.031093580648303032,0.09498567134141922,0.4222310483455658,-0.05222998559474945,0.10213761776685715,0.4795210361480713,-0.045414090156555176,0.11097138375043869,0.510654866695404,-0.032683439552783966
34,left,0,0,0,0,0,0,0,0,0,0,0,0,0,0,0,0,0,0,0,0,0,0,0,0,0,0,0,0,0,0,0,0,0,0,0,0,0,0,0,0,0,0,0,0,0,0,0,0,0,0,0,0,0,0,0,0,0,0,0,0,0,0,0
35,right,0.14602041244506836,0.6284375190734863,-4.194366169940622e-07,0.2081456482410431,0.6010934114456177,-0.03221487998962402,0.27085351943969727,0.5469871759414673,-0.05220934748649597,0.3237563967704773,0.5090200304985046,-0.07001740485429764,0.3711392879486084,0.4989853799343109,-0.08468646556138992,0.2410571426153183,0.41783612966537476,-0.03013349138200283,0.2308681160211563,0.42677053809165955,-0.06721696257591248,0.21119429171085358,0.49543601274490356,-0.0900789201259613,0.2017206996679306,0.5421966910362244,-0.09972994774580002,0.1904429793357849,0.3990823030471802,-0.027291081845760345,0.18215219676494598,0.41381216049194336,-0.06449051946401596,0.17302700877189636,0.49937132000923157,-0.07386089861392975,0.17177924513816833,0.5475064516067505,-0.07182608544826508,0.1438961625099182,0.40435779094696045,-0.028859257698059082,0.13665728271007538,0.4161822199821472,-0.06470458954572678,0.1374303102493286,0.4979514479637146,-0.05950867384672165,0.14259052276611328,0.5427841544151306,-0.04582145810127258,0.10033074021339417,0.42319098114967346,-0.03311523422598839,0.09536463767290115,0.4219478368759155,-0.05563148483633995,0.10284881293773651,0.48060351610183716,-0.048571933060884476,0.11117327958345413,0.5137439966201782,-0.03541402518749237
35,left,0,0,0,0,0,0,0,0,0,0,0,0,0,0,0,0,0,0,0,0,0,0,0,0,0,0,0,0,0,0,0,0,0,0,0,0,0,0,0,0,0,0,0,0,0,0,0,0,0,0,0,0,0,0,0,0,0,0,0,0,0,0,0
36,right,0.14712680876255035,0.6268811225891113,-4.221967913053959e-07,0.20952439308166504,0.6001342535018921,-0.031023409217596054,0.2725019156932831,0.5468681454658508,-0.050359390676021576,0.3247402310371399,0.5092616081237793,-0.06777892261743546,0.37154045701026917,0.4993196129798889,-0.08237643539905548,0.24158203601837158,0.41772711277008057,-0.029585689306259155,0.2313205897808075,0.42671263217926025,-0.0662822425365448,0.21169690787792206,0.493753045797348,-0.08891016244888306,0.20160402357578278,0.5419352054595947,-0.09821248799562454,0.19084767997264862,0.39957094192504883,-0.02717656083405018,0.18210983276367188,0.41318169236183167,-0.06407862901687622,0.1723988801240921,0.4978513717651367,-0.07327515631914139,0.17051707208156586,0.5486395359039307,-0.07095486670732498,0.14423367381095886,0.4046083986759186,-0.029045898467302322,0.13626603782176971,0.4162702262401581,-0.06432605534791946,0.136695995926857,0.49692294001579285,-0.05930885300040245,0.14156830310821533,0.5434828996658325,-0.04571486636996269,0.1004866287112236,0.422992080450058,-0.033506784588098526,0.09508948773145676,0.42052513360977173,-0.05555322393774986,0.10255942493677139,0.47846877574920654,-0.0484289675951004,0.11078967154026031,0.5126683712005615,-0.035230446606874466
36,left,0,0,0,0,0,0,0,0,0,0,0,0,0,0,0,0,0,0,0,0,0,0,0,0,0,0,0,0,0,0,0,0,0,0,0,0,0,0,0,0,0,0,0,0,0,0,0,0,0,0,0,0,0,0,0,0,0,0,0,0,0,0,0
