1,right,0.26603302359580994,0.7169773578643799,-2.389408564340556e-07,0.3135007917881012,0.6885783672332764,-0.021442245692014694,0.35694244503974915,0.6342631578445435,-0.030173642560839653,0.38880690932273865,0.587211012840271,-0.03660747781395912,0.4107801616191864,0.5594717860221863,-0.037584319710731506,0.3200324475765228,0.5679499506950378,-0.013404040597379208,0.32517123222351074,0.538811206817627,-0.033731166273355484,0.31824830174446106,0.5938892364501953,-0.040926337242126465,0.3153384029865265,0.6083322167396545,-0.04335884749889374,0.2866309583187103,0.5667049288749695,-0.010553124360740185,0.2939967215061188,0.5346783399581909,-0.03398857265710831,0.2935764789581299,0.6009628772735596,-0.035063598304986954,0.2922237515449524,0.6116161942481995,-0.030957592651247978,0.2554919123649597,0.5726415514945984,-0.011265181936323643,0.2602704167366028,0.5429602861404419,-0.03412536531686783,0.26475203037261963,0.6018185615539551,-0.02261604182422161,0.2643011808395386,0.612592339515686,-0.009404062293469906,0.22491474449634552,0.5820025205612183,-0.013563880696892738,0.2283206582069397,0.5568186044692993,-0.023687569424510002,0.23782330751419067,0.5950444936752319,-0.01218798104673624,0.2391333281993866,0.6069909930229187,-0.0005978099652566016
1,left,0,0,0,0,0,0,0,0,0,0,0,0,0,0,0,0,0,0,0,0,0,0,0,0,0,0,0,0,0,0,0,0,0,0,0,0,0,0,0,0,0,0,0,0,0,0,0,0,0,0,0,0,0,0,0,0,0,0,0,0,0,0,0
2,right,0.2659991979598999,0.7195020914077759,-2.4131284703798883e-07,0.3129085302352905,0.6925507187843323,-0.02276962623000145,0.3569824993610382,0.6389381885528564,-0.032297927886247635,0.3892422914505005,0.5906592011451721,-0.03915628418326378,0.4110482335090637,0.5609543919563293,-0.040339767932891846,0.32112839818000793,0.5705570578575134,-0.014255599118769169,0.32541003823280334,0.5409930348396301,-0.035145364701747894,0.31885993480682373,0.5969080924987793,-0.042840950191020966,0.31692516803741455,0.611882746219635,-0.04557078331708908,0.28754571080207825,0.5694120526313782,-0.010821199044585228,0.2945152223110199,0.5366160869598389,-0.03463229537010193,0.29413720965385437,0.6036829352378845,-0.035840924829244614,0.2931867241859436,0.6144111156463623,-0.031740374863147736,0.2562013268470764,0.5754638910293579,-0.01111264992505312,0.2606070637702942,0.5455682873725891,-0.03411152586340904,0.26517170667648315,0.6044228076934814,-0.02243606001138687,0.2654254138469696,0.6147102117538452,-0.009118217043578625,0.22562256455421448,0.58473140001297,-0.013130287639796734,0.22867977619171143,0.5600323677062988,-0.0232331994920969,0.2382248044013977,0.5986747741699219,-0.011658098548650742,0.24018660187721252,0.610499918460846,-2.671673610166181e-05
2,left,0,0,0,0,0,0,0,0,0,0,0,0,0,0,0,0,0,0,0,0,0,0,0,0,0,0,0,0,0,0,0,0,0,0,0,0,0,0,0,0,0,0,0,0,0,0,0,0,0,0,0,0,0,0,0,0,0,0,0,0,0,0,0
3,right,0,0,0,0,0,0,0,0,0,0,0,0,0,0,0,0,0,0,0,0,0,0,0,0,0,0,0,0,0,0,0,0,0,0,0,0,0,0,0,0,0,0,0,0,0,0,0,0,0,0,0,0,0,0,0,0,0,0,0,0,0,0,0
3,left,0,0,0,0,0,0,0,0,0,0,0,0,0,0,0,0,0,0,0,0,0,0,0,0,0,0,0,0,0,0,0,0,0,0,0,0,0,0,0,0,0,0,0,0,0,0,0,0,0,0,0,0,0,0,0,0,0,0,0,0,0,0,0
4,right,0,0,0,0,0,0,0,0,0,0,0,0,0,0,0,0,0,0,0,0,0,0,0,0,0,0,0,0,0,0,0,0,0,0,0,0,0,0,0,0,0,0,0,0,0,0,0,0,0,0,0,0,0,0,0,0,0,0,0,0,0,0,0
4,left,0,0,0,0,0,0,0,0,0,0,0,0,0,0,0,0,0,0,0,0,0,0,0,0,0,0,0,0,0,0,0,0,0,0,0,0,0,0,0,0,0,0,0,0,0,0,0,0,0,0,0,0,0,0,0,0,0,0,0,0,0,0,0
5,right,0,0,0,0,0,0,0,0,0,0,0,0,0,0,0,0,0,0,0,0,0,0,0,0,0,0,0,0,0,0,0,0,0,0,0,0,0,0,0,0,0,0,0,0,0,0,0,0,0,0,0,0,0,0,0,0,0,0,0,0,0,0,0
5,left,0,0,0,0,0,0,0,0,0,0,0,0,0,0,0,0,0,0,0,0,0,0,0,0,0,0,0,0,0,0,0,0,0,0,0,0,0,0,0,0,0,0,0,0,0,0,0,0,0,0,0,0,0,0,0,0,0,0,0,0,0,0,0
6,right,0,0,0,0,0,0,0,0,0,0,0,0,0,0,0,0,0,0,0,0,0,0,0,0,0,0,0,0,0,0,0,0,0,0,0,0,0,0,0,0,0,0,0,0,0,0,0,0,0,0,0,0,0,0,0,0,0,0,0,0,0,0,0
6,left,0,0,0,0,0,0,0,0,0,0,0,0,0,0,0,0,0,0,0,0,0,0,0,0,0,0,0,0,0,0,0,0,0,0,0,0,0,0,0,0,0,0,0,0,0,0,0,0,0,0,0,0,0,0,0,0,0,0,0,0,0,0,0
7,right,0,0,0,0,0,0,0,0,0,0,0,0,0,0,0,0,0,0,0,0,0,0,0,0,0,0,0,0,0,0,0,0,0,0,0,0,0,0,0,0,0,0,0,0,0,0,0,0,0,0,0,0,0,0,0,0,0,0,0,0,0,0,0
7,left,0,0,0,0,0,0,0,0,0,0,0,0,0,0,0,0,0,0,0,0,0,0,0,0,0,0,0,0,0,0,0,0,0,0,0,0,0,0,0,0,0,0,0,0,0,0,0,0,0,0,0,0,0,0,0,0,0,0,0,0,0,0,0
8,right,0,0,0,0,0,0,0,0,0,0,0,0,0,0,0,0,0,0,0,0,0,0,0,0,0,0,0,0,0,0,0,0,0,0,0,0,0,0,0,0,0,0,0,0,0,0,0,0,0,0,0,0,0,0,0,0,0,0,0,0,0,0,0
8,left,0,0,0,0,0,0,0,0,0,0,0,0,0,0,0,0,0,0,0,0,0,0,0,0,0,0,0,0,0,0,0,0,0,0,0,0,0,0,0,0,0,0,0,0,0,0,0,0,0,0,0,0,0,0,0,0,0,0,0,0,0,0,0
9,right,0,0,0,0,0,0,0,0,0,0,0,0,0,0,0,0,0,0,0,0,0,0,0,0,0,0,0,0,0,0,0,0,0,0,0,0,0,0,0,0,0,0,0,0,0,0,0,0,0,0,0,0,0,0,0,0,0,0,0,0,0,0,0
9,left,0,0,0,0,0,0,0,0,0,0,0,0,0,0,0,0,0,0,0,0,0,0,0,0,0,0,0,0,0,0,0,0,0,0,0,0,0,0,0,0,0,0,0,0,0,0,0,0,0,0,0,0,0,0,0,0,0,0,0,0,0,0,0
10,right,0.25612780451774597,0.7323635816574097,-4.896893983641348e-07,0.3162444531917572,0.6821424961090088,-0.003959815017879009,0.36108458042144775,0.6308050751686096,-0.01042115781456232,0.3958624005317688,0.5899065732955933,-0.02282862737774849,0.42595142126083374,0.5664753913879395,-0.03290205076336861,0.3272669017314911,0.5779341459274292,0.0077836341224610806,0.3371407985687256,0.5436447262763977,-0.015393642708659172,0.32874980568885803,0.5992462635040283,-0.02466713637113571,0.32436075806617737,0.6110345125198364,-0.028787653893232346,0.2886684238910675,0.574867844581604,-0.002293770434334874,0.3014172911643982,0.5392215251922607,-0.027720307931303978,0.29807716608047485,0.6088653206825256,-0.028452759608626366,0.2963377833366394,0.618831217288971,-0.024101555347442627,0.2538661062717438,0.5780898332595825,-0.01591939851641655,0.26426562666893005,0.5394530892372131,-0.03976471722126007,0.2673606872558594,0.6057818531990051,-0.023458607494831085,0.26717886328697205,0.6159951090812683,-0.0075294505804777145,0.21901389956474304,0.5867959260940552,-0.030718835070729256,0.22415342926979065,0.5522388219833374,-0.03819017857313156,0.23295116424560547,0.6011865139007568,-0.01963779330253601,0.23721535503864288,0.6164085865020752,-0.004214596468955278
10,left,0,0,0,0,0,0,0,0,0,0,0,0,0,0,0,0,0,0,0,0,0,0,0,0,0,0,0,0,0,0,0,0,0,0,0,0,0,0,0,0,0,0,0,0,0,0,0,0,0,0,0,0,0,0,0,0,0,0,0,0,0,0,0
11,right,0,0,0,0,0,0,0,0,0,0,0,0,0,0,0,0,0,0,0,0,0,0,0,0,0,0,0,0,0,0,0,0,0,0,0,0,0,0,0,0,0,0,0,0,0,0,0,0,0,0,0,0,0,0,0,0,0,0,0,0,0,0,0
11,left,0,0,0,0,0,0,0,0,0,0,0,0,0,0,0,0,0,0,0,0,0,0,0,0,0,0,0,0,0,0,0,0,0,0,0,0,0,0,0,0,0,0,0,0,0,0,0,0,0,0,0,0,0,0,0,0,0,0,0,0,0,0,0
12,right,0,0,0,0,0,0,0,0,0,0,0,0,0,0,0,0,0,0,0,0,0,0,0,0,0,0,0,0,0,0,0,0,0,0,0,0,0,0,0,0,0,0,0,0,0,0,0,0,0,0,0,0,0,0,0,0,0,0,0,0,0,0,0
12,left,0,0,0,0,0,0,0,0,0,0,0,0,0,0,0,0,0,0,0,0,0,0,0,0,0,0,0,0,0,0,0,0,0,0,0,0,0,0,0,0,0,0,0,0,0,0,0,0,0,0,0,0,0,0,0,0,0,0,0,0,0,0,0
13,right,0.26330503821372986,0.6886345744132996,-5.074028308627021e-07,0.3158336877822876,0.6617894172668457,-0.018216054886579514,0.3617517650127411,0.6092219948768616,-0.0277034193277359,0.3935980200767517,0.5660834908485413,-0.0374436117708683,0.4185478389263153,0.5402137637138367,-0.0428667850792408,0.3221997916698456,0.5438534021377563,-0.012610367499291897,0.33033832907676697,0.5135304927825928,-0.036163926124572754,0.32105135917663574,0.5718178749084473,-0.044113121926784515,0.3179088234901428,0.5895187854766846,-0.04657416790723801,0.2871863543987274,0.5427232384681702,-0.01452774927020073,0.2973785996437073,0.5118504762649536,-0.04042208194732666,0.2918735444545746,0.5818893909454346,-0.04043203964829445,0.2910725474357605,0.5926662087440491,-0.034928008913993835,0.25437843799591064,0.5475881099700928,-0.020250685513019562,0.2623243033885956,0.5172415375709534,-0.0464998334646225,0.26264435052871704,0.582205593585968,-0.033367663621902466,0.26287519931793213,0.5926326513290405,-0.018501831218600273,0.22234073281288147,0.5564375519752502,-0.02753077819943428,0.22808048129081726,0.5255796313285828,-0.03889080509543419,0.2338959276676178,0.5712589621543884,-0.024344582110643387,0.23603764176368713,0.5877432823181152,-0.010571232065558434
13,left,0,0,0,0,0,0,0,0,0,0,0,0,0,0,0,0,0,0,0,0,0,0,0,0,0,0,0,0,0,0,0,0,0,0,0,0,0,0,0,0,0,0,0,0,0,0,0,0,0,0,0,0,0,0,0,0,0,0,0,0,0,0,0
14,right,0.25759533047676086,0.6985877752304077,-2.450413489896164e-07,0.3075203001499176,0.6677098274230957,-0.02197822742164135,0.35527002811431885,0.6150683164596558,-0.029592104256153107,0.3897117078304291,0.5682467222213745,-0.03384864330291748,0.4129742980003357,0.5408897399902344,-0.031773246824741364,0.31836846470832825,0.5413073301315308,-0.014399035833775997,0.32629117369651794,0.5165255069732666,-0.032571543008089066,0.318718284368515,0.5731844902038574,-0.03892836347222328,0.3148563504219055,0.5828525424003601,-0.041753094643354416,0.2831531763076782,0.5390512943267822,-0.010646478272974491,0.29405537247657776,0.5121278166770935,-0.032799217849969864,0.2928461730480194,0.5790975093841553,-0.035551439970731735,0.28947004675865173,0.5845879316329956,-0.034123845398426056,0.25078147649765015,0.545785129070282,-0.009723056107759476,0.2589951157569885,0.5185210704803467,-0.03061426617205143,0.2636633813381195,0.5782210230827332,-0.019302774220705032,0.26173627376556396,0.5858790874481201,-0.007708809804171324,0.21946579217910767,0.5565118789672852,-0.010391587391495705,0.22612260282039642,0.5323016047477722,-0.018616333603858948,0.23630869388580322,0.5710645318031311,-0.006121229846030474,0.23534691333770752,0.5811371803283691,0.00532801728695631
14,left,0,0,0,0,0,0,0,0,0,0,0,0,0,0,0,0,0,0,0,0,0,0,0,0,0,0,0,0,0,0,0,0,0,0,0,0,0,0,0,0,0,0,0,0,0,0,0,0,0,0,0,0,0,0,0,0,0,0,0,0,0,0,0
15,right,0.25822320580482483,0.6996840834617615,-2.4665041564730927e-07,0.30870622396469116,0.6705174446105957,-0.021282119676470757,0.3547455966472626,0.6150773167610168,-0.029593616724014282,0.38915055990219116,0.5679762363433838,-0.03549409285187721,0.412204384803772,0.5403069853782654,-0.03577698767185211,0.3174045979976654,0.5452846884727478,-0.013604745268821716,0.3258565664291382,0.5172451734542847,-0.03356627747416496,0.31690752506256104,0.5745092034339905,-0.04052796959877014,0.3114592134952545,0.5896682739257812,-0.04299788549542427,0.2829607129096985,0.5424038171768188,-0.010934598743915558,0.2942679226398468,0.5118042230606079,-0.03494851663708687,0.29168251156806946,0.5802248120307922,-0.03756821155548096,0.2873344123363495,0.5909644365310669,-0.03477255627512932,0.25056424736976624,0.5481612086296082,-0.011467215605080128,0.25866222381591797,0.519111692905426,-0.034464072436094284,0.26184654235839844,0.5797072052955627,-0.023536888882517815,0.25850242376327515,0.5899491906166077,-0.011045552790164948,0.21846312284469604,0.558042585849762,-0.013468194752931595,0.22488532960414886,0.5326694846153259,-0.02361334301531315,0.23414959013462067,0.5726814270019531,-0.011854399926960468,0.23297378420829773,0.5843495726585388,-0.00026893577887676656
15,left,0,0,0,0,0,0,0,0,0,0,0,0,0,0,0,0,0,0,0,0,0,0,0,0,0,0,0,0,0,0,0,0,0,0,0,0,0,0,0,0,0,0,0,0,0,0,0,0,0,0,0,0,0,0,0,0,0,0,0,0,0,0,0
16,right,0.25712209939956665,0.7009705901145935,-2.438910087221302e-07,0.307309091091156,0.6712599992752075,-0.021836237981915474,0.3540218770503998,0.6167450547218323,-0.030038736760616302,0.38842663168907166,0.5692400932312012,-0.035421762615442276,0.41157805919647217,0.5412622094154358,-0.03478941321372986,0.3164941966533661,0.545985758304596,-0.014038086868822575,0.324725478887558,0.5184376239776611,-0.03377970680594444,0.3158027231693268,0.5758214592933655,-0.0405198410153389,0.31146588921546936,0.5887086987495422,-0.04309109225869179,0.28217798471450806,0.5433390140533447,-0.01094120368361473,0.2934255003929138,0.5125961899757385,-0.034922223538160324,0.290831059217453,0.5808584094047546,-0.03738890960812569,0.28752678632736206,0.5898756384849548,-0.0346873477101326,0.2499696910381317,0.5489109754562378,-0.011046050116419792,0.2573704123497009,0.5189226269721985,-0.03374008461833,0.2605927884578705,0.5795911550521851,-0.022372642531991005,0.2585314214229584,0.5886371731758118,-0.009839686565101147,0.21821922063827515,0.5585269927978516,-0.012725992128252983,0.2231561243534088,0.5333985090255737,-0.022386131808161736,0.23280957341194153,0.5733931660652161,-0.010426471009850502,0.23287838697433472,0.5842810869216919,0.0011179073480889201
16,left,0,0,0,0,0,0,0,0,0,0,0,0,0,0,0,0,0,0,0,0,0,0,0,0,0,0,0,0,0,0,0,0,0,0,0,0,0,0,0,0,0,0,0,0,0,0,0,0,0,0,0,0,0,0,0,0,0,0,0,0,0,0,0
17,right,0.25844505429267883,0.701369047164917,-2.529378377857938e-07,0.3091619312763214,0.6723071336746216,-0.020403198897838593,0.35498741269111633,0.6163734197616577,-0.028430303558707237,0.3884010910987854,0.5685567855834961,-0.03426964208483696,0.4116569757461548,0.5405449271202087,-0.03464798256754875,0.31705036759376526,0.5475502610206604,-0.01303815096616745,0.32522493600845337,0.5184873938560486,-0.032904744148254395,0.31645721197128296,0.5755789279937744,-0.03955431282520294,0.3114970624446869,0.5911006331443787,-0.04180174320936203,0.28302711248397827,0.5445713996887207,-0.01096593588590622,0.29387232661247253,0.5127574801445007,-0.034526899456977844,0.29127538204193115,0.5810372233390808,-0.03638717159628868,0.2871951162815094,0.591942310333252,-0.0330025851726532,0.25078338384628296,0.5500441789627075,-0.012145633809268475,0.25791019201278687,0.5190623998641968,-0.035076893866062164,0.2611226439476013,0.5800106525421143,-0.023690225556492805,0.2581484615802765,0.5903751850128174,-0.010869042947888374,0.218536376953125,0.5600439310073853,-0.014737886376678944,0.22374974191188812,0.5336329936981201,-0.025168918073177338,0.23325508832931519,0.5742107033729553,-0.013323056511580944,0.23277531564235687,0.5862559676170349,-0.0016049451660364866
17,left,0,0,0,0,0,0,0,0,0,0,0,0,0,0,0,0,0,0,0,0,0,0,0,0,0,0,0,0,0,0,0,0,0,0,0,0,0,0,0,0,0,0,0,0,0,0,0,0,0,0,0,0,0,0,0,0,0,0,0,0,0,0,0
18,right,0.25882014632225037,0.7022331357002258,-2.5664883196441224e-07,0.308372437953949,0.6740512847900391,-0.02168561890721321,0.354697048664093,0.618118405342102,-0.029905425384640694,0.388496071100235,0.570135235786438,-0.035487622022628784,0.41140297055244446,0.5412480235099792,-0.035257019102573395,0.31677407026290894,0.5488513708114624,-0.01375486608594656,0.32519593834877014,0.5200150012969971,-0.03336203098297119,0.31662964820861816,0.5776202082633972,-0.040011703968048096,0.31170037388801575,0.5901762247085571,-0.042533889412879944,0.2827315330505371,0.5465354323387146,-0.010891811922192574,0.29367175698280334,0.5148910284042358,-0.03320237621665001,0.2913762032985687,0.5831376910209656,-0.034366365522146225,0.2871911823749542,0.5910184979438782,-0.030942663550376892,0.2506217062473297,0.5519545674324036,-0.011494177393615246,0.2576501965522766,0.5210336446762085,-0.03338080644607544,0.26108163595199585,0.5816601514816284,-0.021755747497081757,0.258218914270401,0.5895416140556335,-0.009240521118044853,0.2189229130744934,0.56117844581604,-0.013688216917216778,0.22395215928554535,0.5354883074760437,-0.02316964790225029,0.23327182233333588,0.5750665664672852,-0.011160649359226227,0.2328524887561798,0.5858933329582214,0.00035518681397661567
18,left,0,0,0,0,0,0,0,0,0,0,0,0,0,0,0,0,0,0,0,0,0,0,0,0,0,0,0,0,0,0,0,0,0,0,0,0,0,0,0,0,0,0,0,0,0,0,0,0,0,0,0,0,0,0,0,0,0,0,0,0,0,0,0
19,right,0.2591307759284973,0.7033641338348389,-2.4892159444789286e-07,0.30915483832359314,0.6744844317436218,-0.021851113066077232,0.35463517904281616,0.6186671257019043,-0.03007170371711254,0.388184130191803,0.5701924562454224,-0.035646431148052216,0.4114353656768799,0.5409793853759766,-0.03537378087639809,0.3165966272354126,0.5497349500656128,-0.013292557559907436,0.3249328136444092,0.5205765962600708,-0.03337808698415756,0.31647196412086487,0.5777595639228821,-0.04029001295566559,0.3118973672389984,0.5914646983146667,-0.042718082666397095,0.2824908494949341,0.5473631024360657,-0.010298243723809719,0.2936810851097107,0.515283465385437,-0.03356015682220459,0.29127565026283264,0.5837257504463196,-0.03530260920524597,0.28744685649871826,0.5928513407707214,-0.031881868839263916,0.2503221333026886,0.5526473522186279,-0.01079867035150528,0.2576700448989868,0.5219317078590393,-0.03343672305345535,0.26093602180480957,0.5827036499977112,-0.022072553634643555,0.2582736611366272,0.5913050770759583,-0.009333185851573944,0.21853536367416382,0.5617643594741821,-0.012868931517004967,0.2241012156009674,0.535605251789093,-0.02261951193213463,0.23324865102767944,0.5757044553756714,-0.010529513470828533,0.2326693832874298,0.5871442556381226,0.0012772734044119716
19,left,0,0,0,0,0,0,0,0,0,0,0,0,0,0,0,0,0,0,0,0,0,0,0,0,0,0,0,0,0,0,0,0,0,0,0,0,0,0,0,0,0,0,0,0,0,0,0,0,0,0,0,0,0,0,0,0,0,0,0,0,0,0,0
20,right,0.2596074044704437,0.7040092945098877,-2.668880370038096e-07,0.3099144399166107,0.67596834897995,-0.0211528018116951,0.3559972047805786,0.6185232996940613,-0.029328420758247375,0.38901031017303467,0.570614755153656,-0.03525684028863907,0.41206759214401245,0.5423162579536438,-0.03578212484717369,0.317989706993103,0.5510136485099792,-0.013198448345065117,0.32713738083839417,0.5213632583618164,-0.03297112137079239,0.3182699382305145,0.578511655330658,-0.039518989622592926,0.3123528063297272,0.5930429697036743,-0.04167934134602547,0.28394293785095215,0.548351526260376,-0.01077562477439642,0.2950386703014374,0.5163204669952393,-0.03352353721857071,0.29248765110969543,0.5848278999328613,-0.03474576026201248,0.2874922454357147,0.5946810841560364,-0.0309179425239563,0.2517707347869873,0.5534319281578064,-0.011803504079580307,0.25944623351097107,0.5224512815475464,-0.034265898168087006,0.26256856322288513,0.583923876285553,-0.022666985169053078,0.25861120223999023,0.5937586426734924,-0.009697861038148403,0.21958401799201965,0.5626381039619446,-0.014341261237859726,0.2256675660610199,0.5352690815925598,-0.0243268720805645,0.23434112966060638,0.5760271549224854,-0.012087712995707989,0.2326994389295578,0.5887651443481445,-7.035188173176721e-05
20,left,0,0,0,0,0,0,0,0,0,0,0,0,0,0,0,0,0,0,0,0,0,0,0,0,0,0,0,0,0,0,0,0,0,0,0,0,0,0,0,0,0,0,0,0,0,0,0,0,0,0,0,0,0,0,0,0,0,0,0,0,0,0,0
21,right,0.25962111353874207,0.7052367925643921,-2.5467892328379094e-07,0.30870819091796875,0.678259551525116,-0.022749705240130424,0.3545601963996887,0.6210931539535522,-0.03152060508728027,0.38820064067840576,0.5724878907203674,-0.037604186683893204,0.4115530252456665,0.5434431433677673,-0.03797803074121475,0.31702375411987305,0.5518651008605957,-0.014168820343911648,0.3249700963497162,0.5228798985481262,-0.03450784832239151,0.31703585386276245,0.5808797478675842,-0.04173989221453667,0.31233087182044983,0.5949432253837585,-0.04444345459342003,0.2827398180961609,0.5496297478675842,-0.010973429307341576,0.29299652576446533,0.5178458094596863,-0.03363865986466408,0.29164063930511475,0.5868876576423645,-0.0345744751393795,0.28795212507247925,0.5960732102394104,-0.030686572194099426,0.2503378391265869,0.5553519129753113,-0.011532154865562916,0.25728708505630493,0.5255987048149109,-0.034020163118839264,0.26145943999290466,0.5864297747612,-0.02244851551949978,0.25893738865852356,0.5950517654418945,-0.009647083468735218,0.21845269203186035,0.5648521184921265,-0.013797219842672348,0.224272221326828,0.5402302145957947,-0.023838436231017113,0.23357459902763367,0.5799316763877869,-0.012033562175929546,0.23296710848808289,0.5913102626800537,-0.00047999504022300243
21,left,0,0,0,0,0,0,0,0,0,0,0,0,0,0,0,0,0,0,0,0,0,0,0,0,0,0,0,0,0,0,0,0,0,0,0,0,0,0,0,0,0,0,0,0,0,0,0,0,0,0,0,0,0,0,0,0,0,0,0,0,0,0,0
22,right,0.2601814568042755,0.707422137260437,-2.6722099732978677e-07,0.30940091609954834,0.6804289221763611,-0.02213236875832081,0.35510799288749695,0.6228903532028198,-0.030700664967298508,0.38769805431365967,0.5746601819992065,-0.036618806421756744,0.41130709648132324,0.5469083786010742,-0.036834899336099625,0.31612351536750793,0.5544581413269043,-0.015062845312058926,0.3258887231349945,0.5253506898880005,-0.035152584314346313,0.3180291950702667,0.5831570625305176,-0.04169169440865517,0.3120499849319458,0.5962132811546326,-0.044007640331983566,0.2819722890853882,0.5528233647346497,-0.012205963023006916,0.2934629023075104,0.5210472345352173,-0.03490261361002922,0.29223817586898804,0.5898743271827698,-0.03579282760620117,0.287283718585968,0.5978325009346008,-0.032075632363557816,0.2499922513961792,0.5586020946502686,-0.012850132770836353,0.25802361965179443,0.5285741090774536,-0.03536636009812355,0.2621780037879944,0.5900474190711975,-0.02358057163655758,0.258404940366745,0.5981113314628601,-0.010779188014566898,0.2184067964553833,0.5679327845573425,-0.015079771168529987,0.22454726696014404,0.542512059211731,-0.025056948885321617,0.2340291142463684,0.5825146436691284,-0.012980467639863491,0.23260240256786346,0.5938656330108643,-0.0013493065489456058
22,left,0,0,0,0,0,0,0,0,0,0,0,0,0,0,0,0,0,0,0,0,0,0,0,0,0,0,0,0,0,0,0,0,0,0,0,0,0,0,0,0,0,0,0,0,0,0,0,0,0,0,0,0,0,0,0,0,0,0,0,0,0,0,0
23,right,0.2597227990627289,0.709791898727417,-2.682588444713474e-07,0.3087781071662903,0.6838345527648926,-0.02325844019651413,0.35465341806411743,0.6252358555793762,-0.032051026821136475,0.3866557776927948,0.5765776038169861,-0.0379892997443676,0.41002047061920166,0.5485426187515259,-0.03824732080101967,0.31518301367759705,0.5562615394592285,-0.0149904265999794,0.32473224401474,0.5279718041419983,-0.03532564640045166,0.3166762590408325,0.5858139991760254,-0.04210885241627693,0.31065833568573,0.6000421047210693,-0.04451129585504532,0.2809331715106964,0.5544936060905457,-0.011721325106918812,0.29243120551109314,0.5231669545173645,-0.034746576100587845,0.2912444770336151,0.5924877524375916,-0.035792019218206406,0.286664217710495,0.601142168045044,-0.031886614859104156,0.2488153874874115,0.5605058073997498,-0.012188333086669445,0.25687548518180847,0.5323243141174316,-0.035192232578992844,0.26119834184646606,0.5932583212852478,-0.02399520017206669,0.2576325833797455,0.6006988286972046,-0.011354079470038414,0.21711337566375732,0.5703635811805725,-0.01433471217751503,0.2234782576560974,0.5460957288742065,-0.024794429540634155,0.23318086564540863,0.585934042930603,-0.013224448077380657,0.23205870389938354,0.5969356894493103,-0.0018340721726417542
23,left,0,0,0,0,0,0,0,0,0,0,0,0,0,0,0,0,0,0,0,0,0,0,0,0,0,0,0,0,0,0,0,0,0,0,0,0,0,0,0,0,0,0,0,0,0,0,0,0,0,0,0,0,0,0,0,0,0,0,0,0,0,0,0
24,right,0.2590782046318054,0.7120918035507202,-2.655186790434527e-07,0.3081066608428955,0.6842952370643616,-0.022148679941892624,0.3534713089466095,0.6260980367660522,-0.030703876167535782,0.3868192136287689,0.5778881907463074,-0.0365963913500309,0.4102327823638916,0.5494768619537354,-0.036682501435279846,0.3150635361671448,0.5578006505966187,-0.014500541612505913,0.32473018765449524,0.5282630920410156,-0.03477901592850685,0.31669607758522034,0.5864789485931396,-0.041627176105976105,0.310538649559021,0.5997346043586731,-0.044050078839063644,0.2807696461677551,0.5562983155250549,-0.011450384743511677,0.29223981499671936,0.5246707201004028,-0.03427457436919212,0.29091551899909973,0.5938147902488708,-0.035571273416280746,0.2858996093273163,0.6013919115066528,-0.0320526622235775,0.2486192286014557,0.5621134638786316,-0.011909706518054008,0.2566051185131073,0.5315370559692383,-0.03430686518549919,0.26081112027168274,0.5934205651283264,-0.022610707208514214,0.25710323452949524,0.6014701128005981,-0.009840678423643112,0.21689218282699585,0.5712655186653137,-0.013968799263238907,0.22281314432621002,0.5456003546714783,-0.023765534162521362,0.23232820630073547,0.5863105654716492,-0.011569453403353691,0.23116746544837952,0.5979022979736328,0.00023158961266744882
24,left,0,0,0,0,0,0,0,0,0,0,0,0,0,0,0,0,0,0,0,0,0,0,0,0,0,0,0,0,0,0,0,0,0,0,0,0,0,0,0,0,0,0,0,0,0,0,0,0,0,0,0,0,0,0,0,0,0,0,0,0,0,0,0
25,right,0.2584552466869354,0.7116596698760986,-2.6433102107148443e-07,0.3083510398864746,0.6825597882270813,-0.021362649276852608,0.3533315062522888,0.6256076097488403,-0.029731299728155136,0.38643908500671387,0.5772541165351868,-0.03569227084517479,0.4093047082424164,0.5483273267745972,-0.03613709285855293,0.31543394923210144,0.5583885312080383,-0.014120420441031456,0.3246990144252777,0.5288633704185486,-0.03405147045850754,0.3164396584033966,0.5862125754356384,-0.040688544511795044,0.31053799390792847,0.6004116535186768,-0.043000079691410065,0.28119727969169617,0.5561996698379517,-0.011522666551172733,0.29207441210746765,0.5240216851234436,-0.03443086892366409,0.2903458774089813,0.592816174030304,-0.03577086329460144,0.2858448028564453,0.6024858355522156,-0.03220418840646744,0.24895600974559784,0.5620928406715393,-0.012286815792322159,0.2563330829143524,0.5312299728393555,-0.03458712249994278,0.26016372442245483,0.5925429463386536,-0.022732723504304886,0.2568506598472595,0.6018028259277344,-0.009820173494517803,0.21686258912086487,0.5721003413200378,-0.014585237950086594,0.22194692492485046,0.5454557538032532,-0.024328749626874924,0.2315710186958313,0.5859794616699219,-0.011987956240773201,0.2310665249824524,0.597999632358551,-9.140071051660925e-05
25,left,0,0,0,0,0,0,0,0,0,0,0,0,0,0,0,0,0,0,0,0,0,0,0,0,0,0,0,0,0,0,0,0,0,0,0,0,0,0,0,0,0,0,0,0,0,0,0,0,0,0,0,0,0,0,0,0,0,0,0,0,0,0,0
26,right,0.2588265538215637,0.7118728160858154,-2.559494873821677e-07,0.30878540873527527,0.6823245286941528,-0.02130907215178013,0.3535911440849304,0.6252882480621338,-0.029466822743415833,0.3867150545120239,0.5770816206932068,-0.03509686142206192,0.4095834493637085,0.5478748679161072,-0.03509354963898659,0.31462809443473816,0.55841463804245,-0.013973605819046497,0.32484865188598633,0.5291604399681091,-0.03371710330247879,0.3163341283798218,0.5863646864891052,-0.04012740030884743,0.31036755442619324,0.6005268096923828,-0.042255498468875885,0.2805754542350769,0.5559850335121155,-0.011374506168067455,0.2928360104560852,0.5240464806556702,-0.034440699964761734,0.2905406057834625,0.5927884578704834,-0.036039285361766815,0.2855093479156494,0.6025511026382446,-0.032588496804237366,0.24838683009147644,0.5617290139198303,-0.012082214467227459,0.2568380534648895,0.5311493873596191,-0.03446091711521149,0.26021626591682434,0.5921666026115417,-0.0228541512042284,0.2561938762664795,0.6011775135993958,-0.010062756948173046,0.2164418250322342,0.5717002153396606,-0.014277282170951366,0.22254060208797455,0.5446567535400391,-0.02394527941942215,0.2318885624408722,0.5852001905441284,-0.011523392051458359,0.23031948506832123,0.5972141027450562,0.00044672208605334163
26,left,0,0,0,0,0,0,0,0,0,0,0,0,0,0,0,0,0,0,0,0,0,0,0,0,0,0,0,0,0,0,0,0,0,0,0,0,0,0,0,0,0,0,0,0,0,0,0,0,0,0,0,0,0,0,0,0,0,0,0,0,0,0,0
27,right,0.25788426399230957,0.7129145264625549,-2.727221328768792e-07,0.30793482065200806,0.6834892630577087,-0.02068491466343403,0.3531258702278137,0.626109778881073,-0.028451144695281982,0.3862428665161133,0.577889621257782,-0.03394167497754097,0.408698707818985,0.548433244228363,-0.03373616188764572,0.31563800573349,0.5585435032844543,-0.012686462141573429,0.32539257407188416,0.5291027426719666,-0.03293342888355255,0.31673529744148254,0.5870184898376465,-0.04004747420549393,0.3107845187187195,0.6003119945526123,-0.042581066489219666,0.28130847215652466,0.5562071800231934,-0.010261674411594868,0.29286736249923706,0.524989664554596,-0.033118464052677155,0.29057368636131287,0.59381103515625,-0.03463280200958252,0.2858787477016449,0.6021338701248169,-0.031175898388028145,0.24912860989570618,0.561460554599762,-0.011278901249170303,0.2571961283683777,0.5304558873176575,-0.033455029129981995,0.26019901037216187,0.5923269391059875,-0.021648066118359566,0.2566177248954773,0.600916862487793,-0.008772235363721848,0.21741554141044617,0.5704479217529297,-0.013809697702527046,0.22353655099868774,0.5439677834510803,-0.023212743923068047,0.23201870918273926,0.585199236869812,-0.010668154805898666,0.2306099534034729,0.5972310304641724,0.001410401426255703
27,left,0,0,0,0,0,0,0,0,0,0,0,0,0,0,0,0,0,0,0,0,0,0,0,0,0,0,0,0,0,0,0,0,0,0,0,0,0,0,0,0,0,0,0,0,0,0,0,0,0,0,0,0,0,0,0,0,0,0,0,0,0,0,0
28,right,0.25822752714157104,0.7126192450523376,-2.6131556296604685e-07,0.30724969506263733,0.6848133206367493,-0.022428754717111588,0.35222241282463074,0.627357006072998,-0.031270112842321396,0.3854076564311981,0.5788410305976868,-0.03745705261826515,0.40868356823921204,0.5489371418952942,-0.03795042261481285,0.3148060739040375,0.5595594644546509,-0.014676380902528763,0.3236851096153259,0.5293288826942444,-0.03490753099322319,0.3155689239501953,0.5873391032218933,-0.041771795600652695,0.30991822481155396,0.6008404493331909,-0.04422089457511902,0.28052014112472534,0.5577170848846436,-0.011613264679908752,0.29136669635772705,0.525183379650116,-0.034154098480939865,0.289853036403656,0.5942814350128174,-0.03510799631476402,0.28515323996543884,0.6026160717010498,-0.03136439248919487,0.24827840924263,0.563615620136261,-0.01215260662138462,0.25574713945388794,0.5326041579246521,-0.034513384103775024,0.2596997022628784,0.5938790440559387,-0.022715115919709206,0.2561987042427063,0.6020967364311218,-0.009879014454782009,0.21651265025138855,0.5731908082962036,-0.014318004250526428,0.22220787405967712,0.5466699600219727,-0.02424440160393715,0.23166057467460632,0.5870293974876404,-0.012099186889827251,0.2306140512228012,0.5988923907279968,-0.00034171450533904135
28,left,0,0,0,0,0,0,0,0,0,0,0,0,0,0,0,0,0,0,0,0,0,0,0,0,0,0,0,0,0,0,0,0,0,0,0,0,0,0,0,0,0,0,0,0,0,0,0,0,0,0,0,0,0,0,0,0,0,0,0,0,0,0,0
29,right,0.25742873549461365,0.7125405669212341,-2.6432888944327715e-07,0.30740562081336975,0.6852560639381409,-0.022170372307300568,0.35226231813430786,0.627332329750061,-0.030690476298332214,0.38463035225868225,0.5783302783966064,-0.03663228079676628,0.407964289188385,0.5495045781135559,-0.03693031147122383,0.31449130177497864,0.5604914426803589,-0.014088786207139492,0.3232376277446747,0.5304059386253357,-0.034236568957567215,0.3149586021900177,0.5882375240325928,-0.04085736349225044,0.3094635605812073,0.6027340888977051,-0.04304279759526253,0.27998071908950806,0.5583164095878601,-0.011079901829361916,0.29078200459480286,0.5257860422134399,-0.033801134675741196,0.2890273928642273,0.5948711633682251,-0.03461591526865959,0.2846800982952118,0.6041862964630127,-0.030543752014636993,0.24753320217132568,0.5639995336532593,-0.011695840395987034,0.25500553846359253,0.5336965322494507,-0.034198444336652756,0.25874489545822144,0.5948689579963684,-0.02241785079240799,0.25539860129356384,0.6037213206291199,-0.009386500343680382,0.21551260352134705,0.5736397504806519,-0.013918891549110413,0.22113732993602753,0.5473844408988953,-0.023930896073579788,0.23051607608795166,0.5878126621246338,-0.011862387880682945,0.2297379970550537,0.5998459458351135,-5.732130375690758e-05
29,left,0,0,0,0,0,0,0,0,0,0,0,0,0,0,0,0,0,0,0,0,0,0,0,0,0,0,0,0,0,0,0,0,0,0,0,0,0,0,0,0,0,0,0,0,0,0,0,0,0,0,0,0,0,0,0,0,0,0,0,0,0,0,0
30,right,0.2564731240272522,0.7145516872406006,-2.5467957698310784e-07,0.30550047755241394,0.6854801774024963,-0.022201193496584892,0.3507232666015625,0.62755286693573,-0.03038949891924858,0.384317547082901,0.5785807967185974,-0.03570171445608139,0.40731438994407654,0.5488283634185791,-0.035068705677986145,0.31273481249809265,0.5597440004348755,-0.014244183897972107,0.3216090798377991,0.5311518907546997,-0.03397278115153313,0.31365376710891724,0.58913654088974,-0.04070362076163292,0.30814170837402344,0.602246880531311,-0.043212827295064926,0.2782602310180664,0.5581498146057129,-0.010953497141599655,0.2894342243671417,0.5268824100494385,-0.03364216536283493,0.28824371099472046,0.5956562757492065,-0.035164643079042435,0.28398939967155457,0.6037507057189941,-0.03198307007551193,0.24598881602287292,0.5646352767944336,-0.011097630485892296,0.2536108195781708,0.534622073173523,-0.03316383808851242,0.2580205798149109,0.5953776240348816,-0.02154257334768772,0.25508764386177063,0.6034980416297913,-0.009024043567478657,0.2144591212272644,0.574673593044281,-0.012854957021772861,0.22032859921455383,0.5495543479919434,-0.022395512089133263,0.23017483949661255,0.5895377397537231,-0.010277493856847286,0.2292937934398651,0.6005685925483704,0.0013008444802835584
30,left,0,0,0,0,0,0,0,0,0,0,0,0,0,0,0,0,0,0,0,0,0,0,0,0,0,0,0,0,0,0,0,0,0,0,0,0,0,0,0,0,0,0,0,0,0,0,0,0,0,0,0,0,0,0,0,0,0,0,0,0,0,0,0
31,right,0.2539559006690979,0.7170326113700867,-2.5792866154006333e-07,0.3035021722316742,0.6868345141410828,-0.022297220304608345,0.34938547015190125,0.6288531422615051,-0.029659613966941833,0.38350772857666016,0.5796298980712891,-0.033721212297677994,0.40663596987724304,0.5499561429023743,-0.03137093782424927,0.3122164011001587,0.5598315000534058,-0.013716652989387512,0.3206515610218048,0.5324587821960449,-0.03272431343793869,0.31239938735961914,0.5905851721763611,-0.039037056267261505,0.30771541595458984,0.6001452207565308,-0.04157451167702675,0.2772887349128723,0.5582157373428345,-0.010056501254439354,0.28870683908462524,0.5284768342971802,-0.032415758818387985,0.2868797183036804,0.5971389412879944,-0.03409986197948456,0.28286972641944885,0.6022801995277405,-0.031347014009952545,0.2447640597820282,0.5644921064376831,-0.009751871228218079,0.2524341642856598,0.5355747938156128,-0.03136152774095535,0.25634145736694336,0.5968594551086426,-0.019674496725201607,0.25389236211776733,0.6029737591743469,-0.007400945760309696,0.2134825587272644,0.5741589069366455,-0.011074597015976906,0.2187688648700714,0.5495215654373169,-0.01983817107975483,0.22848093509674072,0.5901308059692383,-0.00731228943914175,0.2277602255344391,0.6002647876739502,0.004385099746286869
31,left,0,0,0,0,0,0,0,0,0,0,0,0,0,0,0,0,0,0,0,0,0,0,0,0,0,0,0,0,0,0,0,0,0,0,0,0,0,0,0,0,0,0,0,0,0,0,0,0,0,0,0,0,0,0,0,0,0,0,0,0,0,0,0
32,right,0.255577951669693,0.7162575721740723,-2.644829066866805e-07,0.30506324768066406,0.6871696710586548,-0.022053614258766174,0.3494945764541626,0.628702700138092,-0.03055463172495365,0.3820886015892029,0.5800814628601074,-0.03648262098431587,0.4052543640136719,0.5502179265022278,-0.036800846457481384,0.31188133358955383,0.5633015632629395,-0.014133404940366745,0.3203961253166199,0.5328219532966614,-0.0346195362508297,0.311581552028656,0.5901362895965576,-0.041629448533058167,0.3064359724521637,0.6050243377685547,-0.043991170823574066,0.27747729420661926,0.561365008354187,-0.011233371682465076,0.28838539123535156,0.5278478860855103,-0.03369470313191414,0.2859591841697693,0.596687912940979,-0.034310232847929,0.2818422317504883,0.6065828204154968,-0.030123185366392136,0.24503475427627563,0.566863477230072,-0.01206203456968069,0.2524290680885315,0.5356676578521729,-0.03427749127149582,0.25569966435432434,0.5964392423629761,-0.0225942712277174,0.25273752212524414,0.6051390171051025,-0.009723896160721779,0.21315647661685944,0.5762833952903748,-0.014538726769387722,0.2182828187942505,0.5500202775001526,-0.024216989055275917,0.22745925188064575,0.5899901986122131,-0.012210403569042683,0.22695249319076538,0.6017298698425293,-0.0005643728072755039
32,left,0,0,0,0,0,0,0,0,0,0,0,0,0,0,0,0,0,0,0,0,0,0,0,0,0,0,0,0,0,0,0,0,0,0,0,0,0,0,0,0,0,0,0,0,0,0,0,0,0,0,0,0,0,0,0,0,0,0,0,0,0,0,0
33,right,0.25475800037384033,0.7169767022132874,-2.6605835046211723e-07,0.3037005662918091,0.6884130239486694,-0.022287698462605476,0.3489474058151245,0.6293584704399109,-0.030475296080112457,0.3815400004386902,0.5800749063491821,-0.03588365390896797,0.4044112265110016,0.5499862432479858,-0.035490330308675766,0.3112815022468567,0.5635491013526917,-0.01409963984042406,0.31928572058677673,0.5332897901535034,-0.03390677645802498,0.3115706145763397,0.5910326838493347,-0.04056999087333679,0.3065471947193146,0.6036489009857178,-0.043029580265283585,0.27667152881622314,0.5623281002044678,-0.010970653034746647,0.2868260443210602,0.529523491859436,-0.03269890323281288,0.2857780158519745,0.5986350774765015,-0.03299388289451599,0.28167033195495605,0.6063945889472961,-0.028950238600373268,0.24411219358444214,0.568489134311676,-0.011569542810320854,0.2507375180721283,0.5375652313232422,-0.03333820775151253,0.2551843822002411,0.5988225936889648,-0.021305710077285767,0.2524406313896179,0.6064252853393555,-0.00850583054125309,0.21216121315956116,0.5781645774841309,-0.013834699057042599,0.2174452245235443,0.5526162981987,-0.02321709506213665,0.22682693600654602,0.592724084854126,-0.010939029045403004,0.22588123381137848,0.6038590669631958,0.0007239689002744853
33,left,0,0,0,0,0,0,0,0,0,0,0,0,0,0,0,0,0,0,0,0,0,0,0,0,0,0,0,0,0,0,0,0,0,0,0,0,0,0,0,0,0,0,0,0,0,0,0,0,0,0,0,0,0,0,0,0,0,0,0,0,0,0,0
34,right,0.25485318899154663,0.7214914560317993,-2.6637599148671143e-07,0.3039027154445648,0.6929286122322083,-0.023013820871710777,0.3490908443927765,0.6344893574714661,-0.03194117173552513,0.38180285692214966,0.5849581956863403,-0.03792253136634827,0.4038068652153015,0.5536481738090515,-0.038171105086803436,0.30981168150901794,0.5662331581115723,-0.015767933800816536,0.31854403018951416,0.536190927028656,-0.03547077625989914,0.3113487958908081,0.594756007194519,-0.04184219613671303,0.3053358793258667,0.6086609363555908,-0.04407927393913269,0.27510449290275574,0.565253734588623,-0.012351486831903458,0.2854584753513336,0.5323542952537537,-0.03506572172045708,0.2857333719730377,0.6024073362350464,-0.03597770631313324,0.28136324882507324,0.6117920279502869,-0.032235097140073776,0.2426515519618988,0.5725959539413452,-0.012381000444293022,0.250267893075943,0.5431125164031982,-0.03490827605128288,0.2561661899089813,0.6049787998199463,-0.022797249257564545,0.25330954790115356,0.6145291328430176,-0.009683145210146904,0.2109595239162445,0.5838326811790466,-0.014029049314558506,0.216203972697258,0.5575237274169922,-0.024279270321130753,0.2274426519870758,0.5977612137794495,-0.011983013711869717,0.227341428399086,0.6105208992958069,-5.301983037497848e-05
34,left,0,0,0,0,0,0,0,0,0,0,0,0,0,0,0,0,0,0,0,0,0,0,0,0,0,0,0,0,0,0,0,0,0,0,0,0,0,0,0,0,0,0,0,0,0,0,0,0,0,0,0,0,0,0,0,0,0,0,0,0,0,0,0
35,right,0.2533375322818756,0.7236586809158325,-2.689537836886302e-07,0.3022577464580536,0.6947830319404602,-0.02320491522550583,0.3479362726211548,0.6357821822166443,-0.032067444175481796,0.38120779395103455,0.5852363705635071,-0.03790951892733574,0.40353265404701233,0.5538899302482605,-0.037665631622076035,0.3091924786567688,0.567625105381012,-0.015153428539633751,0.3182501494884491,0.5379060506820679,-0.03563857451081276,0.31067824363708496,0.5969844460487366,-0.04243948310613632,0.30498233437538147,0.6098161935806274,-0.044804804027080536,0.2744780480861664,0.5668017864227295,-0.011514363810420036,0.28514260053634644,0.5347893834114075,-0.03437161073088646,0.28441137075424194,0.605108380317688,-0.03505277261137962,0.280184805393219,0.6124710440635681,-0.03107409179210663,0.24192094802856445,0.5732357501983643,-0.011580247431993484,0.24909812211990356,0.5430461764335632,-0.03407733887434006,0.2538301348686218,0.6053004264831543,-0.021832242608070374,0.25113844871520996,0.6129977703094482,-0.008695557713508606,0.20996516942977905,0.5825090408325195,-0.013352520763874054,0.21557506918907166,0.5582721829414368,-0.023003729060292244,0.22536927461624146,0.5990370512008667,-0.010593880899250507,0.22486041486263275,0.6098975539207458,0.0013163529802113771
35,left,0,0,0,0,0,0,0,0,0,0,0,0,0,0,0,0,0,0,0,0,0,0,0,0,0,0,0,0,0,0,0,0,0,0,0,0,0,0,0,0,0,0,0,0,0,0,0,0,0,0,0,0,0,0,0,0,0,0,0,0,0,0,0
36,right,0.25383850932121277,0.7236913442611694,-2.7217620868214e-07,0.30337533354759216,0.6940194964408875,-0.022016379982233047,0.3484209477901459,0.6347859501838684,-0.030405061319470406,0.38112884759902954,0.5855575203895569,-0.03625556826591492,0.40257030725479126,0.5542411208152771,-0.036424994468688965,0.3096272349357605,0.56845623254776,-0.013629495166242123,0.3182479441165924,0.5382479429244995,-0.034221351146698,0.3102746605873108,0.5964558124542236,-0.04146483540534973,0.30471208691596985,0.6109766364097595,-0.04395502060651779,0.27485600113868713,0.5673572421073914,-0.010809377767145634,0.2856002748012543,0.5345961451530457,-0.03318075090646744,0.2842096984386444,0.6041608452796936,-0.03397301957011223,0.2797374427318573,0.6132169365882874,-0.02996942773461342,0.24224352836608887,0.5738294124603271,-0.011747275479137897,0.24961301684379578,0.5432108044624329,-0.03393971547484398,0.2535654306411743,0.6045998334884644,-0.022189434617757797,0.2501123547554016,0.612643301486969,-0.009326002560555935,0.21032747626304626,0.5841562747955322,-0.01432305108755827,0.21569593250751495,0.5582634806632996,-0.023855233564972878,0.22522181272506714,0.5985645651817322,-0.011512820608913898,0.22425174713134766,0.610262930393219,0.00036080426070839167
36,left,0,0,0,0,0,0,0,0,0,0,0,0,0,0,0,0,0,0,0,0,0,0,0,0,0,0,0,0,0,0,0,0,0,0,0,0,0,0,0,0,0,0,0,0,0,0,0,0,0,0,0,0,0,0,0,0,0,0,0,0,0,0,0
