1,right,0,0,0,0,0,0,0,0,0,0,0,0,0,0,0,0,0,0,0,0,0,0,0,0,0,0,0,0,0,0,0,0,0,0,0,0,0,0,0,0,0,0,0,0,0,0,0,0,0,0,0,0,0,0,0,0,0,0,0,0,0,0,0
1,left,0,0,0,0,0,0,0,0,0,0,0,0,0,0,0,0,0,0,0,0,0,0,0,0,0,0,0,0,0,0,0,0,0,0,0,0,0,0,0,0,0,0,0,0,0,0,0,0,0,0,0,0,0,0,0,0,0,0,0,0,0,0,0
2,right,0,0,0,0,0,0,0,0,0,0,0,0,0,0,0,0,0,0,0,0,0,0,0,0,0,0,0,0,0,0,0,0,0,0,0,0,0,0,0,0,0,0,0,0,0,0,0,0,0,0,0,0,0,0,0,0,0,0,0,0,0,0,0
2,left,0,0,0,0,0,0,0,0,0,0,0,0,0,0,0,0,0,0,0,0,0,0,0,0,0,0,0,0,0,0,0,0,0,0,0,0,0,0,0,0,0,0,0,0,0,0,0,0,0,0,0,0,0,0,0,0,0,0,0,0,0,0,0
3,right,0,0,0,0,0,0,0,0,0,0,0,0,0,0,0,0,0,0,0,0,0,0,0,0,0,0,0,0,0,0,0,0,0,0,0,0,0,0,0,0,0,0,0,0,0,0,0,0,0,0,0,0,0,0,0,0,0,0,0,0,0,0,0
3,left,0,0,0,0,0,0,0,0,0,0,0,0,0,0,0,0,0,0,0,0,0,0,0,0,0,0,0,0,0,0,0,0,0,0,0,0,0,0,0,0,0,0,0,0,0,0,0,0,0,0,0,0,0,0,0,0,0,0,0,0,0,0,0
4,right,0,0,0,0,0,0,0,0,0,0,0,0,0,0,0,0,0,0,0,0,0,0,0,0,0,0,0,0,0,0,0,0,0,0,0,0,0,0,0,0,0,0,0,0,0,0,0,0,0,0,0,0,0,0,0,0,0,0,0,0,0,0,0
4,left,0,0,0,0,0,0,0,0,0,0,0,0,0,0,0,0,0,0,0,0,0,0,0,0,0,0,0,0,0,0,0,0,0,0,0,0,0,0,0,0,0,0,0,0,0,0,0,0,0,0,0,0,0,0,0,0,0,0,0,0,0,0,0
5,right,0,0,0,0,0,0,0,0,0,0,0,0,0,0,0,0,0,0,0,0,0,0,0,0,0,0,0,0,0,0,0,0,0,0,0,0,0,0,0,0,0,0,0,0,0,0,0,0,0,0,0,0,0,0,0,0,0,0,0,0,0,0,0
5,left,0,0,0,0,0,0,0,0,0,0,0,0,0,0,0,0,0,0,0,0,0,0,0,0,0,0,0,0,0,0,0,0,0,0,0,0,0,0,0,0,0,0,0,0,0,0,0,0,0,0,0,0,0,0,0,0,0,0,0,0,0,0,0
6,right,0,0,0,0,0,0,0,0,0,0,0,0,0,0,0,0,0,0,0,0,0,0,0,0,0,0,0,0,0,0,0,0,0,0,0,0,0,0,0,0,0,0,0,0,0,0,0,0,0,0,0,0,0,0,0,0,0,0,0,0,0,0,0
6,left,0,0,0,0,0,0,0,0,0,0,0,0,0,0,0,0,0,0,0,0,0,0,0,0,0,0,0,0,0,0,0,0,0,0,0,0,0,0,0,0,0,0,0,0,0,0,0,0,0,0,0,0,0,0,0,0,0,0,0,0,0,0,0
7,right,0,0,0,0,0,0,0,0,0,0,0,0,0,0,0,0,0,0,0,0,0,0,0,0,0,0,0,0,0,0,0,0,0,0,0,0,0,0,0,0,0,0,0,0,0,0,0,0,0,0,0,0,0,0,0,0,0,0,0,0,0,0,0
7,left,0,0,0,0,0,0,0,0,0,0,0,0,0,0,0,0,0,0,0,0,0,0,0,0,0,0,0,0,0,0,0,0,0,0,0,0,0,0,0,0,0,0,0,0,0,0,0,0,0,0,0,0,0,0,0,0,0,0,0,0,0,0,0
8,right,0.10968741774559021,0.9523842930793762,-1.8182191752202925e-07,0.15228934586048126,0.9546418190002441,-0.0396122932434082,0.19647380709648132,0.9342151880264282,-0.066460520029068,0.23356400430202484,0.9235526919364929,-0.08819441497325897,0.2711034119129181,0.9162890911102295,-0.10580966621637344,0.17133575677871704,0.7935500144958496,-0.046235084533691406,0.1580265909433365,0.8695416450500488,-0.08043903112411499,0.15189918875694275,0.9046553373336792,-0.1000869944691658,0.1516677886247635,0.8891825675964355,-0.11247725039720535,0.1257312297821045,0.7815425395965576,-0.041234057396650314,0.11258560419082642,0.8595207929611206,-0.0719447135925293,0.11340244114398956,0.9011655449867249,-0.07761906087398529,0.11585503816604614,0.8910888433456421,-0.07882817089557648,0.0859043225646019,0.7901542782783508,-0.04062584787607193,0.07595722377300262,0.8573351502418518,-0.06736485660076141,0.07998661696910858,0.8946871161460876,-0.06127991899847984,0.08190356194972992,0.8849435448646545,-0.05394839867949486,0.05484046787023544,0.8102192878723145,-0.044270988553762436,0.046216584742069244,0.8571252226829529,-0.06074381619691849,0.05068325996398926,0.8883765935897827,-0.056343402713537216,0.05474402755498886,0.8850305080413818,-0.04919246584177017
8,left,0,0,0,0,0,0,0,0,0,0,0,0,0,0,0,0,0,0,0,0,0,0,0,0,0,0,0,0,0,0,0,0,0,0,0,0,0,0,0,0,0,0,0,0,0,0,0,0,0,0,0,0,0,0,0,0,0,0,0,0,0,0,0
9,right,0.1423647403717041,0.856128454208374,-1.9861329292325536e-07,0.19222134351730347,0.8368562459945679,-0.035979654639959335,0.2505204975605011,0.7955012917518616,-0.05680147930979729,0.2999839782714844,0.7693589925765991,-0.07214765250682831,0.34216246008872986,0.7651054859161377,-0.08217713981866837,0.214234858751297,0.6730941534042358,-0.043984342366456985,0.19170790910720825,0.7182580828666687,-0.06940076500177383,0.1871841847896576,0.7627255320549011,-0.07796233892440796,0.19484589993953705,0.7576985955238342,-0.08246155083179474,0.17050719261169434,0.6597746014595032,-0.03937889635562897,0.1503821611404419,0.715391993522644,-0.06349586695432663,0.15428711473941803,0.7692857980728149,-0.06304480135440826,0.1646990031003952,0.7583462595939636,-0.06109389290213585,0.12950736284255981,0.6641640067100525,-0.038468580693006516,0.11232449114322662,0.7144418954849243,-0.0630592629313469,0.1213681697845459,0.7637277841567993,-0.05434875562787056,0.13486072421073914,0.7540100812911987,-0.04634910821914673,0.09247757494449615,0.6764390468597412,-0.0409768708050251,0.08164084702730179,0.7061666250228882,-0.05535579472780228,0.088473379611969,0.746428906917572,-0.048339761793613434,0.09692972898483276,0.747704029083252,-0.0408913791179657
9,left,0,0,0,0,0,0,0,0,0,0,0,0,0,0,0,0,0,0,0,0,0,0,0,0,0,0,0,0,0,0,0,0,0,0,0,0,0,0,0,0,0,0,0,0,0,0,0,0,0,0,0,0,0,0,0,0,0,0,0,0,0,0,0
10,right,0.15578633546829224,0.7828682065010071,-2.686009850094706e-07,0.21094907820224762,0.7602692246437073,-0.02924627996981144,0.2634487450122833,0.7182517647743225,-0.0477377250790596,0.30874618887901306,0.6871823668479919,-0.06392959505319595,0.35064494609832764,0.6783808469772339,-0.07527987658977509,0.22628915309906006,0.6025014519691467,-0.022602194920182228,0.21043163537979126,0.6113728880882263,-0.047749511897563934,0.20976273715496063,0.661918580532074,-0.05936892703175545,0.21777769923210144,0.6590127944946289,-0.06548922508955002,0.185848206281662,0.5978695750236511,-0.020221786573529243,0.17549815773963928,0.6165871024131775,-0.04258395731449127,0.18248581886291504,0.6764560341835022,-0.04284306615591049,0.18933174014091492,0.6647464632987976,-0.03978252038359642,0.14794066548347473,0.6058779954910278,-0.022403288632631302,0.13993212580680847,0.6177038550376892,-0.04534351825714111,0.15115907788276672,0.673778772354126,-0.03459983691573143,0.16016989946365356,0.6673170924186707,-0.023239988833665848,0.11270345747470856,0.6181634664535522,-0.027723519131541252,0.1084405779838562,0.6190452575683594,-0.03772307559847832,0.11908233910799026,0.6618363857269287,-0.026081113144755363,0.12679514288902283,0.6682471036911011,-0.014373056590557098
10,left,0,0,0,0,0,0,0,0,0,0,0,0,0,0,0,0,0,0,0,0,0,0,0,0,0,0,0,0,0,0,0,0,0,0,0,0,0,0,0,0,0,0,0,0,0,0,0,0,0,0,0,0,0,0,0,0,0,0,0,0,0,0,0
11,right,0.1710490882396698,0.7469625473022461,-1.3497479756097164e-07,0.22529597580432892,0.7143410444259644,-0.02423771843314171,0.2781047523021698,0.6745054125785828,-0.037023525685071945,0.32626718282699585,0.6478644013404846,-0.047542504966259,0.36206817626953125,0.6368826627731323,-0.05188002064824104,0.23922204971313477,0.5771653056144714,-0.014151105657219887,0.2412337064743042,0.5601236820220947,-0.03727956488728523,0.2337968945503235,0.6153314113616943,-0.048540517687797546,0.23673686385154724,0.6100797057151794,-0.05470193922519684,0.20401564240455627,0.5761275887489319,-0.011127766221761703,0.20729854702949524,0.5576964020729065,-0.03201517090201378,0.20785026252269745,0.6230623722076416,-0.032331161201000214,0.2108348309993744,0.6145825386047363,-0.029561158269643784,0.1707482635974884,0.5785222053527832,-0.01250394620001316,0.17237865924835205,0.5546971559524536,-0.032119885087013245,0.1761552393436432,0.6163754463195801,-0.01876503974199295,0.18034251034259796,0.6126447319984436,-0.006305439863353968,0.13886766135692596,0.5815649032592773,-0.016513526439666748,0.1401921808719635,0.5648484230041504,-0.0220201276242733,0.14615663886070251,0.6078106760978699,-0.007771395146846771,0.14939962327480316,0.6166864633560181,0.004820312839001417
11,left,0,0,0,0,0,0,0,0,0,0,0,0,0,0,0,0,0,0,0,0,0,0,0,0,0,0,0,0,0,0,0,0,0,0,0,0,0,0,0,0,0,0,0,0,0,0,0,0,0,0,0,0,0,0,0,0,0,0,0,0,0,0,0
12,right,0.17875808477401733,0.7220550775527954,-1.5516631890477584e-07,0.23243208229541779,0.6998640298843384,-0.028014179319143295,0.28506192564964294,0.6619956493377686,-0.041465260088443756,0.3341107666492462,0.6317333579063416,-0.05112338066101074,0.3721159100532532,0.6245870590209961,-0.05433880165219307,0.2493220567703247,0.5651747584342957,-0.017625877633690834,0.248735249042511,0.5439249873161316,-0.04258706420660019,0.24216826260089874,0.5981795787811279,-0.05604023113846779,0.24825747311115265,0.5942605137825012,-0.06328660249710083,0.21344195306301117,0.5649721026420593,-0.011662033386528492,0.21418027579784393,0.5420805215835571,-0.034100208431482315,0.21380649507045746,0.6081949472427368,-0.03510894626379013,0.2205798476934433,0.6023120880126953,-0.03218561038374901,0.1806529015302658,0.5654948949813843,-0.010403629392385483,0.17858296632766724,0.540317952632904,-0.030573198571801186,0.1818423569202423,0.6010072231292725,-0.01772972196340561,0.19291605055332184,0.5990372896194458,-0.005070017650723457,0.1503981053829193,0.5654987096786499,-0.0120238047093153,0.14682164788246155,0.5467580556869507,-0.017329489812254906,0.15185785293579102,0.5904428362846375,-0.0031131014693528414,0.15956735610961914,0.6014732718467712,0.009630566462874413
12,left,0,0,0,0,0,0,0,0,0,0,0,0,0,0,0,0,0,0,0,0,0,0,0,0,0,0,0,0,0,0,0,0,0,0,0,0,0,0,0,0,0,0,0,0,0,0,0,0,0,0,0,0,0,0,0,0,0,0,0,0,0,0,0
13,right,0.19729357957839966,0.6960978507995605,-2.1376662573402427e-07,0.2512912154197693,0.6795780658721924,-0.021804412826895714,0.3053186535835266,0.6441599726676941,-0.03446950763463974,0.3523002862930298,0.6191924214363098,-0.04593513160943985,0.3891398310661316,0.6167816519737244,-0.05208420380949974,0.27469947934150696,0.5581691861152649,-0.014498505741357803,0.27310672402381897,0.5312990546226501,-0.03840716928243637,0.2621828615665436,0.5850314497947693,-0.04835272207856178,0.2685871124267578,0.5907536745071411,-0.05289424955844879,0.23897388577461243,0.5523763298988342,-0.012974932789802551,0.23854003846645355,0.5231794118881226,-0.03552400693297386,0.2324594408273697,0.5886313319206238,-0.03333202749490738,0.2398848980665207,0.5874720215797424,-0.027518874034285545,0.20659233629703522,0.549410343170166,-0.015747329220175743,0.2042810469865799,0.5186067819595337,-0.03674498572945595,0.20332899689674377,0.5799849629402161,-0.02100970596075058,0.21294251084327698,0.5825881361961365,-0.005992105696350336,0.17563298344612122,0.5478867888450623,-0.021011363714933395,0.17186129093170166,0.525851845741272,-0.027335621416568756,0.17438752949237823,0.5706554651260376,-0.01177932508289814,0.18059401214122772,0.584906816482544,0.0020588531624525785
13,left,0,0,0,0,0,0,0,0,0,0,0,0,0,0,0,0,0,0,0,0,0,0,0,0,0,0,0,0,0,0,0,0,0,0,0,0,0,0,0,0,0,0,0,0,0,0,0,0,0,0,0,0,0,0,0,0,0,0,0,0,0,0,0
14,right,0.20275171101093292,0.6944950222969055,-2.230384836821031e-07,0.2533831298351288,0.6780691146850586,-0.027499111369252205,0.3081786036491394,0.6468360424041748,-0.04061499983072281,0.35480204224586487,0.6228753924369812,-0.04914192855358124,0.3904399275779724,0.6174629330635071,-0.05093742534518242,0.28078514337539673,0.5549266338348389,-0.026385994628071785,0.27672702074050903,0.528956949710846,-0.05278397351503372,0.2673354148864746,0.585606575012207,-0.06495817750692368,0.27500689029693604,0.5870245695114136,-0.0708802193403244,0.24343940615653992,0.5525763630867004,-0.020734060555696487,0.24242234230041504,0.5209293961524963,-0.04497341066598892,0.23769940435886383,0.5869942307472229,-0.0449024960398674,0.24495667219161987,0.5839388370513916,-0.04137488454580307,0.21097272634506226,0.5494711995124817,-0.019087765365839005,0.2083590030670166,0.5175707936286926,-0.03987017646431923,0.206687793135643,0.5790850520133972,-0.0251774862408638,0.21842095255851746,0.5791797637939453,-0.011756408959627151,0.18142810463905334,0.545367419719696,-0.020151473581790924,0.17664700746536255,0.5256211757659912,-0.02473381720483303,0.1793489307165146,0.5689237117767334,-0.00937889888882637,0.1876479536294937,0.5799522995948792,0.003416240680962801
14,left,0,0,0,0,0,0,0,0,0,0,0,0,0,0,0,0,0,0,0,0,0,0,0,0,0,0,0,0,0,0,0,0,0,0,0,0,0,0,0,0,0,0,0,0,0,0,0,0,0,0,0,0,0,0,0,0,0,0,0,0,0,0,0
15,right,0.20227444171905518,0.6976495981216431,-2.1197429589392414e-07,0.25295886397361755,0.681466281414032,-0.028024736791849136,0.30816006660461426,0.6483545899391174,-0.04170458763837814,0.3550635576248169,0.6228809952735901,-0.050930850207805634,0.3912928104400635,0.6175346970558167,-0.05304044857621193,0.28247928619384766,0.5565555095672607,-0.025323284789919853,0.27766790986061096,0.5278981328010559,-0.05244940146803856,0.26822802424430847,0.5839039087295532,-0.06436420977115631,0.2764763832092285,0.5874000191688538,-0.0698733776807785,0.24480819702148438,0.5536372661590576,-0.019730795174837112,0.24313440918922424,0.5201941728591919,-0.04519125446677208,0.2383512407541275,0.5873770117759705,-0.0445883609354496,0.24706128239631653,0.5841516852378845,-0.03997943550348282,0.21192415058612823,0.5501064658164978,-0.018502116203308105,0.208708718419075,0.5159392356872559,-0.04055115580558777,0.20717675983905792,0.5778460502624512,-0.025292083621025085,0.21951287984848022,0.5780508518218994,-0.0109123345464468,0.18210333585739136,0.5459296107292175,-0.02012954093515873,0.17737862467765808,0.5265824198722839,-0.025972118601202965,0.18014346063137054,0.5691813230514526,-0.011078059673309326,0.18884891271591187,0.579026460647583,0.0018637909088283777
15,left,0,0,0,0,0,0,0,0,0,0,0,0,0,0,0,0,0,0,0,0,0,0,0,0,0,0,0,0,0,0,0,0,0,0,0,0,0,0,0,0,0,0,0,0,0,0,0,0,0,0,0,0,0,0,0,0,0,0,0,0,0,0,0
16,right,0.20276400446891785,0.6967647671699524,-2.1429121943583596e-07,0.2540443539619446,0.6810299158096313,-0.028414443135261536,0.3092598021030426,0.6472727060317993,-0.04198909178376198,0.3555701673030853,0.621464729309082,-0.05095936357975006,0.3916003704071045,0.6168256402015686,-0.052826572209596634,0.28130701184272766,0.5545076131820679,-0.02586887963116169,0.278323769569397,0.5273799300193787,-0.05272236838936806,0.26915428042411804,0.5842013359069824,-0.06453913450241089,0.2757651209831238,0.5880561470985413,-0.06995388865470886,0.2435830682516098,0.551193118095398,-0.02028442546725273,0.24313677847385406,0.5211630463600159,-0.04490659385919571,0.23874233663082123,0.5881438255310059,-0.04443402588367462,0.24579620361328125,0.5840596556663513,-0.04015029966831207,0.21074938774108887,0.548025906085968,-0.019061613827943802,0.2085047960281372,0.5169867277145386,-0.0405668169260025,0.20768164098262787,0.5781739354133606,-0.02610114775598049,0.21862685680389404,0.5770648717880249,-0.012468377128243446,0.18123859167099,0.5446130633354187,-0.02068554051220417,0.17707069218158722,0.5268126726150513,-0.02637777477502823,0.18102462589740753,0.5689281821250916,-0.01186903566122055,0.18896222114562988,0.5781787037849426,0.000737142632715404
16,left,0,0,0,0,0,0,0,0,0,0,0,0,0,0,0,0,0,0,0,0,0,0,0,0,0,0,0,0,0,0,0,0,0,0,0,0,0,0,0,0,0,0,0,0,0,0,0,0,0,0,0,0,0,0,0,0,0,0,0,0,0,0,0
17,right,0.20225267112255096,0.6996132731437683,-2.0697832781024772e-07,0.2520962953567505,0.6819416880607605,-0.029018143191933632,0.30670076608657837,0.64888995885849,-0.04340314492583275,0.35437095165252686,0.6226717829704285,-0.05294032394886017,0.3913065195083618,0.6172680258750916,-0.055291276425123215,0.2814028859138489,0.5558798313140869,-0.027584316208958626,0.27572908997535706,0.5293528437614441,-0.054135050624608994,0.2670731544494629,0.5857203006744385,-0.06575118750333786,0.2747957408428192,0.5882563591003418,-0.0713740736246109,0.24344317615032196,0.5526517033576965,-0.021436354145407677,0.24137839674949646,0.5213417410850525,-0.045739367604255676,0.2372744381427765,0.5889362692832947,-0.044743768870830536,0.24507448077201843,0.5844693779945374,-0.040547940880060196,0.2102193683385849,0.5499570369720459,-0.019531622529029846,0.2071707397699356,0.5169700980186462,-0.04034855216741562,0.2065258026123047,0.5786303877830505,-0.025200948119163513,0.21773070096969604,0.5779133439064026,-0.01168178953230381,0.180097758769989,0.5468549728393555,-0.02057814411818981,0.1755204200744629,0.5291979312896729,-0.02585604414343834,0.17969271540641785,0.5707464814186096,-0.011400382965803146,0.18831303715705872,0.5793024301528931,0.0007747571798972785
17,left,0,0,0,0,0,0,0,0,0,0,0,0,0,0,0,0,0,0,0,0,0,0,0,0,0,0,0,0,0,0,0,0,0,0,0,0,0,0,0,0,0,0,0,0,0,0,0,0,0,0,0,0,0,0,0,0,0,0,0,0,0,0,0
18,right,0.20235688984394073,0.702106237411499,-2.1968176611153467e-07,0.2530280649662018,0.6862195134162903,-0.029097385704517365,0.3074339032173157,0.651068925857544,-0.0433741994202137,0.35377636551856995,0.6245834231376648,-0.05317162349820137,0.390569269657135,0.6193521022796631,-0.055885907262563705,0.2806161940097809,0.5593397617340088,-0.025946496054530144,0.2779981791973114,0.5307384729385376,-0.05250438675284386,0.2679409086704254,0.5866416692733765,-0.06315556913614273,0.2741238474845886,0.5911398530006409,-0.06763330101966858,0.2434675395488739,0.5557573437690735,-0.020304439589381218,0.24272507429122925,0.524416983127594,-0.04563739523291588,0.23782022297382355,0.5917220115661621,-0.04442126303911209,0.2453242987394333,0.5882822275161743,-0.03904460370540619,0.2108982801437378,0.552655816078186,-0.019171180203557014,0.2078050822019577,0.5211876034736633,-0.041520856320858,0.2070777714252472,0.5825560688972473,-0.026596732437610626,0.218353271484375,0.5817349553108215,-0.01214462798088789,0.18133118748664856,0.5497254133224487,-0.020946376025676727,0.17656618356704712,0.5306484699249268,-0.027059093117713928,0.1802399456501007,0.5728893280029297,-0.012266166508197784,0.18805506825447083,0.5827154517173767,0.0007868628017604351
18,left,0,0,0,0,0,0,0,0,0,0,0,0,0,0,0,0,0,0,0,0,0,0,0,0,0,0,0,0,0,0,0,0,0,0,0,0,0,0,0,0,0,0,0,0,0,0,0,0,0,0,0,0,0,0,0,0,0,0,0,0,0,0,0
19,right,0.202886700630188,0.7014751434326172,-2.202653774929786e-07,0.2539272904396057,0.6848732829093933,-0.028254929929971695,0.30883654952049255,0.6514402627944946,-0.04179194197058678,0.3549351692199707,0.6254546642303467,-0.050770103931427,0.3908084034919739,0.6197481751441956,-0.052544258534908295,0.28053995966911316,0.559110164642334,-0.025270985439419746,0.2782105505466461,0.5310482978820801,-0.051983147859573364,0.26834172010421753,0.5874883532524109,-0.06365140527486801,0.2746826410293579,0.5913846492767334,-0.06899628788232803,0.24324479699134827,0.5567123293876648,-0.019663987681269646,0.24263253808021545,0.5252093076705933,-0.04458196833729744,0.23806267976760864,0.5924664735794067,-0.044131193310022354,0.24570225179195404,0.5887894630432129,-0.039725225418806076,0.21083110570907593,0.554275393486023,-0.018416600301861763,0.20797185599803925,0.5212998986244202,-0.03998842090368271,0.20723488926887512,0.5830758810043335,-0.025258025154471397,0.2188277691602707,0.5826174020767212,-0.011361374519765377,0.18144994974136353,0.5513691902160645,-0.020033976063132286,0.1760214865207672,0.5336198806762695,-0.025525907054543495,0.18002574145793915,0.5753831267356873,-0.010862644761800766,0.18873624503612518,0.5842441916465759,0.0018418828258290887
19,left,0,0,0,0,0,0,0,0,0,0,0,0,0,0,0,0,0,0,0,0,0,0,0,0,0,0,0,0,0,0,0,0,0,0,0,0,0,0,0,0,0,0,0,0,0,0,0,0,0,0,0,0,0,0,0,0,0,0,0,0,0,0,0
20,right,0.20326322317123413,0.7022084593772888,-2.171903616954296e-07,0.2540229260921478,0.6867245435714722,-0.02894284948706627,0.30891409516334534,0.6515998244285583,-0.04310750961303711,0.3549959659576416,0.6248580813407898,-0.05286954343318939,0.39128410816192627,0.6198652982711792,-0.05558810755610466,0.2813281714916229,0.5594483017921448,-0.025933656841516495,0.27760425209999084,0.5308400988578796,-0.05273718386888504,0.2679743468761444,0.5872792601585388,-0.06356191635131836,0.27469417452812195,0.5925090909004211,-0.0681035965681076,0.2441556304693222,0.5559958815574646,-0.020493870601058006,0.2431010901927948,0.5251463055610657,-0.046119172126054764,0.23833748698234558,0.5923717617988586,-0.045078981667757034,0.24576544761657715,0.589453399181366,-0.03976253420114517,0.21156160533428192,0.5530800819396973,-0.019557608291506767,0.2083231657743454,0.5218570232391357,-0.04223513975739479,0.20756499469280243,0.5832971930503845,-0.027466068044304848,0.2186260223388672,0.5828622579574585,-0.013044984079897404,0.18181312084197998,0.5503103733062744,-0.021520297974348068,0.17727985978126526,0.5323150157928467,-0.02809586375951767,0.18119391798973083,0.5744499564170837,-0.013660898432135582,0.18917216360569,0.5838121771812439,-0.0007633988279849291
20,left,0,0,0,0,0,0,0,0,0,0,0,0,0,0,0,0,0,0,0,0,0,0,0,0,0,0,0,0,0,0,0,0,0,0,0,0,0,0,0,0,0,0,0,0,0,0,0,0,0,0,0,0,0,0,0,0,0,0,0,0,0,0,0
21,right,0.20117811858654022,0.7083401679992676,-2.1532170535465411e-07,0.2520226240158081,0.690662682056427,-0.029099179431796074,0.3066113591194153,0.6547834873199463,-0.04275081306695938,0.3537163734436035,0.6275256276130676,-0.05160816013813019,0.3908388018608093,0.6226789951324463,-0.05314299091696739,0.2815075218677521,0.560531735420227,-0.025531835854053497,0.2768729031085968,0.5339764356613159,-0.05216626077890396,0.26710379123687744,0.5905962586402893,-0.06332314014434814,0.27407705783843994,0.5936771035194397,-0.06832859665155411,0.2437862604856491,0.556837260723114,-0.019715871661901474,0.24221935868263245,0.526874303817749,-0.04453510418534279,0.23761694133281708,0.5950623750686646,-0.043400611728429794,0.24545319378376007,0.59059077501297,-0.03842286393046379,0.2103790044784546,0.5545691251754761,-0.018479300662875175,0.2072126269340515,0.5241671800613403,-0.040295787155628204,0.20703686773777008,0.5859348773956299,-0.025786885991692543,0.21855556964874268,0.5841268301010132,-0.011986644938588142,0.18040578067302704,0.5527229309082031,-0.020182114094495773,0.17566320300102234,0.5358825325965881,-0.026116590946912766,0.1805596649646759,0.5772036910057068,-0.011944272555410862,0.1890752911567688,0.5851994752883911,0.0005096096429042518
21,left,0,0,0,0,0,0,0,0,0,0,0,0,0,0,0,0,0,0,0,0,0,0,0,0,0,0,0,0,0,0,0,0,0,0,0,0,0,0,0,0,0,0,0,0,0,0,0,0,0,0,0,0,0,0,0,0,0,0,0,0,0,0,0
22,right,0.20139546692371368,0.7048384547233582,-2.1476893152794219e-07,0.2523084282875061,0.6889301538467407,-0.029039254412055016,0.3073176145553589,0.6553634405136108,-0.042976025491952896,0.35404324531555176,0.6291179656982422,-0.05218905210494995,0.39013397693634033,0.6228594183921814,-0.054290659725666046,0.2810259759426117,0.5622380375862122,-0.025888055562973022,0.27849656343460083,0.534903883934021,-0.05237525701522827,0.26799488067626953,0.5912925004959106,-0.06373700499534607,0.2744444012641907,0.5948660969734192,-0.06891059130430222,0.2435922771692276,0.5595466494560242,-0.019868476316332817,0.24329063296318054,0.5276268124580383,-0.044928811490535736,0.2380613535642624,0.5952783823013306,-0.044141191989183426,0.24569742381572723,0.5923164486885071,-0.03932627663016319,0.21062597632408142,0.5568984746932983,-0.018250858411192894,0.20809803903102875,0.5252384543418884,-0.04006824269890785,0.20702970027923584,0.5871071219444275,-0.02520177513360977,0.218788743019104,0.5868411064147949,-0.011059096083045006,0.1806807518005371,0.5537571907043457,-0.01950320415198803,0.1756700873374939,0.5357277989387512,-0.025001520290970802,0.17918743193149567,0.5782253742218018,-0.010079319588840008,0.18782570958137512,0.5878233909606934,0.0028450675308704376
22,left,0,0,0,0,0,0,0,0,0,0,0,0,0,0,0,0,0,0,0,0,0,0,0,0,0,0,0,0,0,0,0,0,0,0,0,0,0,0,0,0,0,0,0,0,0,0,0,0,0,0,0,0,0,0,0,0,0,0,0,0,0,0,0
23,right,0.2016143500804901,0.7061725854873657,-2.191092391967686e-07,0.25248077511787415,0.6893594264984131,-0.029117131605744362,0.3077351450920105,0.6544217467308044,-0.04241359978914261,0.3536885380744934,0.6266162395477295,-0.05076327919960022,0.3893404006958008,0.6211183667182922,-0.051712337881326675,0.2803838849067688,0.5607658624649048,-0.026188263669610023,0.27755847573280334,0.533351719379425,-0.05320585519075394,0.2678779661655426,0.590886652469635,-0.0652104839682579,0.27420711517333984,0.594387412071228,-0.07076417654752731,0.24264326691627502,0.5581519603729248,-0.020060408860445023,0.2419666200876236,0.5276529788970947,-0.04486848786473274,0.23781701922416687,0.595618724822998,-0.0442972294986248,0.2454186975955963,0.591573178768158,-0.03993980959057808,0.20975078642368317,0.5555962920188904,-0.018389824777841568,0.20690223574638367,0.5236607789993286,-0.04015263542532921,0.20654414594173431,0.5862952470779419,-0.02550111897289753,0.21820810437202454,0.5856358408927917,-0.01170057151466608,0.18001282215118408,0.5526833534240723,-0.019630728289484978,0.1750752478837967,0.5350103974342346,-0.025469282642006874,0.17946919798851013,0.5776513814926147,-0.010954423807561398,0.18807721138000488,0.5869588255882263,0.0016766098560765386
23,left,0,0,0,0,0,0,0,0,0,0,0,0,0,0,0,0,0,0,0,0,0,0,0,0,0,0,0,0,0,0,0,0,0,0,0,0,0,0,0,0,0,0,0,0,0,0,0,0,0,0,0,0,0,0,0,0,0,0,0,0,0,0,0
24,right,0.20051634311676025,0.7085458040237427,-2.128079188423726e-07,0.25101613998413086,0.6918320655822754,-0.029627762734889984,0.3054350018501282,0.6561880111694336,-0.044145580381155014,0.3524412512779236,0.628412127494812,-0.05403733626008034,0.3894224166870117,0.6221824288368225,-0.05662452429533005,0.28024113178253174,0.56376713514328,-0.025840388610959053,0.27624431252479553,0.5351603627204895,-0.052770406007766724,0.2663666009902954,0.5917581915855408,-0.06346621364355087,0.2735397517681122,0.5962873101234436,-0.06797532737255096,0.2431187927722931,0.5602344870567322,-0.01994931697845459,0.24191096425056458,0.5280252695083618,-0.045811980962753296,0.23678651452064514,0.596657931804657,-0.04431382939219475,0.24510245025157928,0.5927754640579224,-0.038603417575359344,0.21030095219612122,0.5573357939720154,-0.018721330910921097,0.2069089561700821,0.5255511403083801,-0.0416555292904377,0.20596596598625183,0.5876501202583313,-0.026444828137755394,0.21768279373645782,0.5863906741142273,-0.011722655035555363,0.1803484559059143,0.5545097589492798,-0.020468346774578094,0.17550289630889893,0.5367743968963623,-0.027155807241797447,0.17940616607666016,0.5789898037910461,-0.012693984434008598,0.18785622715950012,0.587915301322937,0.0001866147358668968
24,left,0,0,0,0,0,0,0,0,0,0,0,0,0,0,0,0,0,0,0,0,0,0,0,0,0,0,0,0,0,0,0,0,0,0,0,0,0,0,0,0,0,0,0,0,0,0,0,0,0,0,0,0,0,0,0,0,0,0,0,0,0,0,0
25,right,0.20043452084064484,0.7103392481803894,-2.0473865447456774e-07,0.25108638405799866,0.6925976872444153,-0.030396131798624992,0.30599936842918396,0.6566773653030396,-0.0443311482667923,0.3529447913169861,0.6293241381645203,-0.05305064469575882,0.38925856351852417,0.6234157681465149,-0.05418499559164047,0.2788800895214081,0.5647446513175964,-0.026389218866825104,0.27672892808914185,0.5361062288284302,-0.053791094571352005,0.26724478602409363,0.593587338924408,-0.06595312803983688,0.27351415157318115,0.5965085625648499,-0.07149897515773773,0.24165621399879456,0.5627379417419434,-0.019573630765080452,0.2416907399892807,0.5299355387687683,-0.04509136825799942,0.23739458620548248,0.5984068512916565,-0.04480033740401268,0.24485696852207184,0.5935540795326233,-0.040285635739564896,0.20887258648872375,0.560218334197998,-0.017403671517968178,0.20643851161003113,0.5277119278907776,-0.03971891477704048,0.20621177554130554,0.5898249745368958,-0.025255504995584488,0.21776083111763,0.5880227088928223,-0.011287719942629337,0.17917491495609283,0.5566703081130981,-0.018221359699964523,0.1748993843793869,0.5385559797286987,-0.024184083566069603,0.1792973279953003,0.5805468559265137,-0.009669668972492218,0.18742436170578003,0.5894405245780945,0.0030814034398645163
25,left,0,0,0,0,0,0,0,0,0,0,0,0,0,0,0,0,0,0,0,0,0,0,0,0,0,0,0,0,0,0,0,0,0,0,0,0,0,0,0,0,0,0,0,0,0,0,0,0,0,0,0,0,0,0,0,0,0,0,0,0,0,0,0
26,right,0.20028220117092133,0.7114055156707764,-2.4204669557548186e-07,0.25152701139450073,0.69393390417099,-0.02765030413866043,0.30677205324172974,0.6583439111709595,-0.0402318574488163,0.35324546694755554,0.6301865577697754,-0.04829287528991699,0.3895564675331116,0.6241611242294312,-0.04912079498171806,0.2789800763130188,0.5673447251319885,-0.024184944108128548,0.2780962586402893,0.5381348729133606,-0.04972022399306297,0.2673340439796448,0.595291793346405,-0.06025100126862526,0.2725712060928345,0.6001157760620117,-0.06499093025922775,0.24172307550907135,0.564395010471344,-0.018885815516114235,0.2425319105386734,0.5322965383529663,-0.04258552938699722,0.23726466298103333,0.6005322337150574,-0.04123775660991669,0.24367018043994904,0.5974934101104736,-0.036416783928871155,0.2087508738040924,0.5621527433395386,-0.01797669194638729,0.20709925889968872,0.5287458896636963,-0.03886593133211136,0.20629340410232544,0.5913044810295105,-0.023968776687979698,0.2163846492767334,0.5912109017372131,-0.010138536803424358,0.1785205602645874,0.5602221488952637,-0.019872933626174927,0.17431068420410156,0.5409154891967773,-0.025082185864448547,0.17866136133670807,0.5826829075813293,-0.01032375916838646,0.18609899282455444,0.5917512774467468,0.002296971855685115
26,left,0,0,0,0,0,0,0,0,0,0,0,0,0,0,0,0,0,0,0,0,0,0,0,0,0,0,0,0,0,0,0,0,0,0,0,0,0,0,0,0,0,0,0,0,0,0,0,0,0,0,0,0,0,0,0,0,0,0,0,0,0,0,0
27,right,0.19990602135658264,0.7118341326713562,-2.1913893988312338e-07,0.25093430280685425,0.6949434280395508,-0.029844747856259346,0.3060542643070221,0.6597798466682434,-0.04383416101336479,0.35311418771743774,0.6310968399047852,-0.052912335842847824,0.38991397619247437,0.6249624490737915,-0.054561812430620193,0.2793617248535156,0.5679381489753723,-0.02648376114666462,0.2773042917251587,0.5390665531158447,-0.053389519453048706,0.2673189640045166,0.596229612827301,-0.06451873481273651,0.2735951244831085,0.60003662109375,-0.06939931213855743,0.2421979308128357,0.5649222135543823,-0.02021612785756588,0.24227356910705566,0.5328003764152527,-0.045434314757585526,0.2372198849916458,0.601361870765686,-0.0440632589161396,0.24471473693847656,0.5974718928337097,-0.03884651139378548,0.20923209190368652,0.5620291829109192,-0.018580395728349686,0.2070292979478836,0.5298446416854858,-0.04071756452322006,0.20618432760238647,0.5924565196037292,-0.02544967085123062,0.2173822820186615,0.5919104218482971,-0.011012459173798561,0.17905379831790924,0.5590754747390747,-0.019941415637731552,0.1748255491256714,0.540402352809906,-0.02588755078613758,0.17893141508102417,0.5827702879905701,-0.011139974929392338,0.18703484535217285,0.5923894047737122,0.001702431938610971
27,left,0,0,0,0,0,0,0,0,0,0,0,0,0,0,0,0,0,0,0,0,0,0,0,0,0,0,0,0,0,0,0,0,0,0,0,0,0,0,0,0,0,0,0,0,0,0,0,0,0,0,0,0,0,0,0,0,0,0,0,0,0,0,0
28,right,0.20115789771080017,0.7127500772476196,-2.2373731667357788e-07,0.2516818046569824,0.6952289342880249,-0.02873571589589119,0.30717310309410095,0.6597449779510498,-0.04176454618573189,0.3542599678039551,0.6325905323028564,-0.049809250980615616,0.3908802568912506,0.6266317963600159,-0.0504697747528553,0.2794770896434784,0.5677180886268616,-0.025772931054234505,0.2788460850715637,0.5407072901725769,-0.05199809372425079,0.26832127571105957,0.5974012017250061,-0.06348579376935959,0.2738889157772064,0.5993133187294006,-0.06886136531829834,0.2423233836889267,0.5653692483901978,-0.019607307389378548,0.2436063289642334,0.5341771841049194,-0.04363125190138817,0.23853261768817902,0.6018005609512329,-0.04290429875254631,0.24530155956745148,0.5970345735549927,-0.03861571103334427,0.2097368687391281,0.5626909732818604,-0.01780371367931366,0.20845888555049896,0.5304025411605835,-0.03875314071774483,0.20743806660175323,0.592558741569519,-0.024134889245033264,0.21825653314590454,0.5912977457046509,-0.010547676123678684,0.18016324937343597,0.5591588020324707,-0.01883683353662491,0.17659124732017517,0.5403643846511841,-0.023838037624955177,0.18044504523277283,0.5824888348579407,-0.008992861025035381,0.18815384805202484,0.5917090773582458,0.0036619806196540594
28,left,0,0,0,0,0,0,0,0,0,0,0,0,0,0,0,0,0,0,0,0,0,0,0,0,0,0,0,0,0,0,0,0,0,0,0,0,0,0,0,0,0,0,0,0,0,0,0,0,0,0,0,0,0,0,0,0,0,0,0,0,0,0,0
29,right,0.20155669748783112,0.7114169597625732,-2.3035224216982897e-07,0.25312983989715576,0.6951541900634766,-0.027644338086247444,0.3087075650691986,0.6603928804397583,-0.040736448019742966,0.3545406460762024,0.6326201558113098,-0.04949929192662239,0.39001911878585815,0.6264528036117554,-0.051119815558195114,0.27971982955932617,0.5698139071464539,-0.02496710605919361,0.27871376276016235,0.5404717326164246,-0.05136258900165558,0.26815497875213623,0.5977810621261597,-0.06225181370973587,0.2736496925354004,0.6024637222290039,-0.06706138700246811,0.2422972023487091,0.5668433308601379,-0.01982916332781315,0.24314557015895844,0.5348117351531982,-0.04489197954535484,0.23791775107383728,0.6025846600532532,-0.04400656744837761,0.24461275339126587,0.599295973777771,-0.03915594145655632,0.2096010446548462,0.5639795660972595,-0.019017808139324188,0.20779964327812195,0.531108021736145,-0.04081330820918083,0.206927090883255,0.5934401154518127,-0.025839634239673615,0.21752449870109558,0.5931042432785034,-0.011709602549672127,0.1797541081905365,0.56086665391922,-0.021000772714614868,0.17564785480499268,0.5427690744400024,-0.026726627722382545,0.17986154556274414,0.5850144624710083,-0.011996175162494183,0.1879262924194336,0.5941441059112549,0.0007683664443902671
29,left,0,0,0,0,0,0,0,0,0,0,0,0,0,0,0,0,0,0,0,0,0,0,0,0,0,0,0,0,0,0,0,0,0,0,0,0,0,0,0,0,0,0,0,0,0,0,0,0,0,0,0,0,0,0,0,0,0,0,0,0,0,0,0
30,right,0.20034313201904297,0.7164801359176636,-2.1039213038420712e-07,0.2515661120414734,0.6996479034423828,-0.02962922491133213,0.3068746328353882,0.6628178358078003,-0.044186919927597046,0.3534480333328247,0.6348292827606201,-0.0541609488427639,0.39003849029541016,0.6287566423416138,-0.05689768120646477,0.2787300646305084,0.5712530016899109,-0.026104846969246864,0.27691012620925903,0.5419255495071411,-0.053054604679346085,0.26702290773391724,0.5998272895812988,-0.06380167603492737,0.2726329565048218,0.6058029532432556,-0.0684099867939949,0.24227778613567352,0.5668905973434448,-0.020434683188796043,0.24231113493442535,0.5351773500442505,-0.04615342617034912,0.23772042989730835,0.6044137477874756,-0.044633131474256516,0.24491146206855774,0.601363480091095,-0.03892461583018303,0.20952552556991577,0.563910722732544,-0.019421199336647987,0.2068488448858261,0.5326665639877319,-0.04230589419603348,0.20695911347866058,0.595075249671936,-0.027173638343811035,0.21755032241344452,0.5943867564201355,-0.012511472217738628,0.17911630868911743,0.5611167550086975,-0.021366160362958908,0.17500707507133484,0.5442494750022888,-0.02859346568584442,0.18019337952136993,0.5860967636108398,-0.014514711685478687,0.18803605437278748,0.5944849252700806,-0.001792605035007
30,left,0,0,0,0,0,0,0,0,0,0,0,0,0,0,0,0,0,0,0,0,0,0,0,0,0,0,0,0,0,0,0,0,0,0,0,0,0,0,0,0,0,0,0,0,0,0,0,0,0,0,0,0,0,0,0,0,0,0,0,0,0,0,0
31,right,0.19915330410003662,0.7160813808441162,-2.2106330277438246e-07,0.25036004185676575,0.7005395293235779,-0.029549552127718925,0.3056950569152832,0.6635878086090088,-0.043718740344047546,0.35169461369514465,0.6348739266395569,-0.053340062499046326,0.3883354663848877,0.6292006969451904,-0.0558183416724205,0.27841874957084656,0.5725864768028259,-0.0257207490503788,0.2767755687236786,0.5427348017692566,-0.05199461802840233,0.26597365736961365,0.600176990032196,-0.06200958415865898,0.27169591188430786,0.6062405109405518,-0.06610489636659622,0.24167075753211975,0.568354070186615,-0.01994718424975872,0.24161572754383087,0.5367487668991089,-0.04545743390917778,0.23600222170352936,0.6052249073982239,-0.04376047104597092,0.24329829216003418,0.6024121046066284,-0.03781309723854065,0.20887847244739532,0.5651415586471558,-0.01879284903407097,0.2063787579536438,0.5347044467926025,-0.041460469365119934,0.2053147554397583,0.5964930653572083,-0.02639888785779476,0.2160019725561142,0.5952511429786682,-0.011746884323656559,0.17853045463562012,0.5621526837348938,-0.02057318016886711,0.1745418906211853,0.5447233319282532,-0.027366241440176964,0.1788012683391571,0.5869030356407166,-0.013076570816338062,0.18674221634864807,0.5957880020141602,-0.00027799190138466656
31,left,0,0,0,0,0,0,0,0,0,0,0,0,0,0,0,0,0,0,0,0,0,0,0,0,0,0,0,0,0,0,0,0,0,0,0,0,0,0,0,0,0,0,0,0,0,0,0,0,0,0,0,0,0,0,0,0,0,0,0,0,0,0,0
32,right,0.19974951446056366,0.7151832580566406,-2.220424590859693e-07,0.2510848939418793,0.6987438201904297,-0.02860451117157936,0.3059886693954468,0.6627144813537598,-0.04246089234948158,0.35168156027793884,0.6343143582344055,-0.05191278085112572,0.38786184787750244,0.6288050413131714,-0.054101455956697464,0.27871227264404297,0.5726134777069092,-0.025490570813417435,0.27599796652793884,0.5420725345611572,-0.05261165276169777,0.26560860872268677,0.6000205874443054,-0.06379075348377228,0.27191662788391113,0.6065171360969543,-0.06870121508836746,0.2410648614168167,0.5693104863166809,-0.020260479301214218,0.24033565819263458,0.5366594195365906,-0.04643337428569794,0.23525653779506683,0.6053228974342346,-0.04558498412370682,0.24275177717208862,0.6028217673301697,-0.04035869240760803,0.20795050263404846,0.5662223100662231,-0.01957148127257824,0.2048177868127823,0.5330228805541992,-0.04260873794555664,0.20406760275363922,0.5957890152931213,-0.027611730620265007,0.21522271633148193,0.5957091450691223,-0.013058408163487911,0.17769575119018555,0.5631871819496155,-0.02177964150905609,0.17260554432868958,0.5452088713645935,-0.0288092028349638,0.17696444690227509,0.587532103061676,-0.014652629382908344,0.1854468733072281,0.5964064002037048,-0.001973555888980627
32,left,0,0,0,0,0,0,0,0,0,0,0,0,0,0,0,0,0,0,0,0,0,0,0,0,0,0,0,0,0,0,0,0,0,0,0,0,0,0,0,0,0,0,0,0,0,0,0,0,0,0,0,0,0,0,0,0,0,0,0,0,0,0,0
33,right,0.19868461787700653,0.7169814109802246,-2.2566453594663471e-07,0.24993254244327545,0.6997573375701904,-0.028627293184399605,0.3049713671207428,0.6639279127120972,-0.042608339339494705,0.3513360023498535,0.6351315975189209,-0.052260056138038635,0.3877122104167938,0.6289471983909607,-0.05471477285027504,0.27727267146110535,0.5733962655067444,-0.02548300474882126,0.2752109467983246,0.5439621210098267,-0.052155740559101105,0.26480409502983093,0.6013074517250061,-0.06254415959119797,0.2706345021724701,0.6067346930503845,-0.06689377129077911,0.24027742445468903,0.5696163773536682,-0.02029128186404705,0.23998887836933136,0.5382316708564758,-0.045782264322042465,0.23484182357788086,0.606823205947876,-0.043965525925159454,0.2421855926513672,0.6034141182899475,-0.03821258619427681,0.20750752091407776,0.5666216015815735,-0.019694602116942406,0.20429545640945435,0.5346676111221313,-0.04238060489296913,0.20389285683631897,0.5973232984542847,-0.0269399955868721,0.2149094045162201,0.5971198081970215,-0.012171019800007343,0.17731469869613647,0.5640186667442322,-0.02201971970498562,0.17214517295360565,0.5458182096481323,-0.028823958709836006,0.17708373069763184,0.5877254605293274,-0.014442476443946362,0.1855594515800476,0.5968359708786011,-0.0016576763009652495
33,left,0,0,0,0,0,0,0,0,0,0,0,0,0,0,0,0,0,0,0,0,0,0,0,0,0,0,0,0,0,0,0,0,0,0,0,0,0,0,0,0,0,0,0,0,0,0,0,0,0,0,0,0,0,0,0,0,0,0,0,0,0,0,0
34,right,0.19892987608909607,0.7164656519889832,-2.2264967469709518e-07,0.2500137388706207,0.7006893157958984,-0.029387112706899643,0.30540731549263,0.6649956107139587,-0.04348914325237274,0.3515552878379822,0.6363652944564819,-0.05310148745775223,0.3878366947174072,0.6301915645599365,-0.0555373877286911,0.2761121094226837,0.5742664337158203,-0.025856126099824905,0.2747872471809387,0.5443857312202454,-0.05228327214717865,0.2646144926548004,0.6016731858253479,-0.06248036026954651,0.26993727684020996,0.6078616380691528,-0.06663288176059723,0.23925724625587463,0.5704878568649292,-0.020225387066602707,0.23906370997428894,0.5392711758613586,-0.045461852103471756,0.234189972281456,0.6076032519340515,-0.043768543750047684,0.2411130666732788,0.6043564677238464,-0.03805889934301376,0.20662175118923187,0.5672694444656372,-0.01923152431845665,0.20369522273540497,0.5359952449798584,-0.04184161126613617,0.2033143937587738,0.5982853174209595,-0.026741378009319305,0.21382340788841248,0.5975872278213501,-0.012176556512713432,0.17645145952701569,0.5642768740653992,-0.021186111494898796,0.17196772992610931,0.5467113256454468,-0.027994001284241676,0.17647579312324524,0.5889041423797607,-0.013683754950761795,0.18409746885299683,0.5980561971664429,-0.0009347009472548962
34,left,0,0,0,0,0,0,0,0,0,0,0,0,0,0,0,0,0,0,0,0,0,0,0,0,0,0,0,0,0,0,0,0,0,0,0,0,0,0,0,0,0,0,0,0,0,0,0,0,0,0,0,0,0,0,0,0,0,0,0,0,0,0,0
35,right,0.19742333889007568,0.7197928428649902,-2.3279703498246818e-07,0.24888987839221954,0.7030463218688965,-0.02893570065498352,0.3047230839729309,0.6658298969268799,-0.04191279411315918,0.3509393632411957,0.636674165725708,-0.05004716292023659,0.3873315453529358,0.630547285079956,-0.05079847201704979,0.27649739384651184,0.573595404624939,-0.025397762656211853,0.2753762900829315,0.5451931953430176,-0.05165335536003113,0.264517605304718,0.6031811237335205,-0.06228584423661232,0.2695562541484833,0.6071858406066895,-0.06699252128601074,0.23932529985904694,0.5696512460708618,-0.019600728526711464,0.239749014377594,0.5381218791007996,-0.04433372989296913,0.23446246981620789,0.6070539951324463,-0.043043576180934906,0.24112854897975922,0.6034954190254211,-0.03793497011065483,0.20621177554130554,0.5668767094612122,-0.018330717459321022,0.2041710764169693,0.5360468029975891,-0.04018545523285866,0.20354190468788147,0.5991412401199341,-0.025402504950761795,0.21424882113933563,0.5978567004203796,-0.011415967717766762,0.17588716745376587,0.5645076632499695,-0.0199518334120512,0.17181411385536194,0.54775071144104,-0.025847185403108597,0.17663124203681946,0.5903236865997314,-0.011417909525334835,0.18473361432552338,0.5989416241645813,0.0011054357746616006
35,left,0,0,0,0,0,0,0,0,0,0,0,0,0,0,0,0,0,0,0,0,0,0,0,0,0,0,0,0,0,0,0,0,0,0,0,0,0,0,0,0,0,0,0,0,0,0,0,0,0,0,0,0,0,0,0,0,0,0,0,0,0,0,0
36,right,0.19798877835273743,0.7191473841667175,-2.338346831720628e-07,0.24917082488536835,0.7017843723297119,-0.0286016296595335,0.30513203144073486,0.6653242111206055,-0.04119081050157547,0.3519589304924011,0.6375144720077515,-0.04882645606994629,0.38776910305023193,0.63121497631073,-0.04908277466893196,0.2764633297920227,0.5736309885978699,-0.0253768153488636,0.27556341886520386,0.5461176037788391,-0.051470376551151276,0.2646304666996002,0.6038212776184082,-0.0627920851111412,0.2698334753513336,0.606407642364502,-0.0681879073381424,0.2391817569732666,0.5707888603210449,-0.01939890719950199,0.2397627979516983,0.539229154586792,-0.0434214249253273,0.23451048135757446,0.607593834400177,-0.042565345764160156,0.2409256249666214,0.6033837199211121,-0.03819463402032852,0.2062610238790512,0.5683952569961548,-0.017818467691540718,0.2043091356754303,0.5361067056655884,-0.0386381596326828,0.20345233380794525,0.5990335941314697,-0.02385679818689823,0.21411484479904175,0.5977933406829834,-0.01031031645834446,0.1762567162513733,0.5657261610031128,-0.01911226660013199,0.17160440981388092,0.5482891201972961,-0.024181341752409935,0.17623308300971985,0.5907033085823059,-0.009543630294501781,0.18467575311660767,0.5990865230560303,0.0028552438598126173
36,left,0,0,0,0,0,0,0,0,0,0,0,0,0,0,0,0,0,0,0,0,0,0,0,0,0,0,0,0,0,0,0,0,0,0,0,0,0,0,0,0,0,0,0,0,0,0,0,0,0,0,0,0,0,0,0,0,0,0,0,0,0,0,0
