1,right,0,0,0,0,0,0,0,0,0,0,0,0,0,0,0,0,0,0,0,0,0,0,0,0,0,0,0,0,0,0,0,0,0,0,0,0,0,0,0,0,0,0,0,0,0,0,0,0,0,0,0,0,0,0,0,0,0,0,0,0,0,0,0
1,left,0,0,0,0,0,0,0,0,0,0,0,0,0,0,0,0,0,0,0,0,0,0,0,0,0,0,0,0,0,0,0,0,0,0,0,0,0,0,0,0,0,0,0,0,0,0,0,0,0,0,0,0,0,0,0,0,0,0,0,0,0,0,0
2,right,0,0,0,0,0,0,0,0,0,0,0,0,0,0,0,0,0,0,0,0,0,0,0,0,0,0,0,0,0,0,0,0,0,0,0,0,0,0,0,0,0,0,0,0,0,0,0,0,0,0,0,0,0,0,0,0,0,0,0,0,0,0,0
2,left,0,0,0,0,0,0,0,0,0,0,0,0,0,0,0,0,0,0,0,0,0,0,0,0,0,0,0,0,0,0,0,0,0,0,0,0,0,0,0,0,0,0,0,0,0,0,0,0,0,0,0,0,0,0,0,0,0,0,0,0,0,0,0
3,right,0,0,0,0,0,0,0,0,0,0,0,0,0,0,0,0,0,0,0,0,0,0,0,0,0,0,0,0,0,0,0,0,0,0,0,0,0,0,0,0,0,0,0,0,0,0,0,0,0,0,0,0,0,0,0,0,0,0,0,0,0,0,0
3,left,0,0,0,0,0,0,0,0,0,0,0,0,0,0,0,0,0,0,0,0,0,0,0,0,0,0,0,0,0,0,0,0,0,0,0,0,0,0,0,0,0,0,0,0,0,0,0,0,0,0,0,0,0,0,0,0,0,0,0,0,0,0,0
4,right,0,0,0,0,0,0,0,0,0,0,0,0,0,0,0,0,0,0,0,0,0,0,0,0,0,0,0,0,0,0,0,0,0,0,0,0,0,0,0,0,0,0,0,0,0,0,0,0,0,0,0,0,0,0,0,0,0,0,0,0,0,0,0
4,left,0,0,0,0,0,0,0,0,0,0,0,0,0,0,0,0,0,0,0,0,0,0,0,0,0,0,0,0,0,0,0,0,0,0,0,0,0,0,0,0,0,0,0,0,0,0,0,0,0,0,0,0,0,0,0,0,0,0,0,0,0,0,0
5,right,0,0,0,0,0,0,0,0,0,0,0,0,0,0,0,0,0,0,0,0,0,0,0,0,0,0,0,0,0,0,0,0,0,0,0,0,0,0,0,0,0,0,0,0,0,0,0,0,0,0,0,0,0,0,0,0,0,0,0,0,0,0,0
5,left,0,0,0,0,0,0,0,0,0,0,0,0,0,0,0,0,0,0,0,0,0,0,0,0,0,0,0,0,0,0,0,0,0,0,0,0,0,0,0,0,0,0,0,0,0,0,0,0,0,0,0,0,0,0,0,0,0,0,0,0,0,0,0
6,right,0,0,0,0,0,0,0,0,0,0,0,0,0,0,0,0,0,0,0,0,0,0,0,0,0,0,0,0,0,0,0,0,0,0,0,0,0,0,0,0,0,0,0,0,0,0,0,0,0,0,0,0,0,0,0,0,0,0,0,0,0,0,0
6,left,0,0,0,0,0,0,0,0,0,0,0,0,0,0,0,0,0,0,0,0,0,0,0,0,0,0,0,0,0,0,0,0,0,0,0,0,0,0,0,0,0,0,0,0,0,0,0,0,0,0,0,0,0,0,0,0,0,0,0,0,0,0,0
7,right,0,0,0,0,0,0,0,0,0,0,0,0,0,0,0,0,0,0,0,0,0,0,0,0,0,0,0,0,0,0,0,0,0,0,0,0,0,0,0,0,0,0,0,0,0,0,0,0,0,0,0,0,0,0,0,0,0,0,0,0,0,0,0
7,left,0,0,0,0,0,0,0,0,0,0,0,0,0,0,0,0,0,0,0,0,0,0,0,0,0,0,0,0,0,0,0,0,0,0,0,0,0,0,0,0,0,0,0,0,0,0,0,0,0,0,0,0,0,0,0,0,0,0,0,0,0,0,0
8,right,0.10425561666488647,0.9447126388549805,-2.2976004743213707e-07,0.14650608599185944,0.9611130356788635,-0.03333692625164986,0.17929992079734802,0.9674966931343079,-0.05974419787526131,0.19160744547843933,0.990109384059906,-0.0796741470694542,0.18648871779441833,1.0167992115020752,-0.1004648432135582,0.1682843267917633,0.9136509299278259,-0.08005809783935547,0.1556192934513092,1.0113836526870728,-0.11026588082313538,0.1481519341468811,1.0421080589294434,-0.12615962326526642,0.1453752964735031,1.0423775911331177,-0.13616743683815002,0.12195734679698944,0.8975589871406555,-0.07367968559265137,0.1071275994181633,1.0137901306152344,-0.09828757494688034,0.10441775619983673,1.0451338291168213,-0.10355634987354279,0.09998489916324615,1.044646978378296,-0.1093158945441246,0.07989387214183807,0.8989313840866089,-0.06651151180267334,0.06639166176319122,1.0018020868301392,-0.08473362028598785,0.0680881142616272,1.031166434288025,-0.08093315362930298,0.0653962716460228,1.030928134918213,-0.07959765940904617,0.045444026589393616,0.9119357466697693,-0.062147874385118484,0.036704711616039276,0.9876618385314941,-0.07553701102733612,0.03984794020652771,1.0169227123260498,-0.07265487313270569,0.039329223334789276,1.0235450267791748,-0.06990168988704681
8,left,0,0,0,0,0,0,0,0,0,0,0,0,0,0,0,0,0,0,0,0,0,0,0,0,0,0,0,0,0,0,0,0,0,0,0,0,0,0,0,0,0,0,0,0,0,0,0,0,0,0,0,0,0,0,0,0,0,0,0,0,0,0,0
9,right,0,0,0,0,0,0,0,0,0,0,0,0,0,0,0,0,0,0,0,0,0,0,0,0,0,0,0,0,0,0,0,0,0,0,0,0,0,0,0,0,0,0,0,0,0,0,0,0,0,0,0,0,0,0,0,0,0,0,0,0,0,0,0
9,left,0,0,0,0,0,0,0,0,0,0,0,0,0,0,0,0,0,0,0,0,0,0,0,0,0,0,0,0,0,0,0,0,0,0,0,0,0,0,0,0,0,0,0,0,0,0,0,0,0,0,0,0,0,0,0,0,0,0,0,0,0,0,0
10,right,0.13586483895778656,0.8918911814689636,-1.5430022415330313e-07,0.183637797832489,0.8843731880187988,-0.041359834372997284,0.23798218369483948,0.8469458222389221,-0.06455041468143463,0.2842519283294678,0.8186947703361511,-0.08157216757535934,0.32862281799316406,0.8074383735656738,-0.09414716064929962,0.21958616375923157,0.7160326242446899,-0.04562988877296448,0.1941429078578949,0.7742135524749756,-0.07827615737915039,0.1868080496788025,0.820277750492096,-0.09466981887817383,0.1924879252910614,0.815436840057373,-0.10426666587591171,0.17355316877365112,0.6991147994995117,-0.03980526328086853,0.14843250811100006,0.7640165686607361,-0.0689343735575676,0.14985693991184235,0.821713924407959,-0.07238248735666275,0.16052880883216858,0.8133398294448853,-0.07278723269701004,0.12903407216072083,0.7023552656173706,-0.0391593873500824,0.10575687885284424,0.765834629535675,-0.06834902614355087,0.11307468265295029,0.8164470195770264,-0.062240120023489,0.12664780020713806,0.8076885342597961,-0.055590808391571045,0.09032745659351349,0.7161804437637329,-0.042393848299980164,0.07252778112888336,0.7628496289253235,-0.06080371141433716,0.08011592924594879,0.8053222298622131,-0.056790102273225784,0.09155746549367905,0.8060168623924255,-0.05120212957262993
10,left,0,0,0,0,0,0,0,0,0,0,0,0,0,0,0,0,0,0,0,0,0,0,0,0,0,0,0,0,0,0,0,0,0,0,0,0,0,0,0,0,0,0,0,0,0,0,0,0,0,0,0,0,0,0,0,0,0,0,0,0,0,0,0
11,right,0.15090547502040863,0.8308607935905457,-1.772045123971111e-07,0.203139990568161,0.8131444454193115,-0.04159211367368698,0.2562388479709625,0.7716274857521057,-0.06275459378957748,0.30164873600006104,0.7385502457618713,-0.07716850191354752,0.3436000943183899,0.7231458425521851,-0.08611425012350082,0.2303057312965393,0.6368534564971924,-0.03556739538908005,0.21265748143196106,0.6831482648849487,-0.06341827660799026,0.2065117061138153,0.7282851934432983,-0.07895544916391373,0.20957186818122864,0.7170079350471497,-0.08858753740787506,0.18742604553699493,0.6249088644981384,-0.02719280682504177,0.17140693962574005,0.6800711750984192,-0.05200763791799545,0.17479756474494934,0.7356247305870056,-0.0563613586127758,0.18068882822990417,0.7231580018997192,-0.05724100396037102,0.14577330648899078,0.6327610611915588,-0.024011308327317238,0.13124121725559235,0.6793973445892334,-0.048790786415338516,0.1406659483909607,0.7322802543640137,-0.042477261275053024,0.15052691102027893,0.723141610622406,-0.035379767417907715,0.10890103131532669,0.6492087244987488,-0.024909397587180138,0.0980401337146759,0.6784144043922424,-0.03870205953717232,0.10980783402919769,0.7200762033462524,-0.032087866216897964,0.11904604732990265,0.7209329009056091,-0.024194683879613876
11,left,0,0,0,0,0,0,0,0,0,0,0,0,0,0,0,0,0,0,0,0,0,0,0,0,0,0,0,0,0,0,0,0,0,0,0,0,0,0,0,0,0,0,0,0,0,0,0,0,0,0,0,0,0,0,0,0,0,0,0,0,0,0,0
12,right,0.16314135491847992,0.7866376638412476,-1.6335391705979418e-07,0.2180190235376358,0.7579141855239868,-0.02624192275106907,0.2746543288230896,0.7183240056037903,-0.039786435663700104,0.32386624813079834,0.6882038712501526,-0.05065535381436348,0.36224207282066345,0.678083062171936,-0.055666759610176086,0.24768315255641937,0.6100049018859863,-0.015157610177993774,0.24134378135204315,0.6162508726119995,-0.03894742950797081,0.2334963083267212,0.6707802414894104,-0.05192628130316734,0.23914474248886108,0.6651140451431274,-0.059644464403390884,0.20577488839626312,0.6014049649238586,-0.012132454663515091,0.20227386057376862,0.6102585196495056,-0.030892083421349525,0.20224714279174805,0.6756204962730408,-0.03077918104827404,0.20879583060741425,0.6644560098648071,-0.029063250869512558,0.16725005209445953,0.6066486835479736,-0.013712264597415924,0.16359421610832214,0.6110196113586426,-0.03171490132808685,0.1688160002231598,0.6718279719352722,-0.01774429902434349,0.17885692417621613,0.6658120155334473,-0.006427265703678131,0.13259631395339966,0.6165124177932739,-0.018427977338433266,0.12853121757507324,0.6195775866508484,-0.023604625836014748,0.13723954558372498,0.6638886332511902,-0.009058463387191296,0.14584676921367645,0.6695089340209961,0.0031342674046754837
12,left,0,0,0,0,0,0,0,0,0,0,0,0,0,0,0,0,0,0,0,0,0,0,0,0,0,0,0,0,0,0,0,0,0,0,0,0,0,0,0,0,0,0,0,0,0,0,0,0,0,0,0,0,0,0,0,0,0,0,0,0,0,0,0
13,right,0.17797879874706268,0.7551542520523071,-1.8022733172529115e-07,0.23066794872283936,0.7266293168067932,-0.024681562557816505,0.28717106580734253,0.6839273571968079,-0.03413193300366402,0.3353848457336426,0.6552479863166809,-0.039292775094509125,0.37033694982528687,0.642203688621521,-0.03727898746728897,0.2535545229911804,0.5866531729698181,-0.016012832522392273,0.26261064410209656,0.5786650776863098,-0.03959917649626732,0.24920053780078888,0.6376755833625793,-0.052329253405332565,0.24897350370883942,0.6272614598274231,-0.060063544660806656,0.21638421714305878,0.5840402841567993,-0.010602479800581932,0.22613123059272766,0.5695615410804749,-0.029150500893592834,0.2205386608839035,0.6388488411903381,-0.028308620676398277,0.22223329544067383,0.626364529132843,-0.026476647704839706,0.18182796239852905,0.5867820382118225,-0.009562460705637932,0.1879136711359024,0.568626344203949,-0.02613142319023609,0.18822740018367767,0.632820188999176,-0.011360532604157925,0.1923680305480957,0.6264292001724243,-1.211267681355821e-05,0.15084373950958252,0.588593065738678,-0.011198005639016628,0.15280820429325104,0.581039309501648,-0.015383466146886349,0.15829001367092133,0.624750554561615,-0.0014044787967577577,0.16173097491264343,0.629069983959198,0.009652750566601753
13,left,0,0,0,0,0,0,0,0,0,0,0,0,0,0,0,0,0,0,0,0,0,0,0,0,0,0,0,0,0,0,0,0,0,0,0,0,0,0,0,0,0,0,0,0,0,0,0,0,0,0,0,0,0,0,0,0,0,0,0,0,0,0,0
14,right,0.18613094091415405,0.7356844544410706,-1.8614949226503086e-07,0.2391023188829422,0.7147066593170166,-0.027916263788938522,0.2958356738090515,0.6737014651298523,-0.038351576775312424,0.3452867269515991,0.643215537071228,-0.04349789023399353,0.3820585012435913,0.6336745023727417,-0.04154268279671669,0.26239633560180664,0.5801210999488831,-0.02104075253009796,0.26697036623954773,0.5646937489509583,-0.04524952545762062,0.2562086880207062,0.6227254271507263,-0.058542147278785706,0.25932788848876953,0.6158175468444824,-0.06651424616575241,0.2260681688785553,0.5780942440032959,-0.013651488348841667,0.23223340511322021,0.5540964603424072,-0.033705249428749084,0.22763948142528534,0.6227976083755493,-0.033717669546604156,0.23221725225448608,0.6159970164299011,-0.031854789704084396,0.1924004703760147,0.5789757966995239,-0.010609649121761322,0.19488674402236938,0.5548351407051086,-0.026951730251312256,0.19593463838100433,0.6175084114074707,-0.013042810373008251,0.20565101504325867,0.6151732802391052,-0.0019596738275140524,0.16178548336029053,0.5792078971862793,-0.010482622310519218,0.1596614271402359,0.5670148134231567,-0.01261506974697113,0.16502749919891357,0.6085506677627563,0.0015155361033976078,0.17262502014636993,0.615426778793335,0.012326724827289581
14,left,0,0,0,0,0,0,0,0,0,0,0,0,0,0,0,0,0,0,0,0,0,0,0,0,0,0,0,0,0,0,0,0,0,0,0,0,0,0,0,0,0,0,0,0,0,0,0,0,0,0,0,0,0,0,0,0,0,0,0,0,0,0,0
15,right,0.1966666579246521,0.7213943004608154,-2.3687293548846355e-07,0.24830006062984467,0.7030372619628906,-0.027574215084314346,0.3055018186569214,0.6645130515098572,-0.038933563977479935,0.3527820408344269,0.6349714994430542,-0.04539066553115845,0.38816821575164795,0.6253545880317688,-0.0448831282556057,0.2749020457267761,0.5757237076759338,-0.02571350894868374,0.27806413173675537,0.5548736453056335,-0.05095437914133072,0.26668429374694824,0.6144713163375854,-0.06308489292860031,0.2690058946609497,0.6107171177864075,-0.06994897872209549,0.23796311020851135,0.573830783367157,-0.019556136801838875,0.24275413155555725,0.5454263091087341,-0.04127257317304611,0.23790805041790009,0.6151748299598694,-0.04056756943464279,0.24235594272613525,0.608824610710144,-0.03808184340596199,0.20475438237190247,0.5736029148101807,-0.01747761480510235,0.20656318962574005,0.5448672771453857,-0.035728130489587784,0.2058575451374054,0.608595073223114,-0.02068682201206684,0.2154078483581543,0.6060196757316589,-0.008670313283801079,0.17369073629379272,0.5721220970153809,-0.018180640414357185,0.17056336998939514,0.5570816993713379,-0.021364063024520874,0.17559397220611572,0.5994922518730164,-0.006407043430954218,0.18401765823364258,0.6072587370872498,0.004872282966971397
15,left,0,0,0,0,0,0,0,0,0,0,0,0,0,0,0,0,0,0,0,0,0,0,0,0,0,0,0,0,0,0,0,0,0,0,0,0,0,0,0,0,0,0,0,0,0,0,0,0,0,0,0,0,0,0,0,0,0,0,0,0,0,0,0
16,right,0.2004430890083313,0.7160405516624451,-2.394908733549528e-07,0.2512322962284088,0.6985236406326294,-0.027555743232369423,0.31051746010780334,0.6593203544616699,-0.038355179131031036,0.3576071262359619,0.6301314234733582,-0.04372358322143555,0.3922785818576813,0.6233780384063721,-0.042037855833768845,0.28039538860321045,0.5712572932243347,-0.02759980410337448,0.283010333776474,0.548583984375,-0.05236431583762169,0.27158090472221375,0.6086633205413818,-0.06433069705963135,0.27411970496177673,0.6086196899414062,-0.0712282583117485,0.243356853723526,0.5679007172584534,-0.021012358367443085,0.248371884226799,0.5376514196395874,-0.04235086590051651,0.24276159703731537,0.6076577305793762,-0.04146645590662956,0.24655809998512268,0.6044527888298035,-0.03897541016340256,0.2099635750055313,0.567247211933136,-0.01826041005551815,0.21293210983276367,0.5370488166809082,-0.035753633826971054,0.21169543266296387,0.6006963849067688,-0.02052297256886959,0.220298171043396,0.6009258031845093,-0.00867052935063839,0.17861032485961914,0.5653622150421143,-0.018267245963215828,0.17713281512260437,0.5502719283103943,-0.0213627927005291,0.18176165223121643,0.5923839807510376,-0.00672149658203125,0.18932941555976868,0.599984884262085,0.004167137201875448
16,left,0,0,0,0,0,0,0,0,0,0,0,0,0,0,0,0,0,0,0,0,0,0,0,0,0,0,0,0,0,0,0,0,0,0,0,0,0,0,0,0,0,0,0,0,0,0,0,0,0,0,0,0,0,0,0,0,0,0,0,0,0,0,0
17,right,0.19967922568321228,0.7149938344955444,-2.4215970029217715e-07,0.250983327627182,0.697792649269104,-0.02723989635705948,0.3094755709171295,0.6594679355621338,-0.03891411051154137,0.3558703064918518,0.6296703219413757,-0.04552800580859184,0.39148521423339844,0.6234725713729858,-0.04464082419872284,0.28122836351394653,0.5733352899551392,-0.026184504851698875,0.28421661257743835,0.5452370047569275,-0.052219875156879425,0.27160605788230896,0.6061151623725891,-0.06366165727376938,0.2737118601799011,0.6084036827087402,-0.06970126181840897,0.24392668902873993,0.5693029165267944,-0.02033332549035549,0.2485194057226181,0.5358885526657104,-0.04391763359308243,0.24171027541160583,0.6078097224235535,-0.04249841719865799,0.246098592877388,0.6037353277206421,-0.038454245775938034,0.21007339656352997,0.5672118067741394,-0.018608538433909416,0.21194955706596375,0.5346477627754211,-0.038337767124176025,0.21070557832717896,0.5996132493019104,-0.0223240964114666,0.21943727135658264,0.5991494059562683,-0.008932613767683506,0.17841708660125732,0.56346195936203,-0.01960943639278412,0.17597359418869019,0.5492081642150879,-0.024309519678354263,0.1811911016702652,0.5920161008834839,-0.009597660973668098,0.1892324835062027,0.5988889932632446,0.0020950748585164547
17,left,0,0,0,0,0,0,0,0,0,0,0,0,0,0,0,0,0,0,0,0,0,0,0,0,0,0,0,0,0,0,0,0,0,0,0,0,0,0,0,0,0,0,0,0,0,0,0,0,0,0,0,0,0,0,0,0,0,0,0,0,0,0,0
18,right,0.19855333864688873,0.7159668803215027,-2.5256412072849344e-07,0.24936282634735107,0.699070930480957,-0.027919605374336243,0.30739137530326843,0.6606966257095337,-0.03965647891163826,0.35449498891830444,0.6303821802139282,-0.0462842620909214,0.39037591218948364,0.6241661906242371,-0.04534079506993294,0.28078025579452515,0.5735895037651062,-0.026387380436062813,0.2838852107524872,0.5460818409919739,-0.05253250524401665,0.2709698975086212,0.6056361198425293,-0.06377461552619934,0.27205681800842285,0.6084373593330383,-0.06932053714990616,0.24343395233154297,0.5693045854568481,-0.020547952502965927,0.24792388081550598,0.5372408628463745,-0.04373256489634514,0.24131719768047333,0.6081895232200623,-0.04198771342635155,0.2455446720123291,0.6039384603500366,-0.03767053782939911,0.2097427099943161,0.5672074556350708,-0.01904541440308094,0.21161377429962158,0.535590648651123,-0.03899724408984184,0.21059995889663696,0.599760890007019,-0.02329537458717823,0.21876369416713715,0.5993363261222839,-0.009834051132202148,0.17842578887939453,0.5644004344940186,-0.020350076258182526,0.1765154004096985,0.5480006337165833,-0.02528226748108864,0.1819729506969452,0.5895655751228333,-0.010561755858361721,0.18881739675998688,0.5969419479370117,0.001391872181557119
18,left,0,0,0,0,0,0,0,0,0,0,0,0,0,0,0,0,0,0,0,0,0,0,0,0,0,0,0,0,0,0,0,0,0,0,0,0,0,0,0,0,0,0,0,0,0,0,0,0,0,0,0,0,0,0,0,0,0,0,0,0,0,0,0
19,right,0.20080146193504333,0.7157928347587585,-2.4860207759047626e-07,0.25163450837135315,0.6990708708763123,-0.02691100537776947,0.3092774450778961,0.6613987684249878,-0.038812603801488876,0.35523438453674316,0.6317967176437378,-0.04588102921843529,0.3910090923309326,0.6249997019767761,-0.0456690676510334,0.2805004119873047,0.5752405524253845,-0.02624898962676525,0.2852923274040222,0.5485353469848633,-0.05189277231693268,0.2716597318649292,0.6073124408721924,-0.06271183490753174,0.27221933007240295,0.6100060939788818,-0.06825689971446991,0.243661031126976,0.5708258152008057,-0.021075621247291565,0.24981623888015747,0.5380668044090271,-0.044085387140512466,0.24234890937805176,0.6085156798362732,-0.042321719229221344,0.24569790065288544,0.6051933169364929,-0.03815588727593422,0.2103351652622223,0.5689623355865479,-0.020007438957691193,0.2135716825723648,0.537306010723114,-0.039649516344070435,0.21205958724021912,0.6008168458938599,-0.023814188316464424,0.2193521112203598,0.6005907654762268,-0.01051851361989975,0.17916205525398254,0.5661666393280029,-0.021633611992001534,0.17762452363967896,0.5502676963806152,-0.02646717242896557,0.18306706845760345,0.5916076898574829,-0.01176606584340334,0.18975982069969177,0.5985082387924194,-7.009784894762561e-05
19,left,0,0,0,0,0,0,0,0,0,0,0,0,0,0,0,0,0,0,0,0,0,0,0,0,0,0,0,0,0,0,0,0,0,0,0,0,0,0,0,0,0,0,0,0,0,0,0,0,0,0,0,0,0,0,0,0,0,0,0,0,0,0,0
20,right,0.20009678602218628,0.7173842191696167,-2.418436224616016e-07,0.25085964798927307,0.7006346583366394,-0.027517911046743393,0.30825722217559814,0.6636988520622253,-0.039392247796058655,0.3550640940666199,0.6337336301803589,-0.04619010165333748,0.39154767990112305,0.6273226737976074,-0.04550812765955925,0.281516432762146,0.575218915939331,-0.025875618681311607,0.2841644883155823,0.548857569694519,-0.051821447908878326,0.2718311846256256,0.6074836850166321,-0.0633956715464592,0.2739231288433075,0.6094839572906494,-0.06941349059343338,0.2444884181022644,0.5710722208023071,-0.02013542316854,0.24891293048858643,0.5391852855682373,-0.04296707361936569,0.2424733191728592,0.6093316674232483,-0.041554536670446396,0.24694831669330597,0.6052020192146301,-0.03773133456707001,0.2108607441186905,0.5691885948181152,-0.018636541441082954,0.21271367371082306,0.5374550223350525,-0.03813263028860092,0.2115667164325714,0.601252555847168,-0.0225482527166605,0.22013625502586365,0.6008828282356262,-0.009441882371902466,0.17971381545066833,0.566606879234314,-0.01991485245525837,0.17724037170410156,0.5508503913879395,-0.024568773806095123,0.18253687024116516,0.5923842787742615,-0.010018547996878624,0.19007599353790283,0.5993797183036804,0.0016206020954996347
20,left,0,0,0,0,0,0,0,0,0,0,0,0,0,0,0,0,0,0,0,0,0,0,0,0,0,0,0,0,0,0,0,0,0,0,0,0,0,0,0,0,0,0,0,0,0,0,0,0,0,0,0,0,0,0,0,0,0,0,0,0,0,0,0
21,right,0.19895514845848083,0.7196308374404907,-2.3368909296550555e-07,0.2491648644208908,0.7022585272789001,-0.02772228606045246,0.3070775270462036,0.6660967469215393,-0.03956087306141853,0.3544579744338989,0.6361512541770935,-0.04606253281235695,0.3903197646141052,0.6287983655929565,-0.04498337581753731,0.28089043498039246,0.5770573616027832,-0.02621527761220932,0.28339147567749023,0.5509749054908752,-0.05203539505600929,0.2711886465549469,0.6099362373352051,-0.06387253105640411,0.2734556496143341,0.6106175780296326,-0.07024722546339035,0.24404025077819824,0.5733482241630554,-0.01984071359038353,0.2487095296382904,0.5399250984191895,-0.04228534176945686,0.24224738776683807,0.6105760335922241,-0.0407947413623333,0.24691110849380493,0.605496346950531,-0.03718532249331474,0.21035493910312653,0.5716667175292969,-0.017613686621189117,0.21238279342651367,0.5389624834060669,-0.03639208897948265,0.2114739716053009,0.6027258038520813,-0.02040289156138897,0.22032606601715088,0.602053165435791,-0.0073601859621703625,0.17893218994140625,0.5683450102806091,-0.01817033253610134,0.1765345185995102,0.5524976849555969,-0.0223976019769907,0.18212611973285675,0.5936219096183777,-0.00773449894040823,0.19005438685417175,0.6003091335296631,0.0037853119429200888
21,left,0,0,0,0,0,0,0,0,0,0,0,0,0,0,0,0,0,0,0,0,0,0,0,0,0,0,0,0,0,0,0,0,0,0,0,0,0,0,0,0,0,0,0,0,0,0,0,0,0,0,0,0,0,0,0,0,0,0,0,0,0,0,0
22,right,0.1980392038822174,0.7181756496429443,-2.3192353637568885e-07,0.2476927936077118,0.702779233455658,-0.02905225194990635,0.30724814534187317,0.6665887832641602,-0.04093281179666519,0.35520413517951965,0.637263298034668,-0.04693012312054634,0.39079153537750244,0.6299697160720825,-0.04527491331100464,0.28032225370407104,0.5773339867591858,-0.027967195957899094,0.2844756245613098,0.5520142316818237,-0.053780846297740936,0.27169981598854065,0.6114963889122009,-0.06580373644828796,0.27320703864097595,0.6111589074134827,-0.07253196090459824,0.24374806880950928,0.5732874274253845,-0.02063310146331787,0.2492179274559021,0.5401698350906372,-0.043030351400375366,0.24240410327911377,0.6115887761116028,-0.04163958504796028,0.24666699767112732,0.6064950823783875,-0.038349904119968414,0.21009278297424316,0.5713894963264465,-0.017465714365243912,0.21285878121852875,0.5402733683586121,-0.0358390286564827,0.21166855096817017,0.6042561531066895,-0.019899697974324226,0.22040891647338867,0.6031286716461182,-0.007274891249835491,0.178410604596138,0.5672274231910706,-0.017159422859549522,0.17640900611877441,0.5531708598136902,-0.021142465993762016,0.18176323175430298,0.5948922038078308,-0.006656113546341658,0.18981298804283142,0.6010444760322571,0.004409939516335726
22,left,0,0,0,0,0,0,0,0,0,0,0,0,0,0,0,0,0,0,0,0,0,0,0,0,0,0,0,0,0,0,0,0,0,0,0,0,0,0,0,0,0,0,0,0,0,0,0,0,0,0,0,0,0,0,0,0,0,0,0,0,0,0,0
23,right,0.197336345911026,0.7232722043991089,-2.4139606580320105e-07,0.24822454154491425,0.7039703726768494,-0.027381477877497673,0.3069862723350525,0.667533814907074,-0.03934694454073906,0.3544905185699463,0.638563871383667,-0.04615578427910805,0.38956326246261597,0.6310780644416809,-0.045460015535354614,0.2786208987236023,0.5776042938232422,-0.026964586228132248,0.28361251950263977,0.5534752011299133,-0.051763687282800674,0.27083179354667664,0.612323522567749,-0.062272317707538605,0.2709713578224182,0.6134578585624695,-0.06787483394145966,0.24164187908172607,0.5733623504638672,-0.02140575647354126,0.2485039085149765,0.5439752340316772,-0.0432627908885479,0.24146562814712524,0.6147533059120178,-0.04168062284588814,0.24459773302078247,0.6089911460876465,-0.038359977304935455,0.20798105001449585,0.5724857449531555,-0.01976238749921322,0.21161161363124847,0.542556881904602,-0.03823511302471161,0.21056370437145233,0.6061566472053528,-0.022355351597070694,0.2176378220319748,0.6050899624824524,-0.009711191989481449,0.17635858058929443,0.5709885954856873,-0.02087365835905075,0.17471954226493835,0.5556245446205139,-0.025269098579883575,0.1810455471277237,0.5964819192886353,-0.010533003136515617,0.18748538196086884,0.6028367280960083,0.0009132203413173556
23,left,0,0,0,0,0,0,0,0,0,0,0,0,0,0,0,0,0,0,0,0,0,0,0,0,0,0,0,0,0,0,0,0,0,0,0,0,0,0,0,0,0,0,0,0,0,0,0,0,0,0,0,0,0,0,0,0,0,0,0,0,0,0,0
24,right,0.18648353219032288,0.7432194352149963,-2.561655776389671e-07,0.24016974866390228,0.7235546112060547,-0.02484634518623352,0.29860326647758484,0.6860728859901428,-0.0360245443880558,0.3456704914569855,0.6575688123703003,-0.04316774383187294,0.3818686902523041,0.6486552357673645,-0.043840453028678894,0.2714191675186157,0.5924022197723389,-0.020679524168372154,0.27415376901626587,0.5764271020889282,-0.04453155770897865,0.261317640542984,0.6372388005256653,-0.05603655427694321,0.26511043310165405,0.6367588043212891,-0.06299455463886261,0.23561027646064758,0.5859583020210266,-0.016329960897564888,0.2404840737581253,0.5610962510108948,-0.04026203230023384,0.23336327075958252,0.6323344111442566,-0.04073628783226013,0.23683273792266846,0.6311771869659424,-0.038071174174547195,0.20079666376113892,0.5863146781921387,-0.015642354264855385,0.20351046323776245,0.5619432330131531,-0.036266375333070755,0.20217198133468628,0.6255653500556946,-0.021531717851758003,0.2083510458469391,0.6258804798126221,-0.008720336481928825,0.1677921712398529,0.5866560935974121,-0.017253698781132698,0.16755828261375427,0.574015200138092,-0.023495424538850784,0.17259494960308075,0.6165924668312073,-0.009183899499475956,0.17834775149822235,0.6224448084831238,0.002649908186867833
24,left,0,0,0,0,0,0,0,0,0,0,0,0,0,0,0,0,0,0,0,0,0,0,0,0,0,0,0,0,0,0,0,0,0,0,0,0,0,0,0,0,0,0,0,0,0,0,0,0,0,0,0,0,0,0,0,0,0,0,0,0,0,0,0
25,right,0.1630643606185913,0.7919802069664001,-2.7207747166357876e-07,0.22336940467357635,0.7651829719543457,-0.03217386454343796,0.2793215215206146,0.7298607230186462,-0.04433119297027588,0.3297920227050781,0.7037599086761475,-0.048867449164390564,0.3693654537200928,0.695341944694519,-0.045688044279813766,0.25640252232551575,0.6158077716827393,-0.029643917456269264,0.255025178194046,0.6337002515792847,-0.05210050940513611,0.24305932223796844,0.6853209137916565,-0.06567016988992691,0.2427879124879837,0.6749330163002014,-0.07505543529987335,0.2139134407043457,0.6053011417388916,-0.021055884659290314,0.21562255918979645,0.6268709301948547,-0.04091424494981766,0.2103910595178604,0.6891204714775085,-0.04649711027741432,0.2123550921678543,0.6726647019386292,-0.05190567672252655,0.17298388481140137,0.6110686659812927,-0.015522819943726063,0.17662471532821655,0.6242665648460388,-0.033503834158182144,0.17780856788158417,0.6804147362709045,-0.024286853149533272,0.18443889915943146,0.673427164554596,-0.01846402697265148,0.13934701681137085,0.6223880648612976,-0.012856300920248032,0.13797089457511902,0.6289104223251343,-0.018241988494992256,0.14632132649421692,0.6685413718223572,-0.006286760792136192,0.15098123252391815,0.6687548756599426,0.002221866510808468
25,left,0,0,0,0,0,0,0,0,0,0,0,0,0,0,0,0,0,0,0,0,0,0,0,0,0,0,0,0,0,0,0,0,0,0,0,0,0,0,0,0,0,0,0,0,0,0,0,0,0,0,0,0,0,0,0,0,0,0,0,0,0,0,0
26,right,0.16024410724639893,0.8260262608528137,-2.690135829652718e-07,0.21614158153533936,0.809201180934906,-0.03176277503371239,0.2735994756221771,0.7694535255432129,-0.0491364449262619,0.32041510939598083,0.7381433248519897,-0.06261094659566879,0.3624546229839325,0.7302795648574829,-0.07181880623102188,0.2506982088088989,0.6444182991981506,-0.027368009090423584,0.23777873814105988,0.6788675785064697,-0.05176389217376709,0.2286318987607956,0.7286500930786133,-0.0650554969906807,0.23126812279224396,0.725213885307312,-0.07304027676582336,0.2091306746006012,0.6260746717453003,-0.023340245708823204,0.1968325823545456,0.6723344326019287,-0.04420298710465431,0.19470550119876862,0.7305359244346619,-0.046749066561460495,0.19976317882537842,0.7213325500488281,-0.04684605821967125,0.16820140182971954,0.6289430856704712,-0.023378731682896614,0.15793846547603607,0.668096125125885,-0.04489242285490036,0.16192655265331268,0.7209476828575134,-0.036643415689468384,0.17068970203399658,0.7142110466957092,-0.028777241706848145,0.13027632236480713,0.6393817663192749,-0.02659306675195694,0.12477447837591171,0.6613174676895142,-0.03779818117618561,0.13103020191192627,0.7043836712837219,-0.028299355879426003,0.13732832670211792,0.7089688181877136,-0.01875108852982521
26,left,0,0,0,0,0,0,0,0,0,0,0,0,0,0,0,0,0,0,0,0,0,0,0,0,0,0,0,0,0,0,0,0,0,0,0,0,0,0,0,0,0,0,0,0,0,0,0,0,0,0,0,0,0,0,0,0,0,0,0,0,0,0,0
27,right,0.14458972215652466,0.9035947918891907,-4.18546846958634e-07,0.19776251912117004,0.903678834438324,-0.0416303314268589,0.25101062655448914,0.8741295337677002,-0.06677886098623276,0.2954426109790802,0.8463984727859497,-0.08714967966079712,0.3344724774360657,0.8242390751838684,-0.10310514271259308,0.23354578018188477,0.7364619970321655,-0.04381580650806427,0.21822212636470795,0.7889470458030701,-0.07788056135177612,0.20685738325119019,0.8415679931640625,-0.09524993598461151,0.20846588909626007,0.8439964056015015,-0.10443089157342911,0.1905522495508194,0.7209504246711731,-0.03842341899871826,0.17394450306892395,0.7871993780136108,-0.06723789870738983,0.1707139015197754,0.8421114683151245,-0.07081388682126999,0.1775810420513153,0.8361637592315674,-0.07133135199546814,0.14786288142204285,0.7232717275619507,-0.03838547691702843,0.1331297755241394,0.7818467617034912,-0.06723333150148392,0.1355845332145691,0.8313196897506714,-0.05956846475601196,0.14612068235874176,0.8252555727958679,-0.051483601331710815,0.10758056491613388,0.7327826619148254,-0.04242022708058357,0.09735313802957535,0.7683724164962769,-0.059048932045698166,0.10189853608608246,0.8104567527770996,-0.051420122385025024,0.10946111381053925,0.8149363398551941,-0.04289396107196808
27,left,0,0,0,0,0,0,0,0,0,0,0,0,0,0,0,0,0,0,0,0,0,0,0,0,0,0,0,0,0,0,0,0,0,0,0,0,0,0,0,0,0,0,0,0,0,0,0,0,0,0,0,0,0,0,0,0,0,0,0,0,0,0,0
28,right,0.14470094442367554,0.9518458843231201,-4.02174208602446e-07,0.1960466504096985,0.9679036140441895,-0.04468092694878578,0.24710910022258759,0.9531885385513306,-0.07092298567295074,0.2797131836414337,0.9340081214904785,-0.09176581352949142,0.3063538372516632,0.9063336253166199,-0.107905313372612,0.23427696526050568,0.8014765977859497,-0.05863799899816513,0.21585527062416077,0.8772181868553162,-0.09943117946386337,0.2131815403699875,0.935279369354248,-0.11978531628847122,0.2194577008485794,0.9419773817062378,-0.1298609972000122,0.18219764530658722,0.7889319062232971,-0.05395377054810524,0.16308647394180298,0.8866277933120728,-0.0894630178809166,0.1661437302827835,0.9431699514389038,-0.09476683288812637,0.1741500049829483,0.9399681091308594,-0.09628214687108994,0.13429799675941467,0.7985246181488037,-0.05452542379498482,0.12098690122365952,0.8934834003448486,-0.08607729524374008,0.12970878183841705,0.9386201500892639,-0.07897743582725525,0.1392628699541092,0.9298033714294434,-0.07152348011732101,0.09326823055744171,0.8170369267463684,-0.0598163828253746,0.08700242638587952,0.8845009207725525,-0.07757005840539932,0.0955258458852768,0.9231406450271606,-0.07166143506765366,0.10278622061014175,0.9215329885482788,-0.06472651660442352
28,left,0,0,0,0,0,0,0,0,0,0,0,0,0,0,0,0,0,0,0,0,0,0,0,0,0,0,0,0,0,0,0,0,0,0,0,0,0,0,0,0,0,0,0,0,0,0,0,0,0,0,0,0,0,0,0,0,0,0,0,0,0,0,0
29,right,0,0,0,0,0,0,0,0,0,0,0,0,0,0,0,0,0,0,0,0,0,0,0,0,0,0,0,0,0,0,0,0,0,0,0,0,0,0,0,0,0,0,0,0,0,0,0,0,0,0,0,0,0,0,0,0,0,0,0,0,0,0,0
29,left,0,0,0,0,0,0,0,0,0,0,0,0,0,0,0,0,0,0,0,0,0,0,0,0,0,0,0,0,0,0,0,0,0,0,0,0,0,0,0,0,0,0,0,0,0,0,0,0,0,0,0,0,0,0,0,0,0,0,0,0,0,0,0
30,right,0,0,0,0,0,0,0,0,0,0,0,0,0,0,0,0,0,0,0,0,0,0,0,0,0,0,0,0,0,0,0,0,0,0,0,0,0,0,0,0,0,0,0,0,0,0,0,0,0,0,0,0,0,0,0,0,0,0,0,0,0,0,0
30,left,0,0,0,0,0,0,0,0,0,0,0,0,0,0,0,0,0,0,0,0,0,0,0,0,0,0,0,0,0,0,0,0,0,0,0,0,0,0,0,0,0,0,0,0,0,0,0,0,0,0,0,0,0,0,0,0,0,0,0,0,0,0,0
31,right,0,0,0,0,0,0,0,0,0,0,0,0,0,0,0,0,0,0,0,0,0,0,0,0,0,0,0,0,0,0,0,0,0,0,0,0,0,0,0,0,0,0,0,0,0,0,0,0,0,0,0,0,0,0,0,0,0,0,0,0,0,0,0
31,left,0,0,0,0,0,0,0,0,0,0,0,0,0,0,0,0,0,0,0,0,0,0,0,0,0,0,0,0,0,0,0,0,0,0,0,0,0,0,0,0,0,0,0,0,0,0,0,0,0,0,0,0,0,0,0,0,0,0,0,0,0,0,0
32,right,0,0,0,0,0,0,0,0,0,0,0,0,0,0,0,0,0,0,0,0,0,0,0,0,0,0,0,0,0,0,0,0,0,0,0,0,0,0,0,0,0,0,0,0,0,0,0,0,0,0,0,0,0,0,0,0,0,0,0,0,0,0,0
32,left,0,0,0,0,0,0,0,0,0,0,0,0,0,0,0,0,0,0,0,0,0,0,0,0,0,0,0,0,0,0,0,0,0,0,0,0,0,0,0,0,0,0,0,0,0,0,0,0,0,0,0,0,0,0,0,0,0,0,0,0,0,0,0
33,right,0,0,0,0,0,0,0,0,0,0,0,0,0,0,0,0,0,0,0,0,0,0,0,0,0,0,0,0,0,0,0,0,0,0,0,0,0,0,0,0,0,0,0,0,0,0,0,0,0,0,0,0,0,0,0,0,0,0,0,0,0,0,0
33,left,0,0,0,0,0,0,0,0,0,0,0,0,0,0,0,0,0,0,0,0,0,0,0,0,0,0,0,0,0,0,0,0,0,0,0,0,0,0,0,0,0,0,0,0,0,0,0,0,0,0,0,0,0,0,0,0,0,0,0,0,0,0,0
34,right,0,0,0,0,0,0,0,0,0,0,0,0,0,0,0,0,0,0,0,0,0,0,0,0,0,0,0,0,0,0,0,0,0,0,0,0,0,0,0,0,0,0,0,0,0,0,0,0,0,0,0,0,0,0,0,0,0,0,0,0,0,0,0
34,left,0,0,0,0,0,0,0,0,0,0,0,0,0,0,0,0,0,0,0,0,0,0,0,0,0,0,0,0,0,0,0,0,0,0,0,0,0,0,0,0,0,0,0,0,0,0,0,0,0,0,0,0,0,0,0,0,0,0,0,0,0,0,0
35,right,0,0,0,0,0,0,0,0,0,0,0,0,0,0,0,0,0,0,0,0,0,0,0,0,0,0,0,0,0,0,0,0,0,0,0,0,0,0,0,0,0,0,0,0,0,0,0,0,0,0,0,0,0,0,0,0,0,0,0,0,0,0,0
35,left,0,0,0,0,0,0,0,0,0,0,0,0,0,0,0,0,0,0,0,0,0,0,0,0,0,0,0,0,0,0,0,0,0,0,0,0,0,0,0,0,0,0,0,0,0,0,0,0,0,0,0,0,0,0,0,0,0,0,0,0,0,0,0
36,right,0,0,0,0,0,0,0,0,0,0,0,0,0,0,0,0,0,0,0,0,0,0,0,0,0,0,0,0,0,0,0,0,0,0,0,0,0,0,0,0,0,0,0,0,0,0,0,0,0,0,0,0,0,0,0,0,0,0,0,0,0,0,0
36,left,0,0,0,0,0,0,0,0,0,0,0,0,0,0,0,0,0,0,0,0,0,0,0,0,0,0,0,0,0,0,0,0,0,0,0,0,0,0,0,0,0,0,0,0,0,0,0,0,0,0,0,0,0,0,0,0,0,0,0,0,0,0,0
