1,right,0,0,0,0,0,0,0,0,0,0,0,0,0,0,0,0,0,0,0,0,0,0,0,0,0,0,0,0,0,0,0,0,0,0,0,0,0,0,0,0,0,0,0,0,0,0,0,0,0,0,0,0,0,0,0,0,0,0,0,0,0,0,0
1,left,0,0,0,0,0,0,0,0,0,0,0,0,0,0,0,0,0,0,0,0,0,0,0,0,0,0,0,0,0,0,0,0,0,0,0,0,0,0,0,0,0,0,0,0,0,0,0,0,0,0,0,0,0,0,0,0,0,0,0,0,0,0,0
2,right,0,0,0,0,0,0,0,0,0,0,0,0,0,0,0,0,0,0,0,0,0,0,0,0,0,0,0,0,0,0,0,0,0,0,0,0,0,0,0,0,0,0,0,0,0,0,0,0,0,0,0,0,0,0,0,0,0,0,0,0,0,0,0
2,left,0,0,0,0,0,0,0,0,0,0,0,0,0,0,0,0,0,0,0,0,0,0,0,0,0,0,0,0,0,0,0,0,0,0,0,0,0,0,0,0,0,0,0,0,0,0,0,0,0,0,0,0,0,0,0,0,0,0,0,0,0,0,0
3,right,0,0,0,0,0,0,0,0,0,0,0,0,0,0,0,0,0,0,0,0,0,0,0,0,0,0,0,0,0,0,0,0,0,0,0,0,0,0,0,0,0,0,0,0,0,0,0,0,0,0,0,0,0,0,0,0,0,0,0,0,0,0,0
3,left,0,0,0,0,0,0,0,0,0,0,0,0,0,0,0,0,0,0,0,0,0,0,0,0,0,0,0,0,0,0,0,0,0,0,0,0,0,0,0,0,0,0,0,0,0,0,0,0,0,0,0,0,0,0,0,0,0,0,0,0,0,0,0
4,right,0,0,0,0,0,0,0,0,0,0,0,0,0,0,0,0,0,0,0,0,0,0,0,0,0,0,0,0,0,0,0,0,0,0,0,0,0,0,0,0,0,0,0,0,0,0,0,0,0,0,0,0,0,0,0,0,0,0,0,0,0,0,0
4,left,0,0,0,0,0,0,0,0,0,0,0,0,0,0,0,0,0,0,0,0,0,0,0,0,0,0,0,0,0,0,0,0,0,0,0,0,0,0,0,0,0,0,0,0,0,0,0,0,0,0,0,0,0,0,0,0,0,0,0,0,0,0,0
5,right,0,0,0,0,0,0,0,0,0,0,0,0,0,0,0,0,0,0,0,0,0,0,0,0,0,0,0,0,0,0,0,0,0,0,0,0,0,0,0,0,0,0,0,0,0,0,0,0,0,0,0,0,0,0,0,0,0,0,0,0,0,0,0
5,left,0,0,0,0,0,0,0,0,0,0,0,0,0,0,0,0,0,0,0,0,0,0,0,0,0,0,0,0,0,0,0,0,0,0,0,0,0,0,0,0,0,0,0,0,0,0,0,0,0,0,0,0,0,0,0,0,0,0,0,0,0,0,0
6,right,0,0,0,0,0,0,0,0,0,0,0,0,0,0,0,0,0,0,0,0,0,0,0,0,0,0,0,0,0,0,0,0,0,0,0,0,0,0,0,0,0,0,0,0,0,0,0,0,0,0,0,0,0,0,0,0,0,0,0,0,0,0,0
6,left,0,0,0,0,0,0,0,0,0,0,0,0,0,0,0,0,0,0,0,0,0,0,0,0,0,0,0,0,0,0,0,0,0,0,0,0,0,0,0,0,0,0,0,0,0,0,0,0,0,0,0,0,0,0,0,0,0,0,0,0,0,0,0
7,right,0,0,0,0,0,0,0,0,0,0,0,0,0,0,0,0,0,0,0,0,0,0,0,0,0,0,0,0,0,0,0,0,0,0,0,0,0,0,0,0,0,0,0,0,0,0,0,0,0,0,0,0,0,0,0,0,0,0,0,0,0,0,0
7,left,0,0,0,0,0,0,0,0,0,0,0,0,0,0,0,0,0,0,0,0,0,0,0,0,0,0,0,0,0,0,0,0,0,0,0,0,0,0,0,0,0,0,0,0,0,0,0,0,0,0,0,0,0,0,0,0,0,0,0,0,0,0,0
8,right,0.1457444578409195,0.9580766558647156,-1.876373687537125e-07,0.17292384803295135,0.9719714522361755,-0.044937558472156525,0.20507419109344482,0.9621825814247131,-0.07523681968450546,0.2118488997220993,0.9541066884994507,-0.09950562566518784,0.21555882692337036,0.9397071599960327,-0.11839251965284348,0.2120809704065323,0.8194873332977295,-0.060377951711416245,0.20094846189022064,0.8472696542739868,-0.10539344698190689,0.20001190900802612,0.9059916138648987,-0.12743639945983887,0.2040826380252838,0.9242567420005798,-0.13782279193401337,0.16533076763153076,0.8050035834312439,-0.0530703142285347,0.14909721910953522,0.8690811991691589,-0.09417708963155746,0.1555432379245758,0.9303681254386902,-0.10042914003133774,0.16460128128528595,0.9281392693519592,-0.09931550920009613,0.12333911657333374,0.8156653642654419,-0.05130090191960335,0.10867151618003845,0.891288161277771,-0.08501971513032913,0.1212400496006012,0.9364748001098633,-0.07486473768949509,0.1315022110939026,0.9270308017730713,-0.06288404762744904,0.08739570528268814,0.8368746042251587,-0.053937844932079315,0.07345583289861679,0.8936781883239746,-0.07448618113994598,0.0867881029844284,0.9272305369377136,-0.06811820715665817,0.09935681521892548,0.918647289276123,-0.05863264203071594
8,left,0,0,0,0,0,0,0,0,0,0,0,0,0,0,0,0,0,0,0,0,0,0,0,0,0,0,0,0,0,0,0,0,0,0,0,0,0,0,0,0,0,0,0,0,0,0,0,0,0,0,0,0,0,0,0,0,0,0,0,0,0,0,0
9,right,0.14322884380817413,0.9273284077644348,-3.3760761652956717e-07,0.196929931640625,0.9224710464477539,-0.038276538252830505,0.2532220482826233,0.8839131593704224,-0.06123581901192665,0.30524638295173645,0.8567449450492859,-0.07959681749343872,0.35236266255378723,0.8425278663635254,-0.09403503686189651,0.23397499322891235,0.7529525756835938,-0.043367113918066025,0.21260793507099152,0.8237436413764954,-0.07776667177677155,0.20305144786834717,0.868587076663971,-0.0955614298582077,0.20712502300739288,0.8626435995101929,-0.105437733232975,0.1874559074640274,0.7354699373245239,-0.03925701603293419,0.1676316261291504,0.8190158605575562,-0.07005868852138519,0.1655530035495758,0.8688851594924927,-0.07437723875045776,0.1718299835920334,0.8615854382514954,-0.07483167946338654,0.14242060482501984,0.7387593984603882,-0.040054306387901306,0.12518730759620667,0.8135173916816711,-0.0688014030456543,0.13045662641525269,0.8601061105728149,-0.06245746463537216,0.14179286360740662,0.852203369140625,-0.05520559102296829,0.1021314486861229,0.753023087978363,-0.04488787427544594,0.08956903964281082,0.8048683404922485,-0.06099025905132294,0.09568469226360321,0.8463110327720642,-0.05545669421553612,0.10526907444000244,0.8481875061988831,-0.048421282321214676
9,left,0,0,0,0,0,0,0,0,0,0,0,0,0,0,0,0,0,0,0,0,0,0,0,0,0,0,0,0,0,0,0,0,0,0,0,0,0,0,0,0,0,0,0,0,0,0,0,0,0,0,0,0,0,0,0,0,0,0,0,0,0,0,0
10,right,0.161840558052063,0.8390739560127258,-3.1425577162735863e-07,0.21340467035770416,0.8282884359359741,-0.03325921297073364,0.26523926854133606,0.7919862270355225,-0.05304581671953201,0.3078099489212036,0.7653836011886597,-0.06899303942918777,0.3459761142730713,0.7518864870071411,-0.08007901161909103,0.2495734691619873,0.6529585123062134,-0.02643316052854061,0.23270641267299652,0.7059324979782104,-0.05726855248212814,0.22154507040977478,0.7541922330856323,-0.07517556101083755,0.21888968348503113,0.7515106797218323,-0.085129514336586,0.2068505734205246,0.6347583532333374,-0.02284490317106247,0.18830035626888275,0.6986351013183594,-0.04928305000066757,0.18625760078430176,0.7538140416145325,-0.05352986603975296,0.19002021849155426,0.7459131479263306,-0.0528789684176445,0.1645728051662445,0.6385107040405273,-0.024382952600717545,0.14878177642822266,0.7003911137580872,-0.049177855253219604,0.15385134518146515,0.7506206631660461,-0.042196549475193024,0.16117021441459656,0.7431593537330627,-0.03368794545531273,0.12675097584724426,0.6525734663009644,-0.02986614778637886,0.11555057018995285,0.6982396841049194,-0.04307221248745918,0.12356457859277725,0.7386382818222046,-0.03657332435250282,0.13214361667633057,0.7370824813842773,-0.027995934709906578
10,left,0,0,0,0,0,0,0,0,0,0,0,0,0,0,0,0,0,0,0,0,0,0,0,0,0,0,0,0,0,0,0,0,0,0,0,0,0,0,0,0,0,0,0,0,0,0,0,0,0,0,0,0,0,0,0,0,0,0,0,0,0,0,0
11,right,0.16815602779388428,0.7741017937660217,-4.4631096329794673e-07,0.22747351229190826,0.7558914422988892,-0.027550458908081055,0.28602322936058044,0.7225490212440491,-0.04501445218920708,0.33687451481819153,0.6954218745231628,-0.06055422127246857,0.3794245719909668,0.6849467754364014,-0.07086420804262161,0.2593122124671936,0.6049638986587524,-0.02372647263109684,0.254594087600708,0.6204417943954468,-0.05174266919493675,0.24390363693237305,0.6736335754394531,-0.06377685070037842,0.24548093974590302,0.6686225533485413,-0.07035544514656067,0.2183111160993576,0.5882622003555298,-0.02363220416009426,0.21392367780208588,0.6158632636070251,-0.047830238938331604,0.2093389630317688,0.6803598999977112,-0.0468866303563118,0.21604807674884796,0.6697054505348206,-0.04336137697100639,0.1792464703321457,0.5901067852973938,-0.02815227210521698,0.1723606288433075,0.6117138266563416,-0.052840717136859894,0.17593897879123688,0.673903226852417,-0.040908798575401306,0.18736480176448822,0.668473482131958,-0.02914254553616047,0.1446770429611206,0.599571168422699,-0.03576654568314552,0.13765433430671692,0.6121659278869629,-0.045812640339136124,0.14508193731307983,0.6583169102668762,-0.03340594470500946,0.1566152721643448,0.6641154289245605,-0.021841078996658325
11,left,0,0,0,0,0,0,0,0,0,0,0,0,0,0,0,0,0,0,0,0,0,0,0,0,0,0,0,0,0,0,0,0,0,0,0,0,0,0,0,0,0,0,0,0,0,0,0,0,0,0,0,0,0,0,0,0,0,0,0,0,0,0,0
12,right,0.17660903930664062,0.7429520487785339,-1.6948517611581337e-07,0.23246967792510986,0.7223624587059021,-0.026806455105543137,0.29024678468704224,0.6844086050987244,-0.03824106976389885,0.3403981924057007,0.6568264961242676,-0.045521099120378494,0.3765408396720886,0.647053062915802,-0.04625175893306732,0.26242125034332275,0.5851975083351135,-0.021696558222174644,0.2646811008453369,0.5760612487792969,-0.0460781529545784,0.25355929136276245,0.6318319439888,-0.05755988508462906,0.2561669647693634,0.6274750232696533,-0.06345485895872116,0.22365418076515198,0.5761426687240601,-0.016243604943156242,0.22676414251327515,0.5656521320343018,-0.03623293340206146,0.22199399769306183,0.6340315341949463,-0.03359036147594452,0.22719380259513855,0.6284290552139282,-0.02920815534889698,0.18764781951904297,0.5749256610870361,-0.015169966965913773,0.18852214515209198,0.5639088153839111,-0.03292229771614075,0.1896672546863556,0.6261547207832336,-0.016623899340629578,0.1993110328912735,0.6246488094329834,-0.003088331548497081,0.15474361181259155,0.5755158066749573,-0.017035529017448425,0.1525249034166336,0.5695987939834595,-0.02155943773686886,0.15777385234832764,0.6140275001525879,-0.006134824827313423,0.16446229815483093,0.6224982738494873,0.006834558676928282
12,left,0,0,0,0,0,0,0,0,0,0,0,0,0,0,0,0,0,0,0,0,0,0,0,0,0,0,0,0,0,0,0,0,0,0,0,0,0,0,0,0,0,0,0,0,0,0,0,0,0,0,0,0,0,0,0,0,0,0,0,0,0,0,0
13,right,0.1824766844511032,0.726784348487854,-1.976075907350605e-07,0.2380380630493164,0.7075221538543701,-0.026546858251094818,0.29629242420196533,0.6718772053718567,-0.03675858676433563,0.34600627422332764,0.6439986228942871,-0.04188736155629158,0.38191670179367065,0.6350771188735962,-0.040128905326128006,0.2662496864795685,0.5712975859642029,-0.021445784717798233,0.27198103070259094,0.5610080361366272,-0.04491419345140457,0.25952211022377014,0.6187314987182617,-0.05788983404636383,0.26058390736579895,0.6132178902626038,-0.06566540151834488,0.22828152775764465,0.5657694935798645,-0.014888469129800797,0.23728691041469574,0.5472870469093323,-0.035610247403383255,0.23161013424396515,0.6167186498641968,-0.037128906697034836,0.2348792999982834,0.6116716861724854,-0.0366039052605629,0.19380855560302734,0.5657146573066711,-0.012006379663944244,0.19979611039161682,0.5469496250152588,-0.029373077675700188,0.1992993950843811,0.6102362871170044,-0.01622253656387329,0.20743878185749054,0.6094177961349487,-0.005658566951751709,0.16238009929656982,0.5659132599830627,-0.01169455237686634,0.1629147082567215,0.5548962354660034,-0.014722052961587906,0.16807641088962555,0.5986579656600952,-0.0003285040729679167,0.174589604139328,0.6066131591796875,0.0107441246509552
13,left,0,0,0,0,0,0,0,0,0,0,0,0,0,0,0,0,0,0,0,0,0,0,0,0,0,0,0,0,0,0,0,0,0,0,0,0,0,0,0,0,0,0,0,0,0,0,0,0,0,0,0,0,0,0,0,0,0,0,0,0,0,0,0
14,right,0.18876495957374573,0.7149086594581604,-2.2654698739188461e-07,0.2420780509710312,0.6996859312057495,-0.027285045012831688,0.302176833152771,0.6627357602119446,-0.03823937103152275,0.3503158688545227,0.6332462430000305,-0.04441455379128456,0.3861732482910156,0.6269819736480713,-0.04375443980097771,0.2719137370586395,0.5686291456222534,-0.024033214896917343,0.2763184607028961,0.550426185131073,-0.04823628067970276,0.26327043771743774,0.6099923253059387,-0.05950360372662544,0.26506611704826355,0.6097411513328552,-0.06566949933767319,0.23443959653377533,0.56219482421875,-0.017995571717619896,0.24274079501628876,0.5375920534133911,-0.0403531976044178,0.23512019217014313,0.607725977897644,-0.04018455371260643,0.237873837351799,0.6061009764671326,-0.037365470081567764,0.200309157371521,0.5607087016105652,-0.01587781310081482,0.2058127522468567,0.5373492240905762,-0.03465397283434868,0.20375452935695648,0.6008527874946594,-0.020325161516666412,0.2116326242685318,0.6016769409179688,-0.00827203318476677,0.16855710744857788,0.5594618320465088,-0.0164463073015213,0.1697893589735031,0.547290563583374,-0.020176496356725693,0.17362701892852783,0.5907694697380066,-0.00561509421095252,0.18022795021533966,0.5989203453063965,0.0058053466491401196
14,left,0,0,0,0,0,0,0,0,0,0,0,0,0,0,0,0,0,0,0,0,0,0,0,0,0,0,0,0,0,0,0,0,0,0,0,0,0,0,0,0,0,0,0,0,0,0,0,0,0,0,0,0,0,0,0,0,0,0,0,0,0,0,0
15,right,0.19154804944992065,0.7094017267227173,-2.400814764769166e-07,0.24365992844104767,0.6952238082885742,-0.02847111038863659,0.3044261634349823,0.6586552262306213,-0.03937259688973427,0.35293054580688477,0.6299248933792114,-0.044880352914333344,0.3887042999267578,0.6235798001289368,-0.04321030527353287,0.27595606446266174,0.5665090084075928,-0.025801680982112885,0.28120312094688416,0.5463476181030273,-0.05053435638546944,0.2667549252510071,0.6053310632705688,-0.06182155758142471,0.26803824305534363,0.6048229336738586,-0.06784988194704056,0.23890824615955353,0.5599783062934875,-0.019136572256684303,0.24814017117023468,0.5335643291473389,-0.04099990427494049,0.23896561563014984,0.6029977798461914,-0.04013993591070175,0.2420347034931183,0.5997675657272339,-0.036982662975788116,0.20515616238117218,0.5571816563606262,-0.0166194848716259,0.21194198727607727,0.5320882201194763,-0.03540579602122307,0.20856045186519623,0.59549880027771,-0.021206984296441078,0.21645241975784302,0.5949177145957947,-0.009308108128607273,0.1740080714225769,0.5543336272239685,-0.016859253868460655,0.17706681787967682,0.5413914322853088,-0.02054232358932495,0.18038176000118256,0.5848199129104614,-0.00598721532151103,0.18629267811775208,0.5929864048957825,0.005326398648321629
15,left,0,0,0,0,0,0,0,0,0,0,0,0,0,0,0,0,0,0,0,0,0,0,0,0,0,0,0,0,0,0,0,0,0,0,0,0,0,0,0,0,0,0,0,0,0,0,0,0,0,0,0,0,0,0,0,0,0,0,0,0,0,0,0
16,right,0.19126689434051514,0.7120435237884521,-2.4672647214174503e-07,0.24297232925891876,0.6972118616104126,-0.02804245427250862,0.3044029474258423,0.6601095199584961,-0.038899216800928116,0.3535533547401428,0.6314777135848999,-0.04396182298660278,0.38970139622688293,0.6244559288024902,-0.04117223992943764,0.27718207240104675,0.5680931806564331,-0.026807229965925217,0.2840772867202759,0.5481655597686768,-0.05124852806329727,0.26785799860954285,0.6069311499595642,-0.06163821741938591,0.26819875836372375,0.6053997278213501,-0.06748455762863159,0.23997826874256134,0.5608702898025513,-0.020268311724066734,0.25004467368125916,0.535779595375061,-0.04216719791293144,0.23934140801429749,0.605842113494873,-0.04063798859715462,0.24187904596328735,0.5999407768249512,-0.03741256520152092,0.20569144189357758,0.5583760738372803,-0.017722273245453835,0.21268239617347717,0.5348336100578308,-0.03579893335700035,0.20919083058834076,0.5976070165634155,-0.020422542467713356,0.21576321125030518,0.5954963564872742,-0.008363313041627407,0.17480583488941193,0.5553840398788452,-0.01795947179198265,0.1768246591091156,0.5445749759674072,-0.022149305790662766,0.18059447407722473,0.5862802267074585,-0.008034284226596355,0.18547645211219788,0.5909541845321655,0.0028310101479291916
16,left,0,0,0,0,0,0,0,0,0,0,0,0,0,0,0,0,0,0,0,0,0,0,0,0,0,0,0,0,0,0,0,0,0,0,0,0,0,0,0,0,0,0,0,0,0,0,0,0,0,0,0,0,0,0,0,0,0,0,0,0,0,0,0
17,right,0.19018642604351044,0.7119500637054443,-2.2602485216793866e-07,0.2421380877494812,0.6961056590080261,-0.027942143380641937,0.30400827527046204,0.6601231098175049,-0.03849869593977928,0.3541377782821655,0.6329389214515686,-0.042829517275094986,0.3904064893722534,0.6253421306610107,-0.0391051322221756,0.27699288725852966,0.5679158568382263,-0.02727592922747135,0.2853330969810486,0.5485024452209473,-0.05138220638036728,0.26856884360313416,0.6077367067337036,-0.06277041137218475,0.26921239495277405,0.6032713055610657,-0.07006094604730606,0.2404317557811737,0.5608426332473755,-0.01975437067449093,0.2513808608055115,0.5342778563499451,-0.041297461837530136,0.24029208719730377,0.6048426628112793,-0.040595896542072296,0.2434472292661667,0.59809410572052,-0.03885704278945923,0.20601144433021545,0.5586614608764648,-0.015920577570796013,0.2141234278678894,0.5335304737091064,-0.03215368092060089,0.21040020883083344,0.5967146158218384,-0.01615924760699272,0.21770912408828735,0.5950612425804138,-0.0048096333630383015,0.17488808929920197,0.5546461343765259,-0.014913120307028294,0.17690330743789673,0.544211745262146,-0.017839660868048668,0.18075191974639893,0.5858880281448364,-0.003746469970792532,0.18673855066299438,0.5899152755737305,0.006306163500994444
17,left,0,0,0,0,0,0,0,0,0,0,0,0,0,0,0,0,0,0,0,0,0,0,0,0,0,0,0,0,0,0,0,0,0,0,0,0,0,0,0,0,0,0,0,0,0,0,0,0,0,0,0,0,0,0,0,0,0,0,0,0,0,0,0
18,right,0.1906745582818985,0.7124006748199463,-2.228932913794779e-07,0.24254895746707916,0.6965335607528687,-0.02818521112203598,0.3050071895122528,0.6612369418144226,-0.03876125067472458,0.3552149534225464,0.6343263387680054,-0.04301753267645836,0.3908109664916992,0.6266497373580933,-0.03919648379087448,0.2782150208950043,0.568249523639679,-0.02830885536968708,0.2849922478199005,0.5502293109893799,-0.0522676482796669,0.26851773262023926,0.6089059710502625,-0.06279292702674866,0.26906079053878784,0.6044108867645264,-0.06931626796722412,0.24103818833827972,0.5612990856170654,-0.020935751497745514,0.2508792281150818,0.5362313389778137,-0.04328527674078941,0.24025677144527435,0.6067542433738708,-0.04271304979920387,0.2434592843055725,0.5995155572891235,-0.04088544845581055,0.20639409124851227,0.5597946643829346,-0.017092857509851456,0.21326693892478943,0.5362907648086548,-0.034409139305353165,0.21021723747253418,0.5996907949447632,-0.018569989129900932,0.21765097975730896,0.5976129770278931,-0.007028713822364807,0.17506755888462067,0.5566329956054688,-0.01599941775202751,0.17604753375053406,0.5469938516616821,-0.019445879384875298,0.18107840418815613,0.5891969799995422,-0.005150273907929659,0.1875303089618683,0.5931791067123413,0.005197927821427584
18,left,0,0,0,0,0,0,0,0,0,0,0,0,0,0,0,0,0,0,0,0,0,0,0,0,0,0,0,0,0,0,0,0,0,0,0,0,0,0,0,0,0,0,0,0,0,0,0,0,0,0,0,0,0,0,0,0,0,0,0,0,0,0,0
19,right,0.19105243682861328,0.7142554521560669,-2.3672950533182302e-07,0.24392718076705933,0.6975247263908386,-0.027116164565086365,0.30570751428604126,0.6622041463851929,-0.035497259348630905,0.3553923964500427,0.6346961855888367,-0.03700367733836174,0.39085328578948975,0.626970648765564,-0.02997419983148575,0.27724701166152954,0.5681365132331848,-0.0269046351313591,0.28612691164016724,0.5535773038864136,-0.05027123913168907,0.2692200541496277,0.6116637587547302,-0.061240747570991516,0.2694733142852783,0.6045312285423279,-0.06837399303913116,0.24010848999023438,0.5612413883209229,-0.019376514479517937,0.25258705019950867,0.5390093922615051,-0.041190892457962036,0.24130621552467346,0.6090047359466553,-0.04202597215771675,0.24378833174705505,0.6004058122634888,-0.04187212884426117,0.2057361751794815,0.5595241189002991,-0.015116472728550434,0.21448764204978943,0.5374996066093445,-0.03168759122490883,0.2108573168516159,0.600614070892334,-0.017258519306778908,0.21753764152526855,0.5969297885894775,-0.007273731287568808,0.1752210557460785,0.5563030242919922,-0.013461986556649208,0.17726843059062958,0.5475892424583435,-0.0164102204144001,0.18225152790546417,0.5899348258972168,-0.002759841736406088,0.1874087005853653,0.5928403735160828,0.006723836529999971
19,left,0,0,0,0,0,0,0,0,0,0,0,0,0,0,0,0,0,0,0,0,0,0,0,0,0,0,0,0,0,0,0,0,0,0,0,0,0,0,0,0,0,0,0,0,0,0,0,0,0,0,0,0,0,0,0,0,0,0,0,0,0,0,0
20,right,0.19061341881752014,0.7177249193191528,-2.3183265795978514e-07,0.24298237264156342,0.7001064419746399,-0.02720111608505249,0.30503299832344055,0.6639117002487183,-0.03688615560531616,0.3547837734222412,0.6363751888275146,-0.04029642790555954,0.39025890827178955,0.6289471387863159,-0.03544256091117859,0.27716559171676636,0.5708810687065125,-0.026756683364510536,0.28542211651802063,0.5554000735282898,-0.05038772150874138,0.2688089907169342,0.6141167879104614,-0.06083226203918457,0.26921552419662476,0.6088991761207581,-0.06735815852880478,0.2399808019399643,0.5636893510818481,-0.019709957763552666,0.25179678201675415,0.5405260920524597,-0.04207512363791466,0.2408359795808792,0.6110265851020813,-0.04187610372900963,0.24400244653224945,0.6036863923072815,-0.04037021845579147,0.2056206613779068,0.5620944499969482,-0.01608133874833584,0.21385490894317627,0.5401399731636047,-0.03328058496117592,0.21024104952812195,0.6034030914306641,-0.01779349148273468,0.2174018919467926,0.6007199287414551,-0.006566639523953199,0.17490632832050323,0.5592342019081116,-0.01514338981360197,0.17671048641204834,0.5502969026565552,-0.018370741978287697,0.18106216192245483,0.5923254489898682,-0.004220894537866116,0.18670278787612915,0.5956969857215881,0.005938619840890169
20,left,0,0,0,0,0,0,0,0,0,0,0,0,0,0,0,0,0,0,0,0,0,0,0,0,0,0,0,0,0,0,0,0,0,0,0,0,0,0,0,0,0,0,0,0,0,0,0,0,0,0,0,0,0,0,0,0,0,0,0,0,0,0,0
21,right,0.19005927443504333,0.720836341381073,-2.3369089774405438e-07,0.2413245439529419,0.7059995532035828,-0.02940385788679123,0.3038123846054077,0.6677818894386292,-0.04013095051050186,0.35361582040786743,0.6384775042533875,-0.044487688690423965,0.38981908559799194,0.6304463148117065,-0.04069516807794571,0.27786198258399963,0.575046956539154,-0.02742655575275421,0.2844683527946472,0.5557846426963806,-0.051993511617183685,0.2680082619190216,0.614646315574646,-0.06295917928218842,0.26932698488235474,0.6109249591827393,-0.06940877437591553,0.24073892831802368,0.5677038431167603,-0.01949732005596161,0.25049030780792236,0.5419301390647888,-0.04123900458216667,0.23952117562294006,0.6125576496124268,-0.03966987133026123,0.24337370693683624,0.6057237982749939,-0.03664236143231392,0.20621906220912933,0.5650105476379395,-0.01567983068525791,0.21278947591781616,0.5411994457244873,-0.033081334084272385,0.2091396450996399,0.6042956709861755,-0.017360107973217964,0.21708562970161438,0.6019577383995056,-0.00539920711889863,0.17529430985450745,0.5609740614891052,-0.014805173501372337,0.17725464701652527,0.5505924224853516,-0.01829582266509533,0.18078961968421936,0.5922397375106812,-0.004134746268391609,0.18665465712547302,0.5968962907791138,0.00648718373849988
21,left,0,0,0,0,0,0,0,0,0,0,0,0,0,0,0,0,0,0,0,0,0,0,0,0,0,0,0,0,0,0,0,0,0,0,0,0,0,0,0,0,0,0,0,0,0,0,0,0,0,0,0,0,0,0,0,0,0,0,0,0,0,0,0
22,right,0.19041413068771362,0.7181096076965332,-2.4294783429468225e-07,0.24218705296516418,0.7054237723350525,-0.028264574706554413,0.3051970303058624,0.667326033115387,-0.03885258361697197,0.3533495366573334,0.6377167701721191,-0.04376596957445145,0.38952773809432983,0.630664050579071,-0.040936220437288284,0.27711576223373413,0.5757709741592407,-0.02580876648426056,0.2846167981624603,0.5560191869735718,-0.05022060126066208,0.26764512062072754,0.6149919033050537,-0.060799576342105865,0.26799166202545166,0.6137608289718628,-0.06701808422803879,0.2401721030473709,0.5674268007278442,-0.01927754655480385,0.2501303553581238,0.5428380370140076,-0.041378848254680634,0.2389080971479416,0.6139549016952515,-0.039860647171735764,0.24182438850402832,0.6087453365325928,-0.03648603335022926,0.2056853175163269,0.5643484592437744,-0.016908347606658936,0.21231624484062195,0.5413523316383362,-0.03536112979054451,0.20834697782993317,0.6055316925048828,-0.019891750067472458,0.21494320034980774,0.6034886240959167,-0.007759535685181618,0.17399390041828156,0.5606694221496582,-0.017379850149154663,0.1756272166967392,0.5520281195640564,-0.02205839939415455,0.17911168932914734,0.5945812463760376,-0.00821799598634243,0.18442626297473907,0.5987932682037354,0.002386088017374277
22,left,0,0,0,0,0,0,0,0,0,0,0,0,0,0,0,0,0,0,0,0,0,0,0,0,0,0,0,0,0,0,0,0,0,0,0,0,0,0,0,0,0,0,0,0,0,0,0,0,0,0,0,0,0,0,0,0,0,0,0,0,0,0,0
23,right,0.19011813402175903,0.7197431325912476,-2.2626329609920504e-07,0.24171499907970428,0.7047414183616638,-0.02809954062104225,0.30386513471603394,0.6681975722312927,-0.038860633969306946,0.35382407903671265,0.6392956972122192,-0.0435570552945137,0.3900630474090576,0.6310948729515076,-0.04017167165875435,0.2765425145626068,0.5750693678855896,-0.027429664507508278,0.2847227156162262,0.5575215816497803,-0.05155562609434128,0.2680581212043762,0.6163179874420166,-0.06208384409546852,0.2681630849838257,0.6122029423713684,-0.06850406527519226,0.23946264386177063,0.5671883821487427,-0.02024446427822113,0.25067266821861267,0.5432028770446777,-0.04250858351588249,0.23965510725975037,0.6143434047698975,-0.04146736487746239,0.24258968234062195,0.6073141694068909,-0.03910969942808151,0.20483753085136414,0.5649256706237793,-0.016771050170063972,0.2129552960395813,0.5423816442489624,-0.034414149820804596,0.20943202078342438,0.6059228181838989,-0.01853380724787712,0.2161180078983307,0.6039665937423706,-0.006701275240629911,0.17374494671821594,0.5613450407981873,-0.016062039881944656,0.1766553521156311,0.552068829536438,-0.02002541720867157,0.18091212213039398,0.5938729047775269,-0.005988785065710545,0.18614810705184937,0.5978044867515564,0.004419220145791769
23,left,0,0,0,0,0,0,0,0,0,0,0,0,0,0,0,0,0,0,0,0,0,0,0,0,0,0,0,0,0,0,0,0,0,0,0,0,0,0,0,0,0,0,0,0,0,0,0,0,0,0,0,0,0,0,0,0,0,0,0,0,0,0,0
24,right,0.1899338662624359,0.721799910068512,-2.345315834872963e-07,0.2417277842760086,0.706301748752594,-0.027897808700799942,0.30363044142723083,0.6700234413146973,-0.038518622517585754,0.3529593050479889,0.6408963799476624,-0.043354492634534836,0.3886273503303528,0.6327576637268066,-0.04016675427556038,0.2775362730026245,0.5768812894821167,-0.02622142992913723,0.2840832471847534,0.5587816834449768,-0.050460413098335266,0.2677082419395447,0.6173774003982544,-0.06092759966850281,0.26837921142578125,0.6146268248558044,-0.06703657656908035,0.2399926483631134,0.568878173828125,-0.019615499302744865,0.25005650520324707,0.5452430844306946,-0.041923899203538895,0.2392750084400177,0.6159335374832153,-0.040829937905073166,0.24269765615463257,0.6096364855766296,-0.03816380724310875,0.2054569125175476,0.5666674375534058,-0.01686832308769226,0.21228420734405518,0.5441880226135254,-0.03487357869744301,0.20862364768981934,0.60808926820755,-0.019010085612535477,0.21585136651992798,0.606652021408081,-0.006897534243762493,0.17415404319763184,0.5640550255775452,-0.016931191086769104,0.1758681982755661,0.5541689395904541,-0.02077343687415123,0.17992059886455536,0.5962355136871338,-0.006282259710133076,0.1855935901403427,0.600942850112915,0.004601681604981422
24,left,0,0,0,0,0,0,0,0,0,0,0,0,0,0,0,0,0,0,0,0,0,0,0,0,0,0,0,0,0,0,0,0,0,0,0,0,0,0,0,0,0,0,0,0,0,0,0,0,0,0,0,0,0,0,0,0,0,0,0,0,0,0,0
25,right,0.189446359872818,0.7228066325187683,-2.1837207953012694e-07,0.2408936321735382,0.7073209881782532,-0.028237396851181984,0.3029952645301819,0.6704229116439819,-0.03922438994050026,0.35313743352890015,0.6414007544517517,-0.04421640932559967,0.38932162523269653,0.6332222819328308,-0.041142843663692474,0.2759191393852234,0.5776734948158264,-0.02732195146381855,0.28327691555023193,0.5598284006118774,-0.05196848884224892,0.2667807638645172,0.619243323802948,-0.06315538287162781,0.26764148473739624,0.6151532530784607,-0.07010616362094879,0.23882603645324707,0.5696216821670532,-0.01997697539627552,0.24899624288082123,0.5449990034103394,-0.04276267811655998,0.23815034329891205,0.6168097853660583,-0.04191377013921738,0.24167181551456451,0.6098076701164246,-0.03953267261385918,0.20425406098365784,0.567376434803009,-0.016368702054023743,0.21112172305583954,0.5439434051513672,-0.03408312797546387,0.20773035287857056,0.6080546975135803,-0.01772015541791916,0.21513020992279053,0.6060611009597778,-0.005598289426416159,0.1730380654335022,0.5634915828704834,-0.015603317879140377,0.17457354068756104,0.5551818013191223,-0.019603898748755455,0.1786702573299408,0.5973280072212219,-0.005459453444927931,0.185077965259552,0.6009984612464905,0.005011907313019037
25,left,0,0,0,0,0,0,0,0,0,0,0,0,0,0,0,0,0,0,0,0,0,0,0,0,0,0,0,0,0,0,0,0,0,0,0,0,0,0,0,0,0,0,0,0,0,0,0,0,0,0,0,0,0,0,0,0,0,0,0,0,0,0,0
26,right,0.1867588758468628,0.7244272828102112,-2.204442068887147e-07,0.2390572428703308,0.7075133919715881,-0.027574902400374413,0.3022259771823883,0.6705992221832275,-0.03784700110554695,0.35191217064857483,0.6420772075653076,-0.04187612235546112,0.3885073661804199,0.6335666179656982,-0.03772031515836716,0.2753719389438629,0.5770836472511292,-0.02650800719857216,0.2817971706390381,0.5608271956443787,-0.05101984739303589,0.2651524841785431,0.6207110285758972,-0.06306435912847519,0.2669786214828491,0.6144399046897888,-0.07108617573976517,0.23814785480499268,0.5690794587135315,-0.01905832067131996,0.24761418998241425,0.5453835129737854,-0.04139120504260063,0.23678085207939148,0.6171725988388062,-0.041258178651332855,0.2407720535993576,0.6090672016143799,-0.03998253121972084,0.20317339897155762,0.5672325491905212,-0.015209689736366272,0.2096194624900818,0.5442922711372375,-0.031904272735118866,0.2063610702753067,0.6084771156311035,-0.01563986949622631,0.21440687775611877,0.605699896812439,-0.004264685790985823,0.17173020541667938,0.5633155703544617,-0.014185444451868534,0.17240843176841736,0.556064784526825,-0.017567817121744156,0.17671984434127808,0.5985340476036072,-0.003591773798689246,0.1837337464094162,0.6012997627258301,0.006338341161608696
26,left,0,0,0,0,0,0,0,0,0,0,0,0,0,0,0,0,0,0,0,0,0,0,0,0,0,0,0,0,0,0,0,0,0,0,0,0,0,0,0,0,0,0,0,0,0,0,0,0,0,0,0,0,0,0,0,0,0,0,0,0,0,0,0
27,right,0.1892739087343216,0.7235442996025085,-2.240194589830935e-07,0.24166510999202728,0.7082664370536804,-0.02771357074379921,0.30485185980796814,0.6710203289985657,-0.03810684755444527,0.35404062271118164,0.6425211429595947,-0.04240631312131882,0.39031243324279785,0.6339507102966309,-0.03887525573372841,0.2761438488960266,0.5774239301681519,-0.02697775512933731,0.28243163228034973,0.5609707832336426,-0.05156320333480835,0.2666868567466736,0.6208750605583191,-0.06364903599023819,0.26752859354019165,0.6161609888076782,-0.07133279740810394,0.23849712312221527,0.5706157684326172,-0.019708886742591858,0.24839234352111816,0.5461233258247375,-0.0416412390768528,0.23855231702327728,0.6178010106086731,-0.04164297878742218,0.2413608878850937,0.6112501621246338,-0.04032224416732788,0.20358236134052277,0.569300651550293,-0.016071150079369545,0.21036525070667267,0.5462663173675537,-0.03304988145828247,0.20762240886688232,0.6104369163513184,-0.01769215427339077,0.21482762694358826,0.6082947850227356,-0.006647649686783552,0.1719900518655777,0.5657936930656433,-0.015149595215916634,0.1729622185230255,0.5576325058937073,-0.01844188943505287,0.17740561068058014,0.6003342866897583,-0.004456367343664169,0.1840064823627472,0.6040874123573303,0.005553382448852062
27,left,0,0,0,0,0,0,0,0,0,0,0,0,0,0,0,0,0,0,0,0,0,0,0,0,0,0,0,0,0,0,0,0,0,0,0,0,0,0,0,0,0,0,0,0,0,0,0,0,0,0,0,0,0,0,0,0,0,0,0,0,0,0,0
28,right,0.1908637285232544,0.725317120552063,-2.3079698507899593e-07,0.24189184606075287,0.7108584046363831,-0.029175685718655586,0.30374330282211304,0.6746123433113098,-0.041253022849559784,0.3526837229728699,0.6451203227043152,-0.0474487729370594,0.38862693309783936,0.6362716555595398,-0.04563385248184204,0.27642348408699036,0.5813024044036865,-0.028571613132953644,0.2830725908279419,0.5636633634567261,-0.05382345989346504,0.26674991846084595,0.6223773956298828,-0.06412742286920547,0.2668653130531311,0.6205946803092957,-0.06987734138965607,0.2386627197265625,0.5727165937423706,-0.021932996809482574,0.24857960641384125,0.5489139556884766,-0.04544613137841225,0.23841308057308197,0.6206181645393372,-0.0436980165541172,0.24212132394313812,0.6150854825973511,-0.040002916008234024,0.20419283211231232,0.5700872540473938,-0.019277485087513924,0.21028977632522583,0.5482580065727234,-0.03861308470368385,0.20757344365119934,0.6125118732452393,-0.022094309329986572,0.21491029858589172,0.6109426617622375,-0.009013431146740913,0.1730920821428299,0.567370593547821,-0.01955331116914749,0.1741141974925995,0.5589388012886047,-0.024705462157726288,0.17896679043769836,0.6013619303703308,-0.010336535051465034,0.18489399552345276,0.6056309938430786,0.000882553169503808
28,left,0,0,0,0,0,0,0,0,0,0,0,0,0,0,0,0,0,0,0,0,0,0,0,0,0,0,0,0,0,0,0,0,0,0,0,0,0,0,0,0,0,0,0,0,0,0,0,0,0,0,0,0,0,0,0,0,0,0,0,0,0,0,0
29,right,0.18657758831977844,0.7398740649223328,-2.448181533054594e-07,0.23977965116500854,0.7202926874160767,-0.030361013486981392,0.2994415760040283,0.6828339695930481,-0.04034474119544029,0.3488833010196686,0.6552173495292664,-0.042997654527425766,0.3855712413787842,0.6466408371925354,-0.037012699991464615,0.2732446789741516,0.5872728824615479,-0.027417823672294617,0.2799266576766968,0.5766682624816895,-0.05093197152018547,0.26370763778686523,0.635683000087738,-0.062001783400774,0.2640727162361145,0.6284234523773193,-0.06919610500335693,0.2360028177499771,0.5796219706535339,-0.019306596368551254,0.24559535086154938,0.5598256587982178,-0.04143201932311058,0.23648200929164886,0.630856990814209,-0.04193716123700142,0.2396135926246643,0.622698187828064,-0.04134411737322807,0.20031456649303436,0.5802174210548401,-0.015005728229880333,0.20785100758075714,0.561703085899353,-0.032920900732278824,0.20582813024520874,0.6247219443321228,-0.018388064578175545,0.21215097606182098,0.6202593445777893,-0.007712473161518574,0.16893386840820312,0.5827304720878601,-0.013662920333445072,0.17075024545192719,0.5735117197036743,-0.01782713271677494,0.17798995971679688,0.6147870421409607,-0.004237713757902384,0.18238458037376404,0.6170510649681091,0.005640862509608269
29,left,0,0,0,0,0,0,0,0,0,0,0,0,0,0,0,0,0,0,0,0,0,0,0,0,0,0,0,0,0,0,0,0,0,0,0,0,0,0,0,0,0,0,0,0,0,0,0,0,0,0,0,0,0,0,0,0,0,0,0,0,0,0,0
30,right,0.17968080937862396,0.7485698461532593,-2.398249989710166e-07,0.23255664110183716,0.7291517853736877,-0.03047172538936138,0.2932238280773163,0.6915226578712463,-0.03959446772933006,0.34372785687446594,0.6633341312408447,-0.04127577692270279,0.37926042079925537,0.6531658172607422,-0.033937521278858185,0.2701455354690552,0.5952889323234558,-0.02627146616578102,0.2772960364818573,0.5828185081481934,-0.04986007884144783,0.2603932321071625,0.6431867480278015,-0.06169542297720909,0.2620820701122284,0.6364079117774963,-0.06946145743131638,0.23307380080223083,0.5868980884552002,-0.01707291603088379,0.24279770255088806,0.5674411654472351,-0.038663752377033234,0.23156827688217163,0.6398515105247498,-0.038758229464292526,0.23582063615322113,0.6320698261260986,-0.03786005452275276,0.1971818506717682,0.5858078002929688,-0.011846940964460373,0.20389339327812195,0.5678002834320068,-0.028285983949899673,0.20031848549842834,0.6317192316055298,-0.012904170900583267,0.20858797430992126,0.6292102932929993,-0.0018988874508067966,0.16588404774665833,0.5858241319656372,-0.00975241418927908,0.1672070324420929,0.5784303545951843,-0.01227104477584362,0.17292055487632751,0.6202885508537292,0.0018887817859649658,0.17880398035049438,0.6237268447875977,0.012032857164740562
30,left,0,0,0,0,0,0,0,0,0,0,0,0,0,0,0,0,0,0,0,0,0,0,0,0,0,0,0,0,0,0,0,0,0,0,0,0,0,0,0,0,0,0,0,0,0,0,0,0,0,0,0,0,0,0,0,0,0,0,0,0,0,0,0
31,right,0.1735837757587433,0.7820619344711304,-2.7023898496736365e-07,0.2305096536874771,0.7584317326545715,-0.0318790040910244,0.2887685000896454,0.7212653756141663,-0.04266507923603058,0.33844342827796936,0.6926319003105164,-0.04582775756716728,0.3770334720611572,0.6833832263946533,-0.040811121463775635,0.2699562907218933,0.6111469864845276,-0.02684202790260315,0.26954957842826843,0.6231030821800232,-0.04946281015872955,0.25517988204956055,0.6785163283348083,-0.061426274478435516,0.25625601410865784,0.6680365800857544,-0.06920264661312103,0.22886434197425842,0.5968607068061829,-0.018636776134371758,0.2303634136915207,0.6120566129684448,-0.03927158936858177,0.22368229925632477,0.6768015027046204,-0.04305011406540871,0.22696642577648163,0.6631211638450623,-0.0455806739628315,0.1896263211965561,0.5988696217536926,-0.014142894186079502,0.19214844703674316,0.607433021068573,-0.03302808105945587,0.19141505658626556,0.6667827367782593,-0.023803742602467537,0.1989336907863617,0.6577867269515991,-0.01677788980305195,0.15637660026550293,0.606706440448761,-0.012529853731393814,0.1562180519104004,0.6120520830154419,-0.018334347754716873,0.16196414828300476,0.6541286706924438,-0.006978326477110386,0.16627264022827148,0.6539316773414612,0.001907668192870915
31,left,0,0,0,0,0,0,0,0,0,0,0,0,0,0,0,0,0,0,0,0,0,0,0,0,0,0,0,0,0,0,0,0,0,0,0,0,0,0,0,0,0,0,0,0,0,0,0,0,0,0,0,0,0,0,0,0,0,0,0,0,0,0,0
32,right,0.1777878999710083,0.7989954948425293,-2.5248075985473406e-07,0.23472672700881958,0.7845824360847473,-0.030964061617851257,0.2920292615890503,0.7480522394180298,-0.04819326847791672,0.3353348970413208,0.7172143459320068,-0.061575084924697876,0.37555253505706787,0.7089848518371582,-0.07020179182291031,0.2746945917606354,0.6275011301040649,-0.029307348653674126,0.2646131217479706,0.6552976369857788,-0.05407232046127319,0.2525500953197479,0.7085120677947998,-0.06539823114871979,0.2538747787475586,0.7083467841148376,-0.07196367532014847,0.23355671763420105,0.6063008308410645,-0.02604725956916809,0.22401508688926697,0.6454643607139587,-0.049030423164367676,0.21910187602043152,0.7076200842857361,-0.050833411514759064,0.2226005643606186,0.7018877267837524,-0.049917008727788925,0.1922248899936676,0.60835862159729,-0.026708662509918213,0.18477210402488708,0.642092227935791,-0.05018183961510658,0.18592354655265808,0.6990776658058167,-0.0411912277340889,0.1921035349369049,0.6949410438537598,-0.032394666224718094,0.15405690670013428,0.6194175481796265,-0.03030814416706562,0.1509896218776703,0.6396574378013611,-0.04291088879108429,0.1561608612537384,0.6833353638648987,-0.034107670187950134,0.16065287590026855,0.6877507567405701,-0.024958068504929543
32,left,0,0,0,0,0,0,0,0,0,0,0,0,0,0,0,0,0,0,0,0,0,0,0,0,0,0,0,0,0,0,0,0,0,0,0,0,0,0,0,0,0,0,0,0,0,0,0,0,0,0,0,0,0,0,0,0,0,0,0,0,0,0,0
33,right,0.17537447810173035,0.8605605959892273,-4.0080047369883687e-07,0.23011550307273865,0.8556478023529053,-0.03332989290356636,0.28776174783706665,0.8194403648376465,-0.05204876512289047,0.33627018332481384,0.7926470637321472,-0.06728103011846542,0.3782427906990051,0.7806322574615479,-0.07800917327404022,0.2738053798675537,0.6941482424736023,-0.031897444278001785,0.2588643431663513,0.7398716807365417,-0.062430962920188904,0.24603712558746338,0.7914051413536072,-0.07708751410245895,0.24741069972515106,0.7977744936943054,-0.08391661196947098,0.23080475628376007,0.6738795638084412,-0.029081404209136963,0.21629223227500916,0.7318398952484131,-0.05615844577550888,0.2102208137512207,0.7892149686813354,-0.0587308444082737,0.21554885804653168,0.7887265086174011,-0.05688410997390747,0.18712550401687622,0.6740846037864685,-0.031065626069903374,0.17674532532691956,0.7277103662490845,-0.05837495997548103,0.17757944762706757,0.7819308638572693,-0.05080258473753929,0.18624809384346008,0.7814028859138489,-0.04124101623892784,0.1467994898557663,0.6841166615486145,-0.03645724430680275,0.14257001876831055,0.7175102233886719,-0.050445716828107834,0.14546899497509003,0.7618921399116516,-0.0419989749789238,0.15049397945404053,0.7689322233200073,-0.03211577609181404
33,left,0,0,0,0,0,0,0,0,0,0,0,0,0,0,0,0,0,0,0,0,0,0,0,0,0,0,0,0,0,0,0,0,0,0,0,0,0,0,0,0,0,0,0,0,0,0,0,0,0,0,0,0,0,0,0,0,0,0,0,0,0,0,0
34,right,0.17349132895469666,0.9555195569992065,-5.42797693015018e-07,0.23078125715255737,0.9583711624145508,-0.035992804914712906,0.29263022541999817,0.9223469495773315,-0.05567127466201782,0.33828794956207275,0.8904088735580444,-0.07131320238113403,0.37906521558761597,0.8689454793930054,-0.08333756774663925,0.27485865354537964,0.7836136817932129,-0.041336968541145325,0.2600444555282593,0.851459801197052,-0.07567007839679718,0.24565716087818146,0.9029288291931152,-0.09456214308738708,0.24639494717121124,0.9015316963195801,-0.10511233657598495,0.2295641303062439,0.7691882848739624,-0.038394324481487274,0.2163943350315094,0.8517078757286072,-0.06779874116182327,0.20965459942817688,0.9020935297012329,-0.07366342097520828,0.21368108689785004,0.8952114582061768,-0.07634489238262177,0.18534958362579346,0.7730323672294617,-0.04018130898475647,0.17454293370246887,0.8471925258636475,-0.0698896273970604,0.17344491183757782,0.8937027454376221,-0.06526479870080948,0.18071264028549194,0.8852502107620239,-0.05930149182677269,0.1445561647415161,0.7836243510246277,-0.04547756537795067,0.1378789246082306,0.8323370814323425,-0.06343317776918411,0.1396048665046692,0.8725701570510864,-0.058548975735902786,0.145782932639122,0.8729369640350342,-0.05207057297229767
34,left,0,0,0,0,0,0,0,0,0,0,0,0,0,0,0,0,0,0,0,0,0,0,0,0,0,0,0,0,0,0,0,0,0,0,0,0,0,0,0,0,0,0,0,0,0,0,0,0,0,0,0,0,0,0,0,0,0,0,0,0,0,0,0
35,right,0.19102972745895386,0.8763630986213684,-3.2979014008560625e-07,0.2415982335805893,0.9139496684074402,-0.032598111778497696,0.2919830083847046,0.941289484500885,-0.06038346141576767,0.33471447229385376,0.9496845602989197,-0.0854237750172615,0.37664109468460083,0.9374819397926331,-0.11025784909725189,0.27632936835289,0.8371821045875549,-0.06836122274398804,0.26626056432724,0.9325454831123352,-0.10617131739854813,0.2610364556312561,0.9703487157821655,-0.12927143275737762,0.2626129388809204,0.9689585566520691,-0.14351169764995575,0.22823813557624817,0.8218204975128174,-0.0692385882139206,0.21669115126132965,0.9398279190063477,-0.09900631010532379,0.21837659180164337,0.9695330262184143,-0.10573843866586685,0.2236916571855545,0.9579232335090637,-0.11382469534873962,0.18148627877235413,0.8237911462783813,-0.07193458080291748,0.17329008877277374,0.9318841695785522,-0.09789905697107315,0.18012626469135284,0.9609718322753906,-0.09197360277175903,0.1861933022737503,0.9543178081512451,-0.08950236439704895,0.13924157619476318,0.8325748443603516,-0.07832525670528412,0.13075415790081024,0.9165385365486145,-0.09462706744670868,0.13931816816329956,0.9432637095451355,-0.08970681577920914,0.14532648026943207,0.9418842196464539,-0.08673471957445145
35,left,0,0,0,0,0,0,0,0,0,0,0,0,0,0,0,0,0,0,0,0,0,0,0,0,0,0,0,0,0,0,0,0,0,0,0,0,0,0,0,0,0,0,0,0,0,0,0,0,0,0,0,0,0,0,0,0,0,0,0,0,0,0,0
36,right,0,0,0,0,0,0,0,0,0,0,0,0,0,0,0,0,0,0,0,0,0,0,0,0,0,0,0,0,0,0,0,0,0,0,0,0,0,0,0,0,0,0,0,0,0,0,0,0,0,0,0,0,0,0,0,0,0,0,0,0,0,0,0
36,left,0,0,0,0,0,0,0,0,0,0,0,0,0,0,0,0,0,0,0,0,0,0,0,0,0,0,0,0,0,0,0,0,0,0,0,0,0,0,0,0,0,0,0,0,0,0,0,0,0,0,0,0,0,0,0,0,0,0,0,0,0,0,0
