1,right,0,0,0,0,0,0,0,0,0,0,0,0,0,0,0,0,0,0,0,0,0,0,0,0,0,0,0,0,0,0,0,0,0,0,0,0,0,0,0,0,0,0,0,0,0,0,0,0,0,0,0,0,0,0,0,0,0,0,0,0,0,0,0
1,left,0,0,0,0,0,0,0,0,0,0,0,0,0,0,0,0,0,0,0,0,0,0,0,0,0,0,0,0,0,0,0,0,0,0,0,0,0,0,0,0,0,0,0,0,0,0,0,0,0,0,0,0,0,0,0,0,0,0,0,0,0,0,0
2,right,0,0,0,0,0,0,0,0,0,0,0,0,0,0,0,0,0,0,0,0,0,0,0,0,0,0,0,0,0,0,0,0,0,0,0,0,0,0,0,0,0,0,0,0,0,0,0,0,0,0,0,0,0,0,0,0,0,0,0,0,0,0,0
2,left,0,0,0,0,0,0,0,0,0,0,0,0,0,0,0,0,0,0,0,0,0,0,0,0,0,0,0,0,0,0,0,0,0,0,0,0,0,0,0,0,0,0,0,0,0,0,0,0,0,0,0,0,0,0,0,0,0,0,0,0,0,0,0
3,right,0,0,0,0,0,0,0,0,0,0,0,0,0,0,0,0,0,0,0,0,0,0,0,0,0,0,0,0,0,0,0,0,0,0,0,0,0,0,0,0,0,0,0,0,0,0,0,0,0,0,0,0,0,0,0,0,0,0,0,0,0,0,0
3,left,0,0,0,0,0,0,0,0,0,0,0,0,0,0,0,0,0,0,0,0,0,0,0,0,0,0,0,0,0,0,0,0,0,0,0,0,0,0,0,0,0,0,0,0,0,0,0,0,0,0,0,0,0,0,0,0,0,0,0,0,0,0,0
4,right,0,0,0,0,0,0,0,0,0,0,0,0,0,0,0,0,0,0,0,0,0,0,0,0,0,0,0,0,0,0,0,0,0,0,0,0,0,0,0,0,0,0,0,0,0,0,0,0,0,0,0,0,0,0,0,0,0,0,0,0,0,0,0
4,left,0,0,0,0,0,0,0,0,0,0,0,0,0,0,0,0,0,0,0,0,0,0,0,0,0,0,0,0,0,0,0,0,0,0,0,0,0,0,0,0,0,0,0,0,0,0,0,0,0,0,0,0,0,0,0,0,0,0,0,0,0,0,0
5,right,0,0,0,0,0,0,0,0,0,0,0,0,0,0,0,0,0,0,0,0,0,0,0,0,0,0,0,0,0,0,0,0,0,0,0,0,0,0,0,0,0,0,0,0,0,0,0,0,0,0,0,0,0,0,0,0,0,0,0,0,0,0,0
5,left,0,0,0,0,0,0,0,0,0,0,0,0,0,0,0,0,0,0,0,0,0,0,0,0,0,0,0,0,0,0,0,0,0,0,0,0,0,0,0,0,0,0,0,0,0,0,0,0,0,0,0,0,0,0,0,0,0,0,0,0,0,0,0
6,right,0,0,0,0,0,0,0,0,0,0,0,0,0,0,0,0,0,0,0,0,0,0,0,0,0,0,0,0,0,0,0,0,0,0,0,0,0,0,0,0,0,0,0,0,0,0,0,0,0,0,0,0,0,0,0,0,0,0,0,0,0,0,0
6,left,0,0,0,0,0,0,0,0,0,0,0,0,0,0,0,0,0,0,0,0,0,0,0,0,0,0,0,0,0,0,0,0,0,0,0,0,0,0,0,0,0,0,0,0,0,0,0,0,0,0,0,0,0,0,0,0,0,0,0,0,0,0,0
7,right,0,0,0,0,0,0,0,0,0,0,0,0,0,0,0,0,0,0,0,0,0,0,0,0,0,0,0,0,0,0,0,0,0,0,0,0,0,0,0,0,0,0,0,0,0,0,0,0,0,0,0,0,0,0,0,0,0,0,0,0,0,0,0
7,left,0,0,0,0,0,0,0,0,0,0,0,0,0,0,0,0,0,0,0,0,0,0,0,0,0,0,0,0,0,0,0,0,0,0,0,0,0,0,0,0,0,0,0,0,0,0,0,0,0,0,0,0,0,0,0,0,0,0,0,0,0,0,0
8,right,0,0,0,0,0,0,0,0,0,0,0,0,0,0,0,0,0,0,0,0,0,0,0,0,0,0,0,0,0,0,0,0,0,0,0,0,0,0,0,0,0,0,0,0,0,0,0,0,0,0,0,0,0,0,0,0,0,0,0,0,0,0,0
8,left,0,0,0,0,0,0,0,0,0,0,0,0,0,0,0,0,0,0,0,0,0,0,0,0,0,0,0,0,0,0,0,0,0,0,0,0,0,0,0,0,0,0,0,0,0,0,0,0,0,0,0,0,0,0,0,0,0,0,0,0,0,0,0
9,right,0.2741023600101471,0.9830067157745361,-2.4209026605603867e-07,0.3100271224975586,0.9769677519798279,-0.029390379786491394,0.33812665939331055,0.9726357460021973,-0.05352494865655899,0.34399035573005676,0.9855045080184937,-0.07571453601121902,0.33818623423576355,1.0036561489105225,-0.0963905081152916,0.3264853060245514,0.8776806592941284,-0.05262367054820061,0.3376653492450714,0.9486030340194702,-0.09495505690574646,0.3367307186126709,1.0042190551757812,-0.12009760737419128,0.33417555689811707,1.0255078077316284,-0.13205601274967194,0.28155630826950073,0.8827108144760132,-0.05148748680949211,0.2931540608406067,0.9859976172447205,-0.0815356895327568,0.29761365056037903,1.0228577852249146,-0.08694013208150864,0.29750028252601624,1.0174671411514282,-0.08970973640680313,0.24347631633281708,0.9062409400939941,-0.05414704233407974,0.25502631068229675,1.0073397159576416,-0.07808626443147659,0.2631763219833374,1.0291271209716797,-0.07295086979866028,0.2635893225669861,1.0181398391723633,-0.06721419841051102,0.21181339025497437,0.9345511794090271,-0.060378603637218475,0.2211948186159134,1.0023479461669922,-0.073597252368927,0.2314286231994629,1.0229672193527222,-0.06876634806394577,0.23458313941955566,1.0194061994552612,-0.06301087886095047
9,left,0,0,0,0,0,0,0,0,0,0,0,0,0,0,0,0,0,0,0,0,0,0,0,0,0,0,0,0,0,0,0,0,0,0,0,0,0,0,0,0,0,0,0,0,0,0,0,0,0,0,0,0,0,0,0,0,0,0,0,0,0,0,0
10,right,0.3017355501651764,0.9471379518508911,-3.8013459402463923e-07,0.349229633808136,0.9192858338356018,-0.03286197409033775,0.38896164298057556,0.8650405406951904,-0.05312942713499069,0.42200958728790283,0.8196271657943726,-0.07034853100776672,0.45727160573005676,0.7878592014312744,-0.08393240720033646,0.3411257565021515,0.7554221749305725,-0.030193177983164787,0.3427537977695465,0.8187536001205444,-0.05932648479938507,0.3431662619113922,0.862064778804779,-0.07633979618549347,0.34280824661254883,0.8579499125480652,-0.0863460898399353,0.299404114484787,0.7584052681922913,-0.027794813737273216,0.3055327236652374,0.8249765634536743,-0.05207227170467377,0.31225907802581787,0.874991238117218,-0.05605502426624298,0.31249743700027466,0.8663076758384705,-0.056967053562402725,0.2637813091278076,0.7803969979286194,-0.029837725684046745,0.26794400811195374,0.8272197246551514,-0.05538439750671387,0.2799263596534729,0.8746079802513123,-0.04768821969628334,0.2851114869117737,0.8688724637031555,-0.03918258473277092,0.2338539958000183,0.810225784778595,-0.035298384726047516,0.23167885839939117,0.8307386636734009,-0.050811778753995895,0.24380677938461304,0.8647438287734985,-0.042647525668144226,0.2513386607170105,0.8664459586143494,-0.033221110701560974
10,left,0,0,0,0,0,0,0,0,0,0,0,0,0,0,0,0,0,0,0,0,0,0,0,0,0,0,0,0,0,0,0,0,0,0,0,0,0,0,0,0,0,0,0,0,0,0,0,0,0,0,0,0,0,0,0,0,0,0,0,0,0,0,0
11,right,0.29511013627052307,0.9097179174423218,-3.544477920058853e-07,0.33941933512687683,0.8829852938652039,-0.03398142755031586,0.3712305426597595,0.842903733253479,-0.05492962896823883,0.3856928050518036,0.8104881644248962,-0.0723898857831955,0.40384596586227417,0.7806461453437805,-0.08416149765253067,0.3348129093647003,0.7089204788208008,-0.025036081671714783,0.3432561755180359,0.7551634311676025,-0.05696532502770424,0.3446533977985382,0.8053564429283142,-0.07423696666955948,0.3392302095890045,0.8090890049934387,-0.0829443410038948,0.29358163475990295,0.7085819840431213,-0.0205345768481493,0.30148938298225403,0.7710480690002441,-0.046997442841529846,0.31225651502609253,0.8251429200172424,-0.050573959946632385,0.31187787652015686,0.8158519864082336,-0.04912455007433891,0.25886353850364685,0.728266179561615,-0.021587969735264778,0.2658921480178833,0.791069746017456,-0.04617438092827797,0.28088757395744324,0.8341211676597595,-0.03870324790477753,0.2827056646347046,0.8247073292732239,-0.02958296798169613,0.22994020581245422,0.7557157874107361,-0.02661949396133423,0.23329445719718933,0.8007143139839172,-0.03983293101191521,0.2484847605228424,0.83431077003479,-0.03343469649553299,0.2530883252620697,0.8313562273979187,-0.024873344227671623
11,left,0,0,0,0,0,0,0,0,0,0,0,0,0,0,0,0,0,0,0,0,0,0,0,0,0,0,0,0,0,0,0,0,0,0,0,0,0,0,0,0,0,0,0,0,0,0,0,0,0,0,0,0,0,0,0,0,0,0,0,0,0,0,0
12,right,0.3029218018054962,0.8615582585334778,-1.3701298939849949e-07,0.35010826587677,0.8184165954589844,-0.02310573123395443,0.390785813331604,0.7619142532348633,-0.035732999444007874,0.4214651882648468,0.7198315858840942,-0.04552885890007019,0.4491260051727295,0.6920632719993591,-0.05004977062344551,0.3545944392681122,0.6593721508979797,-0.013661917299032211,0.35258644819259644,0.6828645467758179,-0.035610076040029526,0.3512451648712158,0.731650173664093,-0.04976008087396622,0.34836074709892273,0.7287179231643677,-0.05854305252432823,0.3129766583442688,0.6555118560791016,-0.010742555372416973,0.31518611311912537,0.6869710087776184,-0.028081882745027542,0.3218373954296112,0.7402273416519165,-0.03126734495162964,0.3216415345668793,0.7309514880180359,-0.03177694231271744,0.2771366536617279,0.671156644821167,-0.011756328865885735,0.27982261776924133,0.6973745226860046,-0.027033032849431038,0.29063692688941956,0.7452152967453003,-0.017274437472224236,0.2942614257335663,0.7385616898536682,-0.009384499862790108,0.24780184030532837,0.6927017569541931,-0.01574404165148735,0.24907143414020538,0.714890718460083,-0.022168824449181557,0.2604476809501648,0.7482767701148987,-0.013273816555738449,0.265839159488678,0.7439953684806824,-0.004745059181004763
12,left,0,0,0,0,0,0,0,0,0,0,0,0,0,0,0,0,0,0,0,0,0,0,0,0,0,0,0,0,0,0,0,0,0,0,0,0,0,0,0,0,0,0,0,0,0,0,0,0,0,0,0,0,0,0,0,0,0,0,0,0,0,0,0
13,right,0.30449411273002625,0.8145229816436768,-3.498525131817587e-07,0.34941667318344116,0.7871059775352478,-0.026969635859131813,0.3911740779876709,0.7375913858413696,-0.04153105244040489,0.4203786551952362,0.6967148184776306,-0.052649013698101044,0.4427807927131653,0.6664841175079346,-0.057567279785871506,0.3566100001335144,0.6278846859931946,-0.020488128066062927,0.3567665219306946,0.6532880663871765,-0.0461573489010334,0.3565077781677246,0.7051886320114136,-0.05944899469614029,0.3546743392944336,0.6976276636123657,-0.06779176741838455,0.31716570258140564,0.6241293549537659,-0.018014321103692055,0.32035306096076965,0.6530235409736633,-0.04117022827267647,0.3285183310508728,0.7135540843009949,-0.04289112612605095,0.32962504029273987,0.7009117603302002,-0.04137387499213219,0.2816469073295593,0.6384290456771851,-0.020064573734998703,0.2830835282802582,0.6659847497940063,-0.04154026880860329,0.296327143907547,0.7184513211250305,-0.031230056658387184,0.3015885353088379,0.7070468664169312,-0.021923866122961044,0.25105783343315125,0.6576189398765564,-0.02530842460691929,0.25122687220573425,0.6845752000808716,-0.035818979144096375,0.26474204659461975,0.7214399576187134,-0.027639029547572136,0.2709698975086212,0.7143966555595398,-0.019565297290682793
13,left,0,0,0,0,0,0,0,0,0,0,0,0,0,0,0,0,0,0,0,0,0,0,0,0,0,0,0,0,0,0,0,0,0,0,0,0,0,0,0,0,0,0,0,0,0,0,0,0,0,0,0,0,0,0,0,0,0,0,0,0,0,0,0
14,right,0.30868375301361084,0.7904112935066223,-1.8326889517084055e-07,0.35562869906425476,0.7578232288360596,-0.02293163165450096,0.4017863869667053,0.703528881072998,-0.03349381312727928,0.4421052932739258,0.6591852307319641,-0.04083218425512314,0.47451353073120117,0.6357810497283936,-0.04205944389104843,0.36507147550582886,0.6263415813446045,-0.01608429104089737,0.367046058177948,0.6119199991226196,-0.037206947803497314,0.36234089732170105,0.670158863067627,-0.047216374427080154,0.36375412344932556,0.6667481064796448,-0.05364997684955597,0.32953742146492004,0.6268402934074402,-0.012235205620527267,0.33402732014656067,0.607313334941864,-0.032808851450681686,0.3363298177719116,0.6734634637832642,-0.0331714004278183,0.33830660581588745,0.6688565611839294,-0.03127644583582878,0.29649150371551514,0.6364489793777466,-0.01209326833486557,0.2975689470767975,0.6175733804702759,-0.029810015112161636,0.30524131655693054,0.6763408780097961,-0.016080571338534355,0.3117540776729584,0.6734834313392639,-0.004924285225570202,0.2665984630584717,0.6471470594406128,-0.014261926524341106,0.26397451758384705,0.6393889784812927,-0.018679501488804817,0.2753557860851288,0.6774516105651855,-0.005520318169146776,0.28373122215270996,0.6794410347938538,0.004845818039029837
14,left,0,0,0,0,0,0,0,0,0,0,0,0,0,0,0,0,0,0,0,0,0,0,0,0,0,0,0,0,0,0,0,0,0,0,0,0,0,0,0,0,0,0,0,0,0,0,0,0,0,0,0,0,0,0,0,0,0,0,0,0,0,0,0
15,right,0,0,0,0,0,0,0,0,0,0,0,0,0,0,0,0,0,0,0,0,0,0,0,0,0,0,0,0,0,0,0,0,0,0,0,0,0,0,0,0,0,0,0,0,0,0,0,0,0,0,0,0,0,0,0,0,0,0,0,0,0,0,0
15,left,0,0,0,0,0,0,0,0,0,0,0,0,0,0,0,0,0,0,0,0,0,0,0,0,0,0,0,0,0,0,0,0,0,0,0,0,0,0,0,0,0,0,0,0,0,0,0,0,0,0,0,0,0,0,0,0,0,0,0,0,0,0,0
16,right,0,0,0,0,0,0,0,0,0,0,0,0,0,0,0,0,0,0,0,0,0,0,0,0,0,0,0,0,0,0,0,0,0,0,0,0,0,0,0,0,0,0,0,0,0,0,0,0,0,0,0,0,0,0,0,0,0,0,0,0,0,0,0
16,left,0,0,0,0,0,0,0,0,0,0,0,0,0,0,0,0,0,0,0,0,0,0,0,0,0,0,0,0,0,0,0,0,0,0,0,0,0,0,0,0,0,0,0,0,0,0,0,0,0,0,0,0,0,0,0,0,0,0,0,0,0,0,0
17,right,0,0,0,0,0,0,0,0,0,0,0,0,0,0,0,0,0,0,0,0,0,0,0,0,0,0,0,0,0,0,0,0,0,0,0,0,0,0,0,0,0,0,0,0,0,0,0,0,0,0,0,0,0,0,0,0,0,0,0,0,0,0,0
17,left,0,0,0,0,0,0,0,0,0,0,0,0,0,0,0,0,0,0,0,0,0,0,0,0,0,0,0,0,0,0,0,0,0,0,0,0,0,0,0,0,0,0,0,0,0,0,0,0,0,0,0,0,0,0,0,0,0,0,0,0,0,0,0
18,right,0,0,0,0,0,0,0,0,0,0,0,0,0,0,0,0,0,0,0,0,0,0,0,0,0,0,0,0,0,0,0,0,0,0,0,0,0,0,0,0,0,0,0,0,0,0,0,0,0,0,0,0,0,0,0,0,0,0,0,0,0,0,0
18,left,0,0,0,0,0,0,0,0,0,0,0,0,0,0,0,0,0,0,0,0,0,0,0,0,0,0,0,0,0,0,0,0,0,0,0,0,0,0,0,0,0,0,0,0,0,0,0,0,0,0,0,0,0,0,0,0,0,0,0,0,0,0,0
19,right,0,0,0,0,0,0,0,0,0,0,0,0,0,0,0,0,0,0,0,0,0,0,0,0,0,0,0,0,0,0,0,0,0,0,0,0,0,0,0,0,0,0,0,0,0,0,0,0,0,0,0,0,0,0,0,0,0,0,0,0,0,0,0
19,left,0,0,0,0,0,0,0,0,0,0,0,0,0,0,0,0,0,0,0,0,0,0,0,0,0,0,0,0,0,0,0,0,0,0,0,0,0,0,0,0,0,0,0,0,0,0,0,0,0,0,0,0,0,0,0,0,0,0,0,0,0,0,0
20,right,0,0,0,0,0,0,0,0,0,0,0,0,0,0,0,0,0,0,0,0,0,0,0,0,0,0,0,0,0,0,0,0,0,0,0,0,0,0,0,0,0,0,0,0,0,0,0,0,0,0,0,0,0,0,0,0,0,0,0,0,0,0,0
20,left,0,0,0,0,0,0,0,0,0,0,0,0,0,0,0,0,0,0,0,0,0,0,0,0,0,0,0,0,0,0,0,0,0,0,0,0,0,0,0,0,0,0,0,0,0,0,0,0,0,0,0,0,0,0,0,0,0,0,0,0,0,0,0
21,right,0,0,0,0,0,0,0,0,0,0,0,0,0,0,0,0,0,0,0,0,0,0,0,0,0,0,0,0,0,0,0,0,0,0,0,0,0,0,0,0,0,0,0,0,0,0,0,0,0,0,0,0,0,0,0,0,0,0,0,0,0,0,0
21,left,0,0,0,0,0,0,0,0,0,0,0,0,0,0,0,0,0,0,0,0,0,0,0,0,0,0,0,0,0,0,0,0,0,0,0,0,0,0,0,0,0,0,0,0,0,0,0,0,0,0,0,0,0,0,0,0,0,0,0,0,0,0,0
22,right,0.29263725876808167,0.7472604513168335,-3.490232529657078e-07,0.3350883424282074,0.7254517078399658,-0.020336948335170746,0.37913715839385986,0.6785100698471069,-0.02945280261337757,0.40665489435195923,0.6459436416625977,-0.03665590658783913,0.42801639437675476,0.6281418204307556,-0.03736479580402374,0.35141754150390625,0.602596640586853,-0.010878711938858032,0.3565466105937958,0.5747998356819153,-0.03516541048884392,0.3488084077835083,0.6301137804985046,-0.043318863958120346,0.34778091311454773,0.637603223323822,-0.04572498798370361,0.3183414340019226,0.6002810597419739,-0.009544904343783855,0.3246186673641205,0.5712860226631165,-0.0323781780898571,0.321848064661026,0.6376208662986755,-0.029893983155488968,0.32341665029525757,0.6360305547714233,-0.0229404978454113,0.28739362955093384,0.6019226312637329,-0.013055851683020592,0.29094061255455017,0.5766904950141907,-0.033404212445020676,0.2935780882835388,0.6369869112968445,-0.018557460978627205,0.29766643047332764,0.6362274289131165,-0.004192843567579985,0.25799739360809326,0.6067768931388855,-0.019027860835194588,0.25797805190086365,0.5881068706512451,-0.024852193892002106,0.2635341286659241,0.6306923031806946,-0.010538974776864052,0.2687623202800751,0.6373025178909302,0.0021911354269832373
22,left,0,0,0,0,0,0,0,0,0,0,0,0,0,0,0,0,0,0,0,0,0,0,0,0,0,0,0,0,0,0,0,0,0,0,0,0,0,0,0,0,0,0,0,0,0,0,0,0,0,0,0,0,0,0,0,0,0,0,0,0,0,0,0
23,right,0.2950992286205292,0.7382827997207642,-2.2964165680150472e-07,0.33923599123954773,0.7202414274215698,-0.02564728446304798,0.38749265670776367,0.6681790351867676,-0.03695974498987198,0.424007385969162,0.6282976269721985,-0.04457421228289604,0.45495229959487915,0.6100131273269653,-0.04644399881362915,0.3529563546180725,0.5999662280082703,-0.02153407223522663,0.35480010509490967,0.570788562297821,-0.04404663294553757,0.34649205207824707,0.6264504790306091,-0.05190602317452431,0.3457336127758026,0.6369344592094421,-0.054840706288814545,0.3192906379699707,0.5976183414459229,-0.01714213937520981,0.32289502024650574,0.5684380531311035,-0.03917818143963814,0.3213776648044586,0.6335873603820801,-0.03754192218184471,0.3221723437309265,0.6377175450325012,-0.032112039625644684,0.2886168956756592,0.6004287600517273,-0.01703329011797905,0.28980329632759094,0.5737493634223938,-0.03777003660798073,0.29295629262924194,0.6312299370765686,-0.024513162672519684,0.29650166630744934,0.6341392993927002,-0.011388667859137058,0.259266197681427,0.605898380279541,-0.019257958978414536,0.2585074007511139,0.586316704750061,-0.027149509638547897,0.2654568552970886,0.6246169209480286,-0.014976393431425095,0.2694740891456604,0.632607638835907,-0.00377288949675858
23,left,0,0,0,0,0,0,0,0,0,0,0,0,0,0,0,0,0,0,0,0,0,0,0,0,0,0,0,0,0,0,0,0,0,0,0,0,0,0,0,0,0,0,0,0,0,0,0,0,0,0,0,0,0,0,0,0,0,0,0,0,0,0,0
24,right,0.28962579369544983,0.7396494746208191,-2.4902402628868003e-07,0.33592692017555237,0.7174509167671204,-0.024722613394260406,0.3872253894805908,0.6649917960166931,-0.033458929508924484,0.42647963762283325,0.6240220069885254,-0.037966642528772354,0.45645391941070557,0.6077038645744324,-0.03603869676589966,0.3513285517692566,0.5909804105758667,-0.019339408725500107,0.3533235192298889,0.5642831921577454,-0.04018738493323326,0.34572529792785645,0.6210497617721558,-0.04831318557262421,0.3468552231788635,0.6264188885688782,-0.05206555500626564,0.3177701234817505,0.590479850769043,-0.013952775858342648,0.32197538018226624,0.560830295085907,-0.03354444354772568,0.3204572796821594,0.6271916627883911,-0.03155731409788132,0.3225412368774414,0.6278243064880371,-0.026927873492240906,0.2872077226638794,0.59421306848526,-0.01255897618830204,0.2881869673728943,0.5664690136909485,-0.029883017763495445,0.2912377715110779,0.625903844833374,-0.015462551265954971,0.29737603664398193,0.6276794075965881,-0.00275659142062068,0.25812676548957825,0.5988724231719971,-0.013613533228635788,0.25664931535720825,0.5797531604766846,-0.017150212079286575,0.26309019327163696,0.6194093227386475,-0.002859246451407671,0.26900508999824524,0.6277481317520142,0.008779315277934074
24,left,0,0,0,0,0,0,0,0,0,0,0,0,0,0,0,0,0,0,0,0,0,0,0,0,0,0,0,0,0,0,0,0,0,0,0,0,0,0,0,0,0,0,0,0,0,0,0,0,0,0,0,0,0,0,0,0,0,0,0,0,0,0,0
25,right,0.2905138432979584,0.7336515784263611,-2.690091207568912e-07,0.33784836530685425,0.7130727767944336,-0.024303656071424484,0.3885379731655121,0.6622019410133362,-0.03363175690174103,0.4264371693134308,0.6213938593864441,-0.039350707083940506,0.45614486932754517,0.6053350567817688,-0.03898647800087929,0.3525749146938324,0.5914864540100098,-0.019611401483416557,0.3542930483818054,0.5619423389434814,-0.04074738919734955,0.3456014096736908,0.6198795437812805,-0.047837402671575546,0.3464937210083008,0.6293826699256897,-0.05062330141663551,0.3193681836128235,0.5893340706825256,-0.015227491036057472,0.32282233238220215,0.55774986743927,-0.036267586052417755,0.3202556073665619,0.6254618167877197,-0.03335581719875336,0.3229600191116333,0.6296043992042542,-0.027401253581047058,0.2890685498714447,0.5918065905570984,-0.01492515578866005,0.2895859479904175,0.5624886751174927,-0.0343121737241745,0.29162850975990295,0.623105525970459,-0.019324535503983498,0.2973317801952362,0.6276233196258545,-0.0054325987584888935,0.2595793604850769,0.5961851477622986,-0.017018266022205353,0.2578890919685364,0.5767029523849487,-0.022707583382725716,0.26413974165916443,0.6169780492782593,-0.008908677846193314,0.2696384787559509,0.6266219019889832,0.0028611221350729465
25,left,0,0,0,0,0,0,0,0,0,0,0,0,0,0,0,0,0,0,0,0,0,0,0,0,0,0,0,0,0,0,0,0,0,0,0,0,0,0,0,0,0,0,0,0,0,0,0,0,0,0,0,0,0,0,0,0,0,0,0,0,0,0,0
26,right,0,0,0,0,0,0,0,0,0,0,0,0,0,0,0,0,0,0,0,0,0,0,0,0,0,0,0,0,0,0,0,0,0,0,0,0,0,0,0,0,0,0,0,0,0,0,0,0,0,0,0,0,0,0,0,0,0,0,0,0,0,0,0
26,left,0,0,0,0,0,0,0,0,0,0,0,0,0,0,0,0,0,0,0,0,0,0,0,0,0,0,0,0,0,0,0,0,0,0,0,0,0,0,0,0,0,0,0,0,0,0,0,0,0,0,0,0,0,0,0,0,0,0,0,0,0,0,0
27,right,0.28646570444107056,0.7349721193313599,-2.1761407253961806e-07,0.32293701171875,0.7121388912200928,-0.022541236132383347,0.3575068414211273,0.6720858216285706,-0.03584672510623932,0.3693554997444153,0.6394296288490295,-0.04859419912099838,0.37943583726882935,0.6173800826072693,-0.055725593119859695,0.34501251578330994,0.5884947180747986,-0.006699875462800264,0.34721094369888306,0.5554779171943665,-0.031219342723488808,0.34011566638946533,0.6045323014259338,-0.03979084640741348,0.3389524817466736,0.6160035133361816,-0.04154445603489876,0.31287938356399536,0.5849303007125854,-0.003983674105256796,0.3191554546356201,0.5494223833084106,-0.027245938777923584,0.31640252470970154,0.6157225966453552,-0.02480373904109001,0.3199847638607025,0.6151939630508423,-0.016320014372467995,0.28367212414741516,0.5844740271568298,-0.006804412230849266,0.2862683832645416,0.5523509383201599,-0.029350770637392998,0.28741201758384705,0.6132433414459229,-0.013903231360018253,0.2935425341129303,0.6174046397209167,0.002863318892195821,0.25332677364349365,0.5873456001281738,-0.012261178344488144,0.25570088624954224,0.561024010181427,-0.01999988593161106,0.25915947556495667,0.6061833500862122,-0.005594488698989153,0.2654629349708557,0.614944577217102,0.00852729007601738
27,left,0,0,0,0,0,0,0,0,0,0,0,0,0,0,0,0,0,0,0,0,0,0,0,0,0,0,0,0,0,0,0,0,0,0,0,0,0,0,0,0,0,0,0,0,0,0,0,0,0,0,0,0,0,0,0,0,0,0,0,0,0,0,0
28,right,0,0,0,0,0,0,0,0,0,0,0,0,0,0,0,0,0,0,0,0,0,0,0,0,0,0,0,0,0,0,0,0,0,0,0,0,0,0,0,0,0,0,0,0,0,0,0,0,0,0,0,0,0,0,0,0,0,0,0,0,0,0,0
28,left,0,0,0,0,0,0,0,0,0,0,0,0,0,0,0,0,0,0,0,0,0,0,0,0,0,0,0,0,0,0,0,0,0,0,0,0,0,0,0,0,0,0,0,0,0,0,0,0,0,0,0,0,0,0,0,0,0,0,0,0,0,0,0
29,right,0,0,0,0,0,0,0,0,0,0,0,0,0,0,0,0,0,0,0,0,0,0,0,0,0,0,0,0,0,0,0,0,0,0,0,0,0,0,0,0,0,0,0,0,0,0,0,0,0,0,0,0,0,0,0,0,0,0,0,0,0,0,0
29,left,0,0,0,0,0,0,0,0,0,0,0,0,0,0,0,0,0,0,0,0,0,0,0,0,0,0,0,0,0,0,0,0,0,0,0,0,0,0,0,0,0,0,0,0,0,0,0,0,0,0,0,0,0,0,0,0,0,0,0,0,0,0,0
30,right,0,0,0,0,0,0,0,0,0,0,0,0,0,0,0,0,0,0,0,0,0,0,0,0,0,0,0,0,0,0,0,0,0,0,0,0,0,0,0,0,0,0,0,0,0,0,0,0,0,0,0,0,0,0,0,0,0,0,0,0,0,0,0
30,left,0,0,0,0,0,0,0,0,0,0,0,0,0,0,0,0,0,0,0,0,0,0,0,0,0,0,0,0,0,0,0,0,0,0,0,0,0,0,0,0,0,0,0,0,0,0,0,0,0,0,0,0,0,0,0,0,0,0,0,0,0,0,0
31,right,0,0,0,0,0,0,0,0,0,0,0,0,0,0,0,0,0,0,0,0,0,0,0,0,0,0,0,0,0,0,0,0,0,0,0,0,0,0,0,0,0,0,0,0,0,0,0,0,0,0,0,0,0,0,0,0,0,0,0,0,0,0,0
31,left,0,0,0,0,0,0,0,0,0,0,0,0,0,0,0,0,0,0,0,0,0,0,0,0,0,0,0,0,0,0,0,0,0,0,0,0,0,0,0,0,0,0,0,0,0,0,0,0,0,0,0,0,0,0,0,0,0,0,0,0,0,0,0
32,right,0,0,0,0,0,0,0,0,0,0,0,0,0,0,0,0,0,0,0,0,0,0,0,0,0,0,0,0,0,0,0,0,0,0,0,0,0,0,0,0,0,0,0,0,0,0,0,0,0,0,0,0,0,0,0,0,0,0,0,0,0,0,0
32,left,0,0,0,0,0,0,0,0,0,0,0,0,0,0,0,0,0,0,0,0,0,0,0,0,0,0,0,0,0,0,0,0,0,0,0,0,0,0,0,0,0,0,0,0,0,0,0,0,0,0,0,0,0,0,0,0,0,0,0,0,0,0,0
33,right,0,0,0,0,0,0,0,0,0,0,0,0,0,0,0,0,0,0,0,0,0,0,0,0,0,0,0,0,0,0,0,0,0,0,0,0,0,0,0,0,0,0,0,0,0,0,0,0,0,0,0,0,0,0,0,0,0,0,0,0,0,0,0
33,left,0,0,0,0,0,0,0,0,0,0,0,0,0,0,0,0,0,0,0,0,0,0,0,0,0,0,0,0,0,0,0,0,0,0,0,0,0,0,0,0,0,0,0,0,0,0,0,0,0,0,0,0,0,0,0,0,0,0,0,0,0,0,0
34,right,0,0,0,0,0,0,0,0,0,0,0,0,0,0,0,0,0,0,0,0,0,0,0,0,0,0,0,0,0,0,0,0,0,0,0,0,0,0,0,0,0,0,0,0,0,0,0,0,0,0,0,0,0,0,0,0,0,0,0,0,0,0,0
34,left,0,0,0,0,0,0,0,0,0,0,0,0,0,0,0,0,0,0,0,0,0,0,0,0,0,0,0,0,0,0,0,0,0,0,0,0,0,0,0,0,0,0,0,0,0,0,0,0,0,0,0,0,0,0,0,0,0,0,0,0,0,0,0
35,right,0,0,0,0,0,0,0,0,0,0,0,0,0,0,0,0,0,0,0,0,0,0,0,0,0,0,0,0,0,0,0,0,0,0,0,0,0,0,0,0,0,0,0,0,0,0,0,0,0,0,0,0,0,0,0,0,0,0,0,0,0,0,0
35,left,0,0,0,0,0,0,0,0,0,0,0,0,0,0,0,0,0,0,0,0,0,0,0,0,0,0,0,0,0,0,0,0,0,0,0,0,0,0,0,0,0,0,0,0,0,0,0,0,0,0,0,0,0,0,0,0,0,0,0,0,0,0,0
36,right,0.2863379120826721,0.7381552457809448,-3.311798764116247e-07,0.33298614621162415,0.7191323637962341,-0.024328360334038734,0.3814537227153778,0.6728807687759399,-0.03428026661276817,0.42169296741485596,0.6361615657806396,-0.041212912648916245,0.4522029757499695,0.6203168034553528,-0.04237643629312515,0.35072365403175354,0.5990082621574402,-0.016673477366566658,0.3523939847946167,0.573982298374176,-0.039056047797203064,0.3430747985839844,0.6301886439323425,-0.04794957861304283,0.3450803756713867,0.6367445588111877,-0.05201951041817665,0.3183242976665497,0.5947820544242859,-0.012739041820168495,0.3204413056373596,0.5677961111068726,-0.03338749334216118,0.3173327147960663,0.6343042254447937,-0.030991289764642715,0.32142117619514465,0.6348395347595215,-0.025612644851207733,0.2874630391597748,0.596457839012146,-0.013333597220480442,0.2872348129749298,0.571509838104248,-0.032598719000816345,0.2886757552623749,0.6314796805381775,-0.01814337633550167,0.2951423227787018,0.6324352025985718,-0.004831025842577219,0.2577054500579834,0.6008776426315308,-0.016456231474876404,0.25445228815078735,0.583233654499054,-0.022406548261642456,0.26047661900520325,0.6232401728630066,-0.008888508193194866,0.266787052154541,0.6312565803527832,0.0026964962016791105
36,left,0,0,0,0,0,0,0,0,0,0,0,0,0,0,0,0,0,0,0,0,0,0,0,0,0,0,0,0,0,0,0,0,0,0,0,0,0,0,0,0,0,0,0,0,0,0,0,0,0,0,0,0,0,0,0,0,0,0,0,0,0,0,0
