1,right,0.3113514482975006,0.9272419810295105,1.9789280258919462e-07,0.35130926966667175,0.8750591278076172,-0.006576153915375471,0.3749707043170929,0.8101515173912048,-0.010863629169762135,0.393634557723999,0.7615317702293396,-0.018106184899806976,0.39319729804992676,0.7150989770889282,-0.02482343092560768,0.33796530961990356,0.7419776916503906,0.01001802459359169,0.3539668023586273,0.6969606280326843,-0.007867367938160896,0.36780282855033875,0.7034727334976196,-0.02484777383506298,0.37643077969551086,0.7108083963394165,-0.03490680456161499,0.3183877766132355,0.7366523742675781,0.001171566080302,0.3330441415309906,0.6666600704193115,-0.012724285013973713,0.35293662548065186,0.6271844506263733,-0.02538175694644451,0.3724648356437683,0.5964409112930298,-0.033913008868694305,0.29771801829338074,0.7456192970275879,-0.012270810082554817,0.31716740131378174,0.6745749711990356,-0.029583560302853584,0.3391500413417816,0.639090895652771,-0.040107663720846176,0.35913369059562683,0.6099977493286133,-0.04561331123113632,0.27897340059280396,0.7659823894500732,-0.026770995929837227,0.28453341126441956,0.710837185382843,-0.041784293949604034,0.2974391579627991,0.6732031106948853,-0.04753495380282402,0.31327542662620544,0.6395774483680725,-0.05068876966834068
1,left,0,0,0,0,0,0,0,0,0,0,0,0,0,0,0,0,0,0,0,0,0,0,0,0,0,0,0,0,0,0,0,0,0,0,0,0,0,0,0,0,0,0,0,0,0,0,0,0,0,0,0,0,0,0,0,0,0,0,0,0,0,0,0
2,right,0.31068408489227295,0.9132338166236877,-1.7368449789501028e-07,0.34991276264190674,0.8789350390434265,-0.005919427610933781,0.3771061897277832,0.8085078597068787,-0.012049678713083267,0.3946801424026489,0.7601873874664307,-0.02072444185614586,0.3920356035232544,0.7119152545928955,-0.027491750195622444,0.33664971590042114,0.7504159808158875,0.01098277885466814,0.3644925653934479,0.7255189418792725,-0.011916485615074635,0.37273970246315,0.7678184509277344,-0.030417416244745255,0.374284029006958,0.8063023090362549,-0.03808046877384186,0.3159422278404236,0.7478359937667847,0.0031537555623799562,0.3444035053253174,0.7163416147232056,-0.02380814217031002,0.35612547397613525,0.7617241144180298,-0.03544176369905472,0.36419692635536194,0.8011571168899536,-0.03403400629758835,0.29550591111183167,0.7525842785835266,-0.009190318174660206,0.3122943043708801,0.6903279423713684,-0.024842243641614914,0.3301372826099396,0.6590704917907715,-0.02826492302119732,0.34504884481430054,0.6312650442123413,-0.02580901049077511,0.2757275700569153,0.7684850096702576,-0.02242228202521801,0.28276607394218445,0.7091614007949829,-0.026372430846095085,0.2971020042896271,0.672353208065033,-0.021719535812735558,0.3119661211967468,0.6403696537017822,-0.01662314310669899
2,left,0,0,0,0,0,0,0,0,0,0,0,0,0,0,0,0,0,0,0,0,0,0,0,0,0,0,0,0,0,0,0,0,0,0,0,0,0,0,0,0,0,0,0,0,0,0,0,0,0,0,0,0,0,0,0,0,0,0,0,0,0,0,0
3,right,0,0,0,0,0,0,0,0,0,0,0,0,0,0,0,0,0,0,0,0,0,0,0,0,0,0,0,0,0,0,0,0,0,0,0,0,0,0,0,0,0,0,0,0,0,0,0,0,0,0,0,0,0,0,0,0,0,0,0,0,0,0,0
3,left,0,0,0,0,0,0,0,0,0,0,0,0,0,0,0,0,0,0,0,0,0,0,0,0,0,0,0,0,0,0,0,0,0,0,0,0,0,0,0,0,0,0,0,0,0,0,0,0,0,0,0,0,0,0,0,0,0,0,0,0,0,0,0
4,right,0.2746354341506958,0.9800193309783936,4.5742578436147596e-07,0.29431605339050293,0.9088480472564697,-0.012452472001314163,0.3001159727573395,0.8351559042930603,-0.012309644371271133,0.30674099922180176,0.783523440361023,-0.01247942540794611,0.31948453187942505,0.7404381036758423,-0.011820667423307896,0.28619256615638733,0.8224728107452393,0.027842940762639046,0.2937961518764496,0.7771824598312378,0.029782086610794067,0.3053908050060272,0.7475117444992065,0.02249152772128582,0.31370097398757935,0.7256588935852051,0.01728973723948002,0.2699041962623596,0.8262351751327515,0.033721208572387695,0.27937132120132446,0.7856583595275879,0.037792760878801346,0.28999224305152893,0.7555961608886719,0.02875254675745964,0.30150166153907776,0.7317561507225037,0.022243158891797066,0.25623735785484314,0.8307688236236572,0.03608742728829384,0.26241740584373474,0.7840614318847656,0.04038316011428833,0.27253687381744385,0.7520761489868164,0.03831011801958084,0.28300872445106506,0.7293795943260193,0.036612313240766525,0.24563652276992798,0.8360407948493958,0.03603389859199524,0.24524222314357758,0.7864184975624084,0.042036183178424835,0.2519819438457489,0.7570902109146118,0.046068958938121796,0.26066282391548157,0.7338648438453674,0.048689406365156174
4,left,0,0,0,0,0,0,0,0,0,0,0,0,0,0,0,0,0,0,0,0,0,0,0,0,0,0,0,0,0,0,0,0,0,0,0,0,0,0,0,0,0,0,0,0,0,0,0,0,0,0,0,0,0,0,0,0,0,0,0,0,0,0,0
5,right,0.29965245723724365,0.951386570930481,-1.6010710623959312e-07,0.3429730236530304,0.8914276957511902,-0.0005805363762192428,0.3658875524997711,0.8204220533370972,-0.0033151195384562016,0.3808307945728302,0.7691817879676819,-0.009612279944121838,0.3846057951450348,0.7159470915794373,-0.014239749871194363,0.33126017451286316,0.767741322517395,0.01693321019411087,0.3541160821914673,0.7414819002151489,-0.00044095024350099266,0.36545830965042114,0.7717240452766418,-0.015659574419260025,0.36744266748428345,0.8019055128097534,-0.020582174882292747,0.3110862672328949,0.7661365270614624,0.00977238267660141,0.34228891134262085,0.7406156659126282,-0.005591049324721098,0.3530372977256775,0.7742151618003845,-0.013487621210515499,0.35443270206451416,0.8032984733581543,-0.012976574711501598,0.290303498506546,0.7719268202781677,-0.0010526295518502593,0.3170658051967621,0.7200785875320435,-0.010384639725089073,0.33917489647865295,0.7127867341041565,-0.010394607670605183,0.35485103726387024,0.7087680101394653,-0.0065747955814003944,0.2686155438423157,0.7856069207191467,-0.01273014023900032,0.2772051692008972,0.7240200042724609,-0.013286917470395565,0.293803334236145,0.6882195472717285,-0.007418535649776459,0.31064802408218384,0.6583082675933838,-0.0012459357967600226
5,left,0,0,0,0,0,0,0,0,0,0,0,0,0,0,0,0,0,0,0,0,0,0,0,0,0,0,0,0,0,0,0,0,0,0,0,0,0,0,0,0,0,0,0,0,0,0,0,0,0,0,0,0,0,0,0,0,0,0,0,0,0,0,0
6,right,0.3112559914588928,0.9229233860969543,2.817268978105858e-07,0.35130780935287476,0.8761326670646667,-0.0033164203632622957,0.3758924603462219,0.8124768733978271,-0.008067193441092968,0.39550936222076416,0.764826774597168,-0.017036598175764084,0.39598599076271057,0.7175836563110352,-0.02436879649758339,0.334077388048172,0.7477841973304749,0.013179258443415165,0.3541863262653351,0.7082546949386597,-0.01067480631172657,0.36611881852149963,0.7395510077476501,-0.03172125294804573,0.36901718378067017,0.7723708152770996,-0.04159925878047943,0.31454187631607056,0.7400919795036316,0.0023723451886326075,0.3336413502693176,0.6722439527511597,-0.010908112861216068,0.3554089665412903,0.6292975544929504,-0.024010932072997093,0.37578442692756653,0.5963833332061768,-0.03289259225130081,0.2946070432662964,0.7482906579971313,-0.013438338413834572,0.3143966495990753,0.6749961376190186,-0.028615612536668777,0.3358767032623291,0.6354959607124329,-0.03847029060125351,0.35500624775886536,0.6050471067428589,-0.043841440230607986,0.27840161323547363,0.7685121893882751,-0.030189774930477142,0.2857779562473297,0.7118813991546631,-0.041631828993558884,0.29743239283561707,0.6727190017700195,-0.04463720694184303,0.31111934781074524,0.639319896697998,-0.04589897766709328
6,left,0,0,0,0,0,0,0,0,0,0,0,0,0,0,0,0,0,0,0,0,0,0,0,0,0,0,0,0,0,0,0,0,0,0,0,0,0,0,0,0,0,0,0,0,0,0,0,0,0,0,0,0,0,0,0,0,0,0,0,0,0,0,0
7,right,0.3139992952346802,0.9223181009292603,2.2087999695941107e-07,0.3517337739467621,0.876860499382019,-0.0035034199245274067,0.3761141896247864,0.8110855221748352,-0.009291425347328186,0.3940439522266388,0.7628418207168579,-0.019329532980918884,0.39472076296806335,0.7161561250686646,-0.027722083032131195,0.3350203335285187,0.7483762502670288,0.012782457284629345,0.35670995712280273,0.7149191498756409,-0.01611142046749592,0.369618684053421,0.7527188658714294,-0.040794871747493744,0.3727739155292511,0.791685938835144,-0.0517720952630043,0.3145412802696228,0.7408447861671448,0.0011663454351946712,0.33226078748703003,0.6747225522994995,-0.01435103639960289,0.3542412519454956,0.6353416442871094,-0.028641168028116226,0.3740331530570984,0.6038750410079956,-0.03804651275277138,0.2934274673461914,0.7492407560348511,-0.015932371839880943,0.3107777237892151,0.6771410703659058,-0.0324939526617527,0.3319401144981384,0.6352523565292358,-0.04287795349955559,0.35083243250846863,0.6007977724075317,-0.04851892963051796,0.276589035987854,0.7696732878684998,-0.03404204174876213,0.28428998589515686,0.7127953767776489,-0.04502781108021736,0.29741641879081726,0.67668616771698,-0.04722131788730621,0.3117029666900635,0.6456087827682495,-0.04801785945892334
7,left,0,0,0,0,0,0,0,0,0,0,0,0,0,0,0,0,0,0,0,0,0,0,0,0,0,0,0,0,0,0,0,0,0,0,0,0,0,0,0,0,0,0,0,0,0,0,0,0,0,0,0,0,0,0,0,0,0,0,0,0,0,0,0
8,right,0,0,0,0,0,0,0,0,0,0,0,0,0,0,0,0,0,0,0,0,0,0,0,0,0,0,0,0,0,0,0,0,0,0,0,0,0,0,0,0,0,0,0,0,0,0,0,0,0,0,0,0,0,0,0,0,0,0,0,0,0,0,0
8,left,0,0,0,0,0,0,0,0,0,0,0,0,0,0,0,0,0,0,0,0,0,0,0,0,0,0,0,0,0,0,0,0,0,0,0,0,0,0,0,0,0,0,0,0,0,0,0,0,0,0,0,0,0,0,0,0,0,0,0,0,0,0,0
9,right,0,0,0,0,0,0,0,0,0,0,0,0,0,0,0,0,0,0,0,0,0,0,0,0,0,0,0,0,0,0,0,0,0,0,0,0,0,0,0,0,0,0,0,0,0,0,0,0,0,0,0,0,0,0,0,0,0,0,0,0,0,0,0
9,left,0,0,0,0,0,0,0,0,0,0,0,0,0,0,0,0,0,0,0,0,0,0,0,0,0,0,0,0,0,0,0,0,0,0,0,0,0,0,0,0,0,0,0,0,0,0,0,0,0,0,0,0,0,0,0,0,0,0,0,0,0,0,0
10,right,0.3077101409435272,0.9240736961364746,2.157560885507337e-07,0.3481726348400116,0.8773643970489502,-0.005317723378539085,0.3734421730041504,0.8094123005867004,-0.011072160676121712,0.39221400022506714,0.7600242495536804,-0.020494887605309486,0.3919309079647064,0.7139556407928467,-0.02799971215426922,0.33733880519866943,0.7456358075141907,0.011429209262132645,0.3596397638320923,0.7217683792114258,-0.018888141959905624,0.36875197291374207,0.7626972794532776,-0.04445555806159973,0.36891913414001465,0.8032824397087097,-0.055578283965587616,0.3161941170692444,0.7382177114486694,0.0009531012619845569,0.33707448840141296,0.6765813827514648,-0.015903834253549576,0.35906925797462463,0.6335241794586182,-0.03081991709768772,0.37948793172836304,0.5958380699157715,-0.04043960198760033,0.2941110134124756,0.746976912021637,-0.015151617117226124,0.31520500779151917,0.6772341728210449,-0.03300180658698082,0.33578258752822876,0.6348936557769775,-0.043588899075984955,0.3547137379646301,0.5978424549102783,-0.04903662949800491,0.27609318494796753,0.76906418800354,-0.03233838081359863,0.28615516424179077,0.7162982821464539,-0.04377852752804756,0.29818853735923767,0.6803394556045532,-0.04531951621174812,0.3118480145931244,0.648094117641449,-0.045383062213659286
10,left,0,0,0,0,0,0,0,0,0,0,0,0,0,0,0,0,0,0,0,0,0,0,0,0,0,0,0,0,0,0,0,0,0,0,0,0,0,0,0,0,0,0,0,0,0,0,0,0,0,0,0,0,0,0,0,0,0,0,0,0,0,0,0
11,right,0.31525281071662903,0.925648033618927,3.2676410910426057e-07,0.35313066840171814,0.8764967918395996,-0.006525531876832247,0.37652671337127686,0.8091933131217957,-0.010240975767374039,0.39400845766067505,0.7603166699409485,-0.016549356281757355,0.3932473063468933,0.7146629691123962,-0.022998105734586716,0.33392050862312317,0.7421680688858032,0.009273814968764782,0.34397417306900024,0.6899247169494629,-0.00568462535738945,0.3571441173553467,0.6680405735969543,-0.01918771117925644,0.367366224527359,0.6545630693435669,-0.027515742927789688,0.3149665296077728,0.7391256093978882,0.000732215354219079,0.3288252055644989,0.6702543497085571,-0.013743133284151554,0.349890798330307,0.6267300844192505,-0.025661703199148178,0.3700004518032074,0.594025731086731,-0.0330267995595932,0.29528456926345825,0.748694121837616,-0.01200255285948515,0.31352150440216064,0.6759883761405945,-0.0295658428221941,0.33607250452041626,0.6352580189704895,-0.04057813435792923,0.3572230637073517,0.6026241779327393,-0.046358443796634674,0.27792325615882874,0.7689622044563293,-0.02566348761320114,0.28339478373527527,0.7144820094108582,-0.04178546369075775,0.29653143882751465,0.675414502620697,-0.0494401678442955,0.3127463757991791,0.6409856081008911,-0.05382151156663895
11,left,0,0,0,0,0,0,0,0,0,0,0,0,0,0,0,0,0,0,0,0,0,0,0,0,0,0,0,0,0,0,0,0,0,0,0,0,0,0,0,0,0,0,0,0,0,0,0,0,0,0,0,0,0,0,0,0,0,0,0,0,0,0,0
12,right,0.3122665286064148,0.9180577993392944,2.1725854537635314e-07,0.3489091098308563,0.8795690536499023,-0.007857093587517738,0.3740144968032837,0.8087320923805237,-0.014286797493696213,0.39213332533836365,0.7596104741096497,-0.023295363411307335,0.39098408818244934,0.7145239114761353,-0.030121246352791786,0.33636772632598877,0.7440037131309509,0.00559012359008193,0.3601877987384796,0.72004634141922,-0.02523934654891491,0.368977814912796,0.7630288004875183,-0.04997386038303375,0.36884474754333496,0.8048633933067322,-0.06022711843252182,0.31416773796081543,0.7360067367553711,-0.0033432028722018003,0.3379506468772888,0.6737074851989746,-0.021295256912708282,0.36080703139305115,0.6300155520439148,-0.03535929694771767,0.3811393082141876,0.5917304754257202,-0.04356617107987404,0.2921622395515442,0.7454030513763428,-0.017812499776482582,0.3150511384010315,0.6735459566116333,-0.03622481971979141,0.3365982472896576,0.6339590549468994,-0.045933011919260025,0.3553089499473572,0.5996203422546387,-0.050143174827098846,0.27465489506721497,0.7677101492881775,-0.033392127603292465,0.28602731227874756,0.7132502794265747,-0.044552501291036606,0.29961133003234863,0.6771049499511719,-0.04562664404511452,0.3137449026107788,0.6452779769897461,-0.045082442462444305
12,left,0,0,0,0,0,0,0,0,0,0,0,0,0,0,0,0,0,0,0,0,0,0,0,0,0,0,0,0,0,0,0,0,0,0,0,0,0,0,0,0,0,0,0,0,0,0,0,0,0,0,0,0,0,0,0,0,0,0,0,0,0,0,0
13,right,0.3090304434299469,0.9215429425239563,2.0699094704923482e-07,0.34782135486602783,0.8797579407691956,-0.0060631087981164455,0.3724384605884552,0.8115097284317017,-0.011859799735248089,0.39034125208854675,0.7629142999649048,-0.020875338464975357,0.3903307318687439,0.7166048884391785,-0.027916647493839264,0.3351825475692749,0.7482359409332275,0.009530615992844105,0.35701316595077515,0.721116304397583,-0.019175803288817406,0.36692923307418823,0.7605186700820923,-0.04316287115216255,0.36732468008995056,0.8007362484931946,-0.053494296967983246,0.31470987200737,0.7402867078781128,-0.00018548550724517554,0.3366025686264038,0.6749836206436157,-0.017165184020996094,0.3599233031272888,0.6300394535064697,-0.03195309638977051,0.3799929618835449,0.5939134359359741,-0.04099283367395401,0.29342758655548096,0.7486064434051514,-0.015333743765950203,0.31648606061935425,0.675828754901886,-0.0335102453827858,0.33805909752845764,0.6348562240600586,-0.04469427838921547,0.3557208180427551,0.6010630130767822,-0.050042714923620224,0.2753261625766754,0.7690479159355164,-0.03136347234249115,0.2865435481071472,0.7139214277267456,-0.04294127970933914,0.299511194229126,0.6760762333869934,-0.04504251852631569,0.312924861907959,0.6429847478866577,-0.04541482403874397
13,left,0,0,0,0,0,0,0,0,0,0,0,0,0,0,0,0,0,0,0,0,0,0,0,0,0,0,0,0,0,0,0,0,0,0,0,0,0,0,0,0,0,0,0,0,0,0,0,0,0,0,0,0,0,0,0,0,0,0,0,0,0,0,0
14,right,0.3109263479709625,0.9196204543113708,2.632952202930028e-07,0.3504752814769745,0.8746273517608643,-0.006397646851837635,0.3761076331138611,0.8102826476097107,-0.01159186102449894,0.39348268508911133,0.7629587650299072,-0.020039843395352364,0.39184504747390747,0.716569185256958,-0.027411077171564102,0.33624279499053955,0.7511253356933594,0.009759233333170414,0.3572451174259186,0.7078164219856262,-0.015094831585884094,0.3732779026031494,0.7280997037887573,-0.03700081259012222,0.37962424755096436,0.7530449032783508,-0.04739316925406456,0.3166879117488861,0.7422931790351868,0.0008631462696939707,0.3369213342666626,0.674148440361023,-0.015003819018602371,0.3592022955417633,0.6318243145942688,-0.03041420504450798,0.378936767578125,0.5991303324699402,-0.039933301508426666,0.295725554227829,0.7488827109336853,-0.01305945310741663,0.315790593624115,0.6771246194839478,-0.030462423339486122,0.33415597677230835,0.6356943845748901,-0.043444935232400894,0.35031265020370483,0.6029305458068848,-0.05007633939385414,0.27672964334487915,0.7672614455223083,-0.027897778898477554,0.2856573760509491,0.7109998464584351,-0.04037247225642204,0.2981688678264618,0.672591507434845,-0.044928960502147675,0.3124089539051056,0.6405395269393921,-0.04693807289004326
14,left,0,0,0,0,0,0,0,0,0,0,0,0,0,0,0,0,0,0,0,0,0,0,0,0,0,0,0,0,0,0,0,0,0,0,0,0,0,0,0,0,0,0,0,0,0,0,0,0,0,0,0,0,0,0,0,0,0,0,0,0,0,0,0
15,right,0.31271597743034363,0.9143301844596863,2.2282728195932577e-07,0.35102859139442444,0.874500036239624,-0.006002350710332394,0.3762843608856201,0.8063660860061646,-0.012082132510840893,0.39403221011161804,0.7576850652694702,-0.02124173566699028,0.39135128259658813,0.7142423391342163,-0.028622450307011604,0.3353225886821747,0.7468962073326111,0.0065300543792545795,0.35687193274497986,0.7187904119491577,-0.023324744775891304,0.36995431780815125,0.7587539553642273,-0.047718606889247894,0.3741408586502075,0.79804927110672,-0.05818724259734154,0.3142002522945404,0.739315390586853,-0.003267617430537939,0.33320385217666626,0.6760073900222778,-0.019971072673797607,0.3561320900917053,0.6353303790092468,-0.03364810720086098,0.3766253590583801,0.600598931312561,-0.04229985177516937,0.2930552065372467,0.7477952837944031,-0.018352335318922997,0.309948593378067,0.6772360801696777,-0.03555924817919731,0.3310316205024719,0.6345562934875488,-0.04542279615998268,0.3494841158390045,0.5983148813247681,-0.05045491084456444,0.2762127220630646,0.7687394618988037,-0.034528423100709915,0.28409937024116516,0.7126087546348572,-0.045465778559446335,0.2969833016395569,0.6759226322174072,-0.04733015224337578,0.310549795627594,0.6449143290519714,-0.04778687283396721
15,left,0,0,0,0,0,0,0,0,0,0,0,0,0,0,0,0,0,0,0,0,0,0,0,0,0,0,0,0,0,0,0,0,0,0,0,0,0,0,0,0,0,0,0,0,0,0,0,0,0,0,0,0,0,0,0,0,0,0,0,0,0,0,0
16,right,0.314596951007843,0.9216744303703308,3.097975707078149e-07,0.35169634222984314,0.8749805688858032,-0.008192365989089012,0.37482982873916626,0.8101415038108826,-0.013013405725359917,0.3921419382095337,0.7622999548912048,-0.02029697597026825,0.3935183882713318,0.7162997126579285,-0.027321383357048035,0.33305099606513977,0.7424985766410828,0.008296489715576172,0.3486676514148712,0.6963690519332886,-0.00878098700195551,0.36567243933677673,0.6907175183296204,-0.024627242237329483,0.3773348331451416,0.6887326240539551,-0.03411497548222542,0.31360897421836853,0.7374462485313416,0.0004476899339351803,0.33032888174057007,0.6714890003204346,-0.014186116866767406,0.35156312584877014,0.6300333738327026,-0.026839999482035637,0.3713403642177582,0.5972428917884827,-0.03485913947224617,0.2935905158519745,0.7471095323562622,-0.01192712876945734,0.31226834654808044,0.6761623620986938,-0.029975038021802902,0.3316582143306732,0.6393156051635742,-0.04099348559975624,0.349735289812088,0.6083502769470215,-0.046489376574754715,0.2763212323188782,0.7684817314147949,-0.02536332607269287,0.2826237678527832,0.7154507637023926,-0.041559550911188126,0.2948542833328247,0.676078736782074,-0.0487423911690712,0.3100120723247528,0.6402024030685425,-0.05253127962350845
16,left,0,0,0,0,0,0,0,0,0,0,0,0,0,0,0,0,0,0,0,0,0,0,0,0,0,0,0,0,0,0,0,0,0,0,0,0,0,0,0,0,0,0,0,0,0,0,0,0,0,0,0,0,0,0,0,0,0,0,0,0,0,0,0
17,right,0.31088143587112427,0.9287658929824829,1.5541918685357814e-07,0.3514540195465088,0.8777031302452087,-0.0074097528122365475,0.37471437454223633,0.8118323683738708,-0.013016032986342907,0.39295533299446106,0.7627686858177185,-0.02192109264433384,0.3924863040447235,0.7162638902664185,-0.02944893203675747,0.33329156041145325,0.7456382513046265,0.008956453762948513,0.35548701882362366,0.7037971615791321,-0.015100357122719288,0.3718569576740265,0.7320349812507629,-0.036053575575351715,0.3786405622959137,0.7612031102180481,-0.046562448143959045,0.3139307498931885,0.7400078177452087,0.00018180358165409416,0.33198848366737366,0.6720012426376343,-0.015152579173445702,0.3530223071575165,0.6331801414489746,-0.028778186067938805,0.3729148209095001,0.6029104590415955,-0.0379028283059597,0.2940301299095154,0.7500748038291931,-0.01394425705075264,0.31513574719429016,0.6788171529769897,-0.03209315240383148,0.33563610911369324,0.6467621922492981,-0.04270549863576889,0.353376567363739,0.6206638813018799,-0.047945380210876465,0.2772604525089264,0.772391140460968,-0.029307784512639046,0.28376394510269165,0.7173093557357788,-0.04409030079841614,0.2963047921657562,0.6783688068389893,-0.049405235797166824,0.3110097646713257,0.6436944603919983,-0.05202194303274155
17,left,0,0,0,0,0,0,0,0,0,0,0,0,0,0,0,0,0,0,0,0,0,0,0,0,0,0,0,0,0,0,0,0,0,0,0,0,0,0,0,0,0,0,0,0,0,0,0,0,0,0,0,0,0,0,0,0,0,0,0,0,0,0,0
18,right,0.31184354424476624,0.9304556250572205,1.8740763607638655e-07,0.35117295384407043,0.8777813911437988,-0.006632182747125626,0.3739960789680481,0.8132945895195007,-0.011455521918833256,0.39201050996780396,0.765562117099762,-0.019294245168566704,0.3910798728466034,0.7196125984191895,-0.02627776376903057,0.336296409368515,0.7450013756752014,0.010188363492488861,0.3523672819137573,0.7015144228935242,-0.009331326931715012,0.36538219451904297,0.7172992825508118,-0.027919868007302284,0.37198689579963684,0.7330526113510132,-0.03860311210155487,0.31661561131477356,0.73968905210495,0.0013699824921786785,0.33231058716773987,0.6719146370887756,-0.012424441054463387,0.3531129062175751,0.6338524222373962,-0.025205260142683983,0.37320736050605774,0.6042574048042297,-0.03401036560535431,0.2960028052330017,0.7493575215339661,-0.012333504855632782,0.31492313742637634,0.6783689260482788,-0.02896151877939701,0.3361579179763794,0.6415276527404785,-0.03952829912304878,0.3557255268096924,0.6110872030258179,-0.04540751874446869,0.2778182327747345,0.7708145380020142,-0.027168041095137596,0.283450186252594,0.7164637446403503,-0.041451990604400635,0.2960723638534546,0.6786576509475708,-0.046948451548814774,0.3112720251083374,0.6441977024078369,-0.05010535195469856
18,left,0,0,0,0,0,0,0,0,0,0,0,0,0,0,0,0,0,0,0,0,0,0,0,0,0,0,0,0,0,0,0,0,0,0,0,0,0,0,0,0,0,0,0,0,0,0,0,0,0,0,0,0,0,0,0,0,0,0,0,0,0,0,0
19,right,0.30998486280441284,0.9301627278327942,2.132632488383024e-07,0.3502142131328583,0.8776388168334961,-0.0055655986070632935,0.3740673363208771,0.812364399433136,-0.009423039853572845,0.3918655216693878,0.7650405764579773,-0.016260109841823578,0.39083603024482727,0.7192696332931519,-0.022674761712551117,0.33489763736724854,0.7434313297271729,0.010588479228317738,0.34944528341293335,0.698684811592102,-0.006333825644105673,0.36244621872901917,0.7026808261871338,-0.02245497517287731,0.3700754940509796,0.7080154418945312,-0.03216463327407837,0.3154599368572235,0.7390891909599304,0.0014980603009462357,0.3306368887424469,0.6717859506607056,-0.012400220148265362,0.35194727778434753,0.6328098773956299,-0.02489427663385868,0.37222641706466675,0.60279780626297,-0.03329842537641525,0.29496482014656067,0.7491466999053955,-0.012072711251676083,0.3142130970954895,0.6781685948371887,-0.0295016597956419,0.3374851644039154,0.6405948400497437,-0.04076896980404854,0.3587438762187958,0.6099534630775452,-0.04690512269735336,0.2768086791038513,0.7705392837524414,-0.026489494368433952,0.28175055980682373,0.7154017090797424,-0.04209711030125618,0.2951505184173584,0.677283763885498,-0.048849917948246,0.311461865901947,0.6432784795761108,-0.05276595056056976
19,left,0,0,0,0,0,0,0,0,0,0,0,0,0,0,0,0,0,0,0,0,0,0,0,0,0,0,0,0,0,0,0,0,0,0,0,0,0,0,0,0,0,0,0,0,0,0,0,0,0,0,0,0,0,0,0,0,0,0,0,0,0,0,0
20,right,0.31061890721321106,0.9315778017044067,1.3642262786106585e-07,0.3505582809448242,0.8781744241714478,-0.004404662176966667,0.3732656240463257,0.8126822113990784,-0.00866787601262331,0.3912992775440216,0.7646459937095642,-0.0164819173514843,0.39008647203445435,0.718232274055481,-0.023505527526140213,0.3363649845123291,0.7464711666107178,0.01183127798140049,0.3530605733394623,0.705435574054718,-0.009765604510903358,0.36547142267227173,0.730886697769165,-0.03025432862341404,0.3702836334705353,0.7567514181137085,-0.04146808013319969,0.3169521689414978,0.7406448721885681,0.0018060074653476477,0.3332459032535553,0.6725433468818665,-0.011646988801658154,0.35427069664001465,0.6365434527397156,-0.024632124230265617,0.3741642236709595,0.6105003356933594,-0.03382790833711624,0.29612770676612854,0.7498394846916199,-0.013224339112639427,0.31389120221138,0.6766551733016968,-0.029362276196479797,0.335359126329422,0.6360257267951965,-0.0405266173183918,0.3554466664791107,0.6037214994430542,-0.04725223034620285,0.27748775482177734,0.7711852192878723,-0.029175279662013054,0.28210124373435974,0.7157637476921082,-0.04276339337229729,0.29501891136169434,0.6783793568611145,-0.0477716401219368,0.3104911148548126,0.6450434327125549,-0.050904542207717896
20,left,0,0,0,0,0,0,0,0,0,0,0,0,0,0,0,0,0,0,0,0,0,0,0,0,0,0,0,0,0,0,0,0,0,0,0,0,0,0,0,0,0,0,0,0,0,0,0,0,0,0,0,0,0,0,0,0,0,0,0,0,0,0,0
21,right,0.3101397156715393,0.933596670627594,1.370952702473005e-07,0.35027268528938293,0.8806943893432617,-0.004053407348692417,0.37346458435058594,0.8148738145828247,-0.008137060329318047,0.3915887475013733,0.7665218710899353,-0.015879083424806595,0.39086711406707764,0.7202547192573547,-0.02262447215616703,0.33594244718551636,0.7466601133346558,0.013222037814557552,0.3534010648727417,0.7071496248245239,-0.007912155240774155,0.36565205454826355,0.7348684072494507,-0.028215201571583748,0.36998414993286133,0.7625880837440491,-0.03927145525813103,0.3165576159954071,0.740336537361145,0.0031183946412056684,0.3333403766155243,0.6720250248908997,-0.009841583669185638,0.354983925819397,0.6357353925704956,-0.022677522152662277,0.37547576427459717,0.6096082329750061,-0.03177039697766304,0.29585447907447815,0.7490836381912231,-0.01201285608112812,0.3140243589878082,0.6757680773735046,-0.027677645906805992,0.3362966477870941,0.6359014511108398,-0.038798779249191284,0.35715314745903015,0.6047281622886658,-0.04550239071249962,0.2777044475078583,0.7703276872634888,-0.028079120442271233,0.2827831208705902,0.7150886058807373,-0.04125543311238289,0.29610535502433777,0.6783670783042908,-0.046091027557849884,0.3119625747203827,0.6460939049720764,-0.04906206950545311
21,left,0,0,0,0,0,0,0,0,0,0,0,0,0,0,0,0,0,0,0,0,0,0,0,0,0,0,0,0,0,0,0,0,0,0,0,0,0,0,0,0,0,0,0,0,0,0,0,0,0,0,0,0,0,0,0,0,0,0,0,0,0,0,0
22,right,0.3106773793697357,0.9312160015106201,2.1464462918174831e-07,0.3510398864746094,0.8770368695259094,-0.004634601064026356,0.374430388212204,0.8119039535522461,-0.008610300719738007,0.3919277489185333,0.764457106590271,-0.01579190418124199,0.39105427265167236,0.7180251479148865,-0.022609537467360497,0.3346922695636749,0.7424426078796387,0.011922881007194519,0.34785977005958557,0.6969115138053894,-0.004687177948653698,0.36091241240501404,0.7001331448554993,-0.020889559760689735,0.3689270317554474,0.7051156163215637,-0.030879877507686615,0.31549009680747986,0.7380774021148682,0.0023845629766583443,0.33088770508766174,0.6712058186531067,-0.011147590354084969,0.3530423939228058,0.6341190338134766,-0.023433558642864227,0.3738369345664978,0.6064834594726562,-0.0318659208714962,0.29544755816459656,0.7482568621635437,-0.011585885658860207,0.3138343095779419,0.6753749847412109,-0.028232309967279434,0.3369496464729309,0.6362124085426331,-0.039131730794906616,0.3586101531982422,0.6047003269195557,-0.04546317830681801,0.2782725691795349,0.7701096534729004,-0.026397990062832832,0.28246909379959106,0.7149515151977539,-0.041522156447172165,0.29558417201042175,0.6777152419090271,-0.04793564975261688,0.3117912709712982,0.6448513865470886,-0.05179813504219055
22,left,0,0,0,0,0,0,0,0,0,0,0,0,0,0,0,0,0,0,0,0,0,0,0,0,0,0,0,0,0,0,0,0,0,0,0,0,0,0,0,0,0,0,0,0,0,0,0,0,0,0,0,0,0,0,0,0,0,0,0,0,0,0,0
23,right,0.31134966015815735,0.9311591386795044,2.149807727391817e-07,0.3518252968788147,0.8781106472015381,-0.005346524994820356,0.3751874566078186,0.8126641511917114,-0.008527473546564579,0.3925303518772125,0.7651559114456177,-0.014924411661922932,0.3921874463558197,0.718892514705658,-0.020802568644285202,0.336990088224411,0.7427501678466797,0.012215184047818184,0.35148993134498596,0.6971468925476074,-0.003906935919076204,0.36447980999946594,0.697765588760376,-0.01902586966753006,0.3729029595851898,0.7007197737693787,-0.027915772050619125,0.31749334931373596,0.7385945916175842,0.003069843165576458,0.3314821720123291,0.6701786518096924,-0.010798600502312183,0.35236856341362,0.6310580968856812,-0.022854255512356758,0.3733447790145874,0.6014004945755005,-0.030528059229254723,0.2967036962509155,0.7485807538032532,-0.01058375183492899,0.31803643703460693,0.6805083155632019,-0.028584159910678864,0.34110772609710693,0.6502698659896851,-0.038937151432037354,0.3615936040878296,0.6252551078796387,-0.043660566210746765,0.2781321108341217,0.7695257663726807,-0.02512088604271412,0.2838444113731384,0.7148061394691467,-0.040583956986665726,0.29679569602012634,0.6772715449333191,-0.04668572172522545,0.3126172721385956,0.6437010169029236,-0.049773961305618286
23,left,0,0,0,0,0,0,0,0,0,0,0,0,0,0,0,0,0,0,0,0,0,0,0,0,0,0,0,0,0,0,0,0,0,0,0,0,0,0,0,0,0,0,0,0,0,0,0,0,0,0,0,0,0,0,0,0,0,0,0,0,0,0,0
24,right,0.3102923035621643,0.931812584400177,2.1886226875267312e-07,0.35061293840408325,0.878300130367279,-0.004583871457725763,0.37404945492744446,0.8126049637794495,-0.007860260084271431,0.3917786777019501,0.7648924589157104,-0.014412072487175465,0.39180439710617065,0.7181388139724731,-0.0206130500882864,0.33620670437812805,0.7440512776374817,0.01197735033929348,0.34933048486709595,0.6956299543380737,-0.004086704459041357,0.36082008481025696,0.6932700276374817,-0.019159501418471336,0.36789456009864807,0.6943674683570862,-0.028242573142051697,0.3169505000114441,0.7400181293487549,0.0024996851570904255,0.3323449492454529,0.6720461845397949,-0.011457451619207859,0.3537837266921997,0.6324993968009949,-0.02351602539420128,0.37464120984077454,0.6026848554611206,-0.031395986676216125,0.29642143845558167,0.7496120929718018,-0.011389093473553658,0.317633718252182,0.6786082983016968,-0.028867634013295174,0.3410227298736572,0.6428807377815247,-0.039423417299985886,0.3624250590801239,0.6136252880096436,-0.04487958922982216,0.2779974341392517,0.7700155973434448,-0.026104409247636795,0.28408753871917725,0.7148309946060181,-0.04174305871129036,0.2971787750720978,0.6768465042114258,-0.04828256741166115,0.3131030201911926,0.6428397297859192,-0.05192515254020691
24,left,0,0,0,0,0,0,0,0,0,0,0,0,0,0,0,0,0,0,0,0,0,0,0,0,0,0,0,0,0,0,0,0,0,0,0,0,0,0,0,0,0,0,0,0,0,0,0,0,0,0,0,0,0,0,0,0,0,0,0,0,0,0,0
25,right,0.31116992235183716,0.9325162768363953,2.0392576516314875e-07,0.35181933641433716,0.879776656627655,-0.005561316851526499,0.3755951225757599,0.8130437135696411,-0.00856486801058054,0.3931873142719269,0.7645207643508911,-0.014906794764101505,0.3927437663078308,0.7186141610145569,-0.020476650446653366,0.3371354341506958,0.7449838519096375,0.013649039901793003,0.3524037301540375,0.7016673684120178,-0.003379331436008215,0.36593329906463623,0.7107569575309753,-0.019929278641939163,0.37436363101005554,0.7210248708724976,-0.02943119779229164,0.3180709481239319,0.7393634915351868,0.004719034768640995,0.33289939165115356,0.6713918447494507,-0.008481009863317013,0.35433831810951233,0.6319179534912109,-0.021029647439718246,0.37600821256637573,0.6021445393562317,-0.029353352263569832,0.29746630787849426,0.74793940782547,-0.00896140281111002,0.31847620010375977,0.6792846918106079,-0.02599223516881466,0.34160110354423523,0.6483765840530396,-0.0364236906170845,0.36280640959739685,0.6238154172897339,-0.04147333279252052,0.2789332866668701,0.7675957679748535,-0.02367241680622101,0.2855381369590759,0.7136190533638,-0.03789883479475975,0.29856419563293457,0.6768501400947571,-0.04318925738334656,0.31450480222702026,0.6445415019989014,-0.045864835381507874
25,left,0,0,0,0,0,0,0,0,0,0,0,0,0,0,0,0,0,0,0,0,0,0,0,0,0,0,0,0,0,0,0,0,0,0,0,0,0,0,0,0,0,0,0,0,0,0,0,0,0,0,0,0,0,0,0,0,0,0,0,0,0,0,0
26,right,0.3160781264305115,0.9123655557632446,2.847750977252872e-07,0.3520708978176117,0.8741971254348755,-0.006064191460609436,0.3771609663963318,0.8095506429672241,-0.011885241605341434,0.3946942985057831,0.7620854377746582,-0.020868783816695213,0.39588573575019836,0.7167927026748657,-0.028666596859693527,0.33764955401420593,0.746217668056488,0.007388139143586159,0.3571404218673706,0.7034684419631958,-0.01815282739698887,0.3729341924190521,0.7240802645683289,-0.03993185609579086,0.37994590401649475,0.7479962110519409,-0.050334613770246506,0.31796252727508545,0.7386245131492615,-0.0025450652465224266,0.3364375829696655,0.6718231439590454,-0.018871905282139778,0.35990938544273376,0.6313917636871338,-0.03330428525805473,0.38030996918678284,0.6004712581634521,-0.04218291491270065,0.2969399392604828,0.7467304468154907,-0.01739448681473732,0.31391167640686035,0.6769369840621948,-0.03457821533083916,0.33545103669166565,0.6332091689109802,-0.046456556767225266,0.35469672083854675,0.597100019454956,-0.052919041365385056,0.2786703407764435,0.7663692831993103,-0.03319557011127472,0.2840069532394409,0.7114803791046143,-0.045952290296554565,0.29530227184295654,0.6732633113861084,-0.05068400874733925,0.308643639087677,0.6402173042297363,-0.053219884634017944
26,left,0,0,0,0,0,0,0,0,0,0,0,0,0,0,0,0,0,0,0,0,0,0,0,0,0,0,0,0,0,0,0,0,0,0,0,0,0,0,0,0,0,0,0,0,0,0,0,0,0,0,0,0,0,0,0,0,0,0,0,0,0,0,0
27,right,0.3147551119327545,0.9127838611602783,3.3441554592172906e-07,0.35260263085365295,0.8710801601409912,-0.0045960331335663795,0.3774578273296356,0.8072812557220459,-0.00933433510363102,0.39521414041519165,0.7594707012176514,-0.017485199496150017,0.3945668637752533,0.7146269679069519,-0.0250846017152071,0.33680975437164307,0.7434869408607483,0.008269033394753933,0.3551579713821411,0.698132336139679,-0.012969845905900002,0.372679740190506,0.7038339376449585,-0.0317358523607254,0.38429880142211914,0.7123993635177612,-0.04176194965839386,0.3166382312774658,0.7361848950386047,-0.0018345434218645096,0.33386555314064026,0.6708998680114746,-0.01627352647483349,0.3557458221912384,0.6294658184051514,-0.029380356892943382,0.37637943029403687,0.5954809188842773,-0.038113757967948914,0.2956935465335846,0.74448561668396,-0.016184091567993164,0.3133904039859772,0.6746561527252197,-0.03227711096405983,0.3340296745300293,0.6329548954963684,-0.042723219841718674,0.3531602621078491,0.5981366038322449,-0.04867677763104439,0.2780684232711792,0.7647243738174438,-0.031436629593372345,0.28519406914711,0.7089347839355469,-0.044050902128219604,0.29682785272598267,0.6716117262840271,-0.04854801297187805,0.31072986125946045,0.6396142244338989,-0.051066476851701736
27,left,0,0,0,0,0,0,0,0,0,0,0,0,0,0,0,0,0,0,0,0,0,0,0,0,0,0,0,0,0,0,0,0,0,0,0,0,0,0,0,0,0,0,0,0,0,0,0,0,0,0,0,0,0,0,0,0,0,0,0,0,0,0,0
28,right,0.31512516736984253,0.9206440448760986,2.750110184024379e-07,0.3531043231487274,0.8719441890716553,-0.007215702440589666,0.3763777017593384,0.8069310784339905,-0.011589325964450836,0.39334240555763245,0.7594576478004456,-0.01874220184981823,0.39325574040412903,0.7140769958496094,-0.02564733289182186,0.3339720070362091,0.7412280440330505,0.008480285294353962,0.34950172901153564,0.6937691569328308,-0.008893529884517193,0.3654295802116394,0.690580427646637,-0.02489798329770565,0.3766912817955017,0.690247654914856,-0.03442274406552315,0.3149285316467285,0.7364550232887268,4.886629540123977e-05,0.3318045437335968,0.6700940132141113,-0.014678135514259338,0.3528588116168976,0.6299288272857666,-0.027516283094882965,0.37320923805236816,0.5980633497238159,-0.0357971228659153,0.29514288902282715,0.7458610534667969,-0.012824651785194874,0.3168111741542816,0.6763207316398621,-0.03108883462846279,0.33707231283187866,0.6428213119506836,-0.041908204555511475,0.35541635751724243,0.6144850850105286,-0.04716309905052185,0.27786463499069214,0.7669015526771545,-0.026717862114310265,0.2845850884914398,0.7133060097694397,-0.042922306805849075,0.2969985008239746,0.6745156049728394,-0.04986027255654335,0.31229695677757263,0.6395897269248962,-0.05347782373428345
28,left,0,0,0,0,0,0,0,0,0,0,0,0,0,0,0,0,0,0,0,0,0,0,0,0,0,0,0,0,0,0,0,0,0,0,0,0,0,0,0,0,0,0,0,0,0,0,0,0,0,0,0,0,0,0,0,0,0,0,0,0,0,0,0
29,right,0.3114149868488312,0.9258144497871399,2.5418265181542665e-07,0.35207003355026245,0.8753713369369507,-0.007466428447514772,0.37563419342041016,0.8102709650993347,-0.011813146062195301,0.3932986855506897,0.7617241740226746,-0.01909121870994568,0.3930554687976837,0.7152652144432068,-0.026080939918756485,0.334782212972641,0.7437933087348938,0.009078510105609894,0.3513203561306,0.6948078870773315,-0.008564622141420841,0.36754903197288513,0.6895151734352112,-0.02442949078977108,0.37870681285858154,0.6882663369178772,-0.033664826303720474,0.3156016170978546,0.7390758991241455,0.0007096443441696465,0.3317416310310364,0.6707599759101868,-0.014696512371301651,0.35256505012512207,0.6301131248474121,-0.027724966406822205,0.37274548411369324,0.5983011722564697,-0.03583819791674614,0.29577064514160156,0.748667299747467,-0.01219245046377182,0.31683698296546936,0.6792625188827515,-0.031517088413238525,0.33779314160346985,0.6490379571914673,-0.04224295914173126,0.35626325011253357,0.6235755681991577,-0.046860221773386,0.2785789370536804,0.7689900994300842,-0.026136266067624092,0.28421398997306824,0.7144112586975098,-0.04274196922779083,0.29640650749206543,0.6755287647247314,-0.04954328387975693,0.31170403957366943,0.6408435106277466,-0.05284051597118378
29,left,0,0,0,0,0,0,0,0,0,0,0,0,0,0,0,0,0,0,0,0,0,0,0,0,0,0,0,0,0,0,0,0,0,0,0,0,0,0,0,0,0,0,0,0,0,0,0,0,0,0,0,0,0,0,0,0,0,0,0,0,0,0,0
30,right,0.31778931617736816,0.9097923040390015,2.3170713348008576e-07,0.351837694644928,0.8712722063064575,-0.007850604131817818,0.37721696496009827,0.8059209585189819,-0.014666172675788403,0.3955806791782379,0.7576861381530762,-0.024102244526147842,0.3936431109905243,0.7126252055168152,-0.03158555552363396,0.3395453095436096,0.7430769205093384,0.005564956460148096,0.3596324324607849,0.7166569232940674,-0.024831147864460945,0.3690798580646515,0.759355366230011,-0.049500517547130585,0.36938053369522095,0.801708996295929,-0.05981208011507988,0.31913599371910095,0.7354066967964172,-0.0030841310508549213,0.33756783604621887,0.6726065278053284,-0.020477738231420517,0.36053287982940674,0.6344702243804932,-0.034414637833833694,0.3810960650444031,0.6022962331771851,-0.0425165630877018,0.2977341115474701,0.7432326078414917,-0.017149224877357483,0.3123607039451599,0.6750611066818237,-0.03542175516486168,0.3324553966522217,0.6309927701950073,-0.046398963779211044,0.3512205481529236,0.5927534699440002,-0.05138057470321655,0.2795223593711853,0.7647037506103516,-0.03222871571779251,0.28465279936790466,0.7105974555015564,-0.04348291829228401,0.29515451192855835,0.6726245284080505,-0.04568665847182274,0.30751287937164307,0.638759434223175,-0.04602701961994171
30,left,0,0,0,0,0,0,0,0,0,0,0,0,0,0,0,0,0,0,0,0,0,0,0,0,0,0,0,0,0,0,0,0,0,0,0,0,0,0,0,0,0,0,0,0,0,0,0,0,0,0,0,0,0,0,0,0,0,0,0,0,0,0,0
31,right,0.3160005211830139,0.911236047744751,2.3462369824756024e-07,0.3523331880569458,0.8722934722900391,-0.007157894782721996,0.37748709321022034,0.8055979013442993,-0.013357624411582947,0.3951108455657959,0.7563174962997437,-0.022524002939462662,0.3915570080280304,0.7129713892936707,-0.029872780665755272,0.33852386474609375,0.7442610859870911,0.005813627503812313,0.35851940512657166,0.716160774230957,-0.023925794288516045,0.3696354031562805,0.7564720511436462,-0.047947242856025696,0.37194785475730896,0.7958212494850159,-0.05828702449798584,0.31774869561195374,0.7365232706069946,-0.003357398323714733,0.33660781383514404,0.6751584410667419,-0.020060526207089424,0.3597469627857208,0.6346650123596191,-0.03363173082470894,0.380633145570755,0.5996119379997253,-0.04229681193828583,0.2961522340774536,0.7442828416824341,-0.017913786694407463,0.31146591901779175,0.6755441427230835,-0.03585750237107277,0.33139464259147644,0.6322349905967712,-0.04638396576046944,0.34974396228790283,0.5946816205978394,-0.05168941617012024,0.2776602506637573,0.765471339225769,-0.03356241434812546,0.2839681804180145,0.7111744284629822,-0.045306116342544556,0.2944042682647705,0.6736493110656738,-0.0479511059820652,0.30646854639053345,0.6403918266296387,-0.04891952872276306
31,left,0,0,0,0,0,0,0,0,0,0,0,0,0,0,0,0,0,0,0,0,0,0,0,0,0,0,0,0,0,0,0,0,0,0,0,0,0,0,0,0,0,0,0,0,0,0,0,0,0,0,0,0,0,0,0,0,0,0,0,0,0,0,0
32,right,0.3143123388290405,0.9106191396713257,4.1036946640815586e-07,0.35164451599121094,0.8703984618186951,-0.006166601553559303,0.3766736090183258,0.8058104515075684,-0.010654903016984463,0.39405226707458496,0.7577024102210999,-0.017772777006030083,0.3929714858531952,0.7138709425926208,-0.02497231401503086,0.3341301679611206,0.7413362860679626,0.005092989653348923,0.34925201535224915,0.6912692189216614,-0.012783249840140343,0.36747032403945923,0.6738159656524658,-0.02789049781858921,0.38188180327415466,0.6618905067443848,-0.03690415993332863,0.3144710659980774,0.7359164953231812,-0.004224556963890791,0.3318208158016205,0.6697508096694946,-0.02021593414247036,0.3549715280532837,0.6271917819976807,-0.03315697982907295,0.376086562871933,0.5935294032096863,-0.041242506355047226,0.29405122995376587,0.7447282671928406,-0.01727629266679287,0.3117990791797638,0.6747367978096008,-0.035426199436187744,0.3331655263900757,0.6333101391792297,-0.04661563038825989,0.3527452051639557,0.5984598994255066,-0.05259605497121811,0.2764669358730316,0.764670193195343,-0.031130418181419373,0.2835898697376251,0.7095856070518494,-0.04679606482386589,0.2947036027908325,0.6707685589790344,-0.053848955780267715,0.3083356022834778,0.6368475556373596,-0.057909030467271805
32,left,0,0,0,0,0,0,0,0,0,0,0,0,0,0,0,0,0,0,0,0,0,0,0,0,0,0,0,0,0,0,0,0,0,0,0,0,0,0,0,0,0,0,0,0,0,0,0,0,0,0,0,0,0,0,0,0,0,0,0,0,0,0,0
33,right,0.30217429995536804,0.9324737787246704,-2.470157767220371e-07,0.3444700241088867,0.8834485411643982,-0.001122553483583033,0.3698449730873108,0.8158827424049377,-0.0023552982602268457,0.3850247263908386,0.7650519609451294,-0.007746967952698469,0.3873113691806793,0.7136890888214111,-0.01125979982316494,0.33015215396881104,0.7560344934463501,0.016391463577747345,0.35726499557495117,0.7298671007156372,-0.0012049933429807425,0.3702913522720337,0.7668782472610474,-0.01399384718388319,0.37223026156425476,0.8021305203437805,-0.016304373741149902,0.3103770315647125,0.7550265789031982,0.008702510967850685,0.3464129567146301,0.7259027361869812,-0.010134481824934483,0.3591839075088501,0.7689808011054993,-0.01831573247909546,0.3606950044631958,0.8069782257080078,-0.016583384945988655,0.29045721888542175,0.7604957222938538,-0.0025347766932100058,0.3243868947029114,0.7200785875320435,-0.01920958235859871,0.3475903272628784,0.7445425391197205,-0.020999057218432426,0.36086922883987427,0.7688363194465637,-0.014748500660061836,0.2702215015888214,0.7728435397148132,-0.014269240200519562,0.28002679347991943,0.7092275023460388,-0.02026175521314144,0.29749536514282227,0.672415554523468,-0.017712345346808434,0.3151734173297882,0.6430869102478027,-0.012239663861691952
33,left,0,0,0,0,0,0,0,0,0,0,0,0,0,0,0,0,0,0,0,0,0,0,0,0,0,0,0,0,0,0,0,0,0,0,0,0,0,0,0,0,0,0,0,0,0,0,0,0,0,0,0,0,0,0,0,0,0,0,0,0,0,0,0
34,right,0.3153446912765503,0.9136947393417358,3.464198528035922e-07,0.35324180126190186,0.8736371994018555,-0.006758128758519888,0.3773782253265381,0.8099023103713989,-0.011711123399436474,0.39527004957199097,0.7616050243377686,-0.019415801391005516,0.39478856325149536,0.7152407765388489,-0.02622983418405056,0.33588671684265137,0.744377851486206,0.006327649112790823,0.352652907371521,0.6974744200706482,-0.014065929688513279,0.3682473599910736,0.7064171433448792,-0.031660888344049454,0.37751755118370056,0.7206544280052185,-0.0408310629427433,0.3160568177700043,0.7377196550369263,-0.0020851658191531897,0.3327353000640869,0.6698393225669861,-0.016544755548238754,0.35418811440467834,0.6272319555282593,-0.02963772602379322,0.3745231628417969,0.5937804579734802,-0.03800436854362488,0.2962392270565033,0.7463359832763672,-0.01473291777074337,0.31125807762145996,0.6739444732666016,-0.03147873282432556,0.33158376812934875,0.6312390565872192,-0.04275232553482056,0.35082942247390747,0.5971182584762573,-0.04877828434109688,0.2798480689525604,0.7669264078140259,-0.028237542137503624,0.28518053889274597,0.7108284831047058,-0.0421045646071434,0.296477735042572,0.6721816062927246,-0.047338396310806274,0.31032559275627136,0.6394445896148682,-0.049855154007673264
34,left,0,0,0,0,0,0,0,0,0,0,0,0,0,0,0,0,0,0,0,0,0,0,0,0,0,0,0,0,0,0,0,0,0,0,0,0,0,0,0,0,0,0,0,0,0,0,0,0,0,0,0,0,0,0,0,0,0,0,0,0,0,0,0
35,right,0.3116616904735565,0.9123241305351257,3.7896199955866905e-07,0.3501451909542084,0.870033860206604,-0.0074373879469931126,0.3763221204280853,0.8070943355560303,-0.013602775521576405,0.39369943737983704,0.7611932158470154,-0.022550884634256363,0.3917250335216522,0.713882327079773,-0.03102846071124077,0.33686602115631104,0.743256151676178,0.003484070301055908,0.3534427881240845,0.6945560574531555,-0.017233956605196,0.3708466589450836,0.6872538328170776,-0.03407036140561104,0.38157859444618225,0.685230016708374,-0.04241001233458519,0.3173903822898865,0.7373014688491821,-0.0047785621136426926,0.33580511808395386,0.6688448786735535,-0.022161131724715233,0.3575083613395691,0.6223210692405701,-0.03614980727434158,0.3773150146007538,0.5851173400878906,-0.04381084069609642,0.2959487736225128,0.7447587251663208,-0.016958871856331825,0.31804755330085754,0.6780698299407959,-0.0359787754714489,0.33438414335250854,0.6475347280502319,-0.0462387278676033,0.34773945808410645,0.6222542524337769,-0.049695126712322235,0.277322918176651,0.7635195255279541,-0.030004436150193214,0.2841571867465973,0.7065049409866333,-0.04370607063174248,0.29612991213798523,0.6670923233032227,-0.04768669232726097,0.3109584450721741,0.6342588067054749,-0.04844579100608826
35,left,0,0,0,0,0,0,0,0,0,0,0,0,0,0,0,0,0,0,0,0,0,0,0,0,0,0,0,0,0,0,0,0,0,0,0,0,0,0,0,0,0,0,0,0,0,0,0,0,0,0,0,0,0,0,0,0,0,0,0,0,0,0,0
36,right,0.3118799924850464,0.9117382168769836,2.9761903874714335e-07,0.35109850764274597,0.869549572467804,-0.006421040277928114,0.3772147297859192,0.8057495951652527,-0.012227259576320648,0.39359810948371887,0.7602590918540955,-0.020955950021743774,0.39151766896247864,0.714803159236908,-0.02895165979862213,0.33728301525115967,0.7454209327697754,0.005240984261035919,0.35823243856430054,0.700154721736908,-0.018406862393021584,0.3785468637943268,0.712975025177002,-0.038601506501436234,0.3893532156944275,0.7307224869728088,-0.04828740656375885,0.31735724210739136,0.7382976412773132,-0.0036031396593898535,0.33550500869750977,0.6707004308700562,-0.019369104877114296,0.35677555203437805,0.6278933882713318,-0.033765971660614014,0.375379741191864,0.5942679643630981,-0.04260517656803131,0.29606086015701294,0.7461528778076172,-0.016810167580842972,0.31295889616012573,0.6730525493621826,-0.03416341543197632,0.3307066857814789,0.6293850541114807,-0.046437907963991165,0.3463471233844757,0.593615710735321,-0.05276506021618843,0.2774999439716339,0.7659199237823486,-0.030750876292586327,0.2844325602054596,0.7086434364318848,-0.04369034618139267,0.2962125241756439,0.6692994236946106,-0.04812464863061905,0.30988481640815735,0.6366318464279175,-0.05000277981162071
36,left,0,0,0,0,0,0,0,0,0,0,0,0,0,0,0,0,0,0,0,0,0,0,0,0,0,0,0,0,0,0,0,0,0,0,0,0,0,0,0,0,0,0,0,0,0,0,0,0,0,0,0,0,0,0,0,0,0,0,0,0,0,0,0
