1,right,0.28139951825141907,0.7897547483444214,2.0093119701414253e-07,0.32123786211013794,0.7344847917556763,-0.0010286177275702357,0.33475303649902344,0.6573859453201294,-0.0035497103817760944,0.3459050953388214,0.6047584414482117,-0.01071618776768446,0.3572949767112732,0.5679528713226318,-0.01742437481880188,0.3051758110523224,0.6040682792663574,0.010855097323656082,0.34057116508483887,0.565403163433075,-0.016726521775126457,0.36979836225509644,0.5790554881095886,-0.04076487198472023,0.3928315341472626,0.5969062447547913,-0.05404605716466904,0.2921064794063568,0.597446858882904,-0.0032041503582149744,0.31111976504325867,0.517535924911499,-0.020456548780202866,0.3229677975177765,0.4688175916671753,-0.036516930907964706,0.3332342505455017,0.4259175658226013,-0.04794852435588837,0.2759418785572052,0.6084604859352112,-0.02192765101790428,0.28568345308303833,0.5250014662742615,-0.040269073098897934,0.2964196503162384,0.47415000200271606,-0.05289384350180626,0.3062248229980469,0.42993399500846863,-0.06063282862305641,0.2590850293636322,0.6322139501571655,-0.04157580807805061,0.26201263070106506,0.5697982907295227,-0.05417918041348457,0.267476886510849,0.5261853337287903,-0.058424513787031174,0.2758379578590393,0.4855450391769409,-0.06183047965168953
1,left,0,0,0,0,0,0,0,0,0,0,0,0,0,0,0,0,0,0,0,0,0,0,0,0,0,0,0,0,0,0,0,0,0,0,0,0,0,0,0,0,0,0,0,0,0,0,0,0,0,0,0,0,0,0,0,0,0,0,0,0,0,0,0
2,right,0,0,0,0,0,0,0,0,0,0,0,0,0,0,0,0,0,0,0,0,0,0,0,0,0,0,0,0,0,0,0,0,0,0,0,0,0,0,0,0,0,0,0,0,0,0,0,0,0,0,0,0,0,0,0,0,0,0,0,0,0,0,0
2,left,0,0,0,0,0,0,0,0,0,0,0,0,0,0,0,0,0,0,0,0,0,0,0,0,0,0,0,0,0,0,0,0,0,0,0,0,0,0,0,0,0,0,0,0,0,0,0,0,0,0,0,0,0,0,0,0,0,0,0,0,0,0,0
3,right,0,0,0,0,0,0,0,0,0,0,0,0,0,0,0,0,0,0,0,0,0,0,0,0,0,0,0,0,0,0,0,0,0,0,0,0,0,0,0,0,0,0,0,0,0,0,0,0,0,0,0,0,0,0,0,0,0,0,0,0,0,0,0
3,left,0,0,0,0,0,0,0,0,0,0,0,0,0,0,0,0,0,0,0,0,0,0,0,0,0,0,0,0,0,0,0,0,0,0,0,0,0,0,0,0,0,0,0,0,0,0,0,0,0,0,0,0,0,0,0,0,0,0,0,0,0,0,0
4,right,0,0,0,0,0,0,0,0,0,0,0,0,0,0,0,0,0,0,0,0,0,0,0,0,0,0,0,0,0,0,0,0,0,0,0,0,0,0,0,0,0,0,0,0,0,0,0,0,0,0,0,0,0,0,0,0,0,0,0,0,0,0,0
4,left,0,0,0,0,0,0,0,0,0,0,0,0,0,0,0,0,0,0,0,0,0,0,0,0,0,0,0,0,0,0,0,0,0,0,0,0,0,0,0,0,0,0,0,0,0,0,0,0,0,0,0,0,0,0,0,0,0,0,0,0,0,0,0
5,right,0,0,0,0,0,0,0,0,0,0,0,0,0,0,0,0,0,0,0,0,0,0,0,0,0,0,0,0,0,0,0,0,0,0,0,0,0,0,0,0,0,0,0,0,0,0,0,0,0,0,0,0,0,0,0,0,0,0,0,0,0,0,0
5,left,0,0,0,0,0,0,0,0,0,0,0,0,0,0,0,0,0,0,0,0,0,0,0,0,0,0,0,0,0,0,0,0,0,0,0,0,0,0,0,0,0,0,0,0,0,0,0,0,0,0,0,0,0,0,0,0,0,0,0,0,0,0,0
6,right,0.28077036142349243,0.8081870079040527,4.2080242224074027e-07,0.32265183329582214,0.744989812374115,0.002381502417847514,0.33243897557258606,0.6688838005065918,0.004822595976293087,0.33963656425476074,0.6181967258453369,0.0024853888899087906,0.3440572917461395,0.5774304270744324,-0.0008107474423013628,0.2939363121986389,0.637604296207428,0.016006022691726685,0.3120013177394867,0.596577525138855,-0.0003173246805090457,0.3363649249076843,0.573520302772522,-0.0162982065230608,0.3601899743080139,0.5575631260871887,-0.026475725695490837,0.27550429105758667,0.6404955387115479,0.004245381336659193,0.2868446707725525,0.5894445180892944,-0.011146998032927513,0.3037339746952057,0.551027774810791,-0.025355251505970955,0.3230695426464081,0.5195962190628052,-0.03417576849460602,0.2601105868816376,0.654740035533905,-0.010445243678987026,0.2647380530834198,0.5946934223175049,-0.028340259566903114,0.2755601108074188,0.5557622909545898,-0.03715331107378006,0.2894851565361023,0.5241655111312866,-0.040673017501831055,0.24713832139968872,0.6799512505531311,-0.025652267038822174,0.25170090794563293,0.6224350929260254,-0.03991871699690819,0.2604358494281769,0.5833518505096436,-0.04410209134221077,0.2735353708267212,0.5492634773254395,-0.0454300157725811
6,left,0,0,0,0,0,0,0,0,0,0,0,0,0,0,0,0,0,0,0,0,0,0,0,0,0,0,0,0,0,0,0,0,0,0,0,0,0,0,0,0,0,0,0,0,0,0,0,0,0,0,0,0,0,0,0,0,0,0,0,0,0,0,0
7,right,0.2845340073108673,0.7866665720939636,3.201558342880162e-07,0.3210333585739136,0.7389982342720032,0.0003455796977505088,0.33453622460365295,0.662272572517395,-0.0014791206922382116,0.34410151839256287,0.6123425364494324,-0.007264347746968269,0.35580894351005554,0.5697811841964722,-0.012850593775510788,0.3024806082248688,0.6164730191230774,0.007803807500749826,0.33159780502319336,0.5802406072616577,-0.014706731773912907,0.36249488592147827,0.5869920253753662,-0.034351225942373276,0.38736534118652344,0.5955150723457336,-0.045383088290691376,0.28601402044296265,0.6124822497367859,-0.005236349068582058,0.30563148856163025,0.5448590517044067,-0.020364176481962204,0.32550162076950073,0.5002163648605347,-0.03459743782877922,0.344257652759552,0.46052834391593933,-0.04434654116630554,0.269441157579422,0.6232689023017883,-0.021618660539388657,0.2810944616794586,0.5496010184288025,-0.038038868457078934,0.29675519466400146,0.5000307559967041,-0.04930989071726799,0.31209418177604675,0.45591670274734497,-0.056003253906965256,0.2549796998500824,0.6458866000175476,-0.03846912458539009,0.25939422845840454,0.5889790654182434,-0.0504121407866478,0.26618245244026184,0.5474782586097717,-0.05428048595786095,0.2764583230018616,0.5101746320724487,-0.056704357266426086
7,left,0,0,0,0,0,0,0,0,0,0,0,0,0,0,0,0,0,0,0,0,0,0,0,0,0,0,0,0,0,0,0,0,0,0,0,0,0,0,0,0,0,0,0,0,0,0,0,0,0,0,0,0,0,0,0,0,0,0,0,0,0,0,0
8,right,0.2817003130912781,0.7918699979782104,2.595420767192991e-07,0.31906306743621826,0.7428125143051147,-0.0005304520018398762,0.3309536278247833,0.6645632386207581,-0.0030329625587910414,0.3408958315849304,0.6128401160240173,-0.009598258882761002,0.3534342646598816,0.5738538503646851,-0.01601565070450306,0.3008895516395569,0.6153088212013245,0.0053486148826777935,0.33317387104034424,0.5778330564498901,-0.022213369607925415,0.36304256319999695,0.5903570055961609,-0.04537838324904442,0.38648781180381775,0.6065384149551392,-0.05848061665892601,0.28538787364959717,0.6103401780128479,-0.00872427225112915,0.303117036819458,0.5343419909477234,-0.027315374463796616,0.3193725347518921,0.4836188554763794,-0.04380027577280998,0.3341120779514313,0.43895024061203003,-0.05563030764460564,0.26865148544311523,0.6229984760284424,-0.026748646050691605,0.27737662196159363,0.5416576862335205,-0.046688493341207504,0.29002609848976135,0.4926315248012543,-0.06016865745186806,0.30242741107940674,0.4498605728149414,-0.06870459765195847,0.25325947999954224,0.6483160257339478,-0.04523775726556778,0.2572963237762451,0.5925952196121216,-0.06115264073014259,0.26421892642974854,0.5489122271537781,-0.06797533482313156,0.27414649724960327,0.5076579451560974,-0.07300606369972229
8,left,0,0,0,0,0,0,0,0,0,0,0,0,0,0,0,0,0,0,0,0,0,0,0,0,0,0,0,0,0,0,0,0,0,0,0,0,0,0,0,0,0,0,0,0,0,0,0,0,0,0,0,0,0,0,0,0,0,0,0,0,0,0,0
9,right,0.2787470519542694,0.7995356321334839,2.2459751392034377e-07,0.3165837228298187,0.7461094856262207,0.0005375607288442552,0.3298603296279907,0.6693617105484009,-0.0022280525881797075,0.34236449003219604,0.6178264021873474,-0.009484728798270226,0.3569996953010559,0.5795820355415344,-0.01661442592740059,0.2997317612171173,0.6179225444793701,0.008306639268994331,0.33510443568229675,0.5810790061950684,-0.019525112584233284,0.36523061990737915,0.5936963558197021,-0.04305810481309891,0.38913899660110474,0.6092833876609802,-0.056072697043418884,0.28538015484809875,0.612889289855957,-0.006766376085579395,0.30405309796333313,0.5330658555030823,-0.025450749322772026,0.3182651400566101,0.48191583156585693,-0.04135085642337799,0.33077701926231384,0.43663883209228516,-0.052311625331640244,0.26902347803115845,0.6258538961410522,-0.02603168971836567,0.2788342237472534,0.5410507321357727,-0.04569535702466965,0.29005247354507446,0.49071967601776123,-0.05819160118699074,0.3004763722419739,0.44704651832580566,-0.06570085138082504,0.2533533275127411,0.651862621307373,-0.04581555351614952,0.25549107789993286,0.5929027199745178,-0.06055842339992523,0.2614447772502899,0.5482177138328552,-0.06593821197748184,0.2706713080406189,0.5066587924957275,-0.06985457241535187
9,left,0,0,0,0,0,0,0,0,0,0,0,0,0,0,0,0,0,0,0,0,0,0,0,0,0,0,0,0,0,0,0,0,0,0,0,0,0,0,0,0,0,0,0,0,0,0,0,0,0,0,0,0,0,0,0,0,0,0,0,0,0,0,0
10,right,0.27590519189834595,0.8033312559127808,2.1230989943887835e-07,0.31567874550819397,0.7474150657653809,-9.901482553686947e-05,0.3282468616962433,0.6693845987319946,-0.002523476257920265,0.33877870440483093,0.6162968873977661,-0.009390468709170818,0.35172510147094727,0.5785768628120422,-0.01619347371160984,0.29889145493507385,0.6198517084121704,0.008418045938014984,0.33478933572769165,0.5809258818626404,-0.019255079329013824,0.36371147632598877,0.5925383567810059,-0.04294645041227341,0.3876054883003235,0.6077375411987305,-0.05629991739988327,0.2857789397239685,0.6144772171974182,-0.006150214001536369,0.3048504889011383,0.5336198806762695,-0.024766381829977036,0.31904706358909607,0.48309388756752014,-0.04111829772591591,0.3324049115180969,0.4375687539577484,-0.052550919353961945,0.2700542211532593,0.6273326277732849,-0.024981193244457245,0.2786847949028015,0.5424060225486755,-0.045105528086423874,0.2901497483253479,0.491815984249115,-0.05830918252468109,0.301582008600235,0.44764310121536255,-0.0662095844745636,0.2540789246559143,0.6527460217475891,-0.044335369020700455,0.2550981342792511,0.5918387770652771,-0.05909498408436775,0.2612014412879944,0.5477309823036194,-0.06456883251667023,0.27115538716316223,0.506729006767273,-0.06864402443170547
10,left,0,0,0,0,0,0,0,0,0,0,0,0,0,0,0,0,0,0,0,0,0,0,0,0,0,0,0,0,0,0,0,0,0,0,0,0,0,0,0,0,0,0,0,0,0,0,0,0,0,0,0,0,0,0,0,0,0,0,0,0,0,0,0
11,right,0.27451223134994507,0.805370569229126,2.0357551022698317e-07,0.31480351090431213,0.7519341707229614,-0.0005144012975506485,0.3271987736225128,0.6733933687210083,-0.0026056934148073196,0.33704182505607605,0.6202890276908875,-0.008967403322458267,0.3474805951118469,0.5844066739082336,-0.015166891738772392,0.2972484529018402,0.6199846267700195,0.007843660190701485,0.3341989815235138,0.5818803310394287,-0.0193597674369812,0.3633086681365967,0.5942609310150146,-0.04256933927536011,0.3869619369506836,0.6101921200752258,-0.05561579391360283,0.28428250551223755,0.6143888235092163,-0.0064344629645347595,0.3033275902271271,0.5331382155418396,-0.024460025131702423,0.3171918988227844,0.48434171080589294,-0.04015868902206421,0.33052027225494385,0.4408006966114044,-0.05113424360752106,0.2684984505176544,0.6275781989097595,-0.024937458336353302,0.2787794768810272,0.5419585108757019,-0.044396087527275085,0.29070669412612915,0.49117475748062134,-0.057131730020046234,0.30220407247543335,0.44695794582366943,-0.06483711302280426,0.2523694932460785,0.6538243889808655,-0.044068507850170135,0.2549136281013489,0.5922374725341797,-0.058265965431928635,0.26091235876083374,0.547947347164154,-0.06322086602449417,0.2704298496246338,0.5068262219429016,-0.06696805357933044
11,left,0,0,0,0,0,0,0,0,0,0,0,0,0,0,0,0,0,0,0,0,0,0,0,0,0,0,0,0,0,0,0,0,0,0,0,0,0,0,0,0,0,0,0,0,0,0,0,0,0,0,0,0,0,0,0,0,0,0,0,0,0,0,0
12,right,0.2727135419845581,0.8074461817741394,2.096517590643998e-07,0.31370651721954346,0.7511725425720215,-4.640664337784983e-05,0.32661446928977966,0.6724746227264404,-0.0020051617175340652,0.336885929107666,0.6186017990112305,-0.00847175158560276,0.3475872576236725,0.5825964212417603,-0.01491647306829691,0.2966144382953644,0.6218472719192505,0.00892774946987629,0.33320945501327515,0.5822632908821106,-0.018236665055155754,0.3625691533088684,0.5938877463340759,-0.0415438674390316,0.3859091103076935,0.6098586916923523,-0.054560814052820206,0.2836763262748718,0.6162314414978027,-0.005572155583649874,0.30318766832351685,0.534221887588501,-0.02327941544353962,0.31673312187194824,0.48432230949401855,-0.039032649248838425,0.3287068009376526,0.43999388813972473,-0.050129856914281845,0.2677778899669647,0.6292307376861572,-0.024335691705346107,0.2774965167045593,0.5439088940620422,-0.043375782668590546,0.28878694772720337,0.49227309226989746,-0.055882152169942856,0.2992364466190338,0.44765764474868774,-0.06348022818565369,0.2510460615158081,0.6551527380943298,-0.0437484011054039,0.25371795892715454,0.5929412841796875,-0.05739462375640869,0.25956398248672485,0.5484668016433716,-0.06190883368253708,0.2685739994049072,0.5074681043624878,-0.06540360301733017
12,left,0,0,0,0,0,0,0,0,0,0,0,0,0,0,0,0,0,0,0,0,0,0,0,0,0,0,0,0,0,0,0,0,0,0,0,0,0,0,0,0,0,0,0,0,0,0,0,0,0,0,0,0,0,0,0,0,0,0,0,0,0,0,0
13,right,0.2703898847103119,0.808220386505127,2.032104049476402e-07,0.3111049234867096,0.7519734501838684,0.0006362842977978289,0.3239089846611023,0.6725993156433105,-0.0010074173333123326,0.3356812596321106,0.6184800267219543,-0.007305198814719915,0.3499521315097809,0.5835402607917786,-0.013598802499473095,0.2932550311088562,0.6224728226661682,0.009277576580643654,0.3310401737689972,0.5815572738647461,-0.017193816602230072,0.3606400489807129,0.5923647880554199,-0.03992870822548866,0.38471609354019165,0.6080209612846375,-0.05281353369355202,0.281114399433136,0.6168915629386902,-0.005446704104542732,0.30140313506126404,0.534231960773468,-0.02284805290400982,0.31506702303886414,0.48471197485923767,-0.03824852779507637,0.3274097740650177,0.4412064552307129,-0.049171291291713715,0.26599547266960144,0.6298456192016602,-0.024325743317604065,0.2760136127471924,0.5433247685432434,-0.04281334578990936,0.28752434253692627,0.4916788339614868,-0.05515112727880478,0.2985471785068512,0.44707733392715454,-0.06288406252861023,0.2501335144042969,0.6552435159683228,-0.0438457652926445,0.252340167760849,0.5930488705635071,-0.0575697124004364,0.25829774141311646,0.5481085777282715,-0.06256949156522751,0.26789435744285583,0.5068113803863525,-0.06650763005018234
13,left,0,0,0,0,0,0,0,0,0,0,0,0,0,0,0,0,0,0,0,0,0,0,0,0,0,0,0,0,0,0,0,0,0,0,0,0,0,0,0,0,0,0,0,0,0,0,0,0,0,0,0,0,0,0,0,0,0,0,0,0,0,0,0
14,right,0.2718837559223175,0.8069103360176086,2.0927130606196442e-07,0.3117593824863434,0.7504483461380005,-0.0007146393763832748,0.3243511915206909,0.671554684638977,-0.0029847249388694763,0.33558404445648193,0.6180245876312256,-0.009582700207829475,0.3491116464138031,0.5832245349884033,-0.016010168939828873,0.2932280898094177,0.618898868560791,0.007998318411409855,0.33095139265060425,0.5792372226715088,-0.018615536391735077,0.3602753281593323,0.5907884240150452,-0.041276246309280396,0.38431236147880554,0.6066827178001404,-0.054275091737508774,0.28007590770721436,0.614017903804779,-0.006091583054512739,0.3000265955924988,0.5324278473854065,-0.02415895275771618,0.3139875829219818,0.484153687953949,-0.03968167304992676,0.32734501361846924,0.44162237644195557,-0.05062413215637207,0.26463428139686584,0.6278026103973389,-0.024419276043772697,0.27534210681915283,0.5421940684318542,-0.04385450854897499,0.2872808277606964,0.491655170917511,-0.05650470778346062,0.2990384101867676,0.4477909803390503,-0.0642557442188263,0.2492160201072693,0.6541889309883118,-0.0434393584728241,0.25205349922180176,0.5931529998779297,-0.058195117861032486,0.2579028904438019,0.5488412380218506,-0.06381896883249283,0.2672671973705292,0.5075576305389404,-0.06803053617477417
14,left,0,0,0,0,0,0,0,0,0,0,0,0,0,0,0,0,0,0,0,0,0,0,0,0,0,0,0,0,0,0,0,0,0,0,0,0,0,0,0,0,0,0,0,0,0,0,0,0,0,0,0,0,0,0,0,0,0,0,0,0,0,0,0
15,right,0.2718260884284973,0.8057663440704346,1.93671610304591e-07,0.3126552700996399,0.7484171986579895,0.0004112776950933039,0.3251694440841675,0.6714748740196228,-0.001591971842572093,0.33601003885269165,0.6180111765861511,-0.007933552376925945,0.347845196723938,0.5822572112083435,-0.014179185032844543,0.29442766308784485,0.6183724403381348,0.008409252390265465,0.33185014128685,0.580329954624176,-0.018598945811390877,0.36094236373901367,0.5922194123268127,-0.041979216039180756,0.3846508264541626,0.6082891225814819,-0.0552428662776947,0.28091999888420105,0.6140012741088867,-0.005899893119931221,0.3002254366874695,0.5324979424476624,-0.023719314485788345,0.3140963613986969,0.4834500253200531,-0.039229866117239,0.32709330320358276,0.4400216341018677,-0.050167232751846313,0.26539137959480286,0.628171443939209,-0.024299275130033493,0.2757216691970825,0.5436515808105469,-0.04334525763988495,0.2869448661804199,0.49319469928741455,-0.055677201598882675,0.2978433668613434,0.44906944036483765,-0.06316903978586197,0.2501521110534668,0.6550828814506531,-0.04326459765434265,0.2525539994239807,0.5943465828895569,-0.057570621371269226,0.25773316621780396,0.5502970218658447,-0.06255849450826645,0.2664808928966522,0.5088852643966675,-0.06621871143579483
15,left,0,0,0,0,0,0,0,0,0,0,0,0,0,0,0,0,0,0,0,0,0,0,0,0,0,0,0,0,0,0,0,0,0,0,0,0,0,0,0,0,0,0,0,0,0,0,0,0,0,0,0,0,0,0,0,0,0,0,0,0,0,0,0
16,right,0.2716286778450012,0.8062681555747986,2.0190847749290697e-07,0.3117591142654419,0.7507714629173279,0.0003836153482552618,0.32437849044799805,0.6722591519355774,-0.001474413089454174,0.33557167649269104,0.6187147498130798,-0.007876110263168812,0.3480098247528076,0.5838067531585693,-0.014142351225018501,0.29294392466545105,0.619419515132904,0.009520696476101875,0.33063575625419617,0.5784597992897034,-0.016711721196770668,0.3598788380622864,0.5894825458526611,-0.039439182728528976,0.38333600759506226,0.6062067747116089,-0.05219752714037895,0.28034675121307373,0.6144497394561768,-0.004804495722055435,0.3007947504520416,0.5333260297775269,-0.02192598581314087,0.3154103755950928,0.48406851291656494,-0.03733191266655922,0.3289341330528259,0.44111716747283936,-0.04822670295834541,0.26537957787513733,0.6279624104499817,-0.02330942638218403,0.2769218981266022,0.542948842048645,-0.041707348078489304,0.2887207567691803,0.4917829632759094,-0.054289303719997406,0.2999071776866913,0.447553426027298,-0.062124576419591904,0.25029054284095764,0.6541870832443237,-0.04242653027176857,0.25300994515419006,0.5929012894630432,-0.056168947368860245,0.25869855284690857,0.54864102602005,-0.061210185289382935,0.26801368594169617,0.5074141621589661,-0.0650722086429596
16,left,0,0,0,0,0,0,0,0,0,0,0,0,0,0,0,0,0,0,0,0,0,0,0,0,0,0,0,0,0,0,0,0,0,0,0,0,0,0,0,0,0,0,0,0,0,0,0,0,0,0,0,0,0,0,0,0,0,0,0,0,0,0,0
17,right,0.275668740272522,0.7847666144371033,4.1276859263916776e-08,0.31444233655929565,0.7307034730911255,0.0005763908848166466,0.32433947920799255,0.6569778323173523,-0.0033201316837221384,0.3352058529853821,0.6061346530914307,-0.011386181227862835,0.35090893507003784,0.571797788143158,-0.019373023882508278,0.2953239381313324,0.6073053479194641,0.001932320068590343,0.3320664167404175,0.5685698986053467,-0.023162318393588066,0.3617090880870819,0.5860981941223145,-0.044317811727523804,0.3847384750843048,0.602049708366394,-0.0575050450861454,0.2830756902694702,0.6032408475875854,-0.013443246483802795,0.30206412076950073,0.519393801689148,-0.030755169689655304,0.3147798180580139,0.4761321544647217,-0.04582498222589493,0.32538384199142456,0.4390208125114441,-0.05766241252422333,0.2680237591266632,0.6169273853302002,-0.031998347491025925,0.27934861183166504,0.5329563617706299,-0.05030132085084915,0.28914421796798706,0.4865933358669281,-0.06285206973552704,0.29747235774993896,0.44532036781311035,-0.07189814001321793,0.25329819321632385,0.6435924768447876,-0.050981514155864716,0.2583456039428711,0.5859640836715698,-0.06501943618059158,0.26362094283103943,0.5429503917694092,-0.07055071741342545,0.2709839344024658,0.5021516680717468,-0.07580336928367615
17,left,0,0,0,0,0,0,0,0,0,0,0,0,0,0,0,0,0,0,0,0,0,0,0,0,0,0,0,0,0,0,0,0,0,0,0,0,0,0,0,0,0,0,0,0,0,0,0,0,0,0,0,0,0,0,0,0,0,0,0,0,0,0,0
18,right,0.2752467393875122,0.8016095757484436,1.812045269389273e-07,0.31387802958488464,0.7451564073562622,0.002780294744297862,0.3271014094352722,0.6693992018699646,0.0014045308344066143,0.33963218331336975,0.6189873218536377,-0.004803265444934368,0.35503652691841125,0.5832268595695496,-0.010839207097887993,0.2964724898338318,0.6202982068061829,0.010384876281023026,0.3339501917362213,0.5795594453811646,-0.016408540308475494,0.3639445900917053,0.5916292667388916,-0.03969128802418709,0.38744357228279114,0.6071591377258301,-0.05255075916647911,0.28326356410980225,0.6143470406532288,-0.004854351747781038,0.30267253518104553,0.5330607891082764,-0.021980412304401398,0.31696754693984985,0.4828040599822998,-0.03723473474383354,0.3291438817977905,0.43888747692108154,-0.04789433255791664,0.2675437927246094,0.6267629265785217,-0.02400297112762928,0.27849501371383667,0.5435748100280762,-0.04153094440698624,0.29064875841140747,0.49385544657707214,-0.052912577986717224,0.30136391520500183,0.4505332410335541,-0.059931378811597824,0.251822829246521,0.6514926552772522,-0.04361589625477791,0.25567421317100525,0.5924322605133057,-0.056355759501457214,0.2610936760902405,0.5485817790031433,-0.060438647866249084,0.2692388892173767,0.5083730816841125,-0.06354376673698425
18,left,0,0,0,0,0,0,0,0,0,0,0,0,0,0,0,0,0,0,0,0,0,0,0,0,0,0,0,0,0,0,0,0,0,0,0,0,0,0,0,0,0,0,0,0,0,0,0,0,0,0,0,0,0,0,0,0,0,0,0,0,0,0,0
19,right,0.2751272916793823,0.8037856817245483,2.105168164234783e-07,0.3148372173309326,0.7477971911430359,-0.0001896328030852601,0.3262314796447754,0.6698538661003113,-0.0026363825891166925,0.3349170982837677,0.6165573000907898,-0.009386179968714714,0.34711575508117676,0.5812575221061707,-0.016028938814997673,0.29582929611206055,0.618807315826416,0.007512032985687256,0.33253800868988037,0.5787369012832642,-0.019571082666516304,0.3614792823791504,0.590736448764801,-0.042347755283117294,0.38492318987846375,0.6074356436729431,-0.05506845936179161,0.2827945053577423,0.6147443652153015,-0.006637883372604847,0.3034132719039917,0.5345317125320435,-0.024763667955994606,0.317510724067688,0.4855775833129883,-0.04034237936139107,0.3303685784339905,0.4418712258338928,-0.05125431716442108,0.267534464597702,0.6289222240447998,-0.024936625733971596,0.27887725830078125,0.5440080761909485,-0.04438219591975212,0.29041096568107605,0.4939092993736267,-0.05712880566716194,0.30130383372306824,0.45024198293685913,-0.06487631797790527,0.2519523501396179,0.6560443639755249,-0.04375975951552391,0.2547391653060913,0.595806360244751,-0.058160316199064255,0.2602519094944,0.5517181158065796,-0.0636252760887146,0.26915329694747925,0.510314404964447,-0.06773483753204346
19,left,0,0,0,0,0,0,0,0,0,0,0,0,0,0,0,0,0,0,0,0,0,0,0,0,0,0,0,0,0,0,0,0,0,0,0,0,0,0,0,0,0,0,0,0,0,0,0,0,0,0,0,0,0,0,0,0,0,0,0,0,0,0,0
20,right,0.27461865544319153,0.781184196472168,-6.044793110504543e-09,0.3144882619380951,0.7278516292572021,0.00019532219448592514,0.3253853917121887,0.6541284918785095,-0.004333311226218939,0.33779504895210266,0.6026381254196167,-0.01272674836218357,0.3550639748573303,0.5740827322006226,-0.021129563450813293,0.2973349094390869,0.6015896201133728,-0.0007431942503899336,0.3359317183494568,0.5631242990493774,-0.027009302750229836,0.3645763099193573,0.5831966996192932,-0.04871957376599312,0.3859434723854065,0.602628231048584,-0.06196766346693039,0.28367581963539124,0.5985677242279053,-0.01626000739634037,0.307771235704422,0.5145350694656372,-0.03456120938062668,0.32093989849090576,0.47305193543434143,-0.04951372742652893,0.3315030634403229,0.4372296929359436,-0.06071237847208977,0.26844683289527893,0.61408931016922,-0.03483101353049278,0.28358587622642517,0.5296574831008911,-0.054666146636009216,0.29642269015312195,0.48460930585861206,-0.06712695211172104,0.307780921459198,0.4434380531311035,-0.07557560503482819,0.2543356418609619,0.643309473991394,-0.053684886544942856,0.26027029752731323,0.58682781457901,-0.06886475533246994,0.26606619358062744,0.5446245670318604,-0.07414575666189194,0.2746129333972931,0.5044562816619873,-0.07886836677789688
20,left,0,0,0,0,0,0,0,0,0,0,0,0,0,0,0,0,0,0,0,0,0,0,0,0,0,0,0,0,0,0,0,0,0,0,0,0,0,0,0,0,0,0,0,0,0,0,0,0,0,0,0,0,0,0,0,0,0,0,0,0,0,0,0
21,right,0.2746852934360504,0.8020450472831726,1.7573002253357117e-07,0.31360572576522827,0.7436838746070862,0.0034102832432836294,0.3254232406616211,0.6659148335456848,0.0019129908178001642,0.33747923374176025,0.6143593788146973,-0.004414036404341459,0.3531472086906433,0.5788263082504272,-0.010447108186781406,0.29315388202667236,0.618371307849884,0.00920250453054905,0.3317089080810547,0.5761521458625793,-0.01682417280972004,0.362106591463089,0.589709997177124,-0.03910530358552933,0.38535580039024353,0.6069706082344055,-0.051418155431747437,0.28041964769363403,0.6136531233787537,-0.006349168252199888,0.30380967259407043,0.5319551229476929,-0.02277674339711666,0.3195285201072693,0.48277372121810913,-0.03745865449309349,0.3322794437408447,0.4407241940498352,-0.04793896898627281,0.26605936884880066,0.6266263723373413,-0.025554221123456955,0.27952829003334045,0.544318675994873,-0.04181123524904251,0.2929922342300415,0.494492769241333,-0.05300522968173027,0.3044261932373047,0.45171526074409485,-0.06034866347908974,0.252817839384079,0.6516720652580261,-0.045231740921735764,0.2585028111934662,0.5924765467643738,-0.056922923773527145,0.2644934356212616,0.5485084056854248,-0.06116311997175217,0.2725811302661896,0.5091754794120789,-0.06475015729665756
21,left,0,0,0,0,0,0,0,0,0,0,0,0,0,0,0,0,0,0,0,0,0,0,0,0,0,0,0,0,0,0,0,0,0,0,0,0,0,0,0,0,0,0,0,0,0,0,0,0,0,0,0,0,0,0,0,0,0,0,0,0,0,0,0
22,right,0.2758253216743469,0.781322717666626,1.549502970377148e-09,0.31468915939331055,0.7248510122299194,0.0020276193972676992,0.32563984394073486,0.6535201072692871,-0.0016403180779889226,0.33940744400024414,0.6052942276000977,-0.009477307088673115,0.35691148042678833,0.5765216946601868,-0.017356783151626587,0.29507285356521606,0.6016837954521179,0.0023629774805158377,0.33450496196746826,0.5647590756416321,-0.02330651693046093,0.3629720211029053,0.5849938988685608,-0.04470318555831909,0.3846866488456726,0.6049121618270874,-0.057489827275276184,0.2826637327671051,0.5980352163314819,-0.013382500037550926,0.3057728111743927,0.5131748914718628,-0.030645135790109634,0.31837034225463867,0.4725620150566101,-0.04480829834938049,0.32860860228538513,0.4377383291721344,-0.05540251359343529,0.2679351568222046,0.6123074889183044,-0.03214186057448387,0.2817918658256531,0.5286595225334167,-0.05039825290441513,0.29308831691741943,0.4840061664581299,-0.06172763556241989,0.3028443157672882,0.44342318177223206,-0.06952504813671112,0.2539719045162201,0.6396564245223999,-0.05115148425102234,0.2585640549659729,0.5818915963172913,-0.06491662561893463,0.2644529342651367,0.5398565530776978,-0.06914430856704712,0.27272161841392517,0.5004318952560425,-0.07309643924236298
22,left,0,0,0,0,0,0,0,0,0,0,0,0,0,0,0,0,0,0,0,0,0,0,0,0,0,0,0,0,0,0,0,0,0,0,0,0,0,0,0,0,0,0,0,0,0,0,0,0,0,0,0,0,0,0,0,0,0,0,0,0,0,0,0
23,right,0.27338871359825134,0.7984721064567566,1.7724025269671984e-07,0.3119097352027893,0.7385797500610352,0.003089016769081354,0.3236472010612488,0.6606342196464539,0.0017916199285537004,0.3342103064060211,0.6085699200630188,-0.004420192446559668,0.3499230742454529,0.5748345255851746,-0.010532849468290806,0.2955665588378906,0.6152241826057434,0.011097216978669167,0.33178138732910156,0.5712113976478577,-0.015016762539744377,0.36160022020339966,0.5829108357429504,-0.03814629092812538,0.3857857882976532,0.5990191102027893,-0.05105699226260185,0.2825582027435303,0.6092008352279663,-0.003845357336103916,0.30332013964653015,0.5281444191932678,-0.0201635230332613,0.31732529401779175,0.4793156385421753,-0.03548761457204819,0.3293059468269348,0.4363516867160797,-0.04644526541233063,0.2669098377227783,0.6212408542633057,-0.022579306736588478,0.28047868609428406,0.5382866859436035,-0.03891269117593765,0.2937574088573456,0.4895240068435669,-0.050192635506391525,0.30542105436325073,0.4471679925918579,-0.05749448388814926,0.25054028630256653,0.6454271078109741,-0.041818711906671524,0.25548824667930603,0.5862417221069336,-0.05328505486249924,0.26130688190460205,0.5431443452835083,-0.05723532289266586,0.26990848779678345,0.5037981271743774,-0.06053638458251953
23,left,0,0,0,0,0,0,0,0,0,0,0,0,0,0,0,0,0,0,0,0,0,0,0,0,0,0,0,0,0,0,0,0,0,0,0,0,0,0,0,0,0,0,0,0,0,0,0,0,0,0,0,0,0,0,0,0,0,0,0,0,0,0,0
24,right,0.27612292766571045,0.7707196474075317,9.866503347666367e-08,0.31173011660575867,0.7249509692192078,-0.0028560440987348557,0.3236079216003418,0.6501567363739014,-0.0076116216368973255,0.3358795940876007,0.6009944677352905,-0.015415794216096401,0.35394182801246643,0.5678085088729858,-0.02308434061706066,0.2933393120765686,0.5980294942855835,-0.0008287993259727955,0.33232539892196655,0.5639376044273376,-0.026029741391539574,0.361540824174881,0.5800047516822815,-0.04662398248910904,0.3838881850242615,0.5968063473701477,-0.05915096774697304,0.28213441371917725,0.5934759974479675,-0.014581885188817978,0.3051312267780304,0.5116221308708191,-0.03193175047636032,0.3173444867134094,0.4675438404083252,-0.046561695635318756,0.32676729559898376,0.42980116605758667,-0.05756759271025658,0.26734989881515503,0.6071687340736389,-0.0318337082862854,0.2817547023296356,0.5238408446311951,-0.05078025534749031,0.29298558831214905,0.4771706759929657,-0.06354430317878723,0.30189332365989685,0.434518426656723,-0.07227309048175812,0.2516791820526123,0.6336190700531006,-0.04957575350999832,0.25781509280204773,0.5763396620750427,-0.0644126906991005,0.26574185490608215,0.5344277620315552,-0.07003781944513321,0.2756851613521576,0.493638277053833,-0.07508224993944168
24,left,0,0,0,0,0,0,0,0,0,0,0,0,0,0,0,0,0,0,0,0,0,0,0,0,0,0,0,0,0,0,0,0,0,0,0,0,0,0,0,0,0,0,0,0,0,0,0,0,0,0,0,0,0,0,0,0,0,0,0,0,0,0,0
25,right,0.27515721321105957,0.7843337059020996,1.961210642775768e-07,0.3129500448703766,0.7299895286560059,0.0014339189510792494,0.3266232907772064,0.6555559039115906,-0.0007850920083001256,0.34006524085998535,0.6050252318382263,-0.007544979453086853,0.3552447557449341,0.5694174766540527,-0.014098197221755981,0.29608145356178284,0.6056729555130005,0.009989853017032146,0.33153337240219116,0.5639380216598511,-0.01733054779469967,0.36152005195617676,0.5749728083610535,-0.041477564722299576,0.3853514790534973,0.5916171073913574,-0.05470035597681999,0.2824448347091675,0.6003386378288269,-0.004468372091650963,0.3024614751338959,0.5208734273910522,-0.02120252698659897,0.3175089359283447,0.4718394875526428,-0.03698013350367546,0.3303234577178955,0.42870068550109863,-0.048262257128953934,0.26676225662231445,0.6124230623245239,-0.022997502237558365,0.28029075264930725,0.5290442109107971,-0.04041746258735657,0.2934376001358032,0.4798804521560669,-0.05237118899822235,0.3046830892562866,0.4379887580871582,-0.059875741600990295,0.2511482238769531,0.6366550922393799,-0.04204811528325081,0.2571009695529938,0.5766780376434326,-0.05439189076423645,0.26327991485595703,0.533462643623352,-0.05853185057640076,0.271705687046051,0.49416932463645935,-0.06179757043719292
25,left,0,0,0,0,0,0,0,0,0,0,0,0,0,0,0,0,0,0,0,0,0,0,0,0,0,0,0,0,0,0,0,0,0,0,0,0,0,0,0,0,0,0,0,0,0,0,0,0,0,0,0,0,0,0,0,0,0,0,0,0,0,0,0
26,right,0.2738407552242279,0.7839624285697937,2.15665409086796e-07,0.3128388524055481,0.7308873534202576,0.000889633665792644,0.32734522223472595,0.6546713709831238,-0.0011134868254885077,0.3403640389442444,0.6032342910766602,-0.007752951700240374,0.3550695478916168,0.5704711675643921,-0.014337130822241306,0.2942006587982178,0.6011395454406738,0.009403633885085583,0.3315000534057617,0.5606905221939087,-0.016454417258501053,0.36107558012008667,0.5721503496170044,-0.038728319108486176,0.3849390745162964,0.5890839099884033,-0.05128413811326027,0.281591534614563,0.5969028472900391,-0.005184918642044067,0.3036562502384186,0.5188915729522705,-0.022206097841262817,0.3191079795360565,0.47041016817092896,-0.03733862563967705,0.33268627524375916,0.42847511172294617,-0.048123255372047424,0.2668335437774658,0.6105996966362,-0.02385220117866993,0.28036510944366455,0.5266003608703613,-0.041864391416311264,0.2926252484321594,0.47790414094924927,-0.05385943502187729,0.30373337864875793,0.4365360140800476,-0.06147269159555435,0.2520979642868042,0.6366236805915833,-0.043124936521053314,0.25668269395828247,0.5776179432868958,-0.05723622441291809,0.2635144293308258,0.5339463353157043,-0.06275014579296112,0.27348464727401733,0.49377694725990295,-0.06692183762788773
26,left,0,0,0,0,0,0,0,0,0,0,0,0,0,0,0,0,0,0,0,0,0,0,0,0,0,0,0,0,0,0,0,0,0,0,0,0,0,0,0,0,0,0,0,0,0,0,0,0,0,0,0,0,0,0,0,0,0,0,0,0,0,0,0
27,right,0.2779410481452942,0.7865681052207947,2.0963990721156733e-07,0.31762444972991943,0.7321484088897705,0.0012857166584581137,0.33247125148773193,0.6570309400558472,-0.0009130988037213683,0.3459005057811737,0.6066059470176697,-0.00773948198184371,0.3619575500488281,0.5712350010871887,-0.014541758224368095,0.299022912979126,0.6019772291183472,0.009593084454536438,0.3360176980495453,0.5641148686408997,-0.016708752140402794,0.36495542526245117,0.573611319065094,-0.03974783048033714,0.38846325874328613,0.5887919664382935,-0.0528007410466671,0.28529760241508484,0.5975748896598816,-0.005324238445609808,0.308951735496521,0.5191546082496643,-0.02236919291317463,0.32443225383758545,0.4702976942062378,-0.03740391507744789,0.33809685707092285,0.42821186780929565,-0.048033472150564194,0.2700813412666321,0.6112878322601318,-0.0242830328643322,0.28570228815078735,0.5275077819824219,-0.04212740808725357,0.2984846234321594,0.4787921905517578,-0.053558897227048874,0.3101294934749603,0.4373733401298523,-0.06073936074972153,0.25505879521369934,0.6380265951156616,-0.0438501350581646,0.2614964246749878,0.5788190364837646,-0.05755120515823364,0.26905620098114014,0.5354441404342651,-0.06226670742034912,0.2796967923641205,0.4954974055290222,-0.06577778607606888
27,left,0,0,0,0,0,0,0,0,0,0,0,0,0,0,0,0,0,0,0,0,0,0,0,0,0,0,0,0,0,0,0,0,0,0,0,0,0,0,0,0,0,0,0,0,0,0,0,0,0,0,0,0,0,0,0,0,0,0,0,0,0,0,0
28,right,0.279877632856369,0.7897852063179016,1.9424516040089657e-07,0.32029086351394653,0.7316078543663025,0.0013665732694789767,0.33552929759025574,0.6562486290931702,-0.0016150543233379722,0.34824907779693604,0.6043456792831421,-0.009319334290921688,0.3625238239765167,0.565331220626831,-0.01679598167538643,0.3035191595554352,0.603503942489624,0.009136445820331573,0.340047150850296,0.5638477802276611,-0.018163135275244713,0.369721919298172,0.5781503915786743,-0.041655655950307846,0.3928741216659546,0.5967843532562256,-0.054601531475782394,0.28936561942100525,0.5997569561004639,-0.00578669086098671,0.31274157762527466,0.5223022699356079,-0.02298913337290287,0.32883477210998535,0.4745800793170929,-0.03796982392668724,0.34226223826408386,0.433328241109848,-0.04861874133348465,0.2735968232154846,0.6141090393066406,-0.024825623258948326,0.2891261875629425,0.5310590267181396,-0.042540159076452255,0.3022308945655823,0.4832504391670227,-0.05320090055465698,0.31363144516944885,0.4426988363265991,-0.059831514954566956,0.25846943259239197,0.6415637731552124,-0.044476576149463654,0.26483815908432007,0.5828642249107361,-0.0576133094727993,0.2715151309967041,0.5393974781036377,-0.0616166815161705,0.28091415762901306,0.4992483854293823,-0.06455320119857788
28,left,0,0,0,0,0,0,0,0,0,0,0,0,0,0,0,0,0,0,0,0,0,0,0,0,0,0,0,0,0,0,0,0,0,0,0,0,0,0,0,0,0,0,0,0,0,0,0,0,0,0,0,0,0,0,0,0,0,0,0,0,0,0,0
29,right,0.2843645513057709,0.8292637467384338,5.074437581242819e-07,0.3275313079357147,0.7549917697906494,0.006970135495066643,0.33898961544036865,0.6743628978729248,0.008309859782457352,0.34719669818878174,0.6230139136314392,0.0037431365344673395,0.3579272925853729,0.5760490894317627,-0.00046072667464613914,0.30503106117248535,0.6438108086585999,0.024764908477663994,0.3358413875102997,0.606094479560852,0.007729791570454836,0.37165093421936035,0.6004856824874878,-0.010262950323522091,0.4049797058105469,0.5976162552833557,-0.021939318627119064,0.2914096713066101,0.6452217102050781,0.009072573855519295,0.3279202878475189,0.6050390005111694,-0.013042768463492393,0.36581963300704956,0.597621500492096,-0.03079725243151188,0.39906758069992065,0.5982093811035156,-0.038897570222616196,0.27695271372795105,0.6545119881629944,-0.009740124456584454,0.2909794747829437,0.5903321504592896,-0.028987737372517586,0.3126407265663147,0.5478547215461731,-0.03993453457951546,0.33575910329818726,0.5152115821838379,-0.04408244043588638,0.2606351375579834,0.67186039686203,-0.028892256319522858,0.26434263586997986,0.6114192605018616,-0.04159071668982506,0.27521616220474243,0.5688865184783936,-0.0458064079284668,0.29062217473983765,0.5340425968170166,-0.0473807193338871
29,left,0,0,0,0,0,0,0,0,0,0,0,0,0,0,0,0,0,0,0,0,0,0,0,0,0,0,0,0,0,0,0,0,0,0,0,0,0,0,0,0,0,0,0,0,0,0,0,0,0,0,0,0,0,0,0,0,0,0,0,0,0,0,0
30,right,0.29886093735694885,0.799058198928833,3.427653894050309e-07,0.3348827660083771,0.7450636625289917,-0.0021338064689189196,0.34667643904685974,0.6611398458480835,-0.0031372313387691975,0.35549864172935486,0.6056892275810242,-0.0075856889598071575,0.36652201414108276,0.5597021579742432,-0.011292724870145321,0.31148624420166016,0.6265004277229309,0.012296222150325775,0.34316399693489075,0.5941820740699768,-0.006313095334917307,0.3733820915222168,0.5980748534202576,-0.021722758188843727,0.40021300315856934,0.6007946729660034,-0.030737141147255898,0.2965497076511383,0.6284494400024414,0.0016181517858058214,0.3337942063808441,0.5839415192604065,-0.022690555080771446,0.36720800399780273,0.5849098563194275,-0.03658951446413994,0.39645615220069885,0.5863009095191956,-0.040129680186510086,0.27995386719703674,0.6405183672904968,-0.012842380441725254,0.29136422276496887,0.5776128172874451,-0.03431183099746704,0.3052903115749359,0.5338549613952637,-0.04471870884299278,0.3216923475265503,0.49564242362976074,-0.04725843295454979,0.2617192268371582,0.6626402139663696,-0.027932768687605858,0.26772525906562805,0.6051658391952515,-0.04091210290789604,0.2784584164619446,0.563744843006134,-0.04494314268231392,0.29340487718582153,0.5278986692428589,-0.046115562319755554
30,left,0,0,0,0,0,0,0,0,0,0,0,0,0,0,0,0,0,0,0,0,0,0,0,0,0,0,0,0,0,0,0,0,0,0,0,0,0,0,0,0,0,0,0,0,0,0,0,0,0,0,0,0,0,0,0,0,0,0,0,0,0,0,0
31,right,0,0,0,0,0,0,0,0,0,0,0,0,0,0,0,0,0,0,0,0,0,0,0,0,0,0,0,0,0,0,0,0,0,0,0,0,0,0,0,0,0,0,0,0,0,0,0,0,0,0,0,0,0,0,0,0,0,0,0,0,0,0,0
31,left,0,0,0,0,0,0,0,0,0,0,0,0,0,0,0,0,0,0,0,0,0,0,0,0,0,0,0,0,0,0,0,0,0,0,0,0,0,0,0,0,0,0,0,0,0,0,0,0,0,0,0,0,0,0,0,0,0,0,0,0,0,0,0
32,right,0,0,0,0,0,0,0,0,0,0,0,0,0,0,0,0,0,0,0,0,0,0,0,0,0,0,0,0,0,0,0,0,0,0,0,0,0,0,0,0,0,0,0,0,0,0,0,0,0,0,0,0,0,0,0,0,0,0,0,0,0,0,0
32,left,0,0,0,0,0,0,0,0,0,0,0,0,0,0,0,0,0,0,0,0,0,0,0,0,0,0,0,0,0,0,0,0,0,0,0,0,0,0,0,0,0,0,0,0,0,0,0,0,0,0,0,0,0,0,0,0,0,0,0,0,0,0,0
33,right,0.26198771595954895,0.8194892406463623,1.336029384901849e-07,0.3067288100719452,0.7502179145812988,0.003740147454664111,0.32306674122810364,0.6730431914329529,0.002626219065859914,0.3358948528766632,0.6197481155395508,-0.004247734788805246,0.34936925768852234,0.585047721862793,-0.01136685162782669,0.2888171672821045,0.6189059019088745,0.015767576172947884,0.3187919855117798,0.5689429044723511,-0.009926322847604752,0.3464098274707794,0.5800467729568481,-0.03419166058301926,0.3687078356742859,0.5991225838661194,-0.04815113916993141,0.27240002155303955,0.6143168807029724,-0.00037195501499809325,0.2874109447002411,0.5318778157234192,-0.015869460999965668,0.3012477159500122,0.4837913513183594,-0.032428037375211716,0.31400904059410095,0.4431196451187134,-0.0447121262550354,0.25489750504493713,0.6295429468154907,-0.020598631352186203,0.2622208893299103,0.5459012985229492,-0.036887507885694504,0.2725715637207031,0.4964926838874817,-0.04871637374162674,0.28392890095710754,0.4532771408557892,-0.05688131973147392,0.23762555420398712,0.658698558807373,-0.04152718558907509,0.24145540595054626,0.5999743342399597,-0.05351926013827324,0.24864542484283447,0.5574139952659607,-0.05715698003768921,0.2593018710613251,0.5173096656799316,-0.060297753661870956
33,left,0,0,0,0,0,0,0,0,0,0,0,0,0,0,0,0,0,0,0,0,0,0,0,0,0,0,0,0,0,0,0,0,0,0,0,0,0,0,0,0,0,0,0,0,0,0,0,0,0,0,0,0,0,0,0,0,0,0,0,0,0,0,0
34,right,0.2646949291229248,0.7924079895019531,2.57866304309573e-07,0.3058525025844574,0.7235748171806335,0.002215114887803793,0.3174588680267334,0.6480415463447571,0.0009135262807831168,0.32793867588043213,0.5945389866828918,-0.005231153219938278,0.3416401147842407,0.5561337471008301,-0.011456427164375782,0.2854900658130646,0.6011070609092712,0.010076389648020267,0.3193455934524536,0.5560576319694519,-0.014898404479026794,0.3465328514575958,0.5644319653511047,-0.03583262115716934,0.3706957995891571,0.5791463255882263,-0.047586336731910706,0.2708877623081207,0.5959240198135376,-0.0045988052152097225,0.2872422933578491,0.5109177827835083,-0.021096285432577133,0.29851603507995605,0.46205395460128784,-0.03539074957370758,0.3105364739894867,0.4212823212146759,-0.04561019316315651,0.2534596920013428,0.6094733476638794,-0.02309916540980339,0.2606983780860901,0.5231004357337952,-0.04109320789575577,0.2720285654067993,0.4731835722923279,-0.05279562249779701,0.2847387492656708,0.4319952130317688,-0.06007641926407814,0.23526594042778015,0.635237455368042,-0.04202112555503845,0.23832598328590393,0.5730262994766235,-0.05570057034492493,0.24612250924110413,0.5302486419677734,-0.06043119728565216,0.25787556171417236,0.4922330379486084,-0.06390871852636337
34,left,0,0,0,0,0,0,0,0,0,0,0,0,0,0,0,0,0,0,0,0,0,0,0,0,0,0,0,0,0,0,0,0,0,0,0,0,0,0,0,0,0,0,0,0,0,0,0,0,0,0,0,0,0,0,0,0,0,0,0,0,0,0,0
35,right,0.26346269249916077,0.7821363806724548,2.3460098930172535e-07,0.3028711676597595,0.7156384587287903,0.004052761942148209,0.3167084753513336,0.6383048295974731,0.002050813753157854,0.3310573697090149,0.5848527550697327,-0.005788736045360565,0.348122239112854,0.5523454546928406,-0.013991937972605228,0.28141412138938904,0.5887948870658875,0.012501256540417671,0.31872451305389404,0.5454413890838623,-0.013503109104931355,0.3477044105529785,0.5556232929229736,-0.036084163933992386,0.37107184529304504,0.5714147686958313,-0.04921414330601692,0.26793792843818665,0.5863797068595886,-0.0047575742937624454,0.2888469398021698,0.5050848722457886,-0.022385187447071075,0.302158385515213,0.4543916583061218,-0.03837668523192406,0.31384822726249695,0.4118262529373169,-0.05015135183930397,0.2522353231906891,0.6025754809379578,-0.025998640805482864,0.26444557309150696,0.5170530080795288,-0.044776324182748795,0.27657192945480347,0.46653515100479126,-0.05758362263441086,0.2882623076438904,0.42386674880981445,-0.06601211428642273,0.23641237616539001,0.6311418414115906,-0.04766560345888138,0.24022944271564484,0.5696995854377747,-0.06257064640522003,0.24757936596870422,0.524405300617218,-0.06859888136386871,0.2586945593357086,0.48327720165252686,-0.07336408644914627
35,left,0,0,0,0,0,0,0,0,0,0,0,0,0,0,0,0,0,0,0,0,0,0,0,0,0,0,0,0,0,0,0,0,0,0,0,0,0,0,0,0,0,0,0,0,0,0,0,0,0,0,0,0,0,0,0,0,0,0,0,0,0,0,0
36,right,0.26169317960739136,0.7693800926208496,2.2778687025493127e-07,0.30142131447792053,0.7049912214279175,0.0035994660574942827,0.31342801451683044,0.6284452676773071,0.001696926192380488,0.325558066368103,0.5748981237411499,-0.0058060577139258385,0.3423401415348053,0.541608452796936,-0.013636795803904533,0.28187045454978943,0.5792351961135864,0.01186386775225401,0.3171558380126953,0.5366628766059875,-0.014432495459914207,0.345683753490448,0.5469780564308167,-0.03735790401697159,0.36874157190322876,0.5624880194664001,-0.05064060166478157,0.2681727111339569,0.576549232006073,-0.004776664078235626,0.2881630063056946,0.49574288725852966,-0.022393668070435524,0.30115175247192383,0.4461064636707306,-0.03847592696547508,0.31288963556289673,0.40441256761550903,-0.05024399980902672,0.25233978033065796,0.5920982360839844,-0.025370651856064796,0.2642730474472046,0.5067812204360962,-0.04385858401656151,0.2766900360584259,0.4573436975479126,-0.056461725383996964,0.2890155613422394,0.41552484035491943,-0.06470467150211334,0.23624196648597717,0.6201205849647522,-0.0464264415204525,0.24061506986618042,0.559884786605835,-0.060926541686058044,0.24832330644130707,0.5152812600135803,-0.06682248413562775,0.25970426201820374,0.4744827449321747,-0.07144517451524734
36,left,0,0,0,0,0,0,0,0,0,0,0,0,0,0,0,0,0,0,0,0,0,0,0,0,0,0,0,0,0,0,0,0,0,0,0,0,0,0,0,0,0,0,0,0,0,0,0,0,0,0,0,0,0,0,0,0,0,0,0,0,0,0,0
