1,right,0,0,0,0,0,0,0,0,0,0,0,0,0,0,0,0,0,0,0,0,0,0,0,0,0,0,0,0,0,0,0,0,0,0,0,0,0,0,0,0,0,0,0,0,0,0,0,0,0,0,0,0,0,0,0,0,0,0,0,0,0,0,0
1,left,0,0,0,0,0,0,0,0,0,0,0,0,0,0,0,0,0,0,0,0,0,0,0,0,0,0,0,0,0,0,0,0,0,0,0,0,0,0,0,0,0,0,0,0,0,0,0,0,0,0,0,0,0,0,0,0,0,0,0,0,0,0,0
2,right,0,0,0,0,0,0,0,0,0,0,0,0,0,0,0,0,0,0,0,0,0,0,0,0,0,0,0,0,0,0,0,0,0,0,0,0,0,0,0,0,0,0,0,0,0,0,0,0,0,0,0,0,0,0,0,0,0,0,0,0,0,0,0
2,left,0,0,0,0,0,0,0,0,0,0,0,0,0,0,0,0,0,0,0,0,0,0,0,0,0,0,0,0,0,0,0,0,0,0,0,0,0,0,0,0,0,0,0,0,0,0,0,0,0,0,0,0,0,0,0,0,0,0,0,0,0,0,0
3,right,0,0,0,0,0,0,0,0,0,0,0,0,0,0,0,0,0,0,0,0,0,0,0,0,0,0,0,0,0,0,0,0,0,0,0,0,0,0,0,0,0,0,0,0,0,0,0,0,0,0,0,0,0,0,0,0,0,0,0,0,0,0,0
3,left,0,0,0,0,0,0,0,0,0,0,0,0,0,0,0,0,0,0,0,0,0,0,0,0,0,0,0,0,0,0,0,0,0,0,0,0,0,0,0,0,0,0,0,0,0,0,0,0,0,0,0,0,0,0,0,0,0,0,0,0,0,0,0
4,right,0,0,0,0,0,0,0,0,0,0,0,0,0,0,0,0,0,0,0,0,0,0,0,0,0,0,0,0,0,0,0,0,0,0,0,0,0,0,0,0,0,0,0,0,0,0,0,0,0,0,0,0,0,0,0,0,0,0,0,0,0,0,0
4,left,0,0,0,0,0,0,0,0,0,0,0,0,0,0,0,0,0,0,0,0,0,0,0,0,0,0,0,0,0,0,0,0,0,0,0,0,0,0,0,0,0,0,0,0,0,0,0,0,0,0,0,0,0,0,0,0,0,0,0,0,0,0,0
5,right,0,0,0,0,0,0,0,0,0,0,0,0,0,0,0,0,0,0,0,0,0,0,0,0,0,0,0,0,0,0,0,0,0,0,0,0,0,0,0,0,0,0,0,0,0,0,0,0,0,0,0,0,0,0,0,0,0,0,0,0,0,0,0
5,left,0,0,0,0,0,0,0,0,0,0,0,0,0,0,0,0,0,0,0,0,0,0,0,0,0,0,0,0,0,0,0,0,0,0,0,0,0,0,0,0,0,0,0,0,0,0,0,0,0,0,0,0,0,0,0,0,0,0,0,0,0,0,0
6,right,0,0,0,0,0,0,0,0,0,0,0,0,0,0,0,0,0,0,0,0,0,0,0,0,0,0,0,0,0,0,0,0,0,0,0,0,0,0,0,0,0,0,0,0,0,0,0,0,0,0,0,0,0,0,0,0,0,0,0,0,0,0,0
6,left,0,0,0,0,0,0,0,0,0,0,0,0,0,0,0,0,0,0,0,0,0,0,0,0,0,0,0,0,0,0,0,0,0,0,0,0,0,0,0,0,0,0,0,0,0,0,0,0,0,0,0,0,0,0,0,0,0,0,0,0,0,0,0
7,right,0.07758188247680664,0.9871863126754761,-1.0459755372949076e-07,0.1206749677658081,0.9346023797988892,-0.015665868297219276,0.14729800820350647,0.8698450326919556,-0.028130294755101204,0.15880368649959564,0.8150001764297485,-0.04206576943397522,0.16670610010623932,0.7759791612625122,-0.054218750447034836,0.12612828612327576,0.7911521792411804,-0.0097467340528965,0.137249156832695,0.7162338495254517,-0.03998896852135658,0.13163992762565613,0.7315331697463989,-0.0630689263343811,0.12240093946456909,0.7686166763305664,-0.07384676486253738,0.0931156799197197,0.791145920753479,-0.01590742915868759,0.10384877771139145,0.7151318192481995,-0.04634065926074982,0.10745644569396973,0.730417788028717,-0.06467974185943604,0.10928363353013992,0.7659901976585388,-0.07090527564287186,0.0605781115591526,0.8038330674171448,-0.026120293885469437,0.0692933201789856,0.7376748919487,-0.04955875873565674,0.08238845318555832,0.7330746650695801,-0.05770780146121979,0.09481991827487946,0.7474117279052734,-0.05859663709998131,0.02922990918159485,0.8296076059341431,-0.03790323808789253,0.032772161066532135,0.7803447842597961,-0.051830045878887177,0.04550396278500557,0.7568984627723694,-0.053391098976135254,0.05999566987156868,0.7452909350395203,-0.05179990082979202
7,left,0,0,0,0,0,0,0,0,0,0,0,0,0,0,0,0,0,0,0,0,0,0,0,0,0,0,0,0,0,0,0,0,0,0,0,0,0,0,0,0,0,0,0,0,0,0,0,0,0,0,0,0,0,0,0,0,0,0,0,0,0,0,0
8,right,0.13097944855690002,0.9300598502159119,1.7810552321861906e-07,0.1548765003681183,0.8541383743286133,-0.008815934881567955,0.1770946979522705,0.7799065709114075,-0.017287300899624825,0.20053666830062866,0.7263966798782349,-0.02865450084209442,0.2226613163948059,0.6888889670372009,-0.03928246721625328,0.14164908230304718,0.717992901802063,-0.0015076956478878856,0.15869103372097015,0.6460839509963989,-0.024671776220202446,0.18235118687152863,0.6350951194763184,-0.044983431696891785,0.20259228348731995,0.6414990425109863,-0.05662515014410019,0.14175216853618622,0.7321275472640991,-0.008403749205172062,0.17199072241783142,0.6629013419151306,-0.032609328627586365,0.1932925432920456,0.6608065962791443,-0.049592524766922,0.20577426254749298,0.6815770864486694,-0.058141738176345825,0.14286814630031586,0.7554258704185486,-0.01829037070274353,0.17269966006278992,0.6885798573493958,-0.03764622285962105,0.19220274686813354,0.6872121095657349,-0.042571984231472015,0.204225093126297,0.7090503573417664,-0.04260842874646187,0.14242693781852722,0.7885172963142395,-0.029591280966997147,0.17105787992477417,0.7420080900192261,-0.041114047169685364,0.19583727419376373,0.716842770576477,-0.04246623069047928,0.21652847528457642,0.7066587805747986,-0.04157804325222969
8,left,0,0,0,0,0,0,0,0,0,0,0,0,0,0,0,0,0,0,0,0,0,0,0,0,0,0,0,0,0,0,0,0,0,0,0,0,0,0,0,0,0,0,0,0,0,0,0,0,0,0,0,0,0,0,0,0,0,0,0,0,0,0,0
9,right,0.21286581456661224,0.8552411794662476,-1.866394860883247e-08,0.25046685338020325,0.7986165881156921,-0.006285333540290594,0.27472227811813354,0.7394324541091919,-0.01602773927152157,0.2965371310710907,0.6969655752182007,-0.02899886481463909,0.30299806594848633,0.6539795994758606,-0.04081308841705322,0.24254798889160156,0.6809150576591492,-0.005691620521247387,0.2642771601676941,0.6423596739768982,-0.03370707482099533,0.2806156277656555,0.6783152222633362,-0.05406570062041283,0.2882179021835327,0.7200204730033875,-0.06319388747215271,0.22230741381645203,0.6805756092071533,-0.016248466446995735,0.23833778500556946,0.6146547198295593,-0.03881322965025902,0.2653164267539978,0.598027229309082,-0.053055185824632645,0.290312260389328,0.5962543487548828,-0.06025870144367218,0.19868871569633484,0.6928890347480774,-0.03058827854692936,0.2088475227355957,0.6152445077896118,-0.051317233592271805,0.23429135978221893,0.5848109126091003,-0.06095343455672264,0.260475218296051,0.5664505362510681,-0.06495358049869537,0.17560610175132751,0.7173902988433838,-0.04569461569190025,0.17095664143562317,0.6625806093215942,-0.06052064895629883,0.1877390593290329,0.629133403301239,-0.06441381573677063,0.2101760059595108,0.605093777179718,-0.06583163887262344
9,left,0,0,0,0,0,0,0,0,0,0,0,0,0,0,0,0,0,0,0,0,0,0,0,0,0,0,0,0,0,0,0,0,0,0,0,0,0,0,0,0,0,0,0,0,0,0,0,0,0,0,0,0,0,0,0,0,0,0,0,0,0,0,0
10,right,0.23076127469539642,0.8238087892532349,1.0713805664863685e-07,0.273493230342865,0.7765602469444275,-0.007442689500749111,0.29998332262039185,0.7191070914268494,-0.016340507194399834,0.32211023569107056,0.6753636002540588,-0.028477298095822334,0.32853296399116516,0.6295867562294006,-0.03926929458975792,0.27290403842926025,0.6530694365501404,0.006793879438191652,0.28966066241264343,0.6295620203018188,-0.022932324558496475,0.2934330701828003,0.670234739780426,-0.04855979606509209,0.29208362102508545,0.7159615159034729,-0.0605667307972908,0.25135913491249084,0.6458717584609985,-0.0017922156257554889,0.2690838575363159,0.5892428755760193,-0.019168280065059662,0.292106956243515,0.5633593797683716,-0.03345601633191109,0.3180069923400879,0.548097550868988,-0.042484961450099945,0.22877059876918793,0.654790461063385,-0.01579367183148861,0.24722029268741608,0.5897333025932312,-0.033753667026758194,0.27102258801460266,0.5606802105903625,-0.043546173721551895,0.29698461294174194,0.5393103957176208,-0.04851004108786583,0.20691291987895966,0.6777435541152954,-0.031024158000946045,0.21114811301231384,0.6323579549789429,-0.043968651443719864,0.22692786157131195,0.6049173474311829,-0.04664113000035286,0.24615082144737244,0.5818894505500793,-0.04733271151781082
10,left,0,0,0,0,0,0,0,0,0,0,0,0,0,0,0,0,0,0,0,0,0,0,0,0,0,0,0,0,0,0,0,0,0,0,0,0,0,0,0,0,0,0,0,0,0,0,0,0,0,0,0,0,0,0,0,0,0,0,0,0,0,0,0
11,right,0.23547129333019257,0.8134650588035583,1.2257039827545668e-07,0.27819716930389404,0.767320454120636,-0.007976432330906391,0.3067396283149719,0.7106867432594299,-0.014779764227569103,0.3291175961494446,0.6689459681510925,-0.02430170215666294,0.3354451060295105,0.6238528490066528,-0.031885869801044464,0.27882009744644165,0.6441264152526855,0.0076919179409742355,0.29659342765808105,0.6204006671905518,-0.017685657367110252,0.30146631598472595,0.6599259972572327,-0.039050210267305374,0.2998993992805481,0.7027881145477295,-0.04876716807484627,0.2582559883594513,0.6359043121337891,0.0004426301165949553,0.27805569767951965,0.5825853943824768,-0.014506502076983452,0.3012058734893799,0.5571502447128296,-0.026423495262861252,0.32607302069664,0.5414019227027893,-0.034170668572187424,0.23607054352760315,0.643984854221344,-0.012149831280112267,0.2541830837726593,0.582295298576355,-0.02778208628296852,0.27717867493629456,0.5553218126296997,-0.035790324211120605,0.3023515045642853,0.5372115969657898,-0.03980361297726631,0.21504972875118256,0.6653638482093811,-0.026223598048090935,0.2203945517539978,0.618233859539032,-0.03778646141290665,0.23648421466350555,0.5891584157943726,-0.04033122584223747,0.2563181519508362,0.5664469599723816,-0.04112410545349121
11,left,0,0,0,0,0,0,0,0,0,0,0,0,0,0,0,0,0,0,0,0,0,0,0,0,0,0,0,0,0,0,0,0,0,0,0,0,0,0,0,0,0,0,0,0,0,0,0,0,0,0,0,0,0,0,0,0,0,0,0,0,0,0,0
12,right,0.23506557941436768,0.8100650310516357,8.369143245090527e-08,0.27986130118370056,0.7641428112983704,-0.008111095987260342,0.3088485896587372,0.7070023417472839,-0.014167146757245064,0.3318069875240326,0.6637042164802551,-0.022950472310185432,0.3360302150249481,0.6183046102523804,-0.02999776229262352,0.2768059968948364,0.6422127485275269,0.010001600719988346,0.29575347900390625,0.6171767711639404,-0.015211855992674828,0.2990272045135498,0.6585635542869568,-0.03721093386411667,0.2962658405303955,0.7025722861289978,-0.04779836907982826,0.25624707341194153,0.6339168548583984,0.002723884303122759,0.2752344310283661,0.5807970762252808,-0.013091755099594593,0.29872801899909973,0.5558826923370361,-0.026454564183950424,0.3247000575065613,0.5418863892555237,-0.03533146157860756,0.2343865931034088,0.6412531137466431,-0.010188039392232895,0.25494253635406494,0.581561803817749,-0.026852983981370926,0.27945539355278015,0.5524807572364807,-0.03717035800218582,0.3058255910873413,0.5333737730979919,-0.04286827892065048,0.21353623270988464,0.6613086462020874,-0.02455134131014347,0.21975184977054596,0.6158266067504883,-0.03772418946027756,0.2359895259141922,0.5876061916351318,-0.042475007474422455,0.256382554769516,0.5650869607925415,-0.04502010717988014
12,left,0,0,0,0,0,0,0,0,0,0,0,0,0,0,0,0,0,0,0,0,0,0,0,0,0,0,0,0,0,0,0,0,0,0,0,0,0,0,0,0,0,0,0,0,0,0,0,0,0,0,0,0,0,0,0,0,0,0,0,0,0,0,0
13,right,0.2361411452293396,0.810198187828064,8.51906065690855e-08,0.27924999594688416,0.7675549983978271,-0.009323934093117714,0.3085910677909851,0.7089551091194153,-0.015744606032967567,0.3319987654685974,0.6654738783836365,-0.02455371804535389,0.33804336190223694,0.621540904045105,-0.031385041773319244,0.2780071198940277,0.6444275379180908,0.008054608479142189,0.29638731479644775,0.6190645694732666,-0.017353802919387817,0.2991730570793152,0.6606031656265259,-0.03915560990571976,0.2958058714866638,0.7041808366775513,-0.04951310157775879,0.256771981716156,0.6356794238090515,0.0014820664655417204,0.27577275037765503,0.5833286643028259,-0.013826529495418072,0.2990565598011017,0.5571401119232178,-0.026291534304618835,0.3247295320034027,0.5404282212257385,-0.034729935228824615,0.23483335971832275,0.6425962448120117,-0.010801753029227257,0.2547936737537384,0.5840741395950317,-0.026905549690127373,0.2792062759399414,0.5540439486503601,-0.036366142332553864,0.305477112531662,0.5330637693405151,-0.04166924208402634,0.2139212042093277,0.6618400812149048,-0.024710990488529205,0.2203732579946518,0.616814374923706,-0.037110522389411926,0.2364460974931717,0.5882588624954224,-0.04115845635533333,0.2564917206764221,0.5646731853485107,-0.04333610460162163
13,left,0,0,0,0,0,0,0,0,0,0,0,0,0,0,0,0,0,0,0,0,0,0,0,0,0,0,0,0,0,0,0,0,0,0,0,0,0,0,0,0,0,0,0,0,0,0,0,0,0,0,0,0,0,0,0,0,0,0,0,0,0,0,0
14,right,0.23619014024734497,0.8091977834701538,1.0522608562268942e-07,0.2793802320957184,0.7657590508460999,-0.009623004123568535,0.30870145559310913,0.7082687616348267,-0.016509821638464928,0.331650048494339,0.6651938557624817,-0.025748834013938904,0.33703726530075073,0.6204791069030762,-0.03306722640991211,0.2775109112262726,0.6433140635490417,0.007934484630823135,0.29648110270500183,0.6188732385635376,-0.017647702246904373,0.29931479692459106,0.661249577999115,-0.03988439589738846,0.29572293162345886,0.7046967148780823,-0.05053636059165001,0.25637170672416687,0.6345897912979126,0.0013284225715324283,0.2761938273906708,0.5828511714935303,-0.014027804136276245,0.30030372738838196,0.5562229156494141,-0.026903828606009483,0.32664918899536133,0.5391905307769775,-0.035644106566905975,0.23425602912902832,0.6416801810264587,-0.010998230427503586,0.2551079988479614,0.5829997658729553,-0.027286197990179062,0.2799259424209595,0.5532210469245911,-0.036924686282873154,0.306464821100235,0.5328498482704163,-0.042258381843566895,0.21327480673789978,0.6615423560142517,-0.024925973266363144,0.2207145094871521,0.6165167093276978,-0.03761948645114899,0.23747821152210236,0.5878538489341736,-0.04165904223918915,0.25783810019493103,0.564629852771759,-0.04369382560253143
14,left,0,0,0,0,0,0,0,0,0,0,0,0,0,0,0,0,0,0,0,0,0,0,0,0,0,0,0,0,0,0,0,0,0,0,0,0,0,0,0,0,0,0,0,0,0,0,0,0,0,0,0,0,0,0,0,0,0,0,0,0,0,0,0
15,right,0.23710817098617554,0.8107501864433289,1.0017104301596191e-07,0.27945059537887573,0.7682561874389648,-0.009170007891952991,0.309824675321579,0.708977222442627,-0.01555625256150961,0.33344101905822754,0.6651427149772644,-0.02447652257978916,0.33742785453796387,0.6215342283248901,-0.03133499622344971,0.2785881459712982,0.6438602209091187,0.009370341897010803,0.29636311531066895,0.62100750207901,-0.016346782445907593,0.2984093427658081,0.6652854681015015,-0.03872141242027283,0.2943771481513977,0.7091991305351257,-0.04926373437047005,0.25704923272132874,0.6353400945663452,0.002627849578857422,0.27728262543678284,0.5853106379508972,-0.012226160615682602,0.3015782833099365,0.5584836602210999,-0.024432137608528137,0.3283473253250122,0.5395439267158508,-0.032754022628068924,0.23487484455108643,0.6423776149749756,-0.01004406251013279,0.2552281320095062,0.5854837894439697,-0.026122936978936195,0.2796165347099304,0.5547158718109131,-0.03539297357201576,0.30604666471481323,0.5322526097297668,-0.040405768901109695,0.21389172971248627,0.6619410514831543,-0.02436637133359909,0.22129079699516296,0.6164893507957458,-0.03623610734939575,0.23751282691955566,0.5879791975021362,-0.03958921134471893,0.257276326417923,0.56473308801651,-0.0412343293428421
15,left,0,0,0,0,0,0,0,0,0,0,0,0,0,0,0,0,0,0,0,0,0,0,0,0,0,0,0,0,0,0,0,0,0,0,0,0,0,0,0,0,0,0,0,0,0,0,0,0,0,0,0,0,0,0,0,0,0,0,0,0,0,0,0
16,right,0.23674620687961578,0.8107531070709229,1.1466719485042631e-07,0.2801162302494049,0.7675455808639526,-0.010072950273752213,0.30972325801849365,0.709164559841156,-0.017047293484210968,0.33252277970314026,0.6659253835678101,-0.026377979665994644,0.3368741273880005,0.6217945218086243,-0.03371630609035492,0.27761110663414,0.645222544670105,0.0076756104826927185,0.296712189912796,0.6219528913497925,-0.018907660618424416,0.3000846207141876,0.6651474237442017,-0.04164661467075348,0.296896368265152,0.7085667252540588,-0.052407193928956985,0.2563858926296234,0.6365252733230591,0.001265284838154912,0.27740535140037537,0.5867465734481812,-0.014586021192371845,0.3019862771034241,0.5599090456962585,-0.027420107275247574,0.328965961933136,0.5410051345825195,-0.03616783395409584,0.23419925570487976,0.6434916853904724,-0.011063864454627037,0.2548564076423645,0.5865004062652588,-0.027921579778194427,0.27875611186027527,0.5562388300895691,-0.03755993768572807,0.304878830909729,0.5340898036956787,-0.04281704127788544,0.2129613608121872,0.6634541153907776,-0.025053998455405235,0.22079253196716309,0.6190059781074524,-0.03776229918003082,0.23683206737041473,0.5905343890190125,-0.041660282760858536,0.25652238726615906,0.5669266581535339,-0.043617282062768936
16,left,0,0,0,0,0,0,0,0,0,0,0,0,0,0,0,0,0,0,0,0,0,0,0,0,0,0,0,0,0,0,0,0,0,0,0,0,0,0,0,0,0,0,0,0,0,0,0,0,0,0,0,0,0,0,0,0,0,0,0,0,0,0,0
17,right,0.23841585218906403,0.8120607733726501,1.1785442666223389e-07,0.2803552448749542,0.7696356773376465,-0.010223529301583767,0.3100975751876831,0.7110680341720581,-0.017156189307570457,0.33342570066452026,0.6673811078071594,-0.026406051591038704,0.3372592031955719,0.6235824227333069,-0.03361140191555023,0.2782408893108368,0.6462992429733276,0.007694591302424669,0.2969573140144348,0.622444212436676,-0.01865585893392563,0.30001479387283325,0.6653563380241394,-0.04140961542725563,0.2968474328517914,0.7086862325668335,-0.05210600793361664,0.2569245398044586,0.6376945376396179,0.0015010613715276122,0.27740514278411865,0.5871995091438293,-0.014062615111470222,0.30176183581352234,0.5598709583282471,-0.02677304670214653,0.32873034477233887,0.5410944819450378,-0.035346608608961105,0.2348288595676422,0.6445096731185913,-0.01060323417186737,0.25518661737442017,0.5874167680740356,-0.027052106335759163,0.279175728559494,0.5569205284118652,-0.03666525334119797,0.3053956925868988,0.5352820754051208,-0.041829101741313934,0.2138926088809967,0.6639001965522766,-0.024424483999609947,0.22130365669727325,0.6185333132743835,-0.03669813647866249,0.2375214546918869,0.5900457501411438,-0.04045017808675766,0.2574487030506134,0.5672441720962524,-0.04225088283419609
17,left,0,0,0,0,0,0,0,0,0,0,0,0,0,0,0,0,0,0,0,0,0,0,0,0,0,0,0,0,0,0,0,0,0,0,0,0,0,0,0,0,0,0,0,0,0,0,0,0,0,0,0,0,0,0,0,0,0,0,0,0,0,0,0
18,right,0.23842230439186096,0.812305212020874,1.1313549208580298e-07,0.2805372476577759,0.7697058916091919,-0.010511234402656555,0.30998659133911133,0.7104052901268005,-0.01759682036936283,0.332887202501297,0.6661586761474609,-0.02685963548719883,0.33678799867630005,0.6217389106750488,-0.03404519706964493,0.2782207131385803,0.6466633677482605,0.00671610701829195,0.2970629334449768,0.6234703063964844,-0.019663505256175995,0.2998983860015869,0.6673890948295593,-0.04205475002527237,0.2961122393608093,0.7115126848220825,-0.0525045283138752,0.2568587362766266,0.6380682587623596,0.0006360822007991374,0.2778257727622986,0.58773273229599,-0.01491082739084959,0.3019855320453644,0.5604496002197266,-0.027351390570402145,0.3285529911518097,0.541275680065155,-0.035807229578495026,0.23470719158649445,0.6450973749160767,-0.011320162564516068,0.2553727924823761,0.5876494646072388,-0.02788551338016987,0.2790859341621399,0.5572110414505005,-0.037193212658166885,0.30490562319755554,0.53517746925354,-0.04222491756081581,0.21353459358215332,0.6649024486541748,-0.024977441877126694,0.2211817502975464,0.6201083064079285,-0.037416938692331314,0.23731458187103271,0.591172993183136,-0.041097987443208694,0.2569839358329773,0.5673292279243469,-0.04288262873888016
18,left,0,0,0,0,0,0,0,0,0,0,0,0,0,0,0,0,0,0,0,0,0,0,0,0,0,0,0,0,0,0,0,0,0,0,0,0,0,0,0,0,0,0,0,0,0,0,0,0,0,0,0,0,0,0,0,0,0,0,0,0,0,0,0
19,right,0.2380174696445465,0.8122476935386658,1.0906009606514999e-07,0.28060382604599,0.7697722911834717,-0.010379735380411148,0.3102094531059265,0.7101078033447266,-0.01702340692281723,0.3330158293247223,0.6654787659645081,-0.02596420794725418,0.33623236417770386,0.6217526793479919,-0.032846540212631226,0.27857616543769836,0.6475541591644287,0.0076763867400586605,0.2970845401287079,0.6236873865127563,-0.01867743395268917,0.29972827434539795,0.6675112843513489,-0.04134741052985191,0.29615095257759094,0.7111502885818481,-0.05198441818356514,0.25711697340011597,0.6387249827384949,0.001715739257633686,0.2774208188056946,0.5888121128082275,-0.013626808300614357,0.3014201819896698,0.5608551502227783,-0.026147441938519478,0.3282668888568878,0.540890097618103,-0.03473161906003952,0.23491676151752472,0.645112156867981,-0.010191991925239563,0.2545629143714905,0.5883726477622986,-0.02666371688246727,0.27814167737960815,0.5572369694709778,-0.03615174815058708,0.3042396903038025,0.5348044633865356,-0.04127628728747368,0.21362707018852234,0.6639484167098999,-0.02382117323577404,0.22137579321861267,0.6189000606536865,-0.03610267490148544,0.23747429251670837,0.5904467105865479,-0.03974423184990883,0.2571967840194702,0.5676029920578003,-0.04149256646633148
19,left,0,0,0,0,0,0,0,0,0,0,0,0,0,0,0,0,0,0,0,0,0,0,0,0,0,0,0,0,0,0,0,0,0,0,0,0,0,0,0,0,0,0,0,0,0,0,0,0,0,0,0,0,0,0,0,0,0,0,0,0,0,0,0
20,right,0.24016709625720978,0.8128333687782288,1.229292934112891e-07,0.2817543148994446,0.7702757120132446,-0.010623764246702194,0.3104828894138336,0.7111232280731201,-0.01752837561070919,0.33276063203811646,0.6669282913208008,-0.02656739018857479,0.336404412984848,0.6223368644714355,-0.033534884452819824,0.27952417731285095,0.6472645998001099,0.0063734049908816814,0.2980974018573761,0.6228288412094116,-0.019978519529104233,0.3013199269771576,0.6658923625946045,-0.04225371032953262,0.2980072796344757,0.7083501219749451,-0.052617624402046204,0.25793561339378357,0.6386648416519165,0.0004825661308132112,0.2786767780780792,0.5890121459960938,-0.01438503060489893,0.3020927906036377,0.5599253177642822,-0.026419660076498985,0.3279961943626404,0.5368344187736511,-0.0349084697663784,0.2354990392923355,0.6456903219223022,-0.011286675930023193,0.25562089681625366,0.5889517068862915,-0.027428241446614265,0.27801233530044556,0.5574095249176025,-0.036261945962905884,0.3027130663394928,0.5333278179168701,-0.04111934080719948,0.21398888528347015,0.6654903292655945,-0.024795111268758774,0.22187931835651398,0.6200911402702332,-0.03683993220329285,0.2376566380262375,0.5909408926963806,-0.039993032813072205,0.25692981481552124,0.5666857957839966,-0.04143253713846207
20,left,0,0,0,0,0,0,0,0,0,0,0,0,0,0,0,0,0,0,0,0,0,0,0,0,0,0,0,0,0,0,0,0,0,0,0,0,0,0,0,0,0,0,0,0,0,0,0,0,0,0,0,0,0,0,0,0,0,0,0,0,0,0,0
21,right,0.24035580456256866,0.8121583461761475,1.2344555955223768e-07,0.28220176696777344,0.7690191268920898,-0.010454123839735985,0.31083056330680847,0.7099319696426392,-0.01773870177567005,0.3328402042388916,0.66606205701828,-0.027234164997935295,0.33695921301841736,0.6220670342445374,-0.03473758324980736,0.27966514229774475,0.646236777305603,0.006197757087647915,0.29855841398239136,0.6230140328407288,-0.020418643951416016,0.30136269330978394,0.6668572425842285,-0.042908910661935806,0.29760274291038513,0.7103371024131775,-0.053400807082653046,0.2580231726169586,0.6379802227020264,1.0176721843890846e-05,0.2792878746986389,0.5884645581245422,-0.01516849733889103,0.30286791920661926,0.5590835809707642,-0.027418138459324837,0.3287706673145294,0.5363079309463501,-0.03605303540825844,0.23553481698036194,0.6455827951431274,-0.012061037123203278,0.25623148679733276,0.5882952213287354,-0.028465012088418007,0.27867406606674194,0.556458592414856,-0.03752399981021881,0.30320653319358826,0.5323030948638916,-0.04254906252026558,0.21400286257266998,0.6660455465316772,-0.025816747918725014,0.22168025374412537,0.6205189228057861,-0.038137562572956085,0.23737448453903198,0.5905808806419373,-0.04152064397931099,0.2563317120075226,0.5653612017631531,-0.04315695911645889
21,left,0,0,0,0,0,0,0,0,0,0,0,0,0,0,0,0,0,0,0,0,0,0,0,0,0,0,0,0,0,0,0,0,0,0,0,0,0,0,0,0,0,0,0,0,0,0,0,0,0,0,0,0,0,0,0,0,0,0,0,0,0,0,0
22,right,0.2415919005870819,0.8153887987136841,1.2001554239304824e-07,0.2825813591480255,0.7721515893936157,-0.010585546493530273,0.3110612630844116,0.7121531367301941,-0.01773868314921856,0.3335288166999817,0.6677217483520508,-0.027244538068771362,0.3382594883441925,0.6228411197662354,-0.03459669277071953,0.27887052297592163,0.6481350064277649,0.00807128008455038,0.29825156927108765,0.6236169338226318,-0.01901104487478733,0.30220121145248413,0.6673304438591003,-0.04227077215909958,0.29969048500061035,0.7108680605888367,-0.053110577166080475,0.25798049569129944,0.6399253606796265,0.001950095291249454,0.27902907133102417,0.5907115340232849,-0.013490023091435432,0.30349233746528625,0.5619320273399353,-0.026148758828639984,0.3304062783718109,0.5399483442306519,-0.0347922146320343,0.236317440867424,0.6473766565322876,-0.010277034714818,0.25618496537208557,0.5901323556900024,-0.026734262704849243,0.2793358564376831,0.5583273768424988,-0.03596463426947594,0.30495449900627136,0.5344905853271484,-0.040848154574632645,0.21580862998962402,0.6675145626068115,-0.024299543350934982,0.22250941395759583,0.6216161251068115,-0.03649020195007324,0.23828092217445374,0.591891884803772,-0.03977733850479126,0.2578245997428894,0.5678359270095825,-0.04114707186818123
22,left,0,0,0,0,0,0,0,0,0,0,0,0,0,0,0,0,0,0,0,0,0,0,0,0,0,0,0,0,0,0,0,0,0,0,0,0,0,0,0,0,0,0,0,0,0,0,0,0,0,0,0,0,0,0,0,0,0,0,0,0,0,0,0
23,right,0.24218851327896118,0.8153640031814575,1.2095692625280208e-07,0.2839915454387665,0.7714142799377441,-0.0097781578078866,0.31258514523506165,0.7126243114471436,-0.016791753470897675,0.33479759097099304,0.6686986684799194,-0.026257634162902832,0.33915215730667114,0.6244155168533325,-0.033698562532663345,0.2790664732456207,0.6490006446838379,0.008276522159576416,0.29807916283607483,0.6246029138565063,-0.01796209253370762,0.3020308315753937,0.6681061387062073,-0.04054735228419304,0.2993791103363037,0.7117937207221985,-0.05110606551170349,0.2582293748855591,0.6410212516784668,0.0018031016224995255,0.27913033962249756,0.5908753275871277,-0.013552899472415447,0.3037847578525543,0.5619199872016907,-0.026399455964565277,0.3305659890174866,0.5408239364624023,-0.03516264632344246,0.2365909218788147,0.6486367583274841,-0.010541674681007862,0.25718122720718384,0.5907343029975891,-0.0267995223402977,0.2808341681957245,0.5589224696159363,-0.03640274703502655,0.3063998818397522,0.5356928110122681,-0.04164000600576401,0.21622486412525177,0.6686757802963257,-0.02454179897904396,0.2232605218887329,0.6228915452957153,-0.03677278384566307,0.23916999995708466,0.5928098559379578,-0.040425900369882584,0.2586333751678467,0.5683597326278687,-0.04213132709264755
23,left,0,0,0,0,0,0,0,0,0,0,0,0,0,0,0,0,0,0,0,0,0,0,0,0,0,0,0,0,0,0,0,0,0,0,0,0,0,0,0,0,0,0,0,0,0,0,0,0,0,0,0,0,0,0,0,0,0,0,0,0,0,0,0
24,right,0.24325764179229736,0.8151443004608154,1.2283689443393087e-07,0.2848146855831146,0.7718327045440674,-0.010285421274602413,0.313117116689682,0.7120948433876038,-0.01730959862470627,0.3350616693496704,0.6676144599914551,-0.02660728618502617,0.339993953704834,0.6231629848480225,-0.03384416550397873,0.2800370156764984,0.6497212648391724,0.00684672174975276,0.2995446026325226,0.6244528293609619,-0.019152864813804626,0.30426034331321716,0.6672812104225159,-0.04119317978620529,0.3020102381706238,0.7105774283409119,-0.05143408104777336,0.2593151032924652,0.6416860818862915,0.0007186886505223811,0.2804201543331146,0.5913562178611755,-0.014609359204769135,0.3049430549144745,0.5630109906196594,-0.027068689465522766,0.3314909338951111,0.5423638224601746,-0.03559526056051254,0.23757874965667725,0.6490245461463928,-0.011235143058001995,0.25813353061676025,0.5909936428070068,-0.027384091168642044,0.28125208616256714,0.5593587160110474,-0.036662861704826355,0.30629950761795044,0.5361087918281555,-0.04174809530377388,0.21683631837368011,0.6688820123672485,-0.024882392957806587,0.2242613285779953,0.6229222416877747,-0.036924976855516434,0.23979468643665314,0.5926190614700317,-0.04052722826600075,0.2586885690689087,0.567619264125824,-0.042303211987018585
24,left,0,0,0,0,0,0,0,0,0,0,0,0,0,0,0,0,0,0,0,0,0,0,0,0,0,0,0,0,0,0,0,0,0,0,0,0,0,0,0,0,0,0,0,0,0,0,0,0,0,0,0,0,0,0,0,0,0,0,0,0,0,0,0
25,right,0.2435651421546936,0.8158059120178223,1.2550977146474906e-07,0.2848793566226959,0.7722234725952148,-0.009969476610422134,0.31383490562438965,0.7130502462387085,-0.01691262237727642,0.3362730145454407,0.6688533425331116,-0.02621457912027836,0.34052062034606934,0.6238508820533752,-0.03343731537461281,0.2810828983783722,0.6492337584495544,0.007966761477291584,0.3009033501148224,0.6242982745170593,-0.018000468611717224,0.3048672080039978,0.6671335697174072,-0.04045805335044861,0.30214667320251465,0.7106613516807556,-0.05088985711336136,0.26033955812454224,0.6410883665084839,0.0017531417543068528,0.2821347713470459,0.5908289551734924,-0.012909667566418648,0.3064444959163666,0.5620523691177368,-0.025326896458864212,0.3328486382961273,0.5412512421607971,-0.03385547176003456,0.2386462390422821,0.6484435200691223,-0.010340246371924877,0.2597828507423401,0.5901954174041748,-0.025895515456795692,0.282840371131897,0.5587489008903503,-0.035058461129665375,0.30784279108047485,0.5358662605285645,-0.04005170240998268,0.2181178629398346,0.6684468984603882,-0.02414252609014511,0.22518526017665863,0.6219099164009094,-0.035611364990472794,0.24080237746238708,0.5916069746017456,-0.03875836357474327,0.2598668932914734,0.5672745704650879,-0.04017477482557297
25,left,0,0,0,0,0,0,0,0,0,0,0,0,0,0,0,0,0,0,0,0,0,0,0,0,0,0,0,0,0,0,0,0,0,0,0,0,0,0,0,0,0,0,0,0,0,0,0,0,0,0,0,0,0,0,0,0,0,0,0,0,0,0,0
26,right,0.24306504428386688,0.8167980909347534,1.2437254781616502e-07,0.2850963771343231,0.7727832794189453,-0.0098880585283041,0.3137865960597992,0.7132131457328796,-0.01688261516392231,0.3359634280204773,0.668455183506012,-0.026295974850654602,0.3405928313732147,0.6227828860282898,-0.03374391421675682,0.2814628779888153,0.6491513252258301,0.008632565848529339,0.30018046498298645,0.6239645481109619,-0.0176392812281847,0.3048035204410553,0.6663891077041626,-0.04067326709628105,0.30267107486724854,0.7097923755645752,-0.051607172936201096,0.26037195324897766,0.6409101486206055,0.0021805644501000643,0.281071275472641,0.5898661017417908,-0.013328357599675655,0.30584952235221863,0.5618453621864319,-0.026539292186498642,0.33268582820892334,0.542801558971405,-0.03546837717294693,0.23847371339797974,0.6483224034309387,-0.01018563099205494,0.2596395015716553,0.5898745656013489,-0.02654801495373249,0.28397831320762634,0.5585759282112122,-0.036293212324380875,0.3100651800632477,0.536335825920105,-0.04157467558979988,0.21785050630569458,0.6682481169700623,-0.024226415902376175,0.22539806365966797,0.6221661567687988,-0.03660653159022331,0.24148358404636383,0.5921159386634827,-0.040432240813970566,0.2609589397907257,0.5674569606781006,-0.04226632043719292
26,left,0,0,0,0,0,0,0,0,0,0,0,0,0,0,0,0,0,0,0,0,0,0,0,0,0,0,0,0,0,0,0,0,0,0,0,0,0,0,0,0,0,0,0,0,0,0,0,0,0,0,0,0,0,0,0,0,0,0,0,0,0,0,0
27,right,0.2437894344329834,0.8188375234603882,1.116936232392618e-07,0.2856193780899048,0.7742109894752502,-0.009558380581438541,0.3142700791358948,0.7135983109474182,-0.016179941594600677,0.3370365798473358,0.6684791445732117,-0.025298845022916794,0.3417302072048187,0.6236206293106079,-0.03246740624308586,0.2809475064277649,0.6516284942626953,0.00840348843485117,0.3004102110862732,0.6248932480812073,-0.01780650019645691,0.3046181797981262,0.6675115823745728,-0.04065890237689018,0.3022596538066864,0.7109915614128113,-0.051485996693372726,0.2602539658546448,0.643614649772644,0.00178248540032655,0.2810572683811188,0.591917872428894,-0.013696260750293732,0.30623316764831543,0.5633243322372437,-0.026682697236537933,0.3334888815879822,0.5434434413909912,-0.03547176718711853,0.23879393935203552,0.6510758399963379,-0.010745725594460964,0.25944429636001587,0.5924396514892578,-0.027153603732585907,0.2841031551361084,0.5600677132606506,-0.03694413974881172,0.31057611107826233,0.5369093418121338,-0.04221467673778534,0.21864645183086395,0.6706916093826294,-0.02493089623749256,0.22541478276252747,0.6234903335571289,-0.03717944398522377,0.2413925975561142,0.592893660068512,-0.04092952981591225,0.26103904843330383,0.5684592723846436,-0.04274881258606911
27,left,0,0,0,0,0,0,0,0,0,0,0,0,0,0,0,0,0,0,0,0,0,0,0,0,0,0,0,0,0,0,0,0,0,0,0,0,0,0,0,0,0,0,0,0,0,0,0,0,0,0,0,0,0,0,0,0,0,0,0,0,0,0,0
28,right,0.24589432775974274,0.8194454312324524,1.2113163450067077e-07,0.2871153652667999,0.774719774723053,-0.010059688240289688,0.31558430194854736,0.7145841717720032,-0.01706555485725403,0.3381366729736328,0.6695441603660583,-0.026461832225322723,0.3428512215614319,0.6237385272979736,-0.033807892352342606,0.2818463444709778,0.6517213582992554,0.007971443235874176,0.3016188442707062,0.6250365376472473,-0.018109779804944992,0.3064209222793579,0.6673673391342163,-0.04063037410378456,0.304452121257782,0.710614800453186,-0.05122312530875206,0.2613210380077362,0.6437482237815857,0.0015072689857333899,0.28254276514053345,0.5919520854949951,-0.014296767301857471,0.30764850974082947,0.5633538961410522,-0.02741467021405697,0.33454984426498413,0.5435543656349182,-0.03609880059957504,0.23988336324691772,0.6513137221336365,-0.01082990039139986,0.2612125873565674,0.5914342999458313,-0.027270521968603134,0.28544148802757263,0.5600672960281372,-0.03681105002760887,0.31143057346343994,0.5379102230072021,-0.04181986302137375,0.2197268307209015,0.6714796423912048,-0.024870892986655235,0.22685012221336365,0.6248453855514526,-0.03726596012711525,0.2428571879863739,0.5939176082611084,-0.041027892380952835,0.2624709904193878,0.5689557790756226,-0.042721278965473175
28,left,0,0,0,0,0,0,0,0,0,0,0,0,0,0,0,0,0,0,0,0,0,0,0,0,0,0,0,0,0,0,0,0,0,0,0,0,0,0,0,0,0,0,0,0,0,0,0,0,0,0,0,0,0,0,0,0,0,0,0,0,0,0,0
29,right,0.2470647096633911,0.8174574375152588,1.158446139015723e-07,0.2881162464618683,0.7729442119598389,-0.00915898010134697,0.3161073923110962,0.7132063508033752,-0.016286702826619148,0.3380148112773895,0.6690513491630554,-0.025912301614880562,0.34246957302093506,0.6245901584625244,-0.033583495765924454,0.28255143761634827,0.6508818864822388,0.007139202672988176,0.3018434941768646,0.6257672309875488,-0.018833210691809654,0.3059920072555542,0.6686743497848511,-0.041241779923439026,0.3034774959087372,0.7124329209327698,-0.05185854807496071,0.26162129640579224,0.6438812017440796,3.715206548804417e-05,0.2821199893951416,0.5915729999542236,-0.015916898846626282,0.30754733085632324,0.5635889768600464,-0.028862718492746353,0.3346690237522125,0.5451977252960205,-0.03747057914733887,0.2400698959827423,0.6519876718521118,-0.012758019380271435,0.261569619178772,0.592103123664856,-0.029363462701439857,0.2867494523525238,0.5601235628128052,-0.039149459451436996,0.3129185438156128,0.53745436668396,-0.04440426453948021,0.2203892469406128,0.6721197366714478,-0.027092354372143745,0.2272941619157791,0.6247590184211731,-0.03944089636206627,0.24366402626037598,0.5937954783439636,-0.04332416504621506,0.2631537914276123,0.5687506198883057,-0.04533051699399948
29,left,0,0,0,0,0,0,0,0,0,0,0,0,0,0,0,0,0,0,0,0,0,0,0,0,0,0,0,0,0,0,0,0,0,0,0,0,0,0,0,0,0,0,0,0,0,0,0,0,0,0,0,0,0,0,0,0,0,0,0,0,0,0,0
30,right,0.24707379937171936,0.8179711699485779,1.1439107794330994e-07,0.2875238358974457,0.7740797400474548,-0.009153243154287338,0.3156092166900635,0.7139562964439392,-0.016454080119729042,0.3377378582954407,0.6691198348999023,-0.02622290328145027,0.34391945600509644,0.6234177947044373,-0.03410167992115021,0.2822120189666748,0.6510124802589417,0.007354218978434801,0.30149200558662415,0.6258910298347473,-0.01852795109152794,0.30615687370300293,0.6680295467376709,-0.04091484472155571,0.30413901805877686,0.7116445302963257,-0.05159900709986687,0.2616901099681854,0.643822193145752,0.00022738560801371932,0.2820284366607666,0.5923149585723877,-0.01602432318031788,0.3077867925167084,0.5648983716964722,-0.02925724908709526,0.3350692391395569,0.5476834774017334,-0.037984397262334824,0.24040637910366058,0.651930570602417,-0.012590033002197742,0.26180410385131836,0.5920490622520447,-0.029580866917967796,0.28755515813827515,0.5605803728103638,-0.039664413779973984,0.31421491503715515,0.5387568473815918,-0.04508417844772339,0.22082065045833588,0.6723964214324951,-0.026900185272097588,0.22735899686813354,0.6260429620742798,-0.03987393155694008,0.244100883603096,0.5956428050994873,-0.044153474271297455,0.26386600732803345,0.5709163546562195,-0.04636151343584061
30,left,0,0,0,0,0,0,0,0,0,0,0,0,0,0,0,0,0,0,0,0,0,0,0,0,0,0,0,0,0,0,0,0,0,0,0,0,0,0,0,0,0,0,0,0,0,0,0,0,0,0,0,0,0,0,0,0,0,0,0,0,0,0,0
31,right,0.24913592636585236,0.8198519945144653,1.2341422461759066e-07,0.2893179953098297,0.7750979661941528,-0.009208546951413155,0.3166874349117279,0.7150894999504089,-0.015925250947475433,0.3381896913051605,0.6699081659317017,-0.025164147838950157,0.34443604946136475,0.6251121163368225,-0.032346125692129135,0.282078355550766,0.6531732082366943,0.008893847465515137,0.30144965648651123,0.6270646452903748,-0.016256367787718773,0.3072102665901184,0.6693445444107056,-0.03825448080897331,0.30545392632484436,0.7130622863769531,-0.04851720109581947,0.26189833879470825,0.6452611088752747,0.0023733715061098337,0.2831045091152191,0.5946205854415894,-0.012512091547250748,0.308703750371933,0.5665146708488464,-0.025109315291047096,0.33559179306030273,0.5475046634674072,-0.033570606261491776,0.24093401432037354,0.6523273587226868,-0.00992458313703537,0.2618379294872284,0.5933120846748352,-0.025770897045731544,0.2871146500110626,0.5621029138565063,-0.03519304096698761,0.3137246370315552,0.5408293008804321,-0.04016197845339775,0.22108244895935059,0.671776294708252,-0.023836536332964897,0.2276342809200287,0.6246335506439209,-0.0358116552233696,0.24420534074306488,0.5940254926681519,-0.039416417479515076,0.26418712735176086,0.5703184604644775,-0.0410519503057003
31,left,0,0,0,0,0,0,0,0,0,0,0,0,0,0,0,0,0,0,0,0,0,0,0,0,0,0,0,0,0,0,0,0,0,0,0,0,0,0,0,0,0,0,0,0,0,0,0,0,0,0,0,0,0,0,0,0,0,0,0,0,0,0,0
32,right,0.2483663558959961,0.8205499649047852,1.1786120523993304e-07,0.2887903153896332,0.7771129012107849,-0.009691054932773113,0.31683072447776794,0.7166439890861511,-0.01674558036029339,0.33896249532699585,0.6711001992225647,-0.02619282528758049,0.3442467749118805,0.6259409189224243,-0.033550869673490524,0.28388047218322754,0.6539860367774963,0.007476831786334515,0.30294814705848694,0.6273635029792786,-0.017831014469265938,0.3076912462711334,0.6699047684669495,-0.039755914360284805,0.30496472120285034,0.714043915271759,-0.04989160597324371,0.2631532549858093,0.6461837291717529,0.0011226639617234468,0.2836213707923889,0.5943323969841003,-0.014118780381977558,0.308967649936676,0.5660732388496399,-0.026773154735565186,0.3354608118534088,0.5476753115653992,-0.03510736674070358,0.24175310134887695,0.653258740901947,-0.010919262655079365,0.26197803020477295,0.5925257205963135,-0.026792611926794052,0.2872854471206665,0.5615085363388062,-0.036112718284130096,0.3137402832508087,0.5408958792686462,-0.04095412418246269,0.22166845202445984,0.672755777835846,-0.024587027728557587,0.22850608825683594,0.6245015263557434,-0.03637295216321945,0.2453927993774414,0.5935644507408142,-0.039748337119817734,0.2653730511665344,0.5700250864028931,-0.04119495674967766
32,left,0,0,0,0,0,0,0,0,0,0,0,0,0,0,0,0,0,0,0,0,0,0,0,0,0,0,0,0,0,0,0,0,0,0,0,0,0,0,0,0,0,0,0,0,0,0,0,0,0,0,0,0,0,0,0,0,0,0,0,0,0,0,0
33,right,0.24733734130859375,0.8213300704956055,1.203697053142605e-07,0.2883605360984802,0.7764509916305542,-0.00927099771797657,0.316853791475296,0.7164679169654846,-0.01635883003473282,0.33888328075408936,0.6716018319129944,-0.025925904512405396,0.34435033798217773,0.6258516907691956,-0.033526577055454254,0.28349292278289795,0.6541698575019836,0.007807369343936443,0.3029756546020508,0.6271904706954956,-0.017933811992406845,0.3079308569431305,0.6694090366363525,-0.04031166061758995,0.3059999942779541,0.7131064534187317,-0.050852902233600616,0.2628149092197418,0.64674973487854,0.0010214530630037189,0.283525288105011,0.5948894023895264,-0.01479896530508995,0.3090550899505615,0.5671709179878235,-0.027922961860895157,0.33612048625946045,0.5493689775466919,-0.03656649962067604,0.24125005304813385,0.6543630957603455,-0.011478004045784473,0.26326096057891846,0.5944373607635498,-0.027876876294612885,0.28871405124664307,0.5631982684135437,-0.03759258985519409,0.31522318720817566,0.5417691469192505,-0.042733073234558105,0.22109870612621307,0.6740094423294067,-0.025531405583024025,0.22840151190757751,0.6270995736122131,-0.03780040517449379,0.24502137303352356,0.596324622631073,-0.04161278158426285,0.26477518677711487,0.5717207193374634,-0.04342261329293251
33,left,0,0,0,0,0,0,0,0,0,0,0,0,0,0,0,0,0,0,0,0,0,0,0,0,0,0,0,0,0,0,0,0,0,0,0,0,0,0,0,0,0,0,0,0,0,0,0,0,0,0,0,0,0,0,0,0,0,0,0,0,0,0,0
34,right,0.24625518918037415,0.8220995664596558,1.1856965187462265e-07,0.2871684432029724,0.7779805064201355,-0.009224535897374153,0.3160350024700165,0.7170048952102661,-0.016484489664435387,0.33790919184684753,0.6718008518218994,-0.026153184473514557,0.34374937415122986,0.625630259513855,-0.03387029096484184,0.2826978266239166,0.6539484262466431,0.0069227274507284164,0.3025323748588562,0.6275160312652588,-0.01892065443098545,0.30730000138282776,0.6695082187652588,-0.04109149053692818,0.30501383543014526,0.7131993174552917,-0.05158046633005142,0.26180118322372437,0.6467812657356262,-9.192339348373935e-05,0.28264567255973816,0.5949946045875549,-0.016576234251260757,0.30880454182624817,0.5679123401641846,-0.02969355694949627,0.33618617057800293,0.5512526631355286,-0.038156889379024506,0.24015925824642181,0.6550001502037048,-0.012755141593515873,0.2621852159500122,0.5943644046783447,-0.029741520062088966,0.28835052251815796,0.5632147789001465,-0.03959575295448303,0.3153519034385681,0.5419110655784607,-0.0447687990963459,0.22035938501358032,0.675475537776947,-0.026907753199338913,0.22755450010299683,0.6286593079566956,-0.03975642845034599,0.24463561177253723,0.5980165004730225,-0.043935611844062805,0.2647428512573242,0.5732186436653137,-0.04601055383682251
34,left,0,0,0,0,0,0,0,0,0,0,0,0,0,0,0,0,0,0,0,0,0,0,0,0,0,0,0,0,0,0,0,0,0,0,0,0,0,0,0,0,0,0,0,0,0,0,0,0,0,0,0,0,0,0,0,0,0,0,0,0,0,0,0
35,right,0.24835048615932465,0.8223339319229126,1.1632572238795547e-07,0.2890702486038208,0.7776989936828613,-0.008875211700797081,0.316610723733902,0.716876745223999,-0.01580512709915638,0.33871302008628845,0.6716793775558472,-0.025276480242609978,0.34403735399246216,0.6263440847396851,-0.03274878114461899,0.28209972381591797,0.6546398997306824,0.006966136395931244,0.3020537197589874,0.6272993683815002,-0.01855585165321827,0.30846935510635376,0.6692423820495605,-0.040309444069862366,0.30739760398864746,0.7133256793022156,-0.050404470413923264,0.2620188295841217,0.6477476358413696,-5.2021783631062135e-05,0.28261637687683105,0.596064567565918,-0.015627281740307808,0.3089730739593506,0.567881166934967,-0.02826821058988571,0.3362007737159729,0.5500500202178955,-0.03673627972602844,0.24132560193538666,0.6561886668205261,-0.012681081891059875,0.26240304112434387,0.5954098701477051,-0.028727669268846512,0.2881518006324768,0.5641868114471436,-0.0380873829126358,0.31465035676956177,0.543373703956604,-0.04317861795425415,0.22240862250328064,0.6768304705619812,-0.026883812621235847,0.22890576720237732,0.6293308734893799,-0.039286479353904724,0.24566806852817535,0.5976274609565735,-0.04342115297913551,0.2655985951423645,0.5724351406097412,-0.04553138092160225
35,left,0,0,0,0,0,0,0,0,0,0,0,0,0,0,0,0,0,0,0,0,0,0,0,0,0,0,0,0,0,0,0,0,0,0,0,0,0,0,0,0,0,0,0,0,0,0,0,0,0,0,0,0,0,0,0,0,0,0,0,0,0,0,0
36,right,0.2485785186290741,0.8227519392967224,1.1997720150702662e-07,0.29005351662635803,0.7777303457260132,-0.009553464129567146,0.3177212178707123,0.7174151539802551,-0.016352077946066856,0.3394322395324707,0.6721917986869812,-0.025625716894865036,0.3447904884815216,0.626753568649292,-0.032835450023412704,0.28405556082725525,0.6555339694023132,0.008596227504312992,0.3034067153930664,0.6285936832427979,-0.016840634867548943,0.30836784839630127,0.6706483364105225,-0.03912723809480667,0.3064565360546112,0.7142038941383362,-0.049644023180007935,0.263231098651886,0.6479055285453796,0.0020950499456375837,0.28374171257019043,0.5966812968254089,-0.013519905507564545,0.309237003326416,0.5689349174499512,-0.026661477982997894,0.3363659977912903,0.5504271984100342,-0.03533174842596054,0.24177631735801697,0.6554592847824097,-0.010206198319792747,0.2631119191646576,0.5963568091392517,-0.026412852108478546,0.288198322057724,0.5653305053710938,-0.03623032197356224,0.31462693214416504,0.5440765619277954,-0.041404031217098236,0.22182263433933258,0.6751319766044617,-0.024148335680365562,0.22893735766410828,0.6277263164520264,-0.03622060641646385,0.24527288973331451,0.5969141125679016,-0.04006970673799515,0.2650989890098572,0.5727728605270386,-0.04188668727874756
36,left,0,0,0,0,0,0,0,0,0,0,0,0,0,0,0,0,0,0,0,0,0,0,0,0,0,0,0,0,0,0,0,0,0,0,0,0,0,0,0,0,0,0,0,0,0,0,0,0,0,0,0,0,0,0,0,0,0,0,0,0,0,0,0
