1,right,0,0,0,0,0,0,0,0,0,0,0,0,0,0,0,0,0,0,0,0,0,0,0,0,0,0,0,0,0,0,0,0,0,0,0,0,0,0,0,0,0,0,0,0,0,0,0,0,0,0,0,0,0,0,0,0,0,0,0,0,0,0,0
1,left,0,0,0,0,0,0,0,0,0,0,0,0,0,0,0,0,0,0,0,0,0,0,0,0,0,0,0,0,0,0,0,0,0,0,0,0,0,0,0,0,0,0,0,0,0,0,0,0,0,0,0,0,0,0,0,0,0,0,0,0,0,0,0
2,right,0,0,0,0,0,0,0,0,0,0,0,0,0,0,0,0,0,0,0,0,0,0,0,0,0,0,0,0,0,0,0,0,0,0,0,0,0,0,0,0,0,0,0,0,0,0,0,0,0,0,0,0,0,0,0,0,0,0,0,0,0,0,0
2,left,0,0,0,0,0,0,0,0,0,0,0,0,0,0,0,0,0,0,0,0,0,0,0,0,0,0,0,0,0,0,0,0,0,0,0,0,0,0,0,0,0,0,0,0,0,0,0,0,0,0,0,0,0,0,0,0,0,0,0,0,0,0,0
3,right,0,0,0,0,0,0,0,0,0,0,0,0,0,0,0,0,0,0,0,0,0,0,0,0,0,0,0,0,0,0,0,0,0,0,0,0,0,0,0,0,0,0,0,0,0,0,0,0,0,0,0,0,0,0,0,0,0,0,0,0,0,0,0
3,left,0,0,0,0,0,0,0,0,0,0,0,0,0,0,0,0,0,0,0,0,0,0,0,0,0,0,0,0,0,0,0,0,0,0,0,0,0,0,0,0,0,0,0,0,0,0,0,0,0,0,0,0,0,0,0,0,0,0,0,0,0,0,0
4,right,0,0,0,0,0,0,0,0,0,0,0,0,0,0,0,0,0,0,0,0,0,0,0,0,0,0,0,0,0,0,0,0,0,0,0,0,0,0,0,0,0,0,0,0,0,0,0,0,0,0,0,0,0,0,0,0,0,0,0,0,0,0,0
4,left,0,0,0,0,0,0,0,0,0,0,0,0,0,0,0,0,0,0,0,0,0,0,0,0,0,0,0,0,0,0,0,0,0,0,0,0,0,0,0,0,0,0,0,0,0,0,0,0,0,0,0,0,0,0,0,0,0,0,0,0,0,0,0
5,right,0,0,0,0,0,0,0,0,0,0,0,0,0,0,0,0,0,0,0,0,0,0,0,0,0,0,0,0,0,0,0,0,0,0,0,0,0,0,0,0,0,0,0,0,0,0,0,0,0,0,0,0,0,0,0,0,0,0,0,0,0,0,0
5,left,0,0,0,0,0,0,0,0,0,0,0,0,0,0,0,0,0,0,0,0,0,0,0,0,0,0,0,0,0,0,0,0,0,0,0,0,0,0,0,0,0,0,0,0,0,0,0,0,0,0,0,0,0,0,0,0,0,0,0,0,0,0,0
6,right,0.21911509335041046,0.9791703224182129,3.938695272154291e-07,0.2575840950012207,0.9156845211982727,-0.012508835643529892,0.2766346335411072,0.8431035280227661,-0.02110937051475048,0.2878173589706421,0.7942767143249512,-0.031342748552560806,0.2918754816055298,0.753242552280426,-0.04251006245613098,0.23056823015213013,0.7809493541717529,-0.01058417372405529,0.23679769039154053,0.7270824313163757,-0.03613348305225372,0.25413039326667786,0.7061068415641785,-0.05702337995171547,0.2744622826576233,0.6972665786743164,-0.06999891251325607,0.20327281951904297,0.7935876250267029,-0.018406908959150314,0.20349988341331482,0.7369339466094971,-0.04306235536932945,0.22425228357315063,0.7112050652503967,-0.06071896106004715,0.24864807724952698,0.698199450969696,-0.0716177448630333,0.1790694296360016,0.8216202855110168,-0.02981708012521267,0.18123868107795715,0.7656431794166565,-0.05523780733346939,0.19971172511577606,0.7348508834838867,-0.06763403862714767,0.22230464220046997,0.713882327079773,-0.07383675873279572,0.1585310697555542,0.8626548647880554,-0.042429208755493164,0.16362550854682922,0.8195359706878662,-0.0646711215376854,0.17787078022956848,0.7874351739883423,-0.07416985929012299,0.19534088671207428,0.7611430883407593,-0.07904476672410965
6,left,0,0,0,0,0,0,0,0,0,0,0,0,0,0,0,0,0,0,0,0,0,0,0,0,0,0,0,0,0,0,0,0,0,0,0,0,0,0,0,0,0,0,0,0,0,0,0,0,0,0,0,0,0,0,0,0,0,0,0,0,0,0,0
7,right,0.23764997720718384,0.8824969530105591,3.3877478244903614e-07,0.2715017795562744,0.8299010396003723,-0.011365327052772045,0.2909362316131592,0.7618783712387085,-0.021352030336856842,0.30621835589408875,0.711940348148346,-0.03241613879799843,0.30387282371520996,0.6677424907684326,-0.04434368759393692,0.24446316063404083,0.6979045271873474,-0.016698846593499184,0.24996475875377655,0.6385966539382935,-0.04270271956920624,0.2692614197731018,0.6111525297164917,-0.06196745112538338,0.2912091016769409,0.5944413542747498,-0.0743943527340889,0.22216978669166565,0.705403208732605,-0.02633794955909252,0.22670838236808777,0.6349217891693115,-0.05395011603832245,0.2552015781402588,0.6075022220611572,-0.07104120403528214,0.28469982743263245,0.5946325659751892,-0.08073903620243073,0.20180772244930267,0.7286599278450012,-0.03905163332819939,0.2035759687423706,0.6537125110626221,-0.0671164020895958,0.2272968888282776,0.6181682348251343,-0.08068401366472244,0.25339949131011963,0.5930224657058716,-0.08732862025499344,0.18465910851955414,0.7657732963562012,-0.05257600545883179,0.18434953689575195,0.7143077254295349,-0.07843673229217529,0.1997557133436203,0.6766082048416138,-0.09138260781764984,0.22037647664546967,0.6449525356292725,-0.09884645789861679
7,left,0,0,0,0,0,0,0,0,0,0,0,0,0,0,0,0,0,0,0,0,0,0,0,0,0,0,0,0,0,0,0,0,0,0,0,0,0,0,0,0,0,0,0,0,0,0,0,0,0,0,0,0,0,0,0,0,0,0,0,0,0,0,0
8,right,0.24470111727714539,0.8436185717582703,6.562765975104412e-08,0.28002017736434937,0.7858008146286011,-0.011201179586350918,0.3009708821773529,0.7198530435562134,-0.022084929049015045,0.31921717524528503,0.6702455282211304,-0.03502369672060013,0.31839555501937866,0.623559296131134,-0.046127405017614365,0.26256901025772095,0.6559354066848755,-0.006147023756057024,0.2826875150203705,0.6084179282188416,-0.03561536222696304,0.3043566346168518,0.6382929086685181,-0.057612571865320206,0.31649670004844666,0.673202633857727,-0.06866102665662766,0.24279725551605225,0.6549659967422485,-0.014926805160939693,0.2572377622127533,0.5827717781066895,-0.03765888512134552,0.28556564450263977,0.5534062385559082,-0.05304744839668274,0.31242555379867554,0.5342979431152344,-0.06229868903756142,0.2225852608680725,0.6714393496513367,-0.02845478244125843,0.2350372076034546,0.5895830392837524,-0.052712973207235336,0.259819895029068,0.5577001571655273,-0.06482496112585068,0.2847534418106079,0.5327774286270142,-0.07069983333349228,0.20542575418949127,0.7027404308319092,-0.04305650666356087,0.2088489979505539,0.6519373655319214,-0.06389376521110535,0.22363853454589844,0.616590678691864,-0.07252344489097595,0.24256190657615662,0.5845273733139038,-0.07709861546754837
8,left,0,0,0,0,0,0,0,0,0,0,0,0,0,0,0,0,0,0,0,0,0,0,0,0,0,0,0,0,0,0,0,0,0,0,0,0,0,0,0,0,0,0,0,0,0,0,0,0,0,0,0,0,0,0,0,0,0,0,0,0,0,0,0
9,right,0.24919402599334717,0.8172661662101746,1.4822768434896716e-07,0.2899187505245209,0.761834979057312,-0.008994077332317829,0.3154517114162445,0.6976968050003052,-0.01812768168747425,0.33599984645843506,0.6503039598464966,-0.02986658550798893,0.33580321073532104,0.6043041348457336,-0.03942103683948517,0.2793598473072052,0.6343573927879333,0.0021422028075903654,0.3012278079986572,0.5987058877944946,-0.025370890274643898,0.3175625801086426,0.6329762935638428,-0.04637593403458595,0.3245338499546051,0.6715142726898193,-0.05570194125175476,0.26014113426208496,0.6300538182258606,-0.005592551082372665,0.27618780732154846,0.5627539753913879,-0.024249574169516563,0.3014156222343445,0.530459463596344,-0.037320576608181,0.326176255941391,0.5086328983306885,-0.04538128897547722,0.23997491598129272,0.6411042809486389,-0.018491500988602638,0.2588493227958679,0.5661524534225464,-0.038993582129478455,0.2846551537513733,0.5410058498382568,-0.04848787561058998,0.30852338671684265,0.5226423740386963,-0.0524919256567955,0.22170527279376984,0.6652520298957825,-0.03255899250507355,0.22836321592330933,0.6137692928314209,-0.04919352009892464,0.24388469755649567,0.5800865292549133,-0.05514562875032425,0.26209819316864014,0.5496575832366943,-0.057787198573350906
9,left,0,0,0,0,0,0,0,0,0,0,0,0,0,0,0,0,0,0,0,0,0,0,0,0,0,0,0,0,0,0,0,0,0,0,0,0,0,0,0,0,0,0,0,0,0,0,0,0,0,0,0,0,0,0,0,0,0,0,0,0,0,0,0
10,right,0.2557920217514038,0.8087437152862549,1.5016057375305536e-07,0.2964380383491516,0.7550346255302429,-0.004911051597446203,0.32098159193992615,0.6922550797462463,-0.011594373732805252,0.3404877185821533,0.6453559398651123,-0.02262868732213974,0.3413175940513611,0.5958428382873535,-0.03212068974971771,0.289482444524765,0.6316542625427246,0.010677880607545376,0.306578665971756,0.5921632051467896,-0.015008602291345596,0.31742262840270996,0.6202508807182312,-0.0363357849419117,0.3214348256587982,0.6527916193008423,-0.046273715794086456,0.27169492840766907,0.6248844265937805,0.0008426118292845786,0.29013592004776,0.5592523217201233,-0.016316290944814682,0.31426140666007996,0.5257750749588013,-0.02979736588895321,0.33814406394958496,0.5052651762962341,-0.038426872342824936,0.2513551414012909,0.6320329308509827,-0.014433612115681171,0.27571940422058105,0.5613338947296143,-0.03368500620126724,0.30101993680000305,0.5403087735176086,-0.04324362799525261,0.3243068754673004,0.5280465483665466,-0.0472259446978569,0.23124171793460846,0.650700032711029,-0.030820684507489204,0.2370184361934662,0.597787082195282,-0.045941874384880066,0.2535005807876587,0.563822329044342,-0.05164610967040062,0.27361568808555603,0.536251962184906,-0.054329074919223785
10,left,0,0,0,0,0,0,0,0,0,0,0,0,0,0,0,0,0,0,0,0,0,0,0,0,0,0,0,0,0,0,0,0,0,0,0,0,0,0,0,0,0,0,0,0,0,0,0,0,0,0,0,0,0,0,0,0,0,0,0,0,0,0,0
11,right,0.255954772233963,0.8042571544647217,1.2289500261886133e-07,0.29698407649993896,0.7532649040222168,-0.00374389230273664,0.3215298354625702,0.6899363398551941,-0.008828632533550262,0.34088319540023804,0.6429085731506348,-0.017818843945860863,0.34296733140945435,0.5954551696777344,-0.025493748486042023,0.2897479832172394,0.6290066838264465,0.012183286249637604,0.3081114888191223,0.590266227722168,-0.010876141488552094,0.32039913535118103,0.6198979616165161,-0.031144319102168083,0.3262255787849426,0.6509697437286377,-0.04156322404742241,0.2711659371852875,0.622390866279602,0.0021973387338221073,0.2894304394721985,0.5584882497787476,-0.013211763463914394,0.31301331520080566,0.5284106135368347,-0.026289138942956924,0.3362402617931366,0.5097324848175049,-0.035147491842508316,0.2509085237979889,0.6294724345207214,-0.012936313636600971,0.2713228464126587,0.5584583282470703,-0.030353644862771034,0.29686450958251953,0.5260810852050781,-0.041333090513944626,0.32172030210494995,0.5033711194992065,-0.04752455651760101,0.23224715888500214,0.6472107172012329,-0.028978636488318443,0.23819206655025482,0.5951517820358276,-0.04369416832923889,0.2539556622505188,0.5613359808921814,-0.050347864627838135,0.2735339105129242,0.5326301455497742,-0.0544174462556839
11,left,0,0,0,0,0,0,0,0,0,0,0,0,0,0,0,0,0,0,0,0,0,0,0,0,0,0,0,0,0,0,0,0,0,0,0,0,0,0,0,0,0,0,0,0,0,0,0,0,0,0,0,0,0,0,0,0,0,0,0,0,0,0,0
12,right,0.2551654875278473,0.801062285900116,1.6500870003710588e-07,0.2958279848098755,0.7501130104064941,-0.004035313613712788,0.32078349590301514,0.6871688365936279,-0.008445464074611664,0.33941155672073364,0.6406975388526917,-0.016269313171505928,0.34162867069244385,0.5943449139595032,-0.023176906630396843,0.2873779535293579,0.6276811957359314,0.010990872979164124,0.30331066250801086,0.585586667060852,-0.0087458910420537,0.31762489676475525,0.6029427647590637,-0.026479780673980713,0.32714056968688965,0.622185468673706,-0.03631972894072533,0.2694845199584961,0.6217291355133057,0.0015974707202985883,0.2869660556316376,0.5588975548744202,-0.01342923566699028,0.31048816442489624,0.5287688970565796,-0.02629980444908142,0.33374375104904175,0.510064959526062,-0.03495316952466965,0.2494647204875946,0.6284672021865845,-0.012432155199348927,0.2702023684978485,0.5588510036468506,-0.029930995777249336,0.29624733328819275,0.5267928838729858,-0.04125223308801651,0.321592777967453,0.5043621063232422,-0.04758225008845329,0.2305678129196167,0.6455383896827698,-0.027232952415943146,0.23619037866592407,0.5943936109542847,-0.04274791106581688,0.25128525495529175,0.5607946515083313,-0.05031511187553406,0.2705208659172058,0.532370924949646,-0.054917048662900925
12,left,0,0,0,0,0,0,0,0,0,0,0,0,0,0,0,0,0,0,0,0,0,0,0,0,0,0,0,0,0,0,0,0,0,0,0,0,0,0,0,0,0,0,0,0,0,0,0,0,0,0,0,0,0,0,0,0,0,0,0,0,0,0,0
13,right,0.255418062210083,0.8020496964454651,1.1700205249098872e-07,0.2953144609928131,0.7519646286964417,-0.0039558676071465015,0.319501668214798,0.6891409754753113,-0.009554944932460785,0.3389323949813843,0.6427450180053711,-0.01896325871348381,0.3412702679634094,0.5950008630752563,-0.026841215789318085,0.28758689761161804,0.6289106607437134,0.011049188673496246,0.3084632158279419,0.5921300649642944,-0.01347416266798973,0.3206476867198944,0.6260501146316528,-0.034270841628313065,0.32497119903564453,0.6617846488952637,-0.044463396072387695,0.26893559098243713,0.6224952340126038,0.0010497135808691382,0.2881355285644531,0.5610781908035278,-0.015168960206210613,0.3120933771133423,0.5308852195739746,-0.028658181428909302,0.335007905960083,0.511722207069397,-0.037750452756881714,0.24836181104183197,0.6298617124557495,-0.01420736126601696,0.26960664987564087,0.5584300756454468,-0.03227468207478523,0.2955247461795807,0.525485634803772,-0.04383150115609169,0.32006150484085083,0.5021891593933105,-0.050356123596429825,0.22967401146888733,0.6482325196266174,-0.030292415991425514,0.2362341582775116,0.5960285663604736,-0.04550262540578842,0.25210198760032654,0.5615777969360352,-0.052587687969207764,0.2712814211845398,0.5324283242225647,-0.056934747844934464
13,left,0,0,0,0,0,0,0,0,0,0,0,0,0,0,0,0,0,0,0,0,0,0,0,0,0,0,0,0,0,0,0,0,0,0,0,0,0,0,0,0,0,0,0,0,0,0,0,0,0,0,0,0,0,0,0,0,0,0,0,0,0,0,0
14,right,0.2563146948814392,0.8012887835502625,1.6461436302961374e-07,0.29529696702957153,0.7521478533744812,-0.004391265567392111,0.3196030855178833,0.6899268627166748,-0.010197142139077187,0.3379736542701721,0.644054114818573,-0.019437646493315697,0.34053489565849304,0.5961846113204956,-0.02790469117462635,0.2867066264152527,0.6278489828109741,0.010062601417303085,0.30196431279182434,0.5851505398750305,-0.010969474911689758,0.31399840116500854,0.600763738155365,-0.0298305656760931,0.32040804624557495,0.619958758354187,-0.0401739701628685,0.26797983050346375,0.6229539513587952,0.0005388255231082439,0.2867308259010315,0.5611411929130554,-0.01690014638006687,0.3102329969406128,0.534409761428833,-0.031159017235040665,0.3322382867336273,0.5199071168899536,-0.03969237208366394,0.24766385555267334,0.630454957485199,-0.013599943369626999,0.2682422399520874,0.5586987733840942,-0.03212273120880127,0.2949943542480469,0.524753212928772,-0.044394731521606445,0.32063838839530945,0.5007762312889099,-0.05095742642879486,0.22914057970046997,0.6487243175506592,-0.02843386121094227,0.23459310829639435,0.5969801545143127,-0.044413693249225616,0.25065305829048157,0.5628861784934998,-0.05242045223712921,0.2704532742500305,0.5338985323905945,-0.05711708590388298
14,left,0,0,0,0,0,0,0,0,0,0,0,0,0,0,0,0,0,0,0,0,0,0,0,0,0,0,0,0,0,0,0,0,0,0,0,0,0,0,0,0,0,0,0,0,0,0,0,0,0,0,0,0,0,0,0,0,0,0,0,0,0,0,0
15,right,0.25486359000205994,0.8022546172142029,1.0361358704358281e-07,0.29333385825157166,0.7548686861991882,-0.0067774527706205845,0.31850963830947876,0.6907095313072205,-0.013516494072973728,0.3385138511657715,0.6434195041656494,-0.023307478055357933,0.3403127193450928,0.5954654216766357,-0.031012827530503273,0.2863837480545044,0.6293922662734985,0.009242255240678787,0.30854085087776184,0.5967764854431152,-0.01677711494266987,0.3197438716888428,0.6349550485610962,-0.03837937116622925,0.3222772479057312,0.674785852432251,-0.04846421629190445,0.26753753423690796,0.6223492622375488,0.0005668426165357232,0.28773224353790283,0.5630793571472168,-0.01649666577577591,0.31174322962760925,0.5335886478424072,-0.029806630685925484,0.33486655354499817,0.5143569111824036,-0.03815919905900955,0.24708126485347748,0.6294190287590027,-0.013720463961362839,0.26662492752075195,0.5588839650154114,-0.03194752708077431,0.2918868660926819,0.5238989591598511,-0.04294780269265175,0.31678834557533264,0.4976685345172882,-0.04882968217134476,0.2288370579481125,0.6486755013465881,-0.029134932905435562,0.2344745397567749,0.5981850028038025,-0.043566759675741196,0.2500370442867279,0.5650889277458191,-0.049342766404151917,0.26900947093963623,0.5365519523620605,-0.05260339751839638
15,left,0,0,0,0,0,0,0,0,0,0,0,0,0,0,0,0,0,0,0,0,0,0,0,0,0,0,0,0,0,0,0,0,0,0,0,0,0,0,0,0,0,0,0,0,0,0,0,0,0,0,0,0,0,0,0,0,0,0,0,0,0,0,0
16,right,0.252394437789917,0.805053174495697,1.1176283010172483e-07,0.2917656898498535,0.7555955648422241,-0.0069595626555383205,0.31607747077941895,0.6925689578056335,-0.013790617696940899,0.3355292081832886,0.645622968673706,-0.023498190566897392,0.33837994933128357,0.597837507724762,-0.031298428773880005,0.28160563111305237,0.6305704116821289,0.008009160868823528,0.30525943636894226,0.5977023243904114,-0.018745291978120804,0.31763166189193726,0.6361194252967834,-0.040340606123209,0.3213634490966797,0.6766533255577087,-0.05043682083487511,0.2628842294216156,0.6238421201705933,-0.0010716017568483949,0.28344884514808655,0.5617548227310181,-0.01948046125471592,0.30882301926612854,0.5336015820503235,-0.03309991955757141,0.3343174159526825,0.515762209892273,-0.04140224680304527,0.242496520280838,0.6323750615119934,-0.015710167586803436,0.2615830898284912,0.5619248151779175,-0.0348985455930233,0.2865201532840729,0.5266136527061462,-0.0464315339922905,0.3119048774242401,0.4997991621494293,-0.05255868658423424,0.22476086020469666,0.6538380980491638,-0.031485848128795624,0.22998696565628052,0.6030439138412476,-0.047033097594976425,0.24580001831054688,0.5695018768310547,-0.053520914167165756,0.2653751075267792,0.5406591296195984,-0.05718988925218582
16,left,0,0,0,0,0,0,0,0,0,0,0,0,0,0,0,0,0,0,0,0,0,0,0,0,0,0,0,0,0,0,0,0,0,0,0,0,0,0,0,0,0,0,0,0,0,0,0,0,0,0,0,0,0,0,0,0,0,0,0,0,0,0,0
17,right,0.25325262546539307,0.8053977489471436,-1.3571509249743485e-08,0.29043006896972656,0.757277250289917,-0.004555249586701393,0.31533217430114746,0.6913298964500427,-0.011482039466500282,0.3345702588558197,0.6435141563415527,-0.021648218855261803,0.3364786207675934,0.5955859422683716,-0.030149871483445168,0.2834685444831848,0.6289365887641907,0.008286048658192158,0.30611109733581543,0.5987983345985413,-0.01917034201323986,0.31750017404556274,0.6394399404525757,-0.041154954582452774,0.3220462501049042,0.6801254749298096,-0.05132676661014557,0.26345765590667725,0.626129686832428,-0.0021761320531368256,0.2834661304950714,0.5643641352653503,-0.025842534378170967,0.3055262565612793,0.5579236745834351,-0.040323372930288315,0.32703065872192383,0.561577558517456,-0.045723963528871536,0.24228057265281677,0.6350082755088806,-0.017698267474770546,0.26109808683395386,0.5617341995239258,-0.039047855883836746,0.2885429561138153,0.5254790782928467,-0.050586242228746414,0.31497880816459656,0.4973297715187073,-0.05491918697953224,0.22334769368171692,0.6553812026977539,-0.033821675926446915,0.22879000008106232,0.6027592420578003,-0.048732057213783264,0.24592985212802887,0.5689879059791565,-0.054304517805576324,0.26554641127586365,0.5389351844787598,-0.056669898331165314
17,left,0,0,0,0,0,0,0,0,0,0,0,0,0,0,0,0,0,0,0,0,0,0,0,0,0,0,0,0,0,0,0,0,0,0,0,0,0,0,0,0,0,0,0,0,0,0,0,0,0,0,0,0,0,0,0,0,0,0,0,0,0,0,0
18,right,0.2533096671104431,0.8066961765289307,-1.5761083105303442e-08,0.28967389464378357,0.7586318850517273,-0.004349641501903534,0.3142099976539612,0.6927158236503601,-0.011444809846580029,0.3333379328250885,0.6446718573570251,-0.021881552413105965,0.33651283383369446,0.5962971448898315,-0.030819453299045563,0.2837047576904297,0.6307333111763,0.00934064481407404,0.3050718605518341,0.5979057550430298,-0.017264772206544876,0.3159913420677185,0.6360979080200195,-0.039259172976017,0.32046395540237427,0.6758572459220886,-0.049517061561346054,0.26364633440971375,0.6278431415557861,-0.0007082695956341922,0.2847921550273895,0.5664486289024353,-0.025047311559319496,0.3065931499004364,0.5644790530204773,-0.04045678675174713,0.326654851436615,0.573588490486145,-0.04564141854643822,0.24229900538921356,0.6356620192527771,-0.015578577294945717,0.261796236038208,0.5607377290725708,-0.03629991412162781,0.29013392329216003,0.5247648358345032,-0.04779052734375,0.3171374499797821,0.4978816509246826,-0.05178410932421684,0.22234398126602173,0.654893696308136,-0.030987802892923355,0.22745785117149353,0.6024091243743896,-0.045114967972040176,0.24511656165122986,0.5691820383071899,-0.05020898953080177,0.26559072732925415,0.5399553775787354,-0.05194457992911339
18,left,0,0,0,0,0,0,0,0,0,0,0,0,0,0,0,0,0,0,0,0,0,0,0,0,0,0,0,0,0,0,0,0,0,0,0,0,0,0,0,0,0,0,0,0,0,0,0,0,0,0,0,0,0,0,0,0,0,0,0,0,0,0,0
19,right,0.2532457709312439,0.807227373123169,3.626509581522441e-08,0.290625661611557,0.7575017809867859,-0.003998816478997469,0.3148142397403717,0.6926229000091553,-0.01079076062887907,0.3338783383369446,0.6449707746505737,-0.021216461434960365,0.3368036150932312,0.5961191654205322,-0.030384374782443047,0.2843116819858551,0.6297203302383423,0.010310832411050797,0.30369848012924194,0.5954863429069519,-0.015320779755711555,0.3149622678756714,0.6303613781929016,-0.03724963590502739,0.3189171552658081,0.6674930453300476,-0.047898806631565094,0.2648196816444397,0.6258152723312378,8.267477824119851e-05,0.28487080335617065,0.5648815035820007,-0.01988058164715767,0.30777862668037415,0.5521813035011292,-0.034088633954524994,0.3286471366882324,0.5514786839485168,-0.040804460644721985,0.24389131367206573,0.6345527172088623,-0.015137392096221447,0.2627032697200775,0.5601133108139038,-0.03376353159546852,0.2894045114517212,0.5236256122589111,-0.04449038580060005,0.31520769000053406,0.496694952249527,-0.04931637644767761,0.2245226800441742,0.6553905606269836,-0.03110349550843239,0.22931435704231262,0.6028998494148254,-0.04496422037482262,0.2457277774810791,0.568657636642456,-0.05013582110404968,0.26506173610687256,0.5390463471412659,-0.052534665912389755
19,left,0,0,0,0,0,0,0,0,0,0,0,0,0,0,0,0,0,0,0,0,0,0,0,0,0,0,0,0,0,0,0,0,0,0,0,0,0,0,0,0,0,0,0,0,0,0,0,0,0,0,0,0,0,0,0,0,0,0,0,0,0,0,0
20,right,0.25386837124824524,0.8070484399795532,-8.865430167759314e-09,0.2907412648200989,0.7583795785903931,-0.004039749037474394,0.3157082200050354,0.6924018859863281,-0.011046533472836018,0.3349926471710205,0.6447160840034485,-0.021312516182661057,0.33792364597320557,0.5964213609695435,-0.030904488638043404,0.28565549850463867,0.6279258728027344,0.008726897649466991,0.3012752830982208,0.5898551344871521,-0.0143036600202322,0.3119579255580902,0.6092911958694458,-0.0340728797018528,0.31824827194213867,0.6324046850204468,-0.044545091688632965,0.26554617285728455,0.6259825825691223,-0.0011972634820267558,0.2862287163734436,0.570001482963562,-0.026984557509422302,0.30787432193756104,0.5784334540367126,-0.04253235459327698,0.3279944956302643,0.5955604910850525,-0.04724401608109474,0.24408233165740967,0.6345300078392029,-0.015281780622899532,0.2634631097316742,0.5620270371437073,-0.036362845450639725,0.291552871465683,0.5295733213424683,-0.04715292528271675,0.31887179613113403,0.5056912302970886,-0.050724323838949203,0.2235267013311386,0.6543065905570984,-0.02980361320078373,0.22881563007831573,0.6022881269454956,-0.04483412578701973,0.246308833360672,0.5696483850479126,-0.05039406195282936,0.26696786284446716,0.5408421754837036,-0.052425842732191086
20,left,0,0,0,0,0,0,0,0,0,0,0,0,0,0,0,0,0,0,0,0,0,0,0,0,0,0,0,0,0,0,0,0,0,0,0,0,0,0,0,0,0,0,0,0,0,0,0,0,0,0,0,0,0,0,0,0,0,0,0,0,0,0,0
21,right,0.25537315011024475,0.8082984089851379,3.132102932568159e-08,0.2922102212905884,0.7584260702133179,-0.004847825039178133,0.3159611225128174,0.6931766867637634,-0.012222249060869217,0.33509722352027893,0.6450859308242798,-0.023045621812343597,0.33788353204727173,0.5960353016853333,-0.03227989375591278,0.2850644588470459,0.6312366127967834,0.008928650990128517,0.30578696727752686,0.5993504524230957,-0.018676379695534706,0.3157466650009155,0.6386544704437256,-0.04147158935666084,0.318697065114975,0.6797167062759399,-0.05219096690416336,0.2647855281829834,0.6278373003005981,-0.0012577775632962584,0.28414493799209595,0.565428614616394,-0.022999348118901253,0.3064557611942291,0.5515569448471069,-0.037872564047575,0.3281092643737793,0.5504016876220703,-0.04476511850953102,0.2433343529701233,0.6368775963783264,-0.01661454327404499,0.2621270418167114,0.562259316444397,-0.0366121344268322,0.2890738248825073,0.5266131162643433,-0.04785281419754028,0.31570422649383545,0.5007770657539368,-0.052701644599437714,0.22426751255989075,0.6578567028045654,-0.03277429938316345,0.22984087467193604,0.6059403419494629,-0.0473213866353035,0.2466036081314087,0.572176456451416,-0.05290468782186508,0.2662745714187622,0.5429825782775879,-0.055520325899124146
21,left,0,0,0,0,0,0,0,0,0,0,0,0,0,0,0,0,0,0,0,0,0,0,0,0,0,0,0,0,0,0,0,0,0,0,0,0,0,0,0,0,0,0,0,0,0,0,0,0,0,0,0,0,0,0,0,0,0,0,0,0,0,0,0
22,right,0.25389260053634644,0.8091141581535339,5.913378231525712e-08,0.2914561331272125,0.759547233581543,-0.005745892878621817,0.31608739495277405,0.6937651038169861,-0.01313742808997631,0.33581995964050293,0.645470380783081,-0.02372032031416893,0.3377549648284912,0.5964419841766357,-0.03254278004169464,0.28392890095710754,0.6312126517295837,0.00807075947523117,0.30533528327941895,0.5993061065673828,-0.019458558410406113,0.31580108404159546,0.639208972454071,-0.04214312136173248,0.3185294270515442,0.6810274720191956,-0.05282212048768997,0.2636621594429016,0.6268526911735535,-0.0016796813579276204,0.28227096796035767,0.5644890666007996,-0.021312089636921883,0.30489227175712585,0.543099582195282,-0.03535699099302292,0.32739928364753723,0.5344396829605103,-0.04300236329436302,0.24221976101398468,0.636307418346405,-0.01680796779692173,0.2610928416252136,0.5631085634231567,-0.03634190931916237,0.28747811913490295,0.5278639793395996,-0.04738385230302811,0.313612163066864,0.5020153522491455,-0.05276001617312431,0.22341987490653992,0.6581210494041443,-0.0328548364341259,0.22911889851093292,0.6071131825447083,-0.04800403118133545,0.24582521617412567,0.5733351707458496,-0.05386996269226074,0.2655222713947296,0.5438854694366455,-0.05694599077105522
22,left,0,0,0,0,0,0,0,0,0,0,0,0,0,0,0,0,0,0,0,0,0,0,0,0,0,0,0,0,0,0,0,0,0,0,0,0,0,0,0,0,0,0,0,0,0,0,0,0,0,0,0,0,0,0,0,0,0,0,0,0,0,0,0
23,right,0.2545406222343445,0.8097763657569885,4.0115267552209843e-08,0.29205191135406494,0.7599805593490601,-0.004878047853708267,0.31644341349601746,0.6950560808181763,-0.012135175988078117,0.33571743965148926,0.6475528478622437,-0.02275944873690605,0.3393610119819641,0.5987787842750549,-0.03195691108703613,0.2857576310634613,0.6311283111572266,0.009004469029605389,0.3069542646408081,0.5983108282089233,-0.01783420704305172,0.3179064989089966,0.6335620880126953,-0.04016078636050224,0.3217826187610626,0.6718005537986755,-0.050773438066244125,0.26546475291252136,0.6277868151664734,-0.001068130717612803,0.2844676673412323,0.5652196407318115,-0.022252922877669334,0.3062850832939148,0.551189661026001,-0.03687268868088722,0.32728347182273865,0.5498364567756653,-0.04364745691418648,0.24397006630897522,0.637263834476471,-0.0162129458039999,0.26294511556625366,0.5638149380683899,-0.035982511937618256,0.2899496257305145,0.5290324687957764,-0.046777937561273575,0.316287636756897,0.5035305619239807,-0.051322419196367264,0.22441911697387695,0.6583926677703857,-0.03213707357645035,0.2299833595752716,0.6066225171089172,-0.046880606561899185,0.2467682659626007,0.5730189085006714,-0.05230451747775078,0.26643630862236023,0.5436563491821289,-0.054653555154800415
23,left,0,0,0,0,0,0,0,0,0,0,0,0,0,0,0,0,0,0,0,0,0,0,0,0,0,0,0,0,0,0,0,0,0,0,0,0,0,0,0,0,0,0,0,0,0,0,0,0,0,0,0,0,0,0,0,0,0,0,0,0,0,0,0
24,right,0.2545185089111328,0.8106017708778381,1.428435059125377e-08,0.29183587431907654,0.7616478204727173,-0.005460385698825121,0.316554456949234,0.695730447769165,-0.012947929091751575,0.3362564444541931,0.6470118165016174,-0.023628704249858856,0.3392130136489868,0.5975121259689331,-0.03258271887898445,0.28567954897880554,0.6330162286758423,0.00835737120360136,0.30787593126296997,0.6013374328613281,-0.019199278205633163,0.3176579475402832,0.6407433152198792,-0.04172513633966446,0.3204136788845062,0.6821195483207703,-0.052144069224596024,0.2648063600063324,0.6296879649162292,-0.0014489655150100589,0.28417012095451355,0.5668153762817383,-0.02398744970560074,0.30606934428215027,0.5556893348693848,-0.03874656930565834,0.32740458846092224,0.5577127933502197,-0.04493434354662895,0.24289314448833466,0.6386860609054565,-0.016416262835264206,0.2617855668067932,0.5646567344665527,-0.03657090663909912,0.2893218398094177,0.5294687747955322,-0.04752626270055771,0.31621411442756653,0.5040854811668396,-0.05186516419053078,0.2234584093093872,0.6594609618186951,-0.03221242129802704,0.2295345962047577,0.6077002882957458,-0.04657212272286415,0.24673610925674438,0.5739186406135559,-0.05187997967004776,0.26658526062965393,0.5444666147232056,-0.05413103103637695
24,left,0,0,0,0,0,0,0,0,0,0,0,0,0,0,0,0,0,0,0,0,0,0,0,0,0,0,0,0,0,0,0,0,0,0,0,0,0,0,0,0,0,0,0,0,0,0,0,0,0,0,0,0,0,0,0,0,0,0,0,0,0,0,0
25,right,0.25506383180618286,0.8131511807441711,-3.939569737099191e-08,0.29285338521003723,0.7621158957481384,-0.003538234857842326,0.3166908025741577,0.6972342133522034,-0.010675989091396332,0.33573639392852783,0.6487930417060852,-0.021519038826227188,0.33893483877182007,0.5979438424110413,-0.0314173586666584,0.28738582134246826,0.6350574493408203,0.010970535688102245,0.3046129047870636,0.59791100025177,-0.013793465681374073,0.3159467577934265,0.6245907545089722,-0.03495321050286293,0.3217373192310333,0.6562148332595825,-0.04540984332561493,0.26728981733322144,0.6325182318687439,0.000870503718033433,0.2877737879753113,0.5759864449501038,-0.02430453523993492,0.30881187319755554,0.5855298638343811,-0.03992787376046181,0.32795050740242004,0.6049662828445435,-0.04482985660433769,0.24569980800151825,0.6401294469833374,-0.01375881489366293,0.265256404876709,0.5654935836791992,-0.03418920934200287,0.29350611567497253,0.5340549945831299,-0.044568877667188644,0.3207162320613861,0.5127885341644287,-0.04787829518318176,0.22453279793262482,0.6587505340576172,-0.028877463191747665,0.22910580039024353,0.6054009199142456,-0.043350718915462494,0.24686500430107117,0.5722190141677856,-0.04853842407464981,0.268122136592865,0.543411374092102,-0.05017869547009468
25,left,0,0,0,0,0,0,0,0,0,0,0,0,0,0,0,0,0,0,0,0,0,0,0,0,0,0,0,0,0,0,0,0,0,0,0,0,0,0,0,0,0,0,0,0,0,0,0,0,0,0,0,0,0,0,0,0,0,0,0,0,0,0,0
26,right,0.2561941146850586,0.8101201057434082,1.0058892740971714e-07,0.29420003294944763,0.7591112852096558,-0.005679694935679436,0.3180701434612274,0.6944906115531921,-0.012767431326210499,0.3369344472885132,0.6468655467033386,-0.023003706708550453,0.3388703763484955,0.5976720452308655,-0.03163072466850281,0.2869753837585449,0.6310926079750061,0.008286552503705025,0.3071374297142029,0.5973316431045532,-0.017879603430628777,0.31777769327163696,0.6319209933280945,-0.039517827332019806,0.3218724727630615,0.6696831583976746,-0.049861762672662735,0.26601266860961914,0.626659095287323,-0.0012594895670190454,0.2837701439857483,0.562101423740387,-0.020043320953845978,0.3059883415699005,0.5389180183410645,-0.03374437615275383,0.32838496565818787,0.5293008685112,-0.04149681702256203,0.24397824704647064,0.6363545656204224,-0.016027098521590233,0.26370519399642944,0.563371479511261,-0.035238683223724365,0.29096171259880066,0.5308870077133179,-0.046165574342012405,0.31789249181747437,0.5086865425109863,-0.05156760662794113,0.2244400829076767,0.658000648021698,-0.03168714791536331,0.2304089367389679,0.6073479652404785,-0.046924736350774765,0.24723806977272034,0.5739584565162659,-0.053204260766506195,0.2674551010131836,0.5451300740242004,-0.05660264939069748
26,left,0,0,0,0,0,0,0,0,0,0,0,0,0,0,0,0,0,0,0,0,0,0,0,0,0,0,0,0,0,0,0,0,0,0,0,0,0,0,0,0,0,0,0,0,0,0,0,0,0,0,0,0,0,0,0,0,0,0,0,0,0,0,0
27,right,0.2520119249820709,0.8111448884010315,-6.98635034268591e-08,0.291352778673172,0.7588657140731812,-0.0029139926191419363,0.31645122170448303,0.6939036250114441,-0.010088032111525536,0.33637237548828125,0.6461068987846375,-0.02121366374194622,0.33921879529953003,0.5956288576126099,-0.030957700684666634,0.28471294045448303,0.6309137344360352,0.011672229506075382,0.3073957562446594,0.5990585684776306,-0.01588844694197178,0.31815409660339355,0.6388044357299805,-0.03879924118518829,0.32224923372268677,0.6809548139572144,-0.04944588989019394,0.26509878039360046,0.6286190152168274,0.0006617115577682853,0.2857961356639862,0.569355309009552,-0.024793941527605057,0.3067757487297058,0.5740453600883484,-0.04094690456986427,0.32686060667037964,0.5898692011833191,-0.046260278671979904,0.24366076290607452,0.6366376876831055,-0.015170132741332054,0.2634529173374176,0.5628225207328796,-0.035620275884866714,0.29109466075897217,0.5296494364738464,-0.04629262164235115,0.31799033284187317,0.5058155059814453,-0.049721457064151764,0.22370687127113342,0.6561792492866516,-0.03156609088182449,0.22849467396736145,0.6041229963302612,-0.04510841891169548,0.24585124850273132,0.5710738897323608,-0.049512963742017746,0.2665020227432251,0.5418944954872131,-0.050670888274908066
27,left,0,0,0,0,0,0,0,0,0,0,0,0,0,0,0,0,0,0,0,0,0,0,0,0,0,0,0,0,0,0,0,0,0,0,0,0,0,0,0,0,0,0,0,0,0,0,0,0,0,0,0,0,0,0,0,0,0,0,0,0,0,0,0
28,right,0.2546873390674591,0.8082161545753479,1.0797902660897307e-07,0.29349979758262634,0.756511926651001,-0.005103598814457655,0.31761056184768677,0.6921125650405884,-0.0117899589240551,0.3373996317386627,0.6441395878791809,-0.021808508783578873,0.3391084671020508,0.5941372513771057,-0.03016221523284912,0.2858964800834656,0.6290273070335388,0.010051403194665909,0.3065435588359833,0.5956597328186035,-0.015857653692364693,0.31738170981407166,0.6304745674133301,-0.03760853409767151,0.3214848041534424,0.6685850024223328,-0.0480116605758667,0.26552996039390564,0.623478353023529,0.0002926582528743893,0.2839977443218231,0.5594044327735901,-0.018101150169968605,0.30734309554100037,0.534946858882904,-0.03208627179265022,0.33097562193870544,0.5242007374763489,-0.04021740332245827,0.2436877340078354,0.6321119070053101,-0.014754259958863258,0.26373234391212463,0.5599550008773804,-0.033461008220911026,0.29124101996421814,0.5275848507881165,-0.04461980238556862,0.318720281124115,0.5058832764625549,-0.050362274050712585,0.22424829006195068,0.6528752446174622,-0.030729161575436592,0.23005177080631256,0.6027116775512695,-0.04556955024600029,0.24710975587368011,0.5697669982910156,-0.051837485283613205,0.26806384325027466,0.5416962504386902,-0.05534224212169647
28,left,0,0,0,0,0,0,0,0,0,0,0,0,0,0,0,0,0,0,0,0,0,0,0,0,0,0,0,0,0,0,0,0,0,0,0,0,0,0,0,0,0,0,0,0,0,0,0,0,0,0,0,0,0,0,0,0,0,0,0,0,0,0,0
29,right,0.2546534836292267,0.8069444894790649,8.165852705133148e-08,0.2928657829761505,0.7536811232566833,-0.00345665798522532,0.31730327010154724,0.6898793578147888,-0.009980185888707638,0.33732619881629944,0.6428760290145874,-0.020042141899466515,0.3399506211280823,0.5942221283912659,-0.02901875227689743,0.28497257828712463,0.6274070739746094,0.008708985522389412,0.3053644597530365,0.5911648273468018,-0.015984343364834785,0.3184024691581726,0.6204519867897034,-0.03684629872441292,0.3249073028564453,0.6531470417976379,-0.04730728268623352,0.26494303345680237,0.6232449412345886,-0.0017866045236587524,0.2821091115474701,0.5591302514076233,-0.01972043327987194,0.30459997057914734,0.5388244986534119,-0.0329342782497406,0.3269943594932556,0.5321894884109497,-0.04056961089372635,0.2436293661594391,0.6328511238098145,-0.017008723691105843,0.26347869634628296,0.559406042098999,-0.0353725329041481,0.29074761271476746,0.527099072933197,-0.04544593021273613,0.3173030614852905,0.5050122737884521,-0.05058606341481209,0.22462885081768036,0.6542738676071167,-0.03291626274585724,0.23015892505645752,0.6019217371940613,-0.047811515629291534,0.2467876821756363,0.5680028796195984,-0.05353795364499092,0.26683464646339417,0.5390965938568115,-0.0566042922437191
29,left,0,0,0,0,0,0,0,0,0,0,0,0,0,0,0,0,0,0,0,0,0,0,0,0,0,0,0,0,0,0,0,0,0,0,0,0,0,0,0,0,0,0,0,0,0,0,0,0,0,0,0,0,0,0,0,0,0,0,0,0,0,0,0
30,right,0.25433188676834106,0.8077011704444885,2.2024567059020228e-08,0.29278382658958435,0.7561210989952087,-0.004366912879049778,0.317527174949646,0.6912111043930054,-0.011514728888869286,0.3375404477119446,0.6430777311325073,-0.02214433066546917,0.3401740789413452,0.592978835105896,-0.031226685270667076,0.2870110273361206,0.6300840377807617,0.00926768034696579,0.3088023066520691,0.5956194996833801,-0.01791960559785366,0.3198034465312958,0.6325114965438843,-0.04052257910370827,0.32364925742149353,0.6734693646430969,-0.05102715641260147,0.2669694125652313,0.6255835890769958,-0.0008975801174528897,0.2851179242134094,0.5607989430427551,-0.021742388606071472,0.3064088523387909,0.547292172908783,-0.03640161082148552,0.32718366384506226,0.5483243465423584,-0.04326880723237991,0.24514620006084442,0.6333546042442322,-0.016062602400779724,0.2637338638305664,0.5581176280975342,-0.03502815589308739,0.29106271266937256,0.5238181352615356,-0.04554135724902153,0.31783175468444824,0.5001197457313538,-0.050073184072971344,0.22526490688323975,0.6531181335449219,-0.0320081003010273,0.23002877831459045,0.6003044247627258,-0.045664913952350616,0.24679145216941833,0.5663143992424011,-0.050436731427907944,0.26684942841529846,0.5374270081520081,-0.05250084400177002
30,left,0,0,0,0,0,0,0,0,0,0,0,0,0,0,0,0,0,0,0,0,0,0,0,0,0,0,0,0,0,0,0,0,0,0,0,0,0,0,0,0,0,0,0,0,0,0,0,0,0,0,0,0,0,0,0,0,0,0,0,0,0,0,0
31,right,0.25417381525039673,0.805166482925415,5.587307683185827e-08,0.29297804832458496,0.7533807754516602,-0.004562383983284235,0.31740832328796387,0.6892499923706055,-0.012045308016240597,0.337463915348053,0.6419380903244019,-0.022875117138028145,0.34052419662475586,0.5926708579063416,-0.031929563730955124,0.28403106331825256,0.6265986561775208,0.007892132736742496,0.3073654770851135,0.595352053642273,-0.019640641286969185,0.31786587834358215,0.6345146894454956,-0.04177900031208992,0.321326345205307,0.6762504577636719,-0.052027974277734756,0.2640521824359894,0.6228058934211731,-0.002665918553248048,0.28264176845550537,0.5578877925872803,-0.023965585976839066,0.3050423562526703,0.5390661954879761,-0.03852749988436699,0.32783299684524536,0.5343674421310425,-0.04575434327125549,0.24275155365467072,0.6320930123329163,-0.018254198133945465,0.2619077265262604,0.5588198304176331,-0.03814634308218956,0.28986722230911255,0.5253975987434387,-0.04901903122663498,0.3176869750022888,0.5021274089813232,-0.053895872086286545,0.22439932823181152,0.6535926461219788,-0.0346347838640213,0.230325847864151,0.6023983359336853,-0.04926373437047005,0.24778661131858826,0.5688915252685547,-0.054679907858371735,0.2684769034385681,0.5400868654251099,-0.05732409283518791
31,left,0,0,0,0,0,0,0,0,0,0,0,0,0,0,0,0,0,0,0,0,0,0,0,0,0,0,0,0,0,0,0,0,0,0,0,0,0,0,0,0,0,0,0,0,0,0,0,0,0,0,0,0,0,0,0,0,0,0,0,0,0,0,0
32,right,0.25445806980133057,0.8051334619522095,6.040144029384464e-08,0.2926695644855499,0.754496693611145,-0.004575690254569054,0.31727033853530884,0.6899489164352417,-0.01151841226965189,0.33699285984039307,0.64214026927948,-0.021711725741624832,0.3398899734020233,0.5931875109672546,-0.03029937855899334,0.2850821316242218,0.6280613541603088,0.007625203114002943,0.30757004022598267,0.5951163172721863,-0.018704863265156746,0.319622665643692,0.6305687427520752,-0.04015439748764038,0.32429611682891846,0.6696788668632507,-0.050266195088624954,0.26471802592277527,0.6236603856086731,-0.002604045672342181,0.2818719148635864,0.5589666962623596,-0.021622871980071068,0.30400556325912476,0.5379540324211121,-0.035128165036439896,0.3264789581298828,0.5309693217277527,-0.04259136691689491,0.24316741526126862,0.6328306794166565,-0.017805416136980057,0.2612968385219574,0.5601423382759094,-0.03686109557747841,0.28828004002571106,0.5262811183929443,-0.04738585650920868,0.3147440254688263,0.5028335452079773,-0.05257955193519592,0.22424626350402832,0.6535971760749817,-0.033775586634874344,0.22978512942790985,0.6019898056983948,-0.048562973737716675,0.24696889519691467,0.5684003233909607,-0.05409497767686844,0.2672535479068756,0.5397024750709534,-0.05703309178352356
32,left,0,0,0,0,0,0,0,0,0,0,0,0,0,0,0,0,0,0,0,0,0,0,0,0,0,0,0,0,0,0,0,0,0,0,0,0,0,0,0,0,0,0,0,0,0,0,0,0,0,0,0,0,0,0,0,0,0,0,0,0,0,0,0
33,right,0.2562856674194336,0.8064424395561218,6.52641389820019e-08,0.29321831464767456,0.7569149136543274,-0.0046282075345516205,0.31730586290359497,0.691633403301239,-0.011188531294465065,0.3371725380420685,0.6432284116744995,-0.020980551838874817,0.3403302729129791,0.5941615104675293,-0.029270796105265617,0.286921888589859,0.6283684372901917,0.0088380491361022,0.3079245090484619,0.5933507680892944,-0.016675205901265144,0.3197711706161499,0.6253334879875183,-0.038191936910152435,0.32470983266830444,0.6622985601425171,-0.04854061082005501,0.2663475275039673,0.6233128905296326,-0.0010144583648070693,0.2827966511249542,0.5588151812553406,-0.01941126585006714,0.3047478199005127,0.5386451482772827,-0.03323652222752571,0.32649946212768555,0.5333924293518066,-0.04090041667222977,0.24452438950538635,0.6317797899246216,-0.01580400951206684,0.26284319162368774,0.5587902665138245,-0.03439902514219284,0.2903748154640198,0.5257094502449036,-0.0451507568359375,0.3170154392719269,0.5033791065216064,-0.050488002598285675,0.22495906054973602,0.6520803570747375,-0.0313556008040905,0.23104985058307648,0.6005237698554993,-0.046245068311691284,0.24846167862415314,0.5671202540397644,-0.05215240269899368,0.268907755613327,0.5385785102844238,-0.05524140223860741
33,left,0,0,0,0,0,0,0,0,0,0,0,0,0,0,0,0,0,0,0,0,0,0,0,0,0,0,0,0,0,0,0,0,0,0,0,0,0,0,0,0,0,0,0,0,0,0,0,0,0,0,0,0,0,0,0,0,0,0,0,0,0,0,0
34,right,0.2558378279209137,0.8062664270401001,5.0470774226596404e-08,0.29374104738235474,0.7555503249168396,-0.0038613546639680862,0.3178596496582031,0.6909353733062744,-0.010373879224061966,0.33780133724212646,0.6423909664154053,-0.020540205761790276,0.34014809131622314,0.5928221940994263,-0.029057340696454048,0.28858211636543274,0.6290476322174072,0.010670056566596031,0.3087685704231262,0.5958581566810608,-0.015534825623035431,0.31888920068740845,0.6324555277824402,-0.03759819641709328,0.32173585891723633,0.6728031635284424,-0.047873932868242264,0.2684670388698578,0.623335063457489,0.00036719036870636046,0.2855585515499115,0.558695912361145,-0.01847994141280651,0.30759337544441223,0.5385310649871826,-0.03243517130613327,0.32927772402763367,0.5333071947097778,-0.039798554033041,0.24670268595218658,0.6306064128875732,-0.015020878054201603,0.26384639739990234,0.5572100877761841,-0.03315439820289612,0.29102814197540283,0.5234558582305908,-0.04345148056745529,0.31797677278518677,0.5010104179382324,-0.04827788099646568,0.2268807590007782,0.6499233245849609,-0.031263723969459534,0.231537863612175,0.5977188348770142,-0.04463975504040718,0.24880126118659973,0.5644049644470215,-0.04925409331917763,0.2694838047027588,0.536810040473938,-0.051447950303554535
34,left,0,0,0,0,0,0,0,0,0,0,0,0,0,0,0,0,0,0,0,0,0,0,0,0,0,0,0,0,0,0,0,0,0,0,0,0,0,0,0,0,0,0,0,0,0,0,0,0,0,0,0,0,0,0,0,0,0,0,0,0,0,0,0
35,right,0.2562740743160248,0.8056119680404663,5.444446671276637e-08,0.29455384612083435,0.7547491788864136,-0.004136837553232908,0.318458616733551,0.6899776458740234,-0.010758228600025177,0.33825233578681946,0.641753613948822,-0.020763901993632317,0.34016257524490356,0.5931097269058228,-0.028953243046998978,0.28541362285614014,0.6289755702018738,0.009021641686558723,0.3083343803882599,0.5958455801010132,-0.017489265650510788,0.31945279240608215,0.6341326236724854,-0.03902046009898186,0.323333740234375,0.6746467351913452,-0.0489833801984787,0.2654682695865631,0.6241739988327026,-0.0013600420206785202,0.2831614911556244,0.5585290789604187,-0.02084949053823948,0.30546635389328003,0.5381736159324646,-0.03429703786969185,0.32829549908638,0.5315769910812378,-0.041259631514549255,0.24424569308757782,0.6325011253356934,-0.01681484654545784,0.2622688114643097,0.5595740675926208,-0.035703375935554504,0.2893839180469513,0.5257409811019897,-0.04589591547846794,0.31643790006637573,0.5021207332611084,-0.05060843378305435,0.22586868703365326,0.6525608897209167,-0.03308749198913574,0.2315894365310669,0.6004010438919067,-0.04699379950761795,0.24881015717983246,0.5668537616729736,-0.05181971192359924,0.2694917917251587,0.5383853912353516,-0.05423169210553169
35,left,0,0,0,0,0,0,0,0,0,0,0,0,0,0,0,0,0,0,0,0,0,0,0,0,0,0,0,0,0,0,0,0,0,0,0,0,0,0,0,0,0,0,0,0,0,0,0,0,0,0,0,0,0,0,0,0,0,0,0,0,0,0,0
36,right,0.2556622326374054,0.8068894743919373,7.539273383372347e-08,0.2939372658729553,0.7553988695144653,-0.004387571010738611,0.3179689943790436,0.6910374760627747,-0.010857072658836842,0.3374260663986206,0.6428926587104797,-0.020807981491088867,0.3409143090248108,0.5937551856040955,-0.029225880280137062,0.28765928745269775,0.629169225692749,0.009602501057088375,0.3083152770996094,0.5934485197067261,-0.015564775094389915,0.32106101512908936,0.6243340373039246,-0.036636874079704285,0.32659634947776794,0.6606428027153015,-0.04670163244009018,0.26775863766670227,0.6233047842979431,-0.0003179695049766451,0.28403642773628235,0.5603798627853394,-0.018147749826312065,0.3059329092502594,0.5372484922409058,-0.03200870379805565,0.32771164178848267,0.5287514925003052,-0.04017142578959465,0.2461138814687729,0.6307235360145569,-0.015198783949017525,0.26548251509666443,0.5585801601409912,-0.03357986360788345,0.29245954751968384,0.5269170999526978,-0.044106557965278625,0.3183804154396057,0.5063318610191345,-0.049477990716695786,0.22627359628677368,0.6499320268630981,-0.030878741294145584,0.23201309144496918,0.5985760688781738,-0.04556268826127052,0.24875621497631073,0.5654155611991882,-0.051228106021881104,0.26864081621170044,0.5376109480857849,-0.05420137569308281
36,left,0,0,0,0,0,0,0,0,0,0,0,0,0,0,0,0,0,0,0,0,0,0,0,0,0,0,0,0,0,0,0,0,0,0,0,0,0,0,0,0,0,0,0,0,0,0,0,0,0,0,0,0,0,0,0,0,0,0,0,0,0,0,0
