1,right,0,0,0,0,0,0,0,0,0,0,0,0,0,0,0,0,0,0,0,0,0,0,0,0,0,0,0,0,0,0,0,0,0,0,0,0,0,0,0,0,0,0,0,0,0,0,0,0,0,0,0,0,0,0,0,0,0,0,0,0,0,0,0
1,left,0,0,0,0,0,0,0,0,0,0,0,0,0,0,0,0,0,0,0,0,0,0,0,0,0,0,0,0,0,0,0,0,0,0,0,0,0,0,0,0,0,0,0,0,0,0,0,0,0,0,0,0,0,0,0,0,0,0,0,0,0,0,0
2,right,0,0,0,0,0,0,0,0,0,0,0,0,0,0,0,0,0,0,0,0,0,0,0,0,0,0,0,0,0,0,0,0,0,0,0,0,0,0,0,0,0,0,0,0,0,0,0,0,0,0,0,0,0,0,0,0,0,0,0,0,0,0,0
2,left,0,0,0,0,0,0,0,0,0,0,0,0,0,0,0,0,0,0,0,0,0,0,0,0,0,0,0,0,0,0,0,0,0,0,0,0,0,0,0,0,0,0,0,0,0,0,0,0,0,0,0,0,0,0,0,0,0,0,0,0,0,0,0
3,right,0,0,0,0,0,0,0,0,0,0,0,0,0,0,0,0,0,0,0,0,0,0,0,0,0,0,0,0,0,0,0,0,0,0,0,0,0,0,0,0,0,0,0,0,0,0,0,0,0,0,0,0,0,0,0,0,0,0,0,0,0,0,0
3,left,0,0,0,0,0,0,0,0,0,0,0,0,0,0,0,0,0,0,0,0,0,0,0,0,0,0,0,0,0,0,0,0,0,0,0,0,0,0,0,0,0,0,0,0,0,0,0,0,0,0,0,0,0,0,0,0,0,0,0,0,0,0,0
4,right,0,0,0,0,0,0,0,0,0,0,0,0,0,0,0,0,0,0,0,0,0,0,0,0,0,0,0,0,0,0,0,0,0,0,0,0,0,0,0,0,0,0,0,0,0,0,0,0,0,0,0,0,0,0,0,0,0,0,0,0,0,0,0
4,left,0,0,0,0,0,0,0,0,0,0,0,0,0,0,0,0,0,0,0,0,0,0,0,0,0,0,0,0,0,0,0,0,0,0,0,0,0,0,0,0,0,0,0,0,0,0,0,0,0,0,0,0,0,0,0,0,0,0,0,0,0,0,0
5,right,0,0,0,0,0,0,0,0,0,0,0,0,0,0,0,0,0,0,0,0,0,0,0,0,0,0,0,0,0,0,0,0,0,0,0,0,0,0,0,0,0,0,0,0,0,0,0,0,0,0,0,0,0,0,0,0,0,0,0,0,0,0,0
5,left,0,0,0,0,0,0,0,0,0,0,0,0,0,0,0,0,0,0,0,0,0,0,0,0,0,0,0,0,0,0,0,0,0,0,0,0,0,0,0,0,0,0,0,0,0,0,0,0,0,0,0,0,0,0,0,0,0,0,0,0,0,0,0
6,right,0.21560586988925934,1.007501482963562,4.3268090621495503e-07,0.25218623876571655,0.941455602645874,-0.01857401244342327,0.271226167678833,0.8708444833755493,-0.03426150605082512,0.28462719917297363,0.816942036151886,-0.05052918940782547,0.2865966856479645,0.7778509259223938,-0.06965011358261108,0.2193274348974228,0.8127449154853821,-0.0342029370367527,0.2257305383682251,0.7504220604896545,-0.06705641746520996,0.2408679723739624,0.7167364358901978,-0.09314092993736267,0.26081159710884094,0.6914425492286682,-0.11050666868686676,0.1927040070295334,0.8309777975082397,-0.043844759464263916,0.18968705832958221,0.7654771208763123,-0.07580405473709106,0.20562463998794556,0.7302057147026062,-0.09992147982120514,0.22757844626903534,0.70711350440979,-0.1167757660150528,0.16958220303058624,0.8686224222183228,-0.05594778433442116,0.1549305021762848,0.8100795745849609,-0.08789239823818207,0.1640384942293167,0.7795293927192688,-0.1062561571598053,0.18015244603157043,0.7569506764411926,-0.11817464977502823,0.15043698251247406,0.9186488389968872,-0.06910862028598785,0.13251666724681854,0.8812769651412964,-0.09789393097162247,0.13576719164848328,0.8564028143882751,-0.11089614778757095,0.14711646735668182,0.8352038860321045,-0.1192832961678505
6,left,0,0,0,0,0,0,0,0,0,0,0,0,0,0,0,0,0,0,0,0,0,0,0,0,0,0,0,0,0,0,0,0,0,0,0,0,0,0,0,0,0,0,0,0,0,0,0,0,0,0,0,0,0,0,0,0,0,0,0,0,0,0,0
7,right,0.23336175084114075,0.8842455148696899,1.789313586186836e-07,0.271323025226593,0.833548903465271,-0.013683234341442585,0.2894240617752075,0.7639392614364624,-0.02686311863362789,0.30606839060783386,0.7142662405967712,-0.04113321751356125,0.3097378611564636,0.6642507314682007,-0.05414557084441185,0.24259215593338013,0.7013030648231506,-0.02171311341226101,0.26139748096466064,0.6410395503044128,-0.05576366186141968,0.28557947278022766,0.6672649383544922,-0.07939422875642776,0.3007347285747528,0.7029604315757751,-0.09116809815168381,0.22020621597766876,0.7068801522254944,-0.03186232969164848,0.22827111184597015,0.626693606376648,-0.056710757315158844,0.2573319673538208,0.5904709696769714,-0.07318497449159622,0.28586065769195557,0.5656126737594604,-0.08377550542354584,0.20009300112724304,0.7341781854629517,-0.04621167853474617,0.20242267847061157,0.6536880731582642,-0.07272254675626755,0.22152462601661682,0.6109786033630371,-0.08688905090093613,0.241540789604187,0.5744050145149231,-0.09515716135501862,0.18663519620895386,0.7764395475387573,-0.06136768311262131,0.18622122704982758,0.7244577407836914,-0.08379734307527542,0.19576972723007202,0.685854434967041,-0.09201554954051971,0.20696544647216797,0.6491119861602783,-0.09694284200668335
7,left,0,0,0,0,0,0,0,0,0,0,0,0,0,0,0,0,0,0,0,0,0,0,0,0,0,0,0,0,0,0,0,0,0,0,0,0,0,0,0,0,0,0,0,0,0,0,0,0,0,0,0,0,0,0,0,0,0,0,0,0,0,0,0
8,right,0.23271459341049194,0.8311907052993774,1.472639468147463e-07,0.277089923620224,0.7709496021270752,-0.008824657648801804,0.2987864911556244,0.6987018585205078,-0.016846466809511185,0.31709766387939453,0.6475335955619812,-0.028337810188531876,0.32993218302726746,0.597720205783844,-0.039137374609708786,0.2510620355606079,0.6272046566009521,-0.0033467148896306753,0.2611698806285858,0.5559052228927612,-0.02191822975873947,0.2768705189228058,0.525623619556427,-0.0341990701854229,0.29357850551605225,0.5051795840263367,-0.041666626930236816,0.2319018393754959,0.6336624622344971,-0.013793903402984142,0.253277450799942,0.558140218257904,-0.04096847027540207,0.28566572070121765,0.5272229909896851,-0.056265201419591904,0.3169817328453064,0.5091814398765564,-0.06300221383571625,0.21620094776153564,0.6537542343139648,-0.027541937306523323,0.25532788038253784,0.5926748514175415,-0.0609353631734848,0.2911553978919983,0.6084539294242859,-0.07083456963300705,0.3171777129173279,0.6191412210464478,-0.07017912715673447,0.20587556064128876,0.6849459409713745,-0.041890356689691544,0.2140142321586609,0.6330664753913879,-0.06571229547262192,0.22455130517482758,0.5956824421882629,-0.07396992295980453,0.23799653351306915,0.5588153004646301,-0.07704344391822815
8,left,0,0,0,0,0,0,0,0,0,0,0,0,0,0,0,0,0,0,0,0,0,0,0,0,0,0,0,0,0,0,0,0,0,0,0,0,0,0,0,0,0,0,0,0,0,0,0,0,0,0,0,0,0,0,0,0,0,0,0,0,0,0,0
9,right,0.2413502037525177,0.8064449429512024,1.4998087749518163e-07,0.2844966650009155,0.7456413507461548,-0.001599647686816752,0.3099406361579895,0.6754200458526611,-0.007649953942745924,0.33026137948036194,0.6263319849967957,-0.01796281896531582,0.33857154846191406,0.5755007266998291,-0.02635318599641323,0.2746148407459259,0.6137120723724365,0.010957530699670315,0.29903215169906616,0.5699231028556824,-0.01261907909065485,0.31758081912994385,0.5969308018684387,-0.031353987753391266,0.3267623782157898,0.6314029097557068,-0.0405074879527092,0.25517603754997253,0.6081414818763733,-0.001248541520908475,0.2708383798599243,0.5348029732704163,-0.01664019748568535,0.2945100665092468,0.4981779158115387,-0.028746312484145164,0.3166426420211792,0.4746972918510437,-0.03699388727545738,0.2353886067867279,0.6190364360809326,-0.01821187138557434,0.25330355763435364,0.5365049839019775,-0.036318760365247726,0.27855828404426575,0.5027216076850891,-0.0454789437353611,0.3015451431274414,0.47659003734588623,-0.050569672137498856,0.2189197987318039,0.6422521471977234,-0.03571736440062523,0.22626438736915588,0.5882828831672668,-0.05145162343978882,0.23894572257995605,0.5515894293785095,-0.05699612945318222,0.25355398654937744,0.5176095366477966,-0.060119178146123886
9,left,0,0,0,0,0,0,0,0,0,0,0,0,0,0,0,0,0,0,0,0,0,0,0,0,0,0,0,0,0,0,0,0,0,0,0,0,0,0,0,0,0,0,0,0,0,0,0,0,0,0,0,0,0,0,0,0,0,0,0,0,0,0,0
10,right,0.243333101272583,0.7860236763954163,1.3874553417281277e-07,0.29000842571258545,0.7303247451782227,-0.0019324136665090919,0.31435438990592957,0.6622573733329773,-0.00638591218739748,0.33602991700172424,0.614459753036499,-0.015286147594451904,0.3426054120063782,0.563764750957489,-0.022249599918723106,0.2820494771003723,0.5998495817184448,0.014359700493514538,0.30512386560440063,0.5606318116188049,-0.01094338670372963,0.32161223888397217,0.5909284949302673,-0.031926751136779785,0.3306903839111328,0.6273571252822876,-0.04199322685599327,0.2639382481575012,0.5929425358772278,0.0023047092836350203,0.2805402874946594,0.5206899642944336,-0.013272738084197044,0.3030848503112793,0.4836198687553406,-0.026520082727074623,0.3252399265766144,0.45922693610191345,-0.03568030521273613,0.2433919459581375,0.6017127633094788,-0.01511621754616499,0.2653123438358307,0.5241084098815918,-0.03304455801844597,0.29251566529273987,0.4917448163032532,-0.042752329260110855,0.3171534836292267,0.4672498404979706,-0.04795735329389572,0.22467100620269775,0.6217813491821289,-0.03337620198726654,0.23365135490894318,0.5674422383308411,-0.047890644520521164,0.24763314425945282,0.5300131440162659,-0.05295383557677269,0.2642357349395752,0.4960708022117615,-0.05592566728591919
10,left,0,0,0,0,0,0,0,0,0,0,0,0,0,0,0,0,0,0,0,0,0,0,0,0,0,0,0,0,0,0,0,0,0,0,0,0,0,0,0,0,0,0,0,0,0,0,0,0,0,0,0,0,0,0,0,0,0,0,0,0,0,0,0
11,right,0.24646979570388794,0.7775452136993408,1.33043926098253e-07,0.2916452884674072,0.7220631241798401,-0.0012861876748502254,0.31621623039245605,0.6530064940452576,-0.005758637562394142,0.3363629877567291,0.6055020689964294,-0.014828551560640335,0.34222739934921265,0.5554911494255066,-0.021799011155962944,0.28320181369781494,0.5913618803024292,0.014842660166323185,0.30638280510902405,0.5526689291000366,-0.011326387524604797,0.32203230261802673,0.5866520404815674,-0.03313138335943222,0.3296584486961365,0.6252555847167969,-0.04335043951869011,0.26382893323898315,0.5842665433883667,0.0022877631708979607,0.27955949306488037,0.5107269883155823,-0.013439790345728397,0.30315059423446655,0.47537466883659363,-0.02662011981010437,0.3271830379962921,0.45335596799850464,-0.0355428121984005,0.24256399273872375,0.5921376943588257,-0.015636054798960686,0.26240086555480957,0.5138983726501465,-0.033079132437705994,0.2884502708911896,0.47992146015167236,-0.042743511497974396,0.31364935636520386,0.4556659162044525,-0.047890760004520416,0.22449220716953278,0.610687255859375,-0.03441593796014786,0.23475849628448486,0.554479718208313,-0.04774152487516403,0.2505563497543335,0.5176084041595459,-0.05206194147467613,0.26921963691711426,0.48593610525131226,-0.05449751019477844
11,left,0,0,0,0,0,0,0,0,0,0,0,0,0,0,0,0,0,0,0,0,0,0,0,0,0,0,0,0,0,0,0,0,0,0,0,0,0,0,0,0,0,0,0,0,0,0,0,0,0,0,0,0,0,0,0,0,0,0,0,0,0,0,0
12,right,0.24606147408485413,0.7779725790023804,1.1163496083099744e-07,0.29072144627571106,0.7183241248130798,-0.00018621391791384667,0.3153359591960907,0.6517782211303711,-0.005842872429639101,0.3371765911579132,0.6048719882965088,-0.016282157972455025,0.34513548016548157,0.5534526705741882,-0.025179194286465645,0.28026139736175537,0.5909366607666016,0.012737193144857883,0.3074502944946289,0.5539429187774658,-0.016853028908371925,0.3255641758441925,0.5865815877914429,-0.04106249287724495,0.33457374572753906,0.6242859363555908,-0.05265335738658905,0.26159027218818665,0.5842454433441162,-0.0013641148107126355,0.28086915612220764,0.5118248462677002,-0.019982151687145233,0.30479344725608826,0.4780483841896057,-0.034548040479421616,0.3280293345451355,0.457000195980072,-0.04428323730826378,0.24123431742191315,0.5935013294219971,-0.020804207772016525,0.25988152623176575,0.5138020515441895,-0.03969120606780052,0.2855520248413086,0.4766230881214142,-0.04995744302868843,0.31043192744255066,0.4493982195854187,-0.05580790713429451,0.22479967772960663,0.6147018074989319,-0.041034504771232605,0.23387190699577332,0.5569908618927002,-0.05555891618132591,0.2500433027744293,0.5196300148963928,-0.06049264967441559,0.2688930630683899,0.48764127492904663,-0.06358491629362106
12,left,0,0,0,0,0,0,0,0,0,0,0,0,0,0,0,0,0,0,0,0,0,0,0,0,0,0,0,0,0,0,0,0,0,0,0,0,0,0,0,0,0,0,0,0,0,0,0,0,0,0,0,0,0,0,0,0,0,0,0,0,0,0,0
13,right,0.24333947896957397,0.7788921594619751,1.0641758052543082e-07,0.28924891352653503,0.7196334600448608,0.0006193997105583549,0.31426548957824707,0.6515464782714844,-0.004944280255585909,0.33575165271759033,0.6041877865791321,-0.015376516617834568,0.34516024589538574,0.5531420707702637,-0.024285633116960526,0.2777955234050751,0.5902012586593628,0.013311594724655151,0.3048093914985657,0.554533064365387,-0.01576843671500683,0.3223414719104767,0.5885085463523865,-0.03986271098256111,0.3308550715446472,0.6272720098495483,-0.0515618696808815,0.2587944269180298,0.5843455195426941,-0.001191063434816897,0.27851438522338867,0.5112015008926392,-0.01980968564748764,0.30322232842445374,0.4778558313846588,-0.034214746206998825,0.3275936543941498,0.45876896381378174,-0.043645139783620834,0.23898929357528687,0.5945475101470947,-0.020890425890684128,0.257745623588562,0.5144798755645752,-0.0395161472260952,0.28385528922080994,0.4766989052295685,-0.04956988990306854,0.30930906534194946,0.4493604600429535,-0.055306341499090195,0.22399652004241943,0.616431474685669,-0.041303567588329315,0.2332686334848404,0.559018075466156,-0.055599115788936615,0.24964779615402222,0.5214537382125854,-0.06030448526144028,0.26848140358924866,0.4890836775302887,-0.06327793747186661
13,left,0,0,0,0,0,0,0,0,0,0,0,0,0,0,0,0,0,0,0,0,0,0,0,0,0,0,0,0,0,0,0,0,0,0,0,0,0,0,0,0,0,0,0,0,0,0,0,0,0,0,0,0,0,0,0,0,0,0,0,0,0,0,0
14,right,0.24355939030647278,0.7799707651138306,1.1525825982516835e-07,0.2878311276435852,0.71956467628479,-0.0003120514447800815,0.3119184672832489,0.6512229442596436,-0.005853567272424698,0.33344483375549316,0.6028748750686646,-0.01588628813624382,0.34352540969848633,0.5522499680519104,-0.02419661544263363,0.2749657928943634,0.5910910367965698,0.012535491026937962,0.3027200400829315,0.5548783540725708,-0.015802396461367607,0.3214476406574249,0.5880975127220154,-0.038831986486911774,0.331360787153244,0.6256337761878967,-0.049993742257356644,0.25637996196746826,0.5850897431373596,-0.0014046889264136553,0.27556532621383667,0.5101820230484009,-0.020245786756277084,0.30003419518470764,0.47823894023895264,-0.034283291548490524,0.32436084747314453,0.4607183337211609,-0.04320671036839485,0.23688028752803802,0.5952361226081848,-0.020525453612208366,0.2547604441642761,0.5147348642349243,-0.03962240368127823,0.2802180051803589,0.47748106718063354,-0.04968288540840149,0.3052034378051758,0.45068231225013733,-0.05518852919340134,0.22167597711086273,0.6172729730606079,-0.04039238765835762,0.2309277057647705,0.5600142478942871,-0.05508963763713837,0.24677418172359467,0.5222223997116089,-0.060155075043439865,0.2653142511844635,0.48944783210754395,-0.06328752636909485
14,left,0,0,0,0,0,0,0,0,0,0,0,0,0,0,0,0,0,0,0,0,0,0,0,0,0,0,0,0,0,0,0,0,0,0,0,0,0,0,0,0,0,0,0,0,0,0,0,0,0,0,0,0,0,0,0,0,0,0,0,0,0,0,0
15,right,0.24271205067634583,0.7814640998840332,7.839812354859532e-08,0.28637510538101196,0.7213690876960754,0.00024671971914358437,0.31044408679008484,0.6525010466575623,-0.005379690323024988,0.33197829127311707,0.6041985750198364,-0.01573721133172512,0.3426569402217865,0.5541125535964966,-0.024435250088572502,0.27727121114730835,0.5900030136108398,0.012128004804253578,0.30286699533462524,0.5544636249542236,-0.016259990632534027,0.32090434432029724,0.5881005525588989,-0.03930646553635597,0.3302341103553772,0.6265407800674438,-0.05042719468474388,0.2587265074253082,0.5843163132667542,-0.0019452584674581885,0.27671074867248535,0.5131528973579407,-0.020518478006124496,0.3005550503730774,0.48117977380752563,-0.034265533089637756,0.32360851764678955,0.46315449476242065,-0.04311775416135788,0.23872850835323334,0.5946003198623657,-0.021076610311865807,0.2555122971534729,0.5138866901397705,-0.03986778110265732,0.28145745396614075,0.47728171944618225,-0.04923675209283829,0.3067868947982788,0.4505150020122528,-0.05436400696635246,0.22251732647418976,0.6177332997322083,-0.04092750698328018,0.23024874925613403,0.5607475638389587,-0.055798470973968506,0.2463034987449646,0.5232237577438354,-0.06061790511012077,0.26509571075439453,0.4906226396560669,-0.06345098465681076
15,left,0,0,0,0,0,0,0,0,0,0,0,0,0,0,0,0,0,0,0,0,0,0,0,0,0,0,0,0,0,0,0,0,0,0,0,0,0,0,0,0,0,0,0,0,0,0,0,0,0,0,0,0,0,0,0,0,0,0,0,0,0,0,0
16,right,0.242116317152977,0.7827581167221069,7.998606577075407e-08,0.286266028881073,0.7220796346664429,-3.74244264094159e-05,0.31009823083877563,0.6533823609352112,-0.006308727897703648,0.33162787556648254,0.6050114631652832,-0.01718202233314514,0.3421117067337036,0.5543065071105957,-0.026413947343826294,0.27430468797683716,0.5925442576408386,0.010518527589738369,0.3025479316711426,0.5559644103050232,-0.019389616325497627,0.3204675018787384,0.5915062427520752,-0.04327241703867912,0.3298168480396271,0.6306714415550232,-0.054852306842803955,0.25545066595077515,0.5876858830451965,-0.0038760555908083916,0.2756117582321167,0.5153348445892334,-0.02461480163037777,0.29982009530067444,0.48655158281326294,-0.03904152661561966,0.3234652280807495,0.4714055061340332,-0.04775005206465721,0.23561842739582062,0.5986119508743286,-0.02339356206357479,0.2547169327735901,0.5168837308883667,-0.043789882212877274,0.2805441617965698,0.4792667031288147,-0.05403650924563408,0.30586034059524536,0.4512072801589966,-0.059375401586294174,0.22009031474590302,0.6220808029174805,-0.04356096312403679,0.2288074493408203,0.5648638010025024,-0.059274084866046906,0.2445903718471527,0.5267329812049866,-0.06486529856920242,0.26319169998168945,0.49345308542251587,-0.06819948554039001
16,left,0,0,0,0,0,0,0,0,0,0,0,0,0,0,0,0,0,0,0,0,0,0,0,0,0,0,0,0,0,0,0,0,0,0,0,0,0,0,0,0,0,0,0,0,0,0,0,0,0,0,0,0,0,0,0,0,0,0,0,0,0,0,0
17,right,0.24010679125785828,0.7941595315933228,9.611982676460684e-08,0.2833158075809479,0.7384524345397949,-0.006699873134493828,0.3066369593143463,0.6697310209274292,-0.015135272406041622,0.32848823070526123,0.6201983690261841,-0.026249412447214127,0.33790886402130127,0.5692223310470581,-0.03495710343122482,0.27166152000427246,0.6021185517311096,0.00239249924197793,0.2977202832698822,0.5668979287147522,-0.026273081079125404,0.31604117155075073,0.6025462746620178,-0.04790325462818146,0.3244796693325043,0.6422842144966125,-0.05833161249756813,0.2519989609718323,0.5971819162368774,-0.008275963366031647,0.2693089544773102,0.5255065560340881,-0.02831360697746277,0.29419979453086853,0.49599918723106384,-0.04166104644536972,0.3186691999435425,0.4800739288330078,-0.050026558339595795,0.23133784532546997,0.6096339821815491,-0.023958241567015648,0.24803750216960907,0.5278188586235046,-0.045034509152173996,0.27321672439575195,0.4938615560531616,-0.05472565442323685,0.29773619771003723,0.46866291761398315,-0.0597480945289135,0.21460160613059998,0.6371634006500244,-0.04064057767391205,0.222251757979393,0.5837355256080627,-0.05854232609272003,0.2374824732542038,0.5462452173233032,-0.06485885381698608,0.2552773952484131,0.5116694569587708,-0.0683039128780365
17,left,0,0,0,0,0,0,0,0,0,0,0,0,0,0,0,0,0,0,0,0,0,0,0,0,0,0,0,0,0,0,0,0,0,0,0,0,0,0,0,0,0,0,0,0,0,0,0,0,0,0,0,0,0,0,0,0,0,0,0,0,0,0,0
18,right,0.2364591658115387,0.8298039436340332,2.3697488416019041e-07,0.27837029099464417,0.7691096663475037,-0.00805660430341959,0.2979062497615814,0.6975740194320679,-0.01767696440219879,0.31731709837913513,0.6461299657821655,-0.029871735721826553,0.3262575566768646,0.595878541469574,-0.04152609780430794,0.2506105899810791,0.634941577911377,-0.006273079663515091,0.26522645354270935,0.5835937261581421,-0.03427443280816078,0.29144006967544556,0.5908522605895996,-0.055990640074014664,0.3129008114337921,0.6055604815483093,-0.06899414956569672,0.2300645411014557,0.6376001834869385,-0.018510472029447556,0.23908069729804993,0.5574694871902466,-0.04382544010877609,0.26930925250053406,0.5222791433334351,-0.0613321028649807,0.2977975904941559,0.5021803975105286,-0.07226385176181793,0.21143682301044464,0.6590473651885986,-0.03492976352572441,0.2194313108921051,0.5750513076782227,-0.06184433773159981,0.2455439567565918,0.5341817736625671,-0.07641635835170746,0.27027639746665955,0.5043960809707642,-0.08429566770792007,0.19749197363853455,0.694892942905426,-0.05201416462659836,0.2023577094078064,0.6391102075576782,-0.07557236403226852,0.21854248642921448,0.5984551906585693,-0.0868389829993248,0.23796440660953522,0.5625623464584351,-0.09384269267320633
18,left,0,0,0,0,0,0,0,0,0,0,0,0,0,0,0,0,0,0,0,0,0,0,0,0,0,0,0,0,0,0,0,0,0,0,0,0,0,0,0,0,0,0,0,0,0,0,0,0,0,0,0,0,0,0,0,0,0,0,0,0,0,0,0
19,right,0,0,0,0,0,0,0,0,0,0,0,0,0,0,0,0,0,0,0,0,0,0,0,0,0,0,0,0,0,0,0,0,0,0,0,0,0,0,0,0,0,0,0,0,0,0,0,0,0,0,0,0,0,0,0,0,0,0,0,0,0,0,0
19,left,0,0,0,0,0,0,0,0,0,0,0,0,0,0,0,0,0,0,0,0,0,0,0,0,0,0,0,0,0,0,0,0,0,0,0,0,0,0,0,0,0,0,0,0,0,0,0,0,0,0,0,0,0,0,0,0,0,0,0,0,0,0,0
20,right,0,0,0,0,0,0,0,0,0,0,0,0,0,0,0,0,0,0,0,0,0,0,0,0,0,0,0,0,0,0,0,0,0,0,0,0,0,0,0,0,0,0,0,0,0,0,0,0,0,0,0,0,0,0,0,0,0,0,0,0,0,0,0
20,left,0,0,0,0,0,0,0,0,0,0,0,0,0,0,0,0,0,0,0,0,0,0,0,0,0,0,0,0,0,0,0,0,0,0,0,0,0,0,0,0,0,0,0,0,0,0,0,0,0,0,0,0,0,0,0,0,0,0,0,0,0,0,0
21,right,0,0,0,0,0,0,0,0,0,0,0,0,0,0,0,0,0,0,0,0,0,0,0,0,0,0,0,0,0,0,0,0,0,0,0,0,0,0,0,0,0,0,0,0,0,0,0,0,0,0,0,0,0,0,0,0,0,0,0,0,0,0,0
21,left,0,0,0,0,0,0,0,0,0,0,0,0,0,0,0,0,0,0,0,0,0,0,0,0,0,0,0,0,0,0,0,0,0,0,0,0,0,0,0,0,0,0,0,0,0,0,0,0,0,0,0,0,0,0,0,0,0,0,0,0,0,0,0
22,right,0,0,0,0,0,0,0,0,0,0,0,0,0,0,0,0,0,0,0,0,0,0,0,0,0,0,0,0,0,0,0,0,0,0,0,0,0,0,0,0,0,0,0,0,0,0,0,0,0,0,0,0,0,0,0,0,0,0,0,0,0,0,0
22,left,0,0,0,0,0,0,0,0,0,0,0,0,0,0,0,0,0,0,0,0,0,0,0,0,0,0,0,0,0,0,0,0,0,0,0,0,0,0,0,0,0,0,0,0,0,0,0,0,0,0,0,0,0,0,0,0,0,0,0,0,0,0,0
23,right,0,0,0,0,0,0,0,0,0,0,0,0,0,0,0,0,0,0,0,0,0,0,0,0,0,0,0,0,0,0,0,0,0,0,0,0,0,0,0,0,0,0,0,0,0,0,0,0,0,0,0,0,0,0,0,0,0,0,0,0,0,0,0
23,left,0,0,0,0,0,0,0,0,0,0,0,0,0,0,0,0,0,0,0,0,0,0,0,0,0,0,0,0,0,0,0,0,0,0,0,0,0,0,0,0,0,0,0,0,0,0,0,0,0,0,0,0,0,0,0,0,0,0,0,0,0,0,0
24,right,0,0,0,0,0,0,0,0,0,0,0,0,0,0,0,0,0,0,0,0,0,0,0,0,0,0,0,0,0,0,0,0,0,0,0,0,0,0,0,0,0,0,0,0,0,0,0,0,0,0,0,0,0,0,0,0,0,0,0,0,0,0,0
24,left,0,0,0,0,0,0,0,0,0,0,0,0,0,0,0,0,0,0,0,0,0,0,0,0,0,0,0,0,0,0,0,0,0,0,0,0,0,0,0,0,0,0,0,0,0,0,0,0,0,0,0,0,0,0,0,0,0,0,0,0,0,0,0
25,right,0,0,0,0,0,0,0,0,0,0,0,0,0,0,0,0,0,0,0,0,0,0,0,0,0,0,0,0,0,0,0,0,0,0,0,0,0,0,0,0,0,0,0,0,0,0,0,0,0,0,0,0,0,0,0,0,0,0,0,0,0,0,0
25,left,0,0,0,0,0,0,0,0,0,0,0,0,0,0,0,0,0,0,0,0,0,0,0,0,0,0,0,0,0,0,0,0,0,0,0,0,0,0,0,0,0,0,0,0,0,0,0,0,0,0,0,0,0,0,0,0,0,0,0,0,0,0,0
26,right,0,0,0,0,0,0,0,0,0,0,0,0,0,0,0,0,0,0,0,0,0,0,0,0,0,0,0,0,0,0,0,0,0,0,0,0,0,0,0,0,0,0,0,0,0,0,0,0,0,0,0,0,0,0,0,0,0,0,0,0,0,0,0
26,left,0,0,0,0,0,0,0,0,0,0,0,0,0,0,0,0,0,0,0,0,0,0,0,0,0,0,0,0,0,0,0,0,0,0,0,0,0,0,0,0,0,0,0,0,0,0,0,0,0,0,0,0,0,0,0,0,0,0,0,0,0,0,0
27,right,0,0,0,0,0,0,0,0,0,0,0,0,0,0,0,0,0,0,0,0,0,0,0,0,0,0,0,0,0,0,0,0,0,0,0,0,0,0,0,0,0,0,0,0,0,0,0,0,0,0,0,0,0,0,0,0,0,0,0,0,0,0,0
27,left,0,0,0,0,0,0,0,0,0,0,0,0,0,0,0,0,0,0,0,0,0,0,0,0,0,0,0,0,0,0,0,0,0,0,0,0,0,0,0,0,0,0,0,0,0,0,0,0,0,0,0,0,0,0,0,0,0,0,0,0,0,0,0
28,right,0,0,0,0,0,0,0,0,0,0,0,0,0,0,0,0,0,0,0,0,0,0,0,0,0,0,0,0,0,0,0,0,0,0,0,0,0,0,0,0,0,0,0,0,0,0,0,0,0,0,0,0,0,0,0,0,0,0,0,0,0,0,0
28,left,0,0,0,0,0,0,0,0,0,0,0,0,0,0,0,0,0,0,0,0,0,0,0,0,0,0,0,0,0,0,0,0,0,0,0,0,0,0,0,0,0,0,0,0,0,0,0,0,0,0,0,0,0,0,0,0,0,0,0,0,0,0,0
29,right,0,0,0,0,0,0,0,0,0,0,0,0,0,0,0,0,0,0,0,0,0,0,0,0,0,0,0,0,0,0,0,0,0,0,0,0,0,0,0,0,0,0,0,0,0,0,0,0,0,0,0,0,0,0,0,0,0,0,0,0,0,0,0
29,left,0,0,0,0,0,0,0,0,0,0,0,0,0,0,0,0,0,0,0,0,0,0,0,0,0,0,0,0,0,0,0,0,0,0,0,0,0,0,0,0,0,0,0,0,0,0,0,0,0,0,0,0,0,0,0,0,0,0,0,0,0,0,0
30,right,0,0,0,0,0,0,0,0,0,0,0,0,0,0,0,0,0,0,0,0,0,0,0,0,0,0,0,0,0,0,0,0,0,0,0,0,0,0,0,0,0,0,0,0,0,0,0,0,0,0,0,0,0,0,0,0,0,0,0,0,0,0,0
30,left,0,0,0,0,0,0,0,0,0,0,0,0,0,0,0,0,0,0,0,0,0,0,0,0,0,0,0,0,0,0,0,0,0,0,0,0,0,0,0,0,0,0,0,0,0,0,0,0,0,0,0,0,0,0,0,0,0,0,0,0,0,0,0
31,right,0,0,0,0,0,0,0,0,0,0,0,0,0,0,0,0,0,0,0,0,0,0,0,0,0,0,0,0,0,0,0,0,0,0,0,0,0,0,0,0,0,0,0,0,0,0,0,0,0,0,0,0,0,0,0,0,0,0,0,0,0,0,0
31,left,0,0,0,0,0,0,0,0,0,0,0,0,0,0,0,0,0,0,0,0,0,0,0,0,0,0,0,0,0,0,0,0,0,0,0,0,0,0,0,0,0,0,0,0,0,0,0,0,0,0,0,0,0,0,0,0,0,0,0,0,0,0,0
32,right,0,0,0,0,0,0,0,0,0,0,0,0,0,0,0,0,0,0,0,0,0,0,0,0,0,0,0,0,0,0,0,0,0,0,0,0,0,0,0,0,0,0,0,0,0,0,0,0,0,0,0,0,0,0,0,0,0,0,0,0,0,0,0
32,left,0,0,0,0,0,0,0,0,0,0,0,0,0,0,0,0,0,0,0,0,0,0,0,0,0,0,0,0,0,0,0,0,0,0,0,0,0,0,0,0,0,0,0,0,0,0,0,0,0,0,0,0,0,0,0,0,0,0,0,0,0,0,0
33,right,0,0,0,0,0,0,0,0,0,0,0,0,0,0,0,0,0,0,0,0,0,0,0,0,0,0,0,0,0,0,0,0,0,0,0,0,0,0,0,0,0,0,0,0,0,0,0,0,0,0,0,0,0,0,0,0,0,0,0,0,0,0,0
33,left,0,0,0,0,0,0,0,0,0,0,0,0,0,0,0,0,0,0,0,0,0,0,0,0,0,0,0,0,0,0,0,0,0,0,0,0,0,0,0,0,0,0,0,0,0,0,0,0,0,0,0,0,0,0,0,0,0,0,0,0,0,0,0
34,right,0,0,0,0,0,0,0,0,0,0,0,0,0,0,0,0,0,0,0,0,0,0,0,0,0,0,0,0,0,0,0,0,0,0,0,0,0,0,0,0,0,0,0,0,0,0,0,0,0,0,0,0,0,0,0,0,0,0,0,0,0,0,0
34,left,0,0,0,0,0,0,0,0,0,0,0,0,0,0,0,0,0,0,0,0,0,0,0,0,0,0,0,0,0,0,0,0,0,0,0,0,0,0,0,0,0,0,0,0,0,0,0,0,0,0,0,0,0,0,0,0,0,0,0,0,0,0,0
35,right,0,0,0,0,0,0,0,0,0,0,0,0,0,0,0,0,0,0,0,0,0,0,0,0,0,0,0,0,0,0,0,0,0,0,0,0,0,0,0,0,0,0,0,0,0,0,0,0,0,0,0,0,0,0,0,0,0,0,0,0,0,0,0
35,left,0,0,0,0,0,0,0,0,0,0,0,0,0,0,0,0,0,0,0,0,0,0,0,0,0,0,0,0,0,0,0,0,0,0,0,0,0,0,0,0,0,0,0,0,0,0,0,0,0,0,0,0,0,0,0,0,0,0,0,0,0,0,0
36,right,0,0,0,0,0,0,0,0,0,0,0,0,0,0,0,0,0,0,0,0,0,0,0,0,0,0,0,0,0,0,0,0,0,0,0,0,0,0,0,0,0,0,0,0,0,0,0,0,0,0,0,0,0,0,0,0,0,0,0,0,0,0,0
36,left,0,0,0,0,0,0,0,0,0,0,0,0,0,0,0,0,0,0,0,0,0,0,0,0,0,0,0,0,0,0,0,0,0,0,0,0,0,0,0,0,0,0,0,0,0,0,0,0,0,0,0,0,0,0,0,0,0,0,0,0,0,0,0
