1,right,0,0,0,0,0,0,0,0,0,0,0,0,0,0,0,0,0,0,0,0,0,0,0,0,0,0,0,0,0,0,0,0,0,0,0,0,0,0,0,0,0,0,0,0,0,0,0,0,0,0,0,0,0,0,0,0,0,0,0,0,0,0,0
1,left,0,0,0,0,0,0,0,0,0,0,0,0,0,0,0,0,0,0,0,0,0,0,0,0,0,0,0,0,0,0,0,0,0,0,0,0,0,0,0,0,0,0,0,0,0,0,0,0,0,0,0,0,0,0,0,0,0,0,0,0,0,0,0
2,right,0,0,0,0,0,0,0,0,0,0,0,0,0,0,0,0,0,0,0,0,0,0,0,0,0,0,0,0,0,0,0,0,0,0,0,0,0,0,0,0,0,0,0,0,0,0,0,0,0,0,0,0,0,0,0,0,0,0,0,0,0,0,0
2,left,0,0,0,0,0,0,0,0,0,0,0,0,0,0,0,0,0,0,0,0,0,0,0,0,0,0,0,0,0,0,0,0,0,0,0,0,0,0,0,0,0,0,0,0,0,0,0,0,0,0,0,0,0,0,0,0,0,0,0,0,0,0,0
3,right,0,0,0,0,0,0,0,0,0,0,0,0,0,0,0,0,0,0,0,0,0,0,0,0,0,0,0,0,0,0,0,0,0,0,0,0,0,0,0,0,0,0,0,0,0,0,0,0,0,0,0,0,0,0,0,0,0,0,0,0,0,0,0
3,left,0,0,0,0,0,0,0,0,0,0,0,0,0,0,0,0,0,0,0,0,0,0,0,0,0,0,0,0,0,0,0,0,0,0,0,0,0,0,0,0,0,0,0,0,0,0,0,0,0,0,0,0,0,0,0,0,0,0,0,0,0,0,0
4,right,0,0,0,0,0,0,0,0,0,0,0,0,0,0,0,0,0,0,0,0,0,0,0,0,0,0,0,0,0,0,0,0,0,0,0,0,0,0,0,0,0,0,0,0,0,0,0,0,0,0,0,0,0,0,0,0,0,0,0,0,0,0,0
4,left,0,0,0,0,0,0,0,0,0,0,0,0,0,0,0,0,0,0,0,0,0,0,0,0,0,0,0,0,0,0,0,0,0,0,0,0,0,0,0,0,0,0,0,0,0,0,0,0,0,0,0,0,0,0,0,0,0,0,0,0,0,0,0
5,right,0,0,0,0,0,0,0,0,0,0,0,0,0,0,0,0,0,0,0,0,0,0,0,0,0,0,0,0,0,0,0,0,0,0,0,0,0,0,0,0,0,0,0,0,0,0,0,0,0,0,0,0,0,0,0,0,0,0,0,0,0,0,0
5,left,0,0,0,0,0,0,0,0,0,0,0,0,0,0,0,0,0,0,0,0,0,0,0,0,0,0,0,0,0,0,0,0,0,0,0,0,0,0,0,0,0,0,0,0,0,0,0,0,0,0,0,0,0,0,0,0,0,0,0,0,0,0,0
6,right,0.25045061111450195,0.9289810061454773,-8.425673740930506e-07,0.31055644154548645,0.8981529474258423,-0.026680435985326767,0.357616126537323,0.8219287991523743,-0.04469124227762222,0.38803979754447937,0.7558473944664001,-0.0613623708486557,0.414673775434494,0.6994525790214539,-0.07535935193300247,0.3192793130874634,0.7241724729537964,-0.033015117049217224,0.33242762088775635,0.7480267882347107,-0.07223398983478546,0.33039575815200806,0.8247509002685547,-0.09696647524833679,0.32621100544929504,0.8760316967964172,-0.10797359049320221,0.277365118265152,0.7198642492294312,-0.03244001790881157,0.292738139629364,0.7733858227729797,-0.06709674000740051,0.29816362261772156,0.8520070314407349,-0.07585389167070389,0.2987928092479706,0.8977094888687134,-0.07570786774158478,0.23878639936447144,0.7319539785385132,-0.03618815913796425,0.2556372582912445,0.7893982529640198,-0.0641123354434967,0.26471519470214844,0.8541803359985352,-0.05709027126431465,0.26605916023254395,0.8902695775032043,-0.04597042500972748,0.2028043121099472,0.7534493803977966,-0.04305972903966904,0.21527087688446045,0.7967978715896606,-0.055955104529857635,0.22414405643939972,0.8486690521240234,-0.047201111912727356,0.22599230706691742,0.8756052851676941,-0.03598000481724739
6,left,0,0,0,0,0,0,0,0,0,0,0,0,0,0,0,0,0,0,0,0,0,0,0,0,0,0,0,0,0,0,0,0,0,0,0,0,0,0,0,0,0,0,0,0,0,0,0,0,0,0,0,0,0,0,0,0,0,0,0,0,0,0,0
7,right,0.2654426097869873,0.8318772315979004,-5.500340876096743e-07,0.3267081677913666,0.7912874221801758,-0.013354851864278316,0.3741329610347748,0.728154182434082,-0.02491690032184124,0.4000434875488281,0.6748360991477966,-0.03794703260064125,0.4265492558479309,0.6323424577713013,-0.050549037754535675,0.33427444100379944,0.6517751216888428,-0.028418444097042084,0.3432822823524475,0.6680149435997009,-0.06055138260126114,0.34133806824684143,0.7206239700317383,-0.08082002401351929,0.337289959192276,0.7610796689987183,-0.08964329212903976,0.29225659370422363,0.6588597297668457,-0.03395459055900574,0.3061967194080353,0.6857782602310181,-0.06679674237966537,0.306427538394928,0.7403135299682617,-0.0805932953953743,0.30258339643478394,0.783504068851471,-0.08540382981300354,0.255464643239975,0.6814256906509399,-0.041447095572948456,0.26396694779396057,0.6885249018669128,-0.07215893268585205,0.26718026399612427,0.7344743013381958,-0.0761180967092514,0.2689739465713501,0.7698747515678406,-0.07307226210832596,0.22363972663879395,0.713252604007721,-0.04944085702300072,0.21531754732131958,0.697027325630188,-0.07112686336040497,0.21651609241962433,0.6921511292457581,-0.07452529668807983,0.22050300240516663,0.6843193769454956,-0.07284712791442871
7,left,0,0,0,0,0,0,0,0,0,0,0,0,0,0,0,0,0,0,0,0,0,0,0,0,0,0,0,0,0,0,0,0,0,0,0,0,0,0,0,0,0,0,0,0,0,0,0,0,0,0,0,0,0,0,0,0,0,0,0,0,0,0,0
8,right,0.2811049818992615,0.7573912143707275,-7.247572284541093e-07,0.344917893409729,0.7206047177314758,-0.0173498522490263,0.3868655562400818,0.6590772867202759,-0.02833741344511509,0.4095664918422699,0.6090331077575684,-0.04071658477187157,0.43944573402404785,0.572624146938324,-0.052088260650634766,0.3457295298576355,0.5676350593566895,-0.02372712828218937,0.35090184211730957,0.6121038198471069,-0.05103427544236183,0.34234681725502014,0.6627265214920044,-0.06890569627285004,0.3340758979320526,0.6976922750473022,-0.07594241946935654,0.3021840751171112,0.5694635510444641,-0.026657087728381157,0.30964183807373047,0.6230636239051819,-0.0540807880461216,0.3061627447605133,0.6751856803894043,-0.06639137864112854,0.3019963204860687,0.7139731049537659,-0.07113368809223175,0.2641006112098694,0.5916045308113098,-0.03167630359530449,0.2683888375759125,0.6163989901542664,-0.062263090163469315,0.27165237069129944,0.6675714254379272,-0.06604598462581635,0.27525022625923157,0.7065632939338684,-0.06147301197052002,0.23214943706989288,0.6242285370826721,-0.037522606551647186,0.21801158785820007,0.5824443101882935,-0.056782323867082596,0.20564702153205872,0.5487486720085144,-0.05810895189642906,0.19540610909461975,0.5191834568977356,-0.05486321821808815
8,left,0,0,0,0,0,0,0,0,0,0,0,0,0,0,0,0,0,0,0,0,0,0,0,0,0,0,0,0,0,0,0,0,0,0,0,0,0,0,0,0,0,0,0,0,0,0,0,0,0,0,0,0,0,0,0,0,0,0,0,0,0,0,0
9,right,0.28474071621894836,0.6285961866378784,-7.140448019526957e-07,0.3492244780063629,0.5936239361763,-0.01755250059068203,0.3956730365753174,0.5378718972206116,-0.02640581503510475,0.42285534739494324,0.4913552403450012,-0.037342604249715805,0.4537627696990967,0.4641563892364502,-0.0457780547440052,0.35631895065307617,0.4391421675682068,-0.013905382715165615,0.3592047691345215,0.46271392703056335,-0.03865855559706688,0.3496003746986389,0.5184144973754883,-0.05159854143857956,0.3406737744808197,0.5540956854820251,-0.054025571793317795,0.31729328632354736,0.4341332018375397,-0.01600438356399536,0.3220411241054535,0.46509304642677307,-0.04439690336585045,0.31661856174468994,0.5298092365264893,-0.05454331636428833,0.31162673234939575,0.5687139630317688,-0.054736554622650146,0.28157785534858704,0.4451906979084015,-0.021006669849157333,0.28321200609207153,0.4653591513633728,-0.05566689744591713,0.2863651216030121,0.5286983251571655,-0.059224583208560944,0.2877257466316223,0.5676339268684387,-0.050512105226516724,0.24735312163829803,0.46181154251098633,-0.026608143001794815,0.23433516919612885,0.40580126643180847,-0.04587594047188759,0.22604164481163025,0.3702651262283325,-0.04525933042168617,0.2194969654083252,0.33404749631881714,-0.03871038928627968
9,left,0,0,0,0,0,0,0,0,0,0,0,0,0,0,0,0,0,0,0,0,0,0,0,0,0,0,0,0,0,0,0,0,0,0,0,0,0,0,0,0,0,0,0,0,0,0,0,0,0,0,0,0,0,0,0,0,0,0,0,0,0,0,0
10,right,0.28345969319343567,0.592965304851532,-5.279421770865156e-07,0.3432294726371765,0.5680464506149292,-0.01961725577712059,0.38824009895324707,0.5165272355079651,-0.028495347127318382,0.4184407889842987,0.47219282388687134,-0.0377228744328022,0.4489063620567322,0.44686537981033325,-0.04371621459722519,0.3563445210456848,0.41465631127357483,-0.01825234852731228,0.3606509566307068,0.4392617344856262,-0.040663398802280426,0.3484584391117096,0.4956320822238922,-0.0515795536339283,0.3369126319885254,0.5334081649780273,-0.05307704582810402,0.3186376094818115,0.40700018405914307,-0.018041051924228668,0.3251108229160309,0.43777981400489807,-0.043524615466594696,0.3176664710044861,0.5014486908912659,-0.051258038729429245,0.3117159903049469,0.5419597029685974,-0.050536055117845535,0.28291115164756775,0.4171377122402191,-0.020723963156342506,0.287601500749588,0.4352380633354187,-0.05104552581906319,0.2874020040035248,0.4947717487812042,-0.05278637260198593,0.2866913676261902,0.5347285866737366,-0.04462471231818199,0.2487996518611908,0.43485695123672485,-0.024327559396624565,0.23820337653160095,0.3791998028755188,-0.04290323704481125,0.22801658511161804,0.3420878052711487,-0.04386560618877411,0.21920666098594666,0.30491626262664795,-0.03918823227286339
10,left,0,0,0,0,0,0,0,0,0,0,0,0,0,0,0,0,0,0,0,0,0,0,0,0,0,0,0,0,0,0,0,0,0,0,0,0,0,0,0,0,0,0,0,0,0,0,0,0,0,0,0,0,0,0,0,0,0,0,0,0,0,0,0
11,right,0.2816864550113678,0.5665410757064819,-5.284548478812212e-07,0.34034720063209534,0.5456587672233582,-0.021523458883166313,0.3859170079231262,0.49091631174087524,-0.02978816255927086,0.416269451379776,0.4443165957927704,-0.03785477951169014,0.445645809173584,0.41809511184692383,-0.04248981550335884,0.3536760210990906,0.3908042311668396,-0.019914939999580383,0.35532453656196594,0.41099002957344055,-0.043210968375205994,0.3423027992248535,0.46785473823547363,-0.05381530523300171,0.3326732814311981,0.5034930109977722,-0.05531660094857216,0.3150275647640228,0.3821231722831726,-0.01864771358668804,0.3193201422691345,0.41282930970191956,-0.046883005648851395,0.3120660185813904,0.4789368808269501,-0.05399380996823311,0.30734288692474365,0.5182259678840637,-0.05220547318458557,0.27834150195121765,0.3921971917152405,-0.020739203318953514,0.28103697299957275,0.4085525572299957,-0.05375424027442932,0.28210628032684326,0.4710896611213684,-0.055211521685123444,0.2830493748188019,0.5115873217582703,-0.046223800629377365,0.24367758631706238,0.41048359870910645,-0.023874076083302498,0.2313528209924698,0.35576170682907104,-0.044783733785152435,0.22075283527374268,0.3188919723033905,-0.0476713627576828,0.2123868614435196,0.28024739027023315,-0.04410739243030548
11,left,0,0,0,0,0,0,0,0,0,0,0,0,0,0,0,0,0,0,0,0,0,0,0,0,0,0,0,0,0,0,0,0,0,0,0,0,0,0,0,0,0,0,0,0,0,0,0,0,0,0,0,0,0,0,0,0,0,0,0,0,0,0,0
12,right,0.2801569700241089,0.5712316632270813,-5.713711175303615e-07,0.3396088182926178,0.5438334941864014,-0.024079451337456703,0.38019534945487976,0.4845035672187805,-0.03460618853569031,0.4061848819255829,0.43529465794563293,-0.04368774965405464,0.4354909658432007,0.40209507942199707,-0.04918510466814041,0.34468212723731995,0.38776370882987976,-0.029313480481505394,0.3439303934574127,0.4273647665977478,-0.05537145212292671,0.3354508876800537,0.482909619808197,-0.06776459515094757,0.3289359211921692,0.513154149055481,-0.07080692052841187,0.3035567104816437,0.3812452554702759,-0.027860000729560852,0.30657124519348145,0.43152958154678345,-0.05361397564411163,0.3036998212337494,0.4922122359275818,-0.05900402367115021,0.3034689426422119,0.5228078961372375,-0.05888338387012482,0.26587963104248047,0.39851224422454834,-0.029768215492367744,0.2677101194858551,0.43107959628105164,-0.0630309209227562,0.27354544401168823,0.48937228322029114,-0.0641876608133316,0.2787841260433197,0.5243570804595947,-0.05705900490283966,0.23302319645881653,0.42512279748916626,-0.03276098892092705,0.2154039740562439,0.3762657642364502,-0.0554799921810627,0.19963893294334412,0.3413105607032776,-0.05827314406633377,0.18624651432037354,0.30392900109291077,-0.05550738051533699
12,left,0,0,0,0,0,0,0,0,0,0,0,0,0,0,0,0,0,0,0,0,0,0,0,0,0,0,0,0,0,0,0,0,0,0,0,0,0,0,0,0,0,0,0,0,0,0,0,0,0,0,0,0,0,0,0,0,0,0,0,0,0,0,0
13,right,0.28081512451171875,0.581510603427887,-6.220251975719293e-07,0.3395478129386902,0.5491251945495605,-0.023811819031834602,0.3761861026287079,0.4858001172542572,-0.033954303711652756,0.40037956833839417,0.43417948484420776,-0.04258403927087784,0.42697882652282715,0.3972192704677582,-0.04794003814458847,0.3349776864051819,0.3902229964733124,-0.030866682529449463,0.33726003766059875,0.4369559586048126,-0.05605383589863777,0.3337874412536621,0.495463103055954,-0.06772474944591522,0.3293154239654541,0.5265047550201416,-0.07061851769685745,0.2936871647834778,0.38783273100852966,-0.02943280339241028,0.30052649974823,0.44469785690307617,-0.05433018133044243,0.30304965376853943,0.5080733299255371,-0.0597204752266407,0.30357736349105835,0.5386460423469543,-0.060165662318468094,0.257174551486969,0.4100213348865509,-0.031064994633197784,0.2618585228919983,0.4474400579929352,-0.06418996304273605,0.27289679646492004,0.5069223046302795,-0.06685008108615875,0.27961647510528564,0.5410957336425781,-0.061516173183918,0.22638480365276337,0.4424837827682495,-0.03354673832654953,0.20507845282554626,0.3990511894226074,-0.05718807503581047,0.18470412492752075,0.37056440114974976,-0.061064522713422775,0.16481293737888336,0.33802568912506104,-0.05953352153301239
13,left,0,0,0,0,0,0,0,0,0,0,0,0,0,0,0,0,0,0,0,0,0,0,0,0,0,0,0,0,0,0,0,0,0,0,0,0,0,0,0,0,0,0,0,0,0,0,0,0,0,0,0,0,0,0,0,0,0,0,0,0,0,0,0
14,right,0.2802738547325134,0.5895223021507263,-6.635943918809062e-07,0.3395821452140808,0.5479761362075806,-0.021515648812055588,0.3713792860507965,0.48268648982048035,-0.03169906139373779,0.3937339782714844,0.4295947253704071,-0.040679220110177994,0.41826900839805603,0.38711994886398315,-0.047292158007621765,0.32186493277549744,0.3986969590187073,-0.03319486975669861,0.33355700969696045,0.45463502407073975,-0.05911364406347275,0.3343970775604248,0.5135902166366577,-0.07224483788013458,0.32997003197669983,0.5461414456367493,-0.07634720951318741,0.28179457783699036,0.40409642457962036,-0.032859910279512405,0.2982511520385742,0.47037383913993835,-0.057349707931280136,0.30545204877853394,0.5298794507980347,-0.063454270362854,0.30739131569862366,0.5609301328659058,-0.06508650630712509,0.2481042444705963,0.4320839047431946,-0.03507237508893013,0.2590053379535675,0.47757259011268616,-0.06773781031370163,0.27403125166893005,0.5333861708641052,-0.07148624956607819,0.28340697288513184,0.5653920769691467,-0.06743306666612625,0.2215135395526886,0.4691140651702881,-0.03781327232718468,0.19513437151908875,0.4371338486671448,-0.06149906665086746,0.17056579887866974,0.416122704744339,-0.06571836024522781,0.14687524735927582,0.3906806707382202,-0.06476624310016632
14,left,0,0,0,0,0,0,0,0,0,0,0,0,0,0,0,0,0,0,0,0,0,0,0,0,0,0,0,0,0,0,0,0,0,0,0,0,0,0,0,0,0,0,0,0,0,0,0,0,0,0,0,0,0,0,0,0,0,0,0,0,0,0,0
15,right,0.2704868018627167,0.6173708438873291,-5.143647854310984e-07,0.3330758512020111,0.5646828413009644,-0.02133566327393055,0.36265140771865845,0.49077898263931274,-0.032470572739839554,0.3823496699333191,0.42858442664146423,-0.04054500162601471,0.4024876356124878,0.3716600239276886,-0.04760261997580528,0.30359020829200745,0.41804641485214233,-0.04373988136649132,0.32979816198349,0.49239277839660645,-0.06781204044818878,0.33796292543411255,0.5456085801124573,-0.08094894140958786,0.33515435457229614,0.567146897315979,-0.08740527927875519,0.26409801840782166,0.43695345520973206,-0.045021750032901764,0.29909548163414,0.5175180435180664,-0.06871175020933151,0.3107173442840576,0.5671208500862122,-0.080327108502388,0.30905359983444214,0.5935614109039307,-0.088956817984581,0.23195680975914001,0.47114333510398865,-0.047458551824092865,0.2574656307697296,0.5290070176124573,-0.07550176978111267,0.2790165841579437,0.5708415508270264,-0.08595513552427292,0.28822609782218933,0.5930860638618469,-0.09123121947050095,0.21174117922782898,0.5155187845230103,-0.050472866743803024,0.1906813383102417,0.5136403441429138,-0.07300374656915665,0.17233088612556458,0.5067813396453857,-0.08167100697755814,0.15391606092453003,0.49489015340805054,-0.08678901195526123
15,left,0,0,0,0,0,0,0,0,0,0,0,0,0,0,0,0,0,0,0,0,0,0,0,0,0,0,0,0,0,0,0,0,0,0,0,0,0,0,0,0,0,0,0,0,0,0,0,0,0,0,0,0,0,0,0,0,0,0,0,0,0,0,0
16,right,0.24863427877426147,0.6088805198669434,-4.0587644889455987e-07,0.31090953946113586,0.5605593919754028,-0.023348212242126465,0.347166508436203,0.4944295287132263,-0.035850249230861664,0.3666415810585022,0.43936237692832947,-0.045841947197914124,0.3827669620513916,0.38181811571121216,-0.05509256571531296,0.29425621032714844,0.4527784287929535,-0.044390399008989334,0.340247243642807,0.5259507298469543,-0.06812635809183121,0.34759625792503357,0.5653741359710693,-0.08064766973257065,0.33725640177726746,0.5728978514671326,-0.0880928784608841,0.2586301863193512,0.47878313064575195,-0.04344240203499794,0.3188377618789673,0.5701326131820679,-0.057845138013362885,0.3264473080635071,0.5990927815437317,-0.06197863072156906,0.3177778720855713,0.6050081849098206,-0.06895492970943451,0.233444944024086,0.516133189201355,-0.04379275441169739,0.29023003578186035,0.5927499532699585,-0.06118178740143776,0.30207061767578125,0.6156432032585144,-0.06020920351147652,0.29818934202194214,0.6179072260856628,-0.060987185686826706,0.21504992246627808,0.5593062043190002,-0.04645226523280144,0.2545749843120575,0.6115818023681641,-0.06374213844537735,0.27778708934783936,0.629562258720398,-0.06538232415914536,0.2897692918777466,0.6375597715377808,-0.06528248637914658
16,left,0,0,0,0,0,0,0,0,0,0,0,0,0,0,0,0,0,0,0,0,0,0,0,0,0,0,0,0,0,0,0,0,0,0,0,0,0,0,0,0,0,0,0,0,0,0,0,0,0,0,0,0,0,0,0,0,0,0,0,0,0,0,0
17,right,0.23868343234062195,0.6194735169410706,-2.774517611214833e-07,0.29985445737838745,0.5764933228492737,-0.017137901857495308,0.3388561010360718,0.5051822662353516,-0.023604225367307663,0.35929596424102783,0.4444471597671509,-0.02814275026321411,0.36923933029174805,0.38335180282592773,-0.032180238515138626,0.29922008514404297,0.46313807368278503,-0.028224918991327286,0.3516562283039093,0.5344225764274597,-0.048799820244312286,0.34431546926498413,0.5617088675498962,-0.06141023337841034,0.32527753710746765,0.5542165637016296,-0.07012514024972916,0.26870855689048767,0.4894598722457886,-0.029822325333952904,0.33304107189178467,0.572070300579071,-0.04317198693752289,0.32802748680114746,0.5938830971717834,-0.04687224328517914,0.3107198178768158,0.5900465250015259,-0.052595604211091995,0.2466464340686798,0.5279771685600281,-0.033282313495874405,0.30889642238616943,0.5961084961891174,-0.05178631842136383,0.3117597997188568,0.6148245930671692,-0.050711873918771744,0.3025350570678711,0.6130602955818176,-0.05015938729047775,0.23035691678524017,0.569536566734314,-0.03831290826201439,0.2810330092906952,0.6209250688552856,-0.057894401252269745,0.3019333779811859,0.6382300853729248,-0.06052582338452339,0.3129960000514984,0.6431534290313721,-0.06011132523417473
17,left,0,0,0,0,0,0,0,0,0,0,0,0,0,0,0,0,0,0,0,0,0,0,0,0,0,0,0,0,0,0,0,0,0,0,0,0,0,0,0,0,0,0,0,0,0,0,0,0,0,0,0,0,0,0,0,0,0,0,0,0,0,0,0
18,right,0.24820519983768463,0.6328583359718323,-2.8795412276849675e-07,0.30189019441604614,0.5735464096069336,-0.017531955614686012,0.3388589322566986,0.5041826963424683,-0.02734561078250408,0.35930848121643066,0.4429280161857605,-0.035676226019859314,0.37123194336891174,0.380326509475708,-0.04183713719248772,0.3050994277000427,0.47786983847618103,-0.03309367969632149,0.3663530945777893,0.5425495505332947,-0.05809836462140083,0.35246914625167847,0.5587804317474365,-0.07275541871786118,0.3294351100921631,0.5409892797470093,-0.08365204930305481,0.2768217623233795,0.5091995596885681,-0.03638642653822899,0.3491050601005554,0.5853637456893921,-0.05566518008708954,0.3329257071018219,0.5908447504043579,-0.06058644875884056,0.3117147386074066,0.5710563063621521,-0.06843671202659607,0.25634467601776123,0.5512117147445679,-0.04190302640199661,0.3279052972793579,0.6178048253059387,-0.06088108941912651,0.3153128921985626,0.6222448945045471,-0.05928507819771767,0.29837125539779663,0.6056727766990662,-0.06040158495306969,0.2437615841627121,0.596523642539978,-0.04946910962462425,0.3010725975036621,0.6487135887145996,-0.06526220589876175,0.2954863905906677,0.6480919718742371,-0.06825186312198639,0.2805198132991791,0.6321201920509338,-0.07122374325990677
18,left,0,0,0,0,0,0,0,0,0,0,0,0,0,0,0,0,0,0,0,0,0,0,0,0,0,0,0,0,0,0,0,0,0,0,0,0,0,0,0,0,0,0,0,0,0,0,0,0,0,0,0,0,0,0,0,0,0,0,0,0,0,0,0
19,right,0.2526012063026428,0.5793777704238892,-2.3139629945490015e-07,0.29551881551742554,0.5284845232963562,-0.01398474257439375,0.33964380621910095,0.4865492880344391,-0.026999909430742264,0.3661712110042572,0.4447384774684906,-0.039172325283288956,0.3710659444332123,0.3903217315673828,-0.05133279785513878,0.31762444972991943,0.4985229969024658,-0.04332903027534485,0.38838815689086914,0.5694169998168945,-0.06103883311152458,0.3679426312446594,0.5714229345321655,-0.0651003047823906,0.342049777507782,0.5530328750610352,-0.06834986060857773,0.29084864258766174,0.541411280632019,-0.05144328624010086,0.3690418004989624,0.6129485368728638,-0.06020200997591019,0.34764471650123596,0.6070812940597534,-0.05421176552772522,0.3284287452697754,0.5884511470794678,-0.05560673773288727,0.2698231339454651,0.5857104063034058,-0.06034509837627411,0.3420129716396332,0.645324170589447,-0.07556886225938797,0.3263613283634186,0.635307252407074,-0.06983384490013123,0.3130899965763092,0.6138222217559814,-0.07027237117290497,0.2535078227519989,0.6260339021682739,-0.07088830322027206,0.2909281253814697,0.6878332495689392,-0.0932752937078476,0.28731071949005127,0.7074183225631714,-0.09654831886291504,0.2852303981781006,0.7201176881790161,-0.09952868521213531
19,left,0,0,0,0,0,0,0,0,0,0,0,0,0,0,0,0,0,0,0,0,0,0,0,0,0,0,0,0,0,0,0,0,0,0,0,0,0,0,0,0,0,0,0,0,0,0,0,0,0,0,0,0,0,0,0,0,0,0,0,0,0,0,0
20,right,0.24552425742149353,0.5840150117874146,-4.772342521164319e-08,0.281180739402771,0.522524893283844,-0.014101856388151646,0.3331352174282074,0.4647292494773865,-0.029817698523402214,0.36364370584487915,0.4146256148815155,-0.042177099734544754,0.36893269419670105,0.36100122332572937,-0.05180792510509491,0.3307894170284271,0.48506292700767517,-0.06009765714406967,0.40173593163490295,0.5360771417617798,-0.08547178655862808,0.3837233781814575,0.5450049638748169,-0.09058759361505508,0.35814353823661804,0.5271390080451965,-0.09229607880115509,0.3151119649410248,0.5322741270065308,-0.06608442962169647,0.39292219281196594,0.5860140919685364,-0.08835398405790329,0.3737497925758362,0.5847909450531006,-0.0863242819905281,0.34765756130218506,0.5716932415962219,-0.08598440140485764,0.30091431736946106,0.5800556540489197,-0.0714825838804245,0.3690171241760254,0.6264092922210693,-0.09252775460481644,0.3539454936981201,0.6217924952507019,-0.09014513343572617,0.33311033248901367,0.6080719828605652,-0.08967862278223038,0.2866256535053253,0.6242461204528809,-0.0768076479434967,0.3293814957141876,0.6742798686027527,-0.09837252646684647,0.3464374840259552,0.7022311091423035,-0.10425145924091339,0.35919806361198425,0.724484384059906,-0.1081039160490036
20,left,0,0,0,0,0,0,0,0,0,0,0,0,0,0,0,0,0,0,0,0,0,0,0,0,0,0,0,0,0,0,0,0,0,0,0,0,0,0,0,0,0,0,0,0,0,0,0,0,0,0,0,0,0,0,0,0,0,0,0,0,0,0,0
21,right,0.2508523464202881,0.5741036534309387,2.6016358845026843e-08,0.2840269207954407,0.5135484337806702,-0.012987045571208,0.3321007192134857,0.45467376708984375,-0.03063116781413555,0.35957708954811096,0.4020301401615143,-0.04480033740401268,0.3624543845653534,0.3488905131816864,-0.05512141436338425,0.33137694001197815,0.4714577794075012,-0.06373396515846252,0.40724557638168335,0.5146603584289551,-0.08562622964382172,0.38812848925590515,0.52398681640625,-0.08596669882535934,0.3600846230983734,0.5083507895469666,-0.08477906137704849,0.3208613991737366,0.5180978775024414,-0.06930886954069138,0.401353120803833,0.5625427961349487,-0.09095396846532822,0.38192009925842285,0.5629041194915771,-0.08795297890901566,0.3537055552005768,0.5506094694137573,-0.08664340525865555,0.31074854731559753,0.5662521123886108,-0.07359296083450317,0.3848339021205902,0.605736255645752,-0.09145061671733856,0.3668723702430725,0.600334644317627,-0.08738359063863754,0.34164825081825256,0.5843794345855713,-0.08632703870534897,0.29854974150657654,0.6122363209724426,-0.07786894589662552,0.3413349986076355,0.6604388952255249,-0.09892434626817703,0.36423924565315247,0.6878173351287842,-0.10804919898509979,0.3833129107952118,0.709499180316925,-0.11462003737688065
21,left,0,0,0,0,0,0,0,0,0,0,0,0,0,0,0,0,0,0,0,0,0,0,0,0,0,0,0,0,0,0,0,0,0,0,0,0,0,0,0,0,0,0,0,0,0,0,0,0,0,0,0,0,0,0,0,0,0,0,0,0,0,0,0
22,right,0.2527203857898712,0.5709825754165649,-1.9878264367889642e-08,0.2797219753265381,0.5088202953338623,-0.011038889177143574,0.32565435767173767,0.4439520537853241,-0.02585824392735958,0.35055604577064514,0.3901350498199463,-0.0379721000790596,0.3531074523925781,0.33861249685287476,-0.04651852697134018,0.33170583844184875,0.45712774991989136,-0.051675617694854736,0.405454158782959,0.4951730966567993,-0.07082346081733704,0.3862966299057007,0.5087392926216125,-0.0722510889172554,0.3603805601596832,0.49719834327697754,-0.07205693423748016,0.3249399662017822,0.5023659467697144,-0.05633791163563728,0.4019157290458679,0.5385026931762695,-0.07370024919509888,0.3826906681060791,0.5451691150665283,-0.07023543119430542,0.3567250669002533,0.5370804071426392,-0.06838309019804001,0.318286269903183,0.5511868596076965,-0.060005247592926025,0.3914274275302887,0.5828760862350464,-0.07400985807180405,0.3726544976234436,0.5870962738990784,-0.06689384579658508,0.3479316830635071,0.5778889656066895,-0.06280417740345001,0.31011733412742615,0.5989395380020142,-0.06379694491624832,0.35561656951904297,0.6318488717079163,-0.08010038733482361,0.3799251317977905,0.6545436382293701,-0.08536040782928467,0.4015597701072693,0.6720208525657654,-0.08852144330739975
22,left,0,0,0,0,0,0,0,0,0,0,0,0,0,0,0,0,0,0,0,0,0,0,0,0,0,0,0,0,0,0,0,0,0,0,0,0,0,0,0,0,0,0,0,0,0,0,0,0,0,0,0,0,0,0,0,0,0,0,0,0,0,0,0
23,right,0.25381556153297424,0.5658901929855347,-3.622966104899206e-08,0.27209246158599854,0.5036704540252686,-0.008093278855085373,0.3107224106788635,0.4281989634037018,-0.020867370069026947,0.33113574981689453,0.3695935606956482,-0.03226201608777046,0.3275972902774811,0.3211093246936798,-0.04041454568505287,0.32093775272369385,0.42482244968414307,-0.039013803005218506,0.39362600445747375,0.4520910978317261,-0.05622072517871857,0.37594175338745117,0.46863222122192383,-0.059947751462459564,0.35419121384620667,0.46129104495048523,-0.06184196099638939,0.31939220428466797,0.46533632278442383,-0.04427608847618103,0.39465630054473877,0.4930582344532013,-0.058351147919893265,0.37720027565956116,0.5065982937812805,-0.05469292774796486,0.3543414771556854,0.5036859512329102,-0.05301671475172043,0.32017993927001953,0.5117802023887634,-0.04913996905088425,0.3931235671043396,0.5330684185028076,-0.05815252661705017,0.3764735162258148,0.5457356572151184,-0.04753861948847771,0.35309848189353943,0.544524073600769,-0.04146842658519745,0.3219105005264282,0.5585190057754517,-0.05460932478308678,0.3728235065937042,0.5733665227890015,-0.06120005622506142,0.39892980456352234,0.5861302018165588,-0.0600760243833065,0.4214325249195099,0.5938902497291565,-0.06008724495768547
23,left,0,0,0,0,0,0,0,0,0,0,0,0,0,0,0,0,0,0,0,0,0,0,0,0,0,0,0,0,0,0,0,0,0,0,0,0,0,0,0,0,0,0,0,0,0,0,0,0,0,0,0,0,0,0,0,0,0,0,0,0,0,0,0
24,right,0.2572645843029022,0.5656452775001526,-9.773084741482307e-08,0.2693096399307251,0.502297580242157,-0.009123059920966625,0.2978127598762512,0.4208415746688843,-0.021058186888694763,0.3110969066619873,0.35809779167175293,-0.03156032785773277,0.30126339197158813,0.30935338139533997,-0.03930838778614998,0.30625423789024353,0.40085840225219727,-0.032640550285577774,0.380692720413208,0.42675280570983887,-0.048617664724588394,0.36447426676750183,0.4513457119464874,-0.05246378481388092,0.34408196806907654,0.4451543688774109,-0.05503714829683304,0.30587828159332275,0.43575620651245117,-0.037407372146844864,0.3824482560157776,0.45885369181632996,-0.05155467614531517,0.36522161960601807,0.4819183051586151,-0.048697568476200104,0.3447098433971405,0.48264700174331665,-0.047089748084545135,0.30947667360305786,0.4775920510292053,-0.04224283620715141,0.38117796182632446,0.4959675371646881,-0.05143732205033302,0.3653401732444763,0.5163813829421997,-0.04126483574509621,0.3450571298599243,0.5170313715934753,-0.0352366678416729,0.31582537293434143,0.5231810212135315,-0.04780836030840874,0.36644628643989563,0.5221816897392273,-0.05286511406302452,0.39512816071510315,0.5251209139823914,-0.049985308200120926,0.42202267050743103,0.5219738483428955,-0.0487515963613987
24,left,0,0,0,0,0,0,0,0,0,0,0,0,0,0,0,0,0,0,0,0,0,0,0,0,0,0,0,0,0,0,0,0,0,0,0,0,0,0,0,0,0,0,0,0,0,0,0,0,0,0,0,0,0,0,0,0,0,0,0,0,0,0,0
25,right,0.2523255944252014,0.5665026903152466,-2.1840564556896425e-07,0.2615671753883362,0.5009400844573975,-0.004782532341778278,0.2870481610298157,0.4196234345436096,-0.013378691859543324,0.30116406083106995,0.3573349416255951,-0.02158270590007305,0.2902703583240509,0.31083235144615173,-0.027528366073966026,0.29637616872787476,0.398463636636734,-0.026162706315517426,0.3732345998287201,0.4113411009311676,-0.042958661913871765,0.3593348264694214,0.4409922957420349,-0.047878045588731766,0.3368324041366577,0.4420408308506012,-0.050574854016304016,0.2993079423904419,0.4329005181789398,-0.03300011530518532,0.3783794343471527,0.444200724363327,-0.04720591753721237,0.3630017936229706,0.4716188907623291,-0.04484720155596733,0.3425742983818054,0.47667115926742554,-0.04357965290546417,0.30626237392425537,0.4739491045475006,-0.03981734439730644,0.3778976798057556,0.4826606810092926,-0.050754424184560776,0.36420339345932007,0.5065155029296875,-0.041200943291187286,0.3441191613674164,0.511269211769104,-0.03515974432229996,0.31501927971839905,0.5174318552017212,-0.04692644625902176,0.36546990275382996,0.5090603232383728,-0.05322357267141342,0.39270922541618347,0.5085282921791077,-0.049207575619220734,0.41736429929733276,0.502234160900116,-0.04651685431599617
25,left,0,0,0,0,0,0,0,0,0,0,0,0,0,0,0,0,0,0,0,0,0,0,0,0,0,0,0,0,0,0,0,0,0,0,0,0,0,0,0,0,0,0,0,0,0,0,0,0,0,0,0,0,0,0,0,0,0,0,0,0,0,0,0
26,right,0.2557612657546997,0.5676711201667786,-2.0052441129791987e-07,0.2611340284347534,0.5025244951248169,-0.005213350988924503,0.280408650636673,0.4215408265590668,-0.014657102525234222,0.28981858491897583,0.3587232828140259,-0.02374626137316227,0.27733391523361206,0.31321191787719727,-0.03058457560837269,0.28795596957206726,0.39762619137763977,-0.027236370369791985,0.363191694021225,0.40424513816833496,-0.044471509754657745,0.35084205865859985,0.4343712329864502,-0.04912659153342247,0.32998988032341003,0.4362742602825165,-0.05131186544895172,0.2915240526199341,0.42979735136032104,-0.033668823540210724,0.36933648586273193,0.43530696630477905,-0.049164000898599625,0.35534903407096863,0.46384966373443604,-0.046824198216199875,0.335772842168808,0.4699331820011139,-0.04500691592693329,0.30010557174682617,0.4681931436061859,-0.04007518291473389,0.37063634395599365,0.47277629375457764,-0.051865268498659134,0.3575156331062317,0.49732649326324463,-0.04208020493388176,0.3377946615219116,0.5030174255371094,-0.035282429307699203,0.3112284541130066,0.5090869665145874,-0.04673438519239426,0.36036160588264465,0.4939917027950287,-0.052732884883880615,0.38791295886039734,0.4880543351173401,-0.04847650229930878,0.412477046251297,0.47659483551979065,-0.04550390690565109
26,left,0,0,0,0,0,0,0,0,0,0,0,0,0,0,0,0,0,0,0,0,0,0,0,0,0,0,0,0,0,0,0,0,0,0,0,0,0,0,0,0,0,0,0,0,0,0,0,0,0,0,0,0,0,0,0,0,0,0,0,0,0,0,0
27,right,0.25311416387557983,0.5683280229568481,-2.0516159793260158e-07,0.25890105962753296,0.5035567283630371,-0.007107236422598362,0.277660995721817,0.42307209968566895,-0.016708610579371452,0.28691595792770386,0.36056220531463623,-0.025353623554110527,0.2747384011745453,0.3140706419944763,-0.031702443957328796,0.2839522063732147,0.3984837830066681,-0.030771102756261826,0.36105287075042725,0.40039336681365967,-0.048445116728544235,0.3510136604309082,0.43344104290008545,-0.05285754054784775,0.3295857012271881,0.43840089440345764,-0.05499335005879402,0.28691229224205017,0.4300330877304077,-0.0363614521920681,0.36810314655303955,0.4346356689929962,-0.05118760094046593,0.35542547702789307,0.46520161628723145,-0.04788852110505104,0.33685481548309326,0.47207140922546387,-0.046195898205041885,0.29551786184310913,0.46871188282966614,-0.04206407070159912,0.3698158264160156,0.47208651900291443,-0.05477616563439369,0.35746151208877563,0.4976528286933899,-0.045167069882154465,0.3382846415042877,0.5050930380821228,-0.03880998492240906,0.3072812259197235,0.5097441077232361,-0.04813474044203758,0.3578338027000427,0.49399468302726746,-0.0565124973654747,0.386702299118042,0.4871677756309509,-0.05323879420757294,0.4126642346382141,0.47605252265930176,-0.05072591453790665
27,left,0,0,0,0,0,0,0,0,0,0,0,0,0,0,0,0,0,0,0,0,0,0,0,0,0,0,0,0,0,0,0,0,0,0,0,0,0,0,0,0,0,0,0,0,0,0,0,0,0,0,0,0,0,0,0,0,0,0,0,0,0,0,0
28,right,0.25244632363319397,0.5696042776107788,-2.150539728518197e-07,0.25719547271728516,0.5046930313110352,-0.0068891216069459915,0.27527427673339844,0.42429548501968384,-0.01611274480819702,0.2847035825252533,0.36197733879089355,-0.024296985939145088,0.27283820509910583,0.31609630584716797,-0.030233535915613174,0.28201428055763245,0.3994644582271576,-0.03046354092657566,0.35879456996917725,0.4029127359390259,-0.04784061759710312,0.3488375246524811,0.43590977787971497,-0.052330486476421356,0.32688260078430176,0.4415183961391449,-0.05457510054111481,0.2851667106151581,0.43126654624938965,-0.0360206738114357,0.3658447861671448,0.4368286728858948,-0.050570011138916016,0.35354456305503845,0.46712538599967957,-0.04735320433974266,0.33484336733818054,0.47531232237815857,-0.0457787811756134,0.2934960424900055,0.46995681524276733,-0.04165268316864967,0.3673478960990906,0.4735349416732788,-0.05446954816579819,0.3554639518260956,0.4991658627986908,-0.04535510390996933,0.33656415343284607,0.5074195265769958,-0.039303433150053024,0.3049032390117645,0.5116150975227356,-0.04759366065263748,0.35548025369644165,0.4968695640563965,-0.05659414827823639,0.3843063414096832,0.48984554409980774,-0.053908172994852066,0.41014355421066284,0.4785170257091522,-0.05171074718236923
28,left,0,0,0,0,0,0,0,0,0,0,0,0,0,0,0,0,0,0,0,0,0,0,0,0,0,0,0,0,0,0,0,0,0,0,0,0,0,0,0,0,0,0,0,0,0,0,0,0,0,0,0,0,0,0,0,0,0,0,0,0,0,0,0
29,right,0.2501155436038971,0.5767481923103333,-2.3998217102416675e-07,0.25655433535575867,0.5115965008735657,-0.006707851774990559,0.27659180760383606,0.42921847105026245,-0.01553272269666195,0.2869729995727539,0.365840882062912,-0.02314268797636032,0.2752949595451355,0.31939926743507385,-0.0284041129052639,0.2810882329940796,0.40595632791519165,-0.0317637175321579,0.3594907820224762,0.40739011764526367,-0.04893819987773895,0.34919071197509766,0.4423394203186035,-0.052477430552244186,0.3268287181854248,0.4483659863471985,-0.054028794169425964,0.2840842008590698,0.43834829330444336,-0.03724067285656929,0.36583757400512695,0.4429662525653839,-0.051781415939331055,0.35296136140823364,0.47461873292922974,-0.04791707918047905,0.33447855710983276,0.48314353823661804,-0.045924775302410126,0.2926368713378906,0.4775143563747406,-0.04261071979999542,0.3671744763851166,0.4811457097530365,-0.05543024092912674,0.35403257608413696,0.5086563229560852,-0.04536483436822891,0.33454957604408264,0.5175102353096008,-0.03869011998176575,0.30441316962242126,0.5193795561790466,-0.048227351158857346,0.35449910163879395,0.5026103854179382,-0.05696653202176094,0.3830985724925995,0.49542665481567383,-0.05354766175150871,0.4089706242084503,0.4836094379425049,-0.050900302827358246
29,left,0,0,0,0,0,0,0,0,0,0,0,0,0,0,0,0,0,0,0,0,0,0,0,0,0,0,0,0,0,0,0,0,0,0,0,0,0,0,0,0,0,0,0,0,0,0,0,0,0,0,0,0,0,0,0,0,0,0,0,0,0,0,0
30,right,0.25037091970443726,0.579953134059906,-2.2766859331113665e-07,0.25702089071273804,0.5128708481788635,-0.00604300107806921,0.2776337265968323,0.432018518447876,-0.015301688574254513,0.2880210280418396,0.3692542314529419,-0.023630686104297638,0.2765640318393707,0.3224703073501587,-0.029736973345279694,0.2832607626914978,0.40969473123550415,-0.031018469482660294,0.3598614037036896,0.41019192337989807,-0.04820491746068001,0.3503042161464691,0.443502813577652,-0.05216507986187935,0.32863089442253113,0.44920071959495544,-0.05400678887963295,0.28597307205200195,0.4421367049217224,-0.037108611315488815,0.36637309193611145,0.445294052362442,-0.05107032135128975,0.3544990122318268,0.4757387340068817,-0.047580037266016006,0.3365917205810547,0.48320791125297546,-0.046020399779081345,0.29401490092277527,0.4814092814922333,-0.043044090270996094,0.3676840662956238,0.4836737811565399,-0.05513949319720268,0.3562570810317993,0.5092307329177856,-0.04565946012735367,0.33771470189094543,0.5168209075927734,-0.03970332071185112,0.3049319386482239,0.5232709646224976,-0.049193233251571655,0.3548263609409332,0.5075498223304749,-0.0574578158557415,0.38342729210853577,0.5006728172302246,-0.054151877760887146,0.40909653902053833,0.4894886016845703,-0.05172371864318848
30,left,0,0,0,0,0,0,0,0,0,0,0,0,0,0,0,0,0,0,0,0,0,0,0,0,0,0,0,0,0,0,0,0,0,0,0,0,0,0,0,0,0,0,0,0,0,0,0,0,0,0,0,0,0,0,0,0,0,0,0,0,0,0,0
31,right,0.24985456466674805,0.5829537510871887,-2.2368810448369914e-07,0.25631019473075867,0.5161280035972595,-0.004706643521785736,0.27697324752807617,0.4351714849472046,-0.013445910066366196,0.2890259623527527,0.3721620440483093,-0.021522685885429382,0.278761625289917,0.3251131772994995,-0.0272881668061018,0.2822662889957428,0.4104209542274475,-0.03059312328696251,0.35904842615127563,0.41091644763946533,-0.04729292914271355,0.34971389174461365,0.4454158544540405,-0.05029528588056564,0.32888126373291016,0.4520844519138336,-0.051475342363119125,0.2846299707889557,0.4425504207611084,-0.03728051856160164,0.3656770586967468,0.4463387429714203,-0.05091852694749832,0.35384127497673035,0.47824037075042725,-0.04649084061384201,0.3360641300678253,0.4863817095756531,-0.04427681490778923,0.29248368740081787,0.48209431767463684,-0.043747663497924805,0.36700916290283203,0.48453959822654724,-0.05563507229089737,0.3554023802280426,0.5108036994934082,-0.045767903327941895,0.3367869257926941,0.5189244151115417,-0.039587896317243576,0.3033897876739502,0.5243868827819824,-0.05031953006982803,0.35417452454566956,0.5093581080436707,-0.05868598818778992,0.3827693462371826,0.5032962560653687,-0.055576957762241364,0.40837961435317993,0.4926851987838745,-0.053275980055332184
31,left,0,0,0,0,0,0,0,0,0,0,0,0,0,0,0,0,0,0,0,0,0,0,0,0,0,0,0,0,0,0,0,0,0,0,0,0,0,0,0,0,0,0,0,0,0,0,0,0,0,0,0,0,0,0,0,0,0,0,0,0,0,0,0
32,right,0.24815261363983154,0.5864112377166748,-2.315568679023272e-07,0.2566530704498291,0.5201184153556824,-0.005987828131765127,0.278063029050827,0.4373941719532013,-0.015003344975411892,0.2895665466785431,0.3733941912651062,-0.02307838387787342,0.27886176109313965,0.3255678415298462,-0.02864716947078705,0.2815808653831482,0.4117962718009949,-0.03196505829691887,0.3600428104400635,0.4141233563423157,-0.04954095557332039,0.34879884123802185,0.4490495026111603,-0.05295855551958084,0.32670217752456665,0.4544430673122406,-0.054512809962034225,0.2830435633659363,0.4447571337223053,-0.03837387636303902,0.3657574951648712,0.4508429169654846,-0.053370989859104156,0.35220739245414734,0.48201000690460205,-0.049388621002435684,0.3340071439743042,0.4890158176422119,-0.04749233275651932,0.2902354598045349,0.485056608915329,-0.0446859709918499,0.3666572868824005,0.4896047115325928,-0.05781278759241104,0.35334616899490356,0.5150867700576782,-0.04811938852071762,0.33394092321395874,0.5218960642814636,-0.04200033098459244,0.3011492192745209,0.5278857350349426,-0.05122385546565056,0.3533053994178772,0.5137554407119751,-0.06055641919374466,0.3820039927959442,0.5077155232429504,-0.05788835510611534,0.40791064500808716,0.4965260922908783,-0.05586421117186546
32,left,0,0,0,0,0,0,0,0,0,0,0,0,0,0,0,0,0,0,0,0,0,0,0,0,0,0,0,0,0,0,0,0,0,0,0,0,0,0,0,0,0,0,0,0,0,0,0,0,0,0,0,0,0,0,0,0,0,0,0,0,0,0,0
33,right,0.24732056260108948,0.5886516571044922,-2.3982690322554845e-07,0.25670021772384644,0.522287905216217,-0.006136823911219835,0.2786225974559784,0.4394060969352722,-0.014978377148509026,0.2906001806259155,0.37501972913742065,-0.02293981797993183,0.2800599932670593,0.32678496837615967,-0.028483927249908447,0.28194600343704224,0.4135335683822632,-0.03125755116343498,0.3598456382751465,0.4163028299808502,-0.04875877872109413,0.34879350662231445,0.45099306106567383,-0.05215191841125488,0.3269152045249939,0.45683521032333374,-0.05360490083694458,0.2832742929458618,0.44733667373657227,-0.03758116438984871,0.3650660216808319,0.45419520139694214,-0.0522654764354229,0.35165533423423767,0.4851474463939667,-0.048250243067741394,0.33366134762763977,0.49208858609199524,-0.046381331980228424,0.29009491205215454,0.4882238507270813,-0.04390210658311844,0.36606502532958984,0.49253588914871216,-0.05718261003494263,0.35289356112480164,0.5176742076873779,-0.04780835658311844,0.3338070809841156,0.5243262648582458,-0.041845664381980896,0.300607830286026,0.5310595631599426,-0.050432998687028885,0.35287773609161377,0.5172608494758606,-0.05994753539562225,0.3814466595649719,0.511685848236084,-0.057395417243242264,0.40724244713783264,0.5011047720909119,-0.05536429584026337
33,left,0,0,0,0,0,0,0,0,0,0,0,0,0,0,0,0,0,0,0,0,0,0,0,0,0,0,0,0,0,0,0,0,0,0,0,0,0,0,0,0,0,0,0,0,0,0,0,0,0,0,0,0,0,0,0,0,0,0,0,0,0,0,0
34,right,0.24767142534255981,0.5869371294975281,-2.3217384637064242e-07,0.2573387920856476,0.5204726457595825,-0.00571284256875515,0.27958494424819946,0.43884894251823425,-0.014900083653628826,0.29142752289772034,0.37473610043525696,-0.02320065163075924,0.2802513837814331,0.3271350860595703,-0.029159869998693466,0.2821406126022339,0.41343826055526733,-0.03246920183300972,0.360347718000412,0.41709306836128235,-0.04979223757982254,0.34913548827171326,0.4512295722961426,-0.05308419093489647,0.3269853889942169,0.456957072019577,-0.05461179465055466,0.28323110938072205,0.4474404752254486,-0.03911271691322327,0.3654603362083435,0.4542936384677887,-0.053219445049762726,0.3521733283996582,0.48490235209465027,-0.04892312362790108,0.33407795429229736,0.49179205298423767,-0.047228701412677765,0.28991204500198364,0.4886943995952606,-0.04557724669575691,0.366512268781662,0.49283844232559204,-0.05804511532187462,0.3534907102584839,0.5173929929733276,-0.04830927774310112,0.33426958322525024,0.5238020420074463,-0.04254904016852379,0.3002866804599762,0.5318019390106201,-0.05223734304308891,0.3530353605747223,0.5189133882522583,-0.06134721636772156,0.3819248378276825,0.5144466161727905,-0.058583490550518036,0.407898485660553,0.505121648311615,-0.056627314537763596
34,left,0,0,0,0,0,0,0,0,0,0,0,0,0,0,0,0,0,0,0,0,0,0,0,0,0,0,0,0,0,0,0,0,0,0,0,0,0,0,0,0,0,0,0,0,0,0,0,0,0,0,0,0,0,0,0,0,0,0,0,0,0,0,0
35,right,0.24643924832344055,0.5877489447593689,-2.4666863396305416e-07,0.2559204697608948,0.5206570029258728,-0.005767338443547487,0.27948713302612305,0.4383147954940796,-0.014335415326058865,0.2927263379096985,0.37390637397766113,-0.021968556568026543,0.28206637501716614,0.3263368010520935,-0.027225587517023087,0.2843169867992401,0.4137141704559326,-0.03112667053937912,0.36257922649383545,0.41858553886413574,-0.04797223582863808,0.35082194209098816,0.4529884457588196,-0.05099989473819733,0.3285347819328308,0.45821413397789,-0.05231179669499397,0.28598538041114807,0.4476686120033264,-0.03746018558740616,0.36792516708374023,0.4564284086227417,-0.05119913071393967,0.35376742482185364,0.48712366819381714,-0.046825021505355835,0.33542507886886597,0.4935896098613739,-0.04488741606473923,0.29300808906555176,0.48890307545661926,-0.04368108510971069,0.3686438500881195,0.4949284493923187,-0.05607253685593605,0.354917049407959,0.5195871591567993,-0.04659990966320038,0.3354603946208954,0.5256744623184204,-0.04077353700995445,0.30334997177124023,0.5320215225219727,-0.050079092383384705,0.35596519708633423,0.5194123387336731,-0.059109944850206375,0.38489973545074463,0.5147863030433655,-0.056401096284389496,0.41109126806259155,0.5049969553947449,-0.054303091019392014
35,left,0,0,0,0,0,0,0,0,0,0,0,0,0,0,0,0,0,0,0,0,0,0,0,0,0,0,0,0,0,0,0,0,0,0,0,0,0,0,0,0,0,0,0,0,0,0,0,0,0,0,0,0,0,0,0,0,0,0,0,0,0,0,0
36,right,0.2507936954498291,0.587054967880249,-2.298280321610946e-07,0.2609454393386841,0.5197139978408813,-0.005334437359124422,0.2830727696418762,0.437542200088501,-0.014739393256604671,0.2950727045536041,0.37376564741134644,-0.023231197148561478,0.2849215865135193,0.3254491686820984,-0.029427770525217056,0.28701698780059814,0.4139822721481323,-0.033965252339839935,0.36464226245880127,0.41900962591171265,-0.05105471611022949,0.3533405363559723,0.4531964063644409,-0.05379125103354454,0.33152133226394653,0.45877543091773987,-0.05492040887475014,0.28837934136390686,0.4486252963542938,-0.04064493253827095,0.3700774013996124,0.4564630687236786,-0.054599035531282425,0.3565778136253357,0.487210214138031,-0.04977060481905937,0.33800366520881653,0.4942733347415924,-0.04764101654291153,0.29505637288093567,0.490276038646698,-0.04695824906229973,0.3708069324493408,0.495506227016449,-0.059167589992284775,0.3576664328575134,0.5200999975204468,-0.048923131078481674,0.3380008339881897,0.5266499519348145,-0.042788513004779816,0.30497419834136963,0.5338106751441956,-0.05334855616092682,0.35734233260154724,0.520832896232605,-0.06223371997475624,0.386417955160141,0.5160799622535706,-0.05922620743513107,0.4124324321746826,0.5066154599189758,-0.0571298748254776
36,left,0,0,0,0,0,0,0,0,0,0,0,0,0,0,0,0,0,0,0,0,0,0,0,0,0,0,0,0,0,0,0,0,0,0,0,0,0,0,0,0,0,0,0,0,0,0,0,0,0,0,0,0,0,0,0,0,0,0,0,0,0,0,0
