1,right,0,0,0,0,0,0,0,0,0,0,0,0,0,0,0,0,0,0,0,0,0,0,0,0,0,0,0,0,0,0,0,0,0,0,0,0,0,0,0,0,0,0,0,0,0,0,0,0,0,0,0,0,0,0,0,0,0,0,0,0,0,0,0
1,left,0,0,0,0,0,0,0,0,0,0,0,0,0,0,0,0,0,0,0,0,0,0,0,0,0,0,0,0,0,0,0,0,0,0,0,0,0,0,0,0,0,0,0,0,0,0,0,0,0,0,0,0,0,0,0,0,0,0,0,0,0,0,0
2,right,0,0,0,0,0,0,0,0,0,0,0,0,0,0,0,0,0,0,0,0,0,0,0,0,0,0,0,0,0,0,0,0,0,0,0,0,0,0,0,0,0,0,0,0,0,0,0,0,0,0,0,0,0,0,0,0,0,0,0,0,0,0,0
2,left,0,0,0,0,0,0,0,0,0,0,0,0,0,0,0,0,0,0,0,0,0,0,0,0,0,0,0,0,0,0,0,0,0,0,0,0,0,0,0,0,0,0,0,0,0,0,0,0,0,0,0,0,0,0,0,0,0,0,0,0,0,0,0
3,right,0,0,0,0,0,0,0,0,0,0,0,0,0,0,0,0,0,0,0,0,0,0,0,0,0,0,0,0,0,0,0,0,0,0,0,0,0,0,0,0,0,0,0,0,0,0,0,0,0,0,0,0,0,0,0,0,0,0,0,0,0,0,0
3,left,0,0,0,0,0,0,0,0,0,0,0,0,0,0,0,0,0,0,0,0,0,0,0,0,0,0,0,0,0,0,0,0,0,0,0,0,0,0,0,0,0,0,0,0,0,0,0,0,0,0,0,0,0,0,0,0,0,0,0,0,0,0,0
4,right,0,0,0,0,0,0,0,0,0,0,0,0,0,0,0,0,0,0,0,0,0,0,0,0,0,0,0,0,0,0,0,0,0,0,0,0,0,0,0,0,0,0,0,0,0,0,0,0,0,0,0,0,0,0,0,0,0,0,0,0,0,0,0
4,left,0,0,0,0,0,0,0,0,0,0,0,0,0,0,0,0,0,0,0,0,0,0,0,0,0,0,0,0,0,0,0,0,0,0,0,0,0,0,0,0,0,0,0,0,0,0,0,0,0,0,0,0,0,0,0,0,0,0,0,0,0,0,0
5,right,0,0,0,0,0,0,0,0,0,0,0,0,0,0,0,0,0,0,0,0,0,0,0,0,0,0,0,0,0,0,0,0,0,0,0,0,0,0,0,0,0,0,0,0,0,0,0,0,0,0,0,0,0,0,0,0,0,0,0,0,0,0,0
5,left,0,0,0,0,0,0,0,0,0,0,0,0,0,0,0,0,0,0,0,0,0,0,0,0,0,0,0,0,0,0,0,0,0,0,0,0,0,0,0,0,0,0,0,0,0,0,0,0,0,0,0,0,0,0,0,0,0,0,0,0,0,0,0
6,right,0,0,0,0,0,0,0,0,0,0,0,0,0,0,0,0,0,0,0,0,0,0,0,0,0,0,0,0,0,0,0,0,0,0,0,0,0,0,0,0,0,0,0,0,0,0,0,0,0,0,0,0,0,0,0,0,0,0,0,0,0,0,0
6,left,0,0,0,0,0,0,0,0,0,0,0,0,0,0,0,0,0,0,0,0,0,0,0,0,0,0,0,0,0,0,0,0,0,0,0,0,0,0,0,0,0,0,0,0,0,0,0,0,0,0,0,0,0,0,0,0,0,0,0,0,0,0,0
7,right,0,0,0,0,0,0,0,0,0,0,0,0,0,0,0,0,0,0,0,0,0,0,0,0,0,0,0,0,0,0,0,0,0,0,0,0,0,0,0,0,0,0,0,0,0,0,0,0,0,0,0,0,0,0,0,0,0,0,0,0,0,0,0
7,left,0,0,0,0,0,0,0,0,0,0,0,0,0,0,0,0,0,0,0,0,0,0,0,0,0,0,0,0,0,0,0,0,0,0,0,0,0,0,0,0,0,0,0,0,0,0,0,0,0,0,0,0,0,0,0,0,0,0,0,0,0,0,0
8,right,0,0,0,0,0,0,0,0,0,0,0,0,0,0,0,0,0,0,0,0,0,0,0,0,0,0,0,0,0,0,0,0,0,0,0,0,0,0,0,0,0,0,0,0,0,0,0,0,0,0,0,0,0,0,0,0,0,0,0,0,0,0,0
8,left,0,0,0,0,0,0,0,0,0,0,0,0,0,0,0,0,0,0,0,0,0,0,0,0,0,0,0,0,0,0,0,0,0,0,0,0,0,0,0,0,0,0,0,0,0,0,0,0,0,0,0,0,0,0,0,0,0,0,0,0,0,0,0
9,right,0,0,0,0,0,0,0,0,0,0,0,0,0,0,0,0,0,0,0,0,0,0,0,0,0,0,0,0,0,0,0,0,0,0,0,0,0,0,0,0,0,0,0,0,0,0,0,0,0,0,0,0,0,0,0,0,0,0,0,0,0,0,0
9,left,0,0,0,0,0,0,0,0,0,0,0,0,0,0,0,0,0,0,0,0,0,0,0,0,0,0,0,0,0,0,0,0,0,0,0,0,0,0,0,0,0,0,0,0,0,0,0,0,0,0,0,0,0,0,0,0,0,0,0,0,0,0,0
10,right,0.24152666330337524,0.7465640902519226,-4.0996104644364095e-07,0.2848833203315735,0.7628887891769409,-0.023787492886185646,0.3320038318634033,0.7962972521781921,-0.04943765327334404,0.3634912669658661,0.8229855298995972,-0.07335925847291946,0.39188796281814575,0.8361310362815857,-0.09806621074676514,0.3272489309310913,0.7545698881149292,-0.06684394925832748,0.3484022915363312,0.850570023059845,-0.09699992090463638,0.3418981432914734,0.8946871757507324,-0.11634016036987305,0.3357951045036316,0.9093389511108398,-0.12804900109767914,0.28619828820228577,0.7631599307060242,-0.06713246554136276,0.3129956126213074,0.8778177499771118,-0.08613075315952301,0.3107894957065582,0.8994321227073669,-0.08994545042514801,0.30483826994895935,0.8956331014633179,-0.09723607450723648,0.2484246790409088,0.777280330657959,-0.06698626279830933,0.2729460597038269,0.8853469491004944,-0.08231957256793976,0.27152854204177856,0.8992927074432373,-0.07892272621393204,0.2644840478897095,0.8945391178131104,-0.0791911855340004,0.2129741609096527,0.7932681441307068,-0.06960735470056534,0.22653517127037048,0.8702432513237,-0.07827582210302353,0.2278420776128769,0.8905453085899353,-0.07308462262153625,0.2251719832420349,0.8976911306381226,-0.07089661806821823
10,left,0,0,0,0,0,0,0,0,0,0,0,0,0,0,0,0,0,0,0,0,0,0,0,0,0,0,0,0,0,0,0,0,0,0,0,0,0,0,0,0,0,0,0,0,0,0,0,0,0,0,0,0,0,0,0,0,0,0,0,0,0,0,0
11,right,0.28138452768325806,0.8105379939079285,-4.729272404802032e-07,0.33545368909835815,0.7837814688682556,-0.017181718721985817,0.37993282079696655,0.7342974543571472,-0.025982769206166267,0.40608128905296326,0.6922146677970886,-0.03522545099258423,0.4325445890426636,0.6598048210144043,-0.04274900630116463,0.3541885018348694,0.6417768001556396,-0.020265303552150726,0.3545805513858795,0.674819827079773,-0.0471189022064209,0.34848153591156006,0.7276002764701843,-0.06288804858922958,0.34318163990974426,0.7585549354553223,-0.06906712055206299,0.3156626522541046,0.6348249912261963,-0.022652743384242058,0.3181729018688202,0.6739844083786011,-0.05159876123070717,0.31472593545913696,0.7288162112236023,-0.06243574246764183,0.309255450963974,0.7628604769706726,-0.06503525376319885,0.2778538763523102,0.6463004946708679,-0.0279818307608366,0.2804221510887146,0.6643282175064087,-0.05953168496489525,0.2798749804496765,0.7165967226028442,-0.0633189007639885,0.27828070521354675,0.7487659454345703,-0.05885225906968117,0.2436715066432953,0.6681038737297058,-0.03404497355222702,0.24099262058734894,0.640921413898468,-0.05581806227564812,0.24023348093032837,0.6479390859603882,-0.05724490433931351,0.23813271522521973,0.6533474326133728,-0.05316849425435066
11,left,0,0,0,0,0,0,0,0,0,0,0,0,0,0,0,0,0,0,0,0,0,0,0,0,0,0,0,0,0,0,0,0,0,0,0,0,0,0,0,0,0,0,0,0,0,0,0,0,0,0,0,0,0,0,0,0,0,0,0,0,0,0,0
12,right,0.2893236577510834,0.7103607654571533,-6.630115763073263e-07,0.3428242802619934,0.6923810839653015,-0.0190985519438982,0.3860163390636444,0.6468897461891174,-0.029687289148569107,0.41306358575820923,0.6082466840744019,-0.040950458496809006,0.43866944313049316,0.5780898332595825,-0.05036892369389534,0.3576045334339142,0.5464836955070496,-0.020187750458717346,0.3567999303340912,0.5907022953033447,-0.045710474252700806,0.34512224793434143,0.6391913890838623,-0.062001388520002365,0.3379709720611572,0.6694154143333435,-0.06784289330244064,0.31887826323509216,0.5369303226470947,-0.021153606474399567,0.32217562198638916,0.5906252861022949,-0.045444902032613754,0.3118326663970947,0.6411839127540588,-0.055109214037656784,0.3054262399673462,0.6712289452552795,-0.057525161653757095,0.2831849455833435,0.5490232706069946,-0.024828732013702393,0.286651611328125,0.5778191685676575,-0.052861254662275314,0.28259485960006714,0.6292790174484253,-0.054874006658792496,0.28163108229637146,0.6620634198188782,-0.04889468848705292,0.25167182087898254,0.5713110566139221,-0.029680514708161354,0.24325111508369446,0.5357540249824524,-0.046176061034202576,0.23338153958320618,0.51496422290802,-0.04516438767313957,0.2248804271221161,0.49658840894699097,-0.03969234228134155
12,left,0,0,0,0,0,0,0,0,0,0,0,0,0,0,0,0,0,0,0,0,0,0,0,0,0,0,0,0,0,0,0,0,0,0,0,0,0,0,0,0,0,0,0,0,0,0,0,0,0,0,0,0,0,0,0,0,0,0,0,0,0,0,0
13,right,0.28318384289741516,0.6738607287406921,-3.6858037333331595e-07,0.3422628939151764,0.6474477648735046,-0.02585352212190628,0.38608551025390625,0.5999524593353271,-0.037486474961042404,0.4152545928955078,0.5558648109436035,-0.04798107594251633,0.4462988078594208,0.5246437788009644,-0.05451453477144241,0.362393856048584,0.4920286238193512,-0.01552457083016634,0.35063058137893677,0.5305985808372498,-0.039477359503507614,0.33800897002220154,0.5803221464157104,-0.054500896483659744,0.3302640914916992,0.6083283424377441,-0.05914778634905815,0.323771208524704,0.47703176736831665,-0.011416379362344742,0.3146642744541168,0.5288590788841248,-0.033237356692552567,0.30824074149131775,0.5813356637954712,-0.04179036244750023,0.3069150149822235,0.6074843406677246,-0.043147675693035126,0.2883920967578888,0.4854867458343506,-0.011526907794177532,0.2806854546070099,0.5198952555656433,-0.03892749175429344,0.2793652415275574,0.567706823348999,-0.04063596576452255,0.28094911575317383,0.5977129340171814,-0.03365515172481537,0.25623446702957153,0.5040462613105774,-0.013524877838790417,0.2455715537071228,0.4636000394821167,-0.03278924897313118,0.23431703448295593,0.43413785099983215,-0.03429952263832092,0.22396524250507355,0.40613919496536255,-0.029058681800961494
13,left,0,0,0,0,0,0,0,0,0,0,0,0,0,0,0,0,0,0,0,0,0,0,0,0,0,0,0,0,0,0,0,0,0,0,0,0,0,0,0,0,0,0,0,0,0,0,0,0,0,0,0,0,0,0,0,0,0,0,0,0,0,0,0
14,right,0.2886982262134552,0.6306014657020569,-4.380438269890874e-07,0.34518980979919434,0.6165852546691895,-0.02696751244366169,0.38997793197631836,0.5707705616950989,-0.038991447538137436,0.4212730824947357,0.526311457157135,-0.04965933784842491,0.45341747999191284,0.49718424677848816,-0.056325074285268784,0.37152040004730225,0.4627450406551361,-0.021748093888163567,0.35726863145828247,0.4959537386894226,-0.04684048891067505,0.34185341000556946,0.5457724928855896,-0.06053827330470085,0.3334428668022156,0.5790387988090515,-0.06354984641075134,0.33322635293006897,0.44543641805648804,-0.017356276512145996,0.32184919714927673,0.49062520265579224,-0.041593823581933975,0.3127298653125763,0.5458270311355591,-0.049133848398923874,0.31036993861198425,0.5775316953659058,-0.0489024892449379,0.2962295413017273,0.45037734508514404,-0.01691502518951893,0.2862977087497711,0.48194417357444763,-0.0468890480697155,0.2835704982280731,0.5339283347129822,-0.048556338995695114,0.2852499186992645,0.5685125589370728,-0.04062278941273689,0.260824978351593,0.46468666195869446,-0.01818930357694626,0.2505583167076111,0.4211401641368866,-0.038261596113443375,0.23986119031906128,0.38834014534950256,-0.03985096141695976,0.23086315393447876,0.356583833694458,-0.03472133353352547
14,left,0,0,0,0,0,0,0,0,0,0,0,0,0,0,0,0,0,0,0,0,0,0,0,0,0,0,0,0,0,0,0,0,0,0,0,0,0,0,0,0,0,0,0,0,0,0,0,0,0,0,0,0,0,0,0,0,0,0,0,0,0,0,0
15,right,0.2904723882675171,0.6199203133583069,-5.101516080685542e-07,0.34564438462257385,0.6073706150054932,-0.026884760707616806,0.3908940255641937,0.559665322303772,-0.038120489567518234,0.4232656955718994,0.5158578753471375,-0.047973744571208954,0.45466238260269165,0.4869374632835388,-0.053887974470853806,0.3742344081401825,0.45772501826286316,-0.023910390213131905,0.3595620393753052,0.4895324409008026,-0.048988305032253265,0.34271669387817383,0.5374945998191833,-0.06203969195485115,0.33487004041671753,0.5689303278923035,-0.0652657151222229,0.3361964523792267,0.43965834379196167,-0.020298486575484276,0.3254965841770172,0.48287642002105713,-0.04773761332035065,0.3146060109138489,0.5388443470001221,-0.05611025169491768,0.31152886152267456,0.5720296502113342,-0.056322261691093445,0.29899895191192627,0.44438403844833374,-0.020477522164583206,0.28989890217781067,0.47089001536369324,-0.052823830395936966,0.286718487739563,0.5251129269599915,-0.056053001433610916,0.2888186573982239,0.5623883008956909,-0.0492846816778183,0.26364266872406006,0.45840123295783997,-0.022228116169571877,0.2538224756717682,0.41248711943626404,-0.04326595366001129,0.24077263474464417,0.37846142053604126,-0.0464995875954628,0.22989757359027863,0.34554529190063477,-0.0432533323764801
15,left,0,0,0,0,0,0,0,0,0,0,0,0,0,0,0,0,0,0,0,0,0,0,0,0,0,0,0,0,0,0,0,0,0,0,0,0,0,0,0,0,0,0,0,0,0,0,0,0,0,0,0,0,0,0,0,0,0,0,0,0,0,0,0
16,right,0.2919384241104126,0.6202681064605713,-5.181221922612167e-07,0.3462052345275879,0.6068183779716492,-0.02602418325841427,0.39080294966697693,0.5575442314147949,-0.03705470636487007,0.42253053188323975,0.5125139355659485,-0.04654306545853615,0.4536300003528595,0.48310399055480957,-0.052305907011032104,0.37227994203567505,0.4573037624359131,-0.02667868509888649,0.3577374517917633,0.4878959357738495,-0.05193523317575455,0.3414548337459564,0.5364513397216797,-0.0647447258234024,0.33370786905288696,0.5683645606040955,-0.06803354620933533,0.33372974395751953,0.43995407223701477,-0.02365134470164776,0.3234277665615082,0.4826706647872925,-0.050779908895492554,0.31353092193603516,0.5380185842514038,-0.05859077349305153,0.31126222014427185,0.5705003142356873,-0.0591357983648777,0.2961198091506958,0.44563210010528564,-0.024190524592995644,0.28809958696365356,0.4723943769931793,-0.05630834400653839,0.2863626480102539,0.5258607268333435,-0.05923968553543091,0.28896722197532654,0.562042772769928,-0.05294964462518692,0.2608867287635803,0.4612423777580261,-0.026187855750322342,0.24961429834365845,0.4140009880065918,-0.0474751740694046,0.23734024167060852,0.3794513940811157,-0.05096111446619034,0.22771456837654114,0.34581848978996277,-0.048351895064115524
16,left,0,0,0,0,0,0,0,0,0,0,0,0,0,0,0,0,0,0,0,0,0,0,0,0,0,0,0,0,0,0,0,0,0,0,0,0,0,0,0,0,0,0,0,0,0,0,0,0,0,0,0,0,0,0,0,0,0,0,0,0,0,0,0
17,right,0.29052498936653137,0.6214808821678162,-5.263649995868036e-07,0.3446297347545624,0.6077355742454529,-0.02614028938114643,0.38845688104629517,0.5593659281730652,-0.03769274428486824,0.4192188084125519,0.5150232911109924,-0.047790274024009705,0.4492112994194031,0.4843515455722809,-0.05427846685051918,0.3689577579498291,0.45689234137535095,-0.026707686483860016,0.3534725606441498,0.4888608753681183,-0.05275214463472366,0.33815285563468933,0.5377679467201233,-0.0666176900267601,0.33164364099502563,0.5714995861053467,-0.0704553872346878,0.3302047550678253,0.4405091404914856,-0.023849500343203545,0.3193141520023346,0.48487186431884766,-0.05174079164862633,0.3108983635902405,0.5403597354888916,-0.06050668656826019,0.30985939502716064,0.5743052363395691,-0.06150991842150688,0.2925916016101837,0.4472939968109131,-0.024560363963246346,0.283904492855072,0.47514608502388,-0.056959494948387146,0.28336068987846375,0.5278406143188477,-0.060424547642469406,0.28699803352355957,0.5642050504684448,-0.05437604337930679,0.25764524936676025,0.46417996287345886,-0.02676735259592533,0.24488116800785065,0.4180032014846802,-0.04821261018514633,0.23159798979759216,0.3834007680416107,-0.051791030913591385,0.22083380818367004,0.35003861784935,-0.049157943576574326
17,left,0,0,0,0,0,0,0,0,0,0,0,0,0,0,0,0,0,0,0,0,0,0,0,0,0,0,0,0,0,0,0,0,0,0,0,0,0,0,0,0,0,0,0,0,0,0,0,0,0,0,0,0,0,0,0,0,0,0,0,0,0,0,0
18,right,0.2906428873538971,0.6231887340545654,-5.344730880096904e-07,0.3480789363384247,0.6009401082992554,-0.02520526945590973,0.3868924081325531,0.5453471541404724,-0.03531830012798309,0.41352930665016174,0.4986450672149658,-0.04345358535647392,0.44130444526672363,0.46586304903030396,-0.047833871096372604,0.353603720664978,0.4520007073879242,-0.031285811215639114,0.34568074345588684,0.4968917667865753,-0.05594991520047188,0.33706215023994446,0.5490033626556396,-0.06652477383613586,0.33272916078567505,0.5727457404136658,-0.06908804923295975,0.3149033188819885,0.44162821769714355,-0.02864554151892662,0.30942508578300476,0.5014789700508118,-0.051422473043203354,0.30665045976638794,0.5571981072425842,-0.05440959706902504,0.30841124057769775,0.5775116086006165,-0.054417047649621964,0.278083473443985,0.45693743228912354,-0.029566027224063873,0.27243366837501526,0.4952754080295563,-0.06136690825223923,0.27934297919273376,0.5496525168418884,-0.062120527029037476,0.28656694293022156,0.5781105756759644,-0.05655578523874283,0.24575895071029663,0.4828047752380371,-0.0316629521548748,0.22700440883636475,0.4411808252334595,-0.05544339492917061,0.21025237441062927,0.41296815872192383,-0.0592799186706543,0.1952270269393921,0.38004106283187866,-0.05793122574687004
18,left,0,0,0,0,0,0,0,0,0,0,0,0,0,0,0,0,0,0,0,0,0,0,0,0,0,0,0,0,0,0,0,0,0,0,0,0,0,0,0,0,0,0,0,0,0,0,0,0,0,0,0,0,0,0,0,0,0,0,0,0,0,0,0
19,right,0.2930164635181427,0.6242668628692627,-5.506042271008482e-07,0.35020533204078674,0.5897295475006104,-0.022223519161343575,0.38385167717933655,0.5289955139160156,-0.031398605555295944,0.40535545349121094,0.4798773527145386,-0.03956092149019241,0.4301406741142273,0.4420037865638733,-0.04462432488799095,0.33929795026779175,0.44745829701423645,-0.02873774617910385,0.3405303657054901,0.49771079421043396,-0.05383056402206421,0.3383857309818268,0.552562952041626,-0.06594844907522202,0.3366515338420868,0.5789998173713684,-0.06959494948387146,0.2999034523963928,0.4453745484352112,-0.02776356413960457,0.3052447438240051,0.5124173760414124,-0.05055611580610275,0.30852383375167847,0.5661410689353943,-0.05516720563173294,0.31151679158210754,0.588421106338501,-0.05654219537973404,0.2648063600063324,0.4673851430416107,-0.03008299320936203,0.2663430869579315,0.5125386118888855,-0.06117170304059982,0.27840322256088257,0.5646156072616577,-0.06337004154920578,0.28827181458473206,0.5924170017242432,-0.05920024961233139,0.23572778701782227,0.4985482394695282,-0.03336930647492409,0.21403035521507263,0.4676683843135834,-0.05626209080219269,0.19372420012950897,0.44832319021224976,-0.06002563238143921,0.17425581812858582,0.4240722358226776,-0.05903889238834381
19,left,0,0,0,0,0,0,0,0,0,0,0,0,0,0,0,0,0,0,0,0,0,0,0,0,0,0,0,0,0,0,0,0,0,0,0,0,0,0,0,0,0,0,0,0,0,0,0,0,0,0,0,0,0,0,0,0,0,0,0,0,0,0,0
20,right,0.2848413288593292,0.6281825304031372,-5.655234645018936e-07,0.3414785861968994,0.5825973749160767,-0.022226760163903236,0.3688805401325226,0.5157270431518555,-0.03200677037239075,0.3858117461204529,0.4624054431915283,-0.039812326431274414,0.40424174070358276,0.41160887479782104,-0.045542702078819275,0.31259605288505554,0.44601425528526306,-0.034172508865594864,0.33416804671287537,0.5087029933929443,-0.057293325662612915,0.3399884104728699,0.5618584752082825,-0.0686178058385849,0.3358139097690582,0.5868326425552368,-0.07266577333211899,0.27397334575653076,0.4585585594177246,-0.033078063279390335,0.30179810523986816,0.5329257249832153,-0.053237710148096085,0.31176966428756714,0.5816518664360046,-0.05968265235424042,0.31244125962257385,0.603013277053833,-0.06389303505420685,0.24281734228134155,0.4916168451309204,-0.03426029905676842,0.2638299763202667,0.5410729050636292,-0.0631633847951889,0.28256756067276,0.5875097513198853,-0.06779329478740692,0.2908422648906708,0.6095833778381348,-0.06689900159835815,0.22102680802345276,0.5321776866912842,-0.036093808710575104,0.20056021213531494,0.5166832208633423,-0.05992315709590912,0.182591512799263,0.512008011341095,-0.06484381854534149,0.1620539277791977,0.5011027455329895,-0.06524476408958435
20,left,0,0,0,0,0,0,0,0,0,0,0,0,0,0,0,0,0,0,0,0,0,0,0,0,0,0,0,0,0,0,0,0,0,0,0,0,0,0,0,0,0,0,0,0,0,0,0,0,0,0,0,0,0,0,0,0,0,0,0,0,0,0,0
21,right,0.27087995409965515,0.6300603747367859,-5.600338113254111e-07,0.32683008909225464,0.5799192786216736,-0.0241775494068861,0.3522622287273407,0.510761022567749,-0.036691974848508835,0.3644443452358246,0.4546597898006439,-0.04559153690934181,0.37753236293792725,0.39921584725379944,-0.053053680807352066,0.2891826629638672,0.46476054191589355,-0.04886053130030632,0.3251684606075287,0.5261152982711792,-0.07065950334072113,0.3376496732234955,0.57231605052948,-0.08112653344869614,0.33511143922805786,0.591524600982666,-0.08601155877113342,0.25439000129699707,0.4858836531639099,-0.046513237059116364,0.2958737909793854,0.5654694437980652,-0.06337731331586838,0.3098236620426178,0.6029565334320068,-0.06896112859249115,0.31154048442840576,0.6155058741569519,-0.07555274665355682,0.22891516983509064,0.5226882696151733,-0.045322857797145844,0.25956958532333374,0.579608678817749,-0.06881164014339447,0.28436267375946045,0.6135016679763794,-0.07380951941013336,0.29685795307159424,0.6273856163024902,-0.07687864452600479,0.2144758701324463,0.5635129809379578,-0.044989634305238724,0.19267529249191284,0.5749458074569702,-0.06621108949184418,0.17382846772670746,0.5805768370628357,-0.07250136882066727,0.15506745874881744,0.5807588696479797,-0.07607879489660263
21,left,0,0,0,0,0,0,0,0,0,0,0,0,0,0,0,0,0,0,0,0,0,0,0,0,0,0,0,0,0,0,0,0,0,0,0,0,0,0,0,0,0,0,0,0,0,0,0,0,0,0,0,0,0,0,0,0,0,0,0,0,0,0,0
22,right,0.2600710988044739,0.6112922430038452,-4.6360744931916997e-07,0.3071697950363159,0.5621481537818909,-0.020839594304561615,0.33427858352661133,0.5008913278579712,-0.033053942024707794,0.3466963768005371,0.4488565921783447,-0.04219762235879898,0.3572717308998108,0.3921118974685669,-0.05144121125340462,0.2789819538593292,0.48054200410842896,-0.051142286509275436,0.3287455141544342,0.5435463786125183,-0.0717460960149765,0.34074923396110535,0.5752191543579102,-0.08179649710655212,0.33598846197128296,0.5871386528015137,-0.08742542564868927,0.24698370695114136,0.5098486542701721,-0.050097063183784485,0.3048657774925232,0.5901152491569519,-0.06399689614772797,0.3139711916446686,0.6141822338104248,-0.06895682215690613,0.3093968629837036,0.6214824318885803,-0.0771765187382698,0.22402720153331757,0.5490858554840088,-0.049090269953012466,0.2681671380996704,0.6093817949295044,-0.06613199412822723,0.28306734561920166,0.6300134658813477,-0.06875002384185791,0.28348299860954285,0.6344637870788574,-0.07291718572378159,0.21151499450206757,0.5903457999229431,-0.04927704483270645,0.20519906282424927,0.6269458532333374,-0.0674835592508316,0.1956445425748825,0.6364253759384155,-0.07325305044651031,0.18314945697784424,0.6423670053482056,-0.07720448076725006
22,left,0,0,0,0,0,0,0,0,0,0,0,0,0,0,0,0,0,0,0,0,0,0,0,0,0,0,0,0,0,0,0,0,0,0,0,0,0,0,0,0,0,0,0,0,0,0,0,0,0,0,0,0,0,0,0,0,0,0,0,0,0,0,0
23,right,0.2637447118759155,0.6085065603256226,-3.8093378407211276e-07,0.30513083934783936,0.5622262358665466,-0.022379448637366295,0.32823970913887024,0.5000314116477966,-0.03415437787771225,0.339516282081604,0.4480813443660736,-0.04166935384273529,0.3447927236557007,0.3913240432739258,-0.04927199333906174,0.27448463439941406,0.48456719517707825,-0.05381656810641289,0.33834588527679443,0.5517710447311401,-0.07129710167646408,0.33956119418144226,0.5766475796699524,-0.07706088572740555,0.3197202980518341,0.5735917091369629,-0.08180699497461319,0.24638257920742035,0.5205845832824707,-0.05311693251132965,0.3151344358921051,0.5957784652709961,-0.06466975063085556,0.31343957781791687,0.6104992628097534,-0.06504929810762405,0.29467064142227173,0.6034153699874878,-0.07123694568872452,0.22678053379058838,0.5634607076644897,-0.052526384592056274,0.28221967816352844,0.6215181946754456,-0.06917355209589005,0.2867546081542969,0.6331980228424072,-0.06724788248538971,0.27355682849884033,0.6269283294677734,-0.0693545714020729,0.2159387767314911,0.6043897867202759,-0.05356571450829506,0.23075859248638153,0.6534914374351501,-0.07382531464099884,0.22376663982868195,0.6699351072311401,-0.078097403049469,0.20712894201278687,0.6762793064117432,-0.08119823038578033
23,left,0,0,0,0,0,0,0,0,0,0,0,0,0,0,0,0,0,0,0,0,0,0,0,0,0,0,0,0,0,0,0,0,0,0,0,0,0,0,0,0,0,0,0,0,0,0,0,0,0,0,0,0,0,0,0,0,0,0,0,0,0,0,0
24,right,0.26238903403282166,0.604200005531311,-2.0929127231283928e-07,0.2949514389038086,0.5563366413116455,-0.02420632354915142,0.3156959116458893,0.4946146607398987,-0.03461544215679169,0.32713964581489563,0.44078513979911804,-0.0416242741048336,0.3317515254020691,0.3856967091560364,-0.04883166030049324,0.2777183949947357,0.49066606163978577,-0.04090466350317001,0.34641027450561523,0.5432397723197937,-0.05870986729860306,0.3350534439086914,0.5574149489402771,-0.06751487404108047,0.3107638657093048,0.5479694604873657,-0.07473281025886536,0.25486162304878235,0.5325347781181335,-0.04064372554421425,0.3307036757469177,0.5902760624885559,-0.051110945641994476,0.31666773557662964,0.5975350737571716,-0.050703298300504684,0.29378166794776917,0.5868950486183167,-0.0551300011575222,0.23859071731567383,0.5777281522750854,-0.04234079644083977,0.3077966272830963,0.6254766583442688,-0.06075066328048706,0.2970985174179077,0.6290572881698608,-0.05867396667599678,0.2776683568954468,0.6148540377616882,-0.05928104370832443,0.22913861274719238,0.6196684241294861,-0.04653147980570793,0.2707259953022003,0.6730132699012756,-0.07128202170133591,0.27291813492774963,0.6949982047080994,-0.07643081247806549,0.2691561281681061,0.705758810043335,-0.07852937281131744
24,left,0,0,0,0,0,0,0,0,0,0,0,0,0,0,0,0,0,0,0,0,0,0,0,0,0,0,0,0,0,0,0,0,0,0,0,0,0,0,0,0,0,0,0,0,0,0,0,0,0,0,0,0,0,0,0,0,0,0,0,0,0,0,0
25,right,0.2445385605096817,0.5996941328048706,-2.419336340153677e-07,0.2781369388103485,0.5441960096359253,-0.01817469857633114,0.3047223389148712,0.4857316315174103,-0.027936942875385284,0.31874898076057434,0.43280667066574097,-0.03546100854873657,0.3227919638156891,0.37629663944244385,-0.0435224324464798,0.2792440950870514,0.49391892552375793,-0.04050041735172272,0.3519144654273987,0.5388162136077881,-0.054585881531238556,0.33747443556785583,0.5480065941810608,-0.059558600187301636,0.3111734390258789,0.5365301966667175,-0.06446664780378342,0.26180732250213623,0.538344144821167,-0.043949663639068604,0.34037700295448303,0.588539719581604,-0.050356410443782806,0.32266104221343994,0.5927751660346985,-0.04808763414621353,0.2987622618675232,0.5807238817214966,-0.05270025134086609,0.24854518473148346,0.5842182040214539,-0.048134684562683105,0.3207584619522095,0.6249856352806091,-0.06283900141716003,0.3060671091079712,0.6242863535881042,-0.061113420873880386,0.28605785965919495,0.6080848574638367,-0.06360650062561035,0.23995554447174072,0.6265091896057129,-0.054171495139598846,0.2857091724872589,0.6701729893684387,-0.07593034952878952,0.28951388597488403,0.6877796053886414,-0.07961872220039368,0.28830158710479736,0.6992449760437012,-0.08225752413272858
25,left,0,0,0,0,0,0,0,0,0,0,0,0,0,0,0,0,0,0,0,0,0,0,0,0,0,0,0,0,0,0,0,0,0,0,0,0,0,0,0,0,0,0,0,0,0,0,0,0,0,0,0,0,0,0,0,0,0,0,0,0,0,0,0
26,right,0.23254424333572388,0.6163120269775391,-2.1341588762879837e-07,0.27236002683639526,0.5392923951148987,-0.010114150121808052,0.3049098551273346,0.4713914692401886,-0.020655432716012,0.3157075345516205,0.4127666652202606,-0.030301334336400032,0.3143659830093384,0.3592665195465088,-0.03839702531695366,0.279872328042984,0.4771639108657837,-0.04094654694199562,0.35326212644577026,0.5155861377716064,-0.06291168183088303,0.33624792098999023,0.5335754156112671,-0.06933507323265076,0.3117903172969818,0.5247387290000916,-0.0734473392367363,0.2647808790206909,0.5236790776252747,-0.049065202474594116,0.3470401167869568,0.5638471841812134,-0.06457385420799255,0.3273162841796875,0.570799708366394,-0.06319491565227509,0.3048076629638672,0.5637067556381226,-0.06607742607593536,0.25477278232574463,0.5733347535133362,-0.05774544179439545,0.3309500217437744,0.6053663492202759,-0.07450222969055176,0.31683632731437683,0.6095105409622192,-0.07334011048078537,0.30312809348106384,0.6043760776519775,-0.07540855556726456,0.24722698330879211,0.6182945370674133,-0.06701916456222534,0.29318365454673767,0.6560930609703064,-0.08350987732410431,0.3055844306945801,0.6706607341766357,-0.08762862533330917,0.31719785928726196,0.6816232204437256,-0.09145330637693405
26,left,0,0,0,0,0,0,0,0,0,0,0,0,0,0,0,0,0,0,0,0,0,0,0,0,0,0,0,0,0,0,0,0,0,0,0,0,0,0,0,0,0,0,0,0,0,0,0,0,0,0,0,0,0,0,0,0,0,0,0,0,0,0,0
27,right,0.2329913079738617,0.6024373173713684,-2.125673859154631e-07,0.26034829020500183,0.5263013243675232,-0.012967792339622974,0.2909519374370575,0.45405685901641846,-0.024834824725985527,0.30288779735565186,0.39309048652648926,-0.034984126687049866,0.2979235351085663,0.34232097864151,-0.04298487305641174,0.2792809009552002,0.466187983751297,-0.04476718604564667,0.34884047508239746,0.4955289661884308,-0.06860475987195969,0.3304087519645691,0.5107958912849426,-0.07646556198596954,0.30570629239082336,0.4995273947715759,-0.08117439597845078,0.2695614695549011,0.5137124061584473,-0.05067998915910721,0.3508845269680023,0.5407534837722778,-0.06909941136837006,0.3294315040111542,0.5459398031234741,-0.06728553026914597,0.30520501732826233,0.5405193567276001,-0.06855320185422897,0.265482097864151,0.5629960894584656,-0.05721322447061539,0.34006381034851074,0.5866706371307373,-0.07497747987508774,0.32430019974708557,0.5891956090927124,-0.0712519958615303,0.3074813485145569,0.5854708552360535,-0.07015232741832733,0.2631911635398865,0.6073339581489563,-0.06449088454246521,0.3153679072856903,0.6358799934387207,-0.0784963071346283,0.32674843072891235,0.644492506980896,-0.07984774559736252,0.3355792760848999,0.6502276062965393,-0.08147143572568893
27,left,0,0,0,0,0,0,0,0,0,0,0,0,0,0,0,0,0,0,0,0,0,0,0,0,0,0,0,0,0,0,0,0,0,0,0,0,0,0,0,0,0,0,0,0,0,0,0,0,0,0,0,0,0,0,0,0,0,0,0,0,0,0,0
28,right,0.23277971148490906,0.5889371037483215,-1.8663817513697722e-07,0.25408071279525757,0.5173324346542358,-0.011272895149886608,0.2829880714416504,0.44166719913482666,-0.02419017255306244,0.2941489517688751,0.38166531920433044,-0.03540070354938507,0.28766462206840515,0.3313854932785034,-0.04458893835544586,0.27982619404792786,0.45236238837242126,-0.048161581158638,0.3497897684574127,0.47358253598213196,-0.07161280512809753,0.3333953022956848,0.48747968673706055,-0.07860548049211502,0.3092656135559082,0.47847115993499756,-0.0827077180147171,0.2732924818992615,0.49952369928359985,-0.054896220564842224,0.35138943791389465,0.521248996257782,-0.0741853341460228,0.3312746286392212,0.5266857743263245,-0.07217290997505188,0.30659741163253784,0.5221832394599915,-0.07286328077316284,0.27137240767478943,0.5486916899681091,-0.061483241617679596,0.3436129689216614,0.5659055709838867,-0.07980061322450638,0.3273160457611084,0.5698498487472534,-0.07406142354011536,0.3076275587081909,0.5669400095939636,-0.07113121449947357,0.27067023515701294,0.5942392349243164,-0.06840342283248901,0.32128143310546875,0.611923336982727,-0.08452725410461426,0.338390052318573,0.621529757976532,-0.08534061163663864,0.35267043113708496,0.6281296014785767,-0.08570611476898193
28,left,0,0,0,0,0,0,0,0,0,0,0,0,0,0,0,0,0,0,0,0,0,0,0,0,0,0,0,0,0,0,0,0,0,0,0,0,0,0,0,0,0,0,0,0,0,0,0,0,0,0,0,0,0,0,0,0,0,0,0,0,0,0,0
29,right,0.23374703526496887,0.5799673199653625,-1.622006635670914e-07,0.2524503469467163,0.5101584196090698,-0.010844730772078037,0.2793036997318268,0.4351500868797302,-0.024651968851685524,0.2915460467338562,0.37533313035964966,-0.03580893576145172,0.28618893027305603,0.32536613941192627,-0.044324327260255814,0.27766457200050354,0.44790464639663696,-0.05366073176264763,0.34870025515556335,0.4657253623008728,-0.07542901486158371,0.33334243297576904,0.4817233979701996,-0.078971728682518,0.3085508346557617,0.475641667842865,-0.0804692804813385,0.2737181484699249,0.49369993805885315,-0.059406496584415436,0.3521336019039154,0.5111396312713623,-0.07705529779195786,0.33364129066467285,0.5195359587669373,-0.07198210060596466,0.30860456824302673,0.5184772610664368,-0.07061591744422913,0.2740093171596527,0.5415406227111816,-0.06441449373960495,0.3458089232444763,0.5571797490119934,-0.08050642162561417,0.32947492599487305,0.5619400143623352,-0.07265762239694595,0.30720025300979614,0.5598961710929871,-0.06879974901676178,0.2758396565914154,0.5865648984909058,-0.0696188285946846,0.32575660943984985,0.6036451458930969,-0.08497270941734314,0.34609752893447876,0.6138046979904175,-0.08604932576417923,0.36267736554145813,0.6196520924568176,-0.08683963865041733
29,left,0,0,0,0,0,0,0,0,0,0,0,0,0,0,0,0,0,0,0,0,0,0,0,0,0,0,0,0,0,0,0,0,0,0,0,0,0,0,0,0,0,0,0,0,0,0,0,0,0,0,0,0,0,0,0,0,0,0,0,0,0,0,0
30,right,0.23549997806549072,0.5762519836425781,-1.4422793981339055e-07,0.2529130280017853,0.5068905353546143,-0.01367820706218481,0.2803078591823578,0.43254441022872925,-0.028804399073123932,0.29283562302589417,0.37333083152770996,-0.04076891392469406,0.2867972254753113,0.3233484923839569,-0.05002481862902641,0.27931106090545654,0.4460656940937042,-0.05651308596134186,0.34963318705558777,0.4648865759372711,-0.0791935920715332,0.3336787521839142,0.4797579050064087,-0.08321172744035721,0.3091173768043518,0.4728236794471741,-0.08508104085922241,0.27595746517181396,0.49195218086242676,-0.06129027530550957,0.3539341688156128,0.5115782022476196,-0.08027706295251846,0.33463916182518005,0.5178015828132629,-0.07577664405107498,0.309527724981308,0.5158630609512329,-0.07478497922420502,0.2758930027484894,0.5397765040397644,-0.06563739478588104,0.34739649295806885,0.557524561882019,-0.08347783982753754,0.330064982175827,0.5609161853790283,-0.07657179981470108,0.30796054005622864,0.558813214302063,-0.07312370091676712,0.27690038084983826,0.5849226117134094,-0.07037819176912308,0.3261418640613556,0.6014548540115356,-0.08773869276046753,0.3474752902984619,0.611802339553833,-0.09002773463726044,0.365519642829895,0.6198563575744629,-0.09148086607456207
30,left,0,0,0,0,0,0,0,0,0,0,0,0,0,0,0,0,0,0,0,0,0,0,0,0,0,0,0,0,0,0,0,0,0,0,0,0,0,0,0,0,0,0,0,0,0,0,0,0,0,0,0,0,0,0,0,0,0,0,0,0,0,0,0
31,right,0.23470711708068848,0.5759305953979492,-1.4221571120742738e-07,0.25157493352890015,0.5068787336349487,-0.012153440155088902,0.27918341755867004,0.43259337544441223,-0.027440473437309265,0.29275816679000854,0.373950719833374,-0.03974120691418648,0.287180095911026,0.3240416646003723,-0.04926329478621483,0.2788327932357788,0.4451565146446228,-0.05685202404856682,0.35003986954689026,0.463701456785202,-0.07929419726133347,0.33543485403060913,0.4807402789592743,-0.0829157903790474,0.3110562264919281,0.475055456161499,-0.0844455286860466,0.27557069063186646,0.49099916219711304,-0.06233248487114906,0.354036420583725,0.5106208920478821,-0.08135765790939331,0.3355960249900818,0.5192752480506897,-0.07677570730447769,0.310173362493515,0.5169677734375,-0.07560880482196808,0.27605777978897095,0.538974940776825,-0.06702664494514465,0.34812694787979126,0.5563756823539734,-0.0843324139714241,0.33125990629196167,0.5616929531097412,-0.07681522518396378,0.30863288044929504,0.558653712272644,-0.07301509380340576,0.2777338922023773,0.5842722058296204,-0.07193771004676819,0.32661816477775574,0.6006856560707092,-0.08860597014427185,0.3488064408302307,0.6118883490562439,-0.0903632640838623,0.36748361587524414,0.6193256974220276,-0.09146249294281006
31,left,0,0,0,0,0,0,0,0,0,0,0,0,0,0,0,0,0,0,0,0,0,0,0,0,0,0,0,0,0,0,0,0,0,0,0,0,0,0,0,0,0,0,0,0,0,0,0,0,0,0,0,0,0,0,0,0,0,0,0,0,0,0,0
32,right,0.23470476269721985,0.5757477879524231,-1.3828955047756608e-07,0.2516297399997711,0.5068619847297668,-0.011840537190437317,0.27955546975135803,0.4325474500656128,-0.02655939571559429,0.29361602663993835,0.3737325668334961,-0.03860678896307945,0.2882327437400818,0.3238776922225952,-0.04804404452443123,0.27998489141464233,0.44498389959335327,-0.053383901715278625,0.35094359517097473,0.4625629186630249,-0.07649500668048859,0.335869699716568,0.4781113564968109,-0.08198287338018417,0.3115839958190918,0.4725288450717926,-0.0847945287823677,0.2768601179122925,0.4896795451641083,-0.05899104103446007,0.3553881049156189,0.5095546245574951,-0.07856987416744232,0.33618801832199097,0.5168824791908264,-0.07537860423326492,0.31068119406700134,0.515380322933197,-0.074966199696064,0.277105450630188,0.5371761322021484,-0.06407255679368973,0.34935203194618225,0.5549402832984924,-0.08165037631988525,0.33145490288734436,0.5589374303817749,-0.07499206066131592,0.3085686266422272,0.5563866496086121,-0.07155916839838028,0.2780929207801819,0.5825451612472534,-0.0694260522723198,0.326596736907959,0.5999857187271118,-0.08606474846601486,0.3487089276313782,0.610335648059845,-0.08825873583555222,0.3681144118309021,0.6175768971443176,-0.0895829126238823
32,left,0,0,0,0,0,0,0,0,0,0,0,0,0,0,0,0,0,0,0,0,0,0,0,0,0,0,0,0,0,0,0,0,0,0,0,0,0,0,0,0,0,0,0,0,0,0,0,0,0,0,0,0,0,0,0,0,0,0,0,0,0,0,0
33,right,0.23558400571346283,0.5786740183830261,-1.3638495488521585e-07,0.2531118094921112,0.5098781585693359,-0.012524534948170185,0.28127536177635193,0.43468210101127625,-0.027080543339252472,0.29499897360801697,0.3752765655517578,-0.03902243450284004,0.2903112769126892,0.3249093294143677,-0.04829072952270508,0.2810208797454834,0.4450843930244446,-0.0511728897690773,0.35237303376197815,0.46345046162605286,-0.07456804811954498,0.3374193608760834,0.4799170196056366,-0.08074026554822922,0.3129638731479645,0.4742835462093353,-0.08387594670057297,0.277940958738327,0.48964935541152954,-0.05631605163216591,0.3561204671859741,0.510613739490509,-0.07605868577957153,0.3375050723552704,0.5190913677215576,-0.07377224415540695,0.3122858703136444,0.5172703862190247,-0.07372093200683594,0.278186172246933,0.5373747944831848,-0.06118267402052879,0.3505040109157562,0.5560532808303833,-0.07940546423196793,0.33329474925994873,0.5611339807510376,-0.07370123267173767,0.3106618821620941,0.5583280920982361,-0.0705028623342514,0.27920499444007874,0.5832560658454895,-0.06632983684539795,0.3268221914768219,0.6006309986114502,-0.08334388583898544,0.34990212321281433,0.6113856434822083,-0.0860222578048706,0.3701862692832947,0.6191490292549133,-0.087398461997509
33,left,0,0,0,0,0,0,0,0,0,0,0,0,0,0,0,0,0,0,0,0,0,0,0,0,0,0,0,0,0,0,0,0,0,0,0,0,0,0,0,0,0,0,0,0,0,0,0,0,0,0,0,0,0,0,0,0,0,0,0,0,0,0,0
34,right,0.2370917797088623,0.5774706602096558,-1.3757264127889357e-07,0.2538071870803833,0.507344663143158,-0.011861521750688553,0.2816733717918396,0.43278661370277405,-0.026000263169407845,0.2957947552204132,0.37373724579811096,-0.03734057769179344,0.29076725244522095,0.32433295249938965,-0.04608840122818947,0.2823677957057953,0.4465235471725464,-0.05296368524432182,0.35259172320365906,0.4638351500034332,-0.07530771195888519,0.3372378945350647,0.47799262404441833,-0.08015435934066772,0.3127618134021759,0.47176072001457214,-0.08257337659597397,0.28002768754959106,0.491935133934021,-0.058254897594451904,0.35756033658981323,0.5104773640632629,-0.07720509171485901,0.33827266097068787,0.5162039995193481,-0.07390721142292023,0.31296446919441223,0.5148199200630188,-0.07345391809940338,0.28069475293159485,0.5395825505256653,-0.06294701248407364,0.3522545099258423,0.5554052591323853,-0.08013474196195602,0.33430051803588867,0.558051586151123,-0.07388519495725632,0.31171679496765137,0.5557378530502319,-0.07079803198575974,0.28178638219833374,0.5849742293357849,-0.06787954270839691,0.3301536738872528,0.6027650833129883,-0.08455616235733032,0.35208189487457275,0.6122817993164062,-0.08719166368246078,0.37153327465057373,0.6190705895423889,-0.08882316946983337
34,left,0,0,0,0,0,0,0,0,0,0,0,0,0,0,0,0,0,0,0,0,0,0,0,0,0,0,0,0,0,0,0,0,0,0,0,0,0,0,0,0,0,0,0,0,0,0,0,0,0,0,0,0,0,0,0,0,0,0,0,0,0,0,0
35,right,0.2372833639383316,0.577667772769928,-1.2969825036179827e-07,0.2544141709804535,0.5084792971611023,-0.012100511230528355,0.2829930782318115,0.43443337082862854,-0.02681497484445572,0.2977842688560486,0.37589433789253235,-0.03901113197207451,0.29267820715904236,0.3262059688568115,-0.04848359525203705,0.28317156434059143,0.4466557800769806,-0.051369957625865936,0.35488760471343994,0.4649437367916107,-0.07533781230449677,0.33921709656715393,0.48015475273132324,-0.08201690018177032,0.3145017921924591,0.474526047706604,-0.08544077724218369,0.28004878759384155,0.4912237524986267,-0.056847479194402695,0.35856932401657104,0.5123064517974854,-0.07716678828001022,0.3394142687320709,0.5191547870635986,-0.07501830905675888,0.31396380066871643,0.517372727394104,-0.07504591345787048,0.28029608726501465,0.5386216044425964,-0.06203504651784897,0.3532763123512268,0.5572728514671326,-0.08020631223917007,0.3348101079463959,0.5607051849365234,-0.07410267740488052,0.3113945424556732,0.5574341416358948,-0.07069974392652512,0.2811906933784485,0.584255576133728,-0.06753985583782196,0.33023959398269653,0.6029132604598999,-0.08420760929584503,0.35292118787765503,0.612854540348053,-0.08664952963590622,0.3730032444000244,0.6195435523986816,-0.08799540996551514
35,left,0,0,0,0,0,0,0,0,0,0,0,0,0,0,0,0,0,0,0,0,0,0,0,0,0,0,0,0,0,0,0,0,0,0,0,0,0,0,0,0,0,0,0,0,0,0,0,0,0,0,0,0,0,0,0,0,0,0,0,0,0,0,0
36,right,0.2378578931093216,0.579829752445221,-1.362384267622474e-07,0.25525540113449097,0.5098812580108643,-0.011577228084206581,0.283509224653244,0.4354780912399292,-0.026192469522356987,0.29770293831825256,0.37655550241470337,-0.03814833611249924,0.29266196489334106,0.32679760456085205,-0.04740355163812637,0.28424084186553955,0.4484016001224518,-0.05320197716355324,0.35520660877227783,0.46601855754852295,-0.07576089352369308,0.33991119265556335,0.4820610582828522,-0.0806361734867096,0.3153001666069031,0.4766862988471985,-0.0830826535820961,0.2812311053276062,0.4930906593799591,-0.058833345770835876,0.35921379923820496,0.5132655501365662,-0.07769814878702164,0.34016138315200806,0.5209866762161255,-0.07415984570980072,0.31453874707221985,0.519157350063324,-0.07366981357336044,0.2812456786632538,0.5407070517539978,-0.06389600038528442,0.3530745804309845,0.5585151314735413,-0.08112230896949768,0.33505743741989136,0.5630634427070618,-0.07451928406953812,0.3119288682937622,0.5603326559066772,-0.0712430328130722,0.28175267577171326,0.5862680077552795,-0.06917373090982437,0.330148845911026,0.6045721769332886,-0.08587000519037247,0.3527880311012268,0.615376889705658,-0.08836431801319122,0.37270164489746094,0.6228893399238586,-0.08992519229650497
36,left,0,0,0,0,0,0,0,0,0,0,0,0,0,0,0,0,0,0,0,0,0,0,0,0,0,0,0,0,0,0,0,0,0,0,0,0,0,0,0,0,0,0,0,0,0,0,0,0,0,0,0,0,0,0,0,0,0,0,0,0,0,0,0
