1,right,0,0,0,0,0,0,0,0,0,0,0,0,0,0,0,0,0,0,0,0,0,0,0,0,0,0,0,0,0,0,0,0,0,0,0,0,0,0,0,0,0,0,0,0,0,0,0,0,0,0,0,0,0,0,0,0,0,0,0,0,0,0,0
1,left,0,0,0,0,0,0,0,0,0,0,0,0,0,0,0,0,0,0,0,0,0,0,0,0,0,0,0,0,0,0,0,0,0,0,0,0,0,0,0,0,0,0,0,0,0,0,0,0,0,0,0,0,0,0,0,0,0,0,0,0,0,0,0
2,right,0,0,0,0,0,0,0,0,0,0,0,0,0,0,0,0,0,0,0,0,0,0,0,0,0,0,0,0,0,0,0,0,0,0,0,0,0,0,0,0,0,0,0,0,0,0,0,0,0,0,0,0,0,0,0,0,0,0,0,0,0,0,0
2,left,0,0,0,0,0,0,0,0,0,0,0,0,0,0,0,0,0,0,0,0,0,0,0,0,0,0,0,0,0,0,0,0,0,0,0,0,0,0,0,0,0,0,0,0,0,0,0,0,0,0,0,0,0,0,0,0,0,0,0,0,0,0,0
3,right,0,0,0,0,0,0,0,0,0,0,0,0,0,0,0,0,0,0,0,0,0,0,0,0,0,0,0,0,0,0,0,0,0,0,0,0,0,0,0,0,0,0,0,0,0,0,0,0,0,0,0,0,0,0,0,0,0,0,0,0,0,0,0
3,left,0,0,0,0,0,0,0,0,0,0,0,0,0,0,0,0,0,0,0,0,0,0,0,0,0,0,0,0,0,0,0,0,0,0,0,0,0,0,0,0,0,0,0,0,0,0,0,0,0,0,0,0,0,0,0,0,0,0,0,0,0,0,0
4,right,0,0,0,0,0,0,0,0,0,0,0,0,0,0,0,0,0,0,0,0,0,0,0,0,0,0,0,0,0,0,0,0,0,0,0,0,0,0,0,0,0,0,0,0,0,0,0,0,0,0,0,0,0,0,0,0,0,0,0,0,0,0,0
4,left,0,0,0,0,0,0,0,0,0,0,0,0,0,0,0,0,0,0,0,0,0,0,0,0,0,0,0,0,0,0,0,0,0,0,0,0,0,0,0,0,0,0,0,0,0,0,0,0,0,0,0,0,0,0,0,0,0,0,0,0,0,0,0
5,right,0,0,0,0,0,0,0,0,0,0,0,0,0,0,0,0,0,0,0,0,0,0,0,0,0,0,0,0,0,0,0,0,0,0,0,0,0,0,0,0,0,0,0,0,0,0,0,0,0,0,0,0,0,0,0,0,0,0,0,0,0,0,0
5,left,0,0,0,0,0,0,0,0,0,0,0,0,0,0,0,0,0,0,0,0,0,0,0,0,0,0,0,0,0,0,0,0,0,0,0,0,0,0,0,0,0,0,0,0,0,0,0,0,0,0,0,0,0,0,0,0,0,0,0,0,0,0,0
6,right,0,0,0,0,0,0,0,0,0,0,0,0,0,0,0,0,0,0,0,0,0,0,0,0,0,0,0,0,0,0,0,0,0,0,0,0,0,0,0,0,0,0,0,0,0,0,0,0,0,0,0,0,0,0,0,0,0,0,0,0,0,0,0
6,left,0,0,0,0,0,0,0,0,0,0,0,0,0,0,0,0,0,0,0,0,0,0,0,0,0,0,0,0,0,0,0,0,0,0,0,0,0,0,0,0,0,0,0,0,0,0,0,0,0,0,0,0,0,0,0,0,0,0,0,0,0,0,0
7,right,0.27346736192703247,0.8796144723892212,-5.445023134598159e-07,0.32159706950187683,0.8616037964820862,-0.026355745270848274,0.35527727007865906,0.8136643171310425,-0.04499123990535736,0.37408342957496643,0.764899730682373,-0.061329226940870285,0.398104727268219,0.7213699817657471,-0.07580026984214783,0.3201758861541748,0.707720935344696,-0.03895549103617668,0.33355894684791565,0.7432705760002136,-0.07630366832017899,0.3367919325828552,0.8099104762077332,-0.10013941675424576,0.3350261449813843,0.8556023836135864,-0.11111202090978622,0.2793315351009369,0.7164908647537231,-0.03781413286924362,0.2897249162197113,0.7700899839401245,-0.066686250269413,0.3004521131515503,0.8264538645744324,-0.0746600329875946,0.30572429299354553,0.8584088683128357,-0.07745487242937088,0.2439398169517517,0.7411457300186157,-0.04057633876800537,0.2541651427745819,0.7946355938911438,-0.06599096953868866,0.26557955145835876,0.8384532332420349,-0.06323174387216568,0.27002328634262085,0.8604097366333008,-0.05743207037448883,0.21511869132518768,0.7740347981452942,-0.04588652029633522,0.21533256769180298,0.8092174530029297,-0.06095683574676514,0.22145964205265045,0.8413934111595154,-0.057596709579229355,0.22255650162696838,0.8558650612831116,-0.05168420076370239
7,left,0,0,0,0,0,0,0,0,0,0,0,0,0,0,0,0,0,0,0,0,0,0,0,0,0,0,0,0,0,0,0,0,0,0,0,0,0,0,0,0,0,0,0,0,0,0,0,0,0,0,0,0,0,0,0,0,0,0,0,0,0,0,0
8,right,0.2934836745262146,0.7264224290847778,-5.71300688534393e-07,0.34150028228759766,0.6973897814750671,-0.02020006626844406,0.37729424238204956,0.6420541405677795,-0.0331144779920578,0.3977128863334656,0.5999242663383484,-0.04573739320039749,0.42294472455978394,0.5697738528251648,-0.057507604360580444,0.33984145522117615,0.5447902679443359,-0.026557782664895058,0.34462401270866394,0.608251690864563,-0.05563604086637497,0.3389395773410797,0.6579107642173767,-0.07658641040325165,0.33184200525283813,0.6876423358917236,-0.08601435273885727,0.2982258200645447,0.5485025644302368,-0.027403736487030983,0.30814269185066223,0.6085870862007141,-0.052134547382593155,0.30763909220695496,0.6597999334335327,-0.06236635521054268,0.30444297194480896,0.697681188583374,-0.06539540737867355,0.26233404874801636,0.5688391327857971,-0.030578382313251495,0.2715007960796356,0.6115041375160217,-0.05487673729658127,0.27593526244163513,0.6601917147636414,-0.05509554222226143,0.27716493606567383,0.6953176259994507,-0.048946812748909,0.23120810091495514,0.5990545749664307,-0.03554743528366089,0.22481724619865417,0.59363853931427,-0.05018917843699455,0.23034226894378662,0.6114590764045715,-0.04611014202237129,0.23513364791870117,0.6293541789054871,-0.03793392330408096
8,left,0,0,0,0,0,0,0,0,0,0,0,0,0,0,0,0,0,0,0,0,0,0,0,0,0,0,0,0,0,0,0,0,0,0,0,0,0,0,0,0,0,0,0,0,0,0,0,0,0,0,0,0,0,0,0,0,0,0,0,0,0,0,0
9,right,0.28732410073280334,0.6917552351951599,-4.0280440316564636e-07,0.3419169783592224,0.6511390209197998,-0.018335696309804916,0.3780520260334015,0.5940942764282227,-0.02818416617810726,0.4011985659599304,0.54744952917099,-0.03879459574818611,0.42903244495391846,0.5116406679153442,-0.04694589227437973,0.3427627384662628,0.49621447920799255,-0.010074075311422348,0.34784990549087524,0.5412374138832092,-0.033906735479831696,0.34358566999435425,0.5915113091468811,-0.050800979137420654,0.3387884497642517,0.6205613613128662,-0.05720064416527748,0.30319473147392273,0.494994193315506,-0.010390370152890682,0.31290316581726074,0.5450544357299805,-0.03130694478750229,0.31348392367362976,0.5950387120246887,-0.04089729115366936,0.3134748339653015,0.6244285702705383,-0.0433662012219429,0.2686707675457001,0.5159045457839966,-0.014257261529564857,0.27731525897979736,0.5494897365570068,-0.0392451286315918,0.2805420160293579,0.5970377326011658,-0.040286604315042496,0.28305748105049133,0.62714684009552,-0.03402777761220932,0.2391451895236969,0.5471540093421936,-0.019563624635338783,0.22361460328102112,0.5174878239631653,-0.03602232784032822,0.21024443209171295,0.4960845112800598,-0.0357293002307415,0.19772082567214966,0.47490566968917847,-0.030265260487794876
9,left,0,0,0,0,0,0,0,0,0,0,0,0,0,0,0,0,0,0,0,0,0,0,0,0,0,0,0,0,0,0,0,0,0,0,0,0,0,0,0,0,0,0,0,0,0,0,0,0,0,0,0,0,0,0,0,0,0,0,0,0,0,0,0
10,right,0.2955452501773834,0.5939468145370483,-7.002319648563571e-07,0.3533376157283783,0.5670182704925537,-0.02134001813828945,0.3947315812110901,0.5181930065155029,-0.03250731900334358,0.4217433035373688,0.47370070219039917,-0.04331989958882332,0.4482172727584839,0.44169744849205017,-0.05162760615348816,0.36041784286499023,0.4186074137687683,-0.026195751503109932,0.3547418415546417,0.46414676308631897,-0.05131968483328819,0.3453601002693176,0.5142790079116821,-0.06626538187265396,0.3391037881374359,0.5482432842254639,-0.07167933881282806,0.32028719782829285,0.4119459390640259,-0.02600681595504284,0.31697818636894226,0.46744304895401,-0.04956379532814026,0.31203460693359375,0.5209088325500488,-0.057862237095832825,0.3098396360874176,0.5540284514427185,-0.06098532676696777,0.28421297669410706,0.4271206557750702,-0.028424173593521118,0.2786090075969696,0.4597630500793457,-0.05745767429471016,0.28105300664901733,0.511800229549408,-0.060105446726083755,0.2856239080429077,0.5473374128341675,-0.055814336985349655,0.25198298692703247,0.45256567001342773,-0.03205718472599983,0.23211327195167542,0.41569316387176514,-0.05201026424765587,0.21369868516921997,0.39017704129219055,-0.05399420112371445,0.1978340893983841,0.363918274641037,-0.05147367715835571
10,left,0,0,0,0,0,0,0,0,0,0,0,0,0,0,0,0,0,0,0,0,0,0,0,0,0,0,0,0,0,0,0,0,0,0,0,0,0,0,0,0,0,0,0,0,0,0,0,0,0,0,0,0,0,0,0,0,0,0,0,0,0,0,0
11,right,0.30171066522598267,0.5677387118339539,-4.997176574761397e-07,0.3575485348701477,0.5464041829109192,-0.026422113180160522,0.3977348208427429,0.4979245066642761,-0.038745373487472534,0.42638352513313293,0.4532671272754669,-0.049387358129024506,0.45598334074020386,0.42313945293426514,-0.056705668568611145,0.36825501918792725,0.39957714080810547,-0.02865084633231163,0.35663288831710815,0.44036629796028137,-0.052626833319664,0.3473280668258667,0.48838478326797485,-0.06466536968946457,0.3436117470264435,0.5150691270828247,-0.0680815726518631,0.32840782403945923,0.38882339000701904,-0.025504130870103836,0.32095399498939514,0.4381747841835022,-0.050102896988391876,0.31736505031585693,0.4949968159198761,-0.055648766458034515,0.31814882159233093,0.5250807404518127,-0.05512995645403862,0.292050838470459,0.40167778730392456,-0.025575697422027588,0.2850288152694702,0.4324112832546234,-0.0567176528275013,0.28830617666244507,0.4873007535934448,-0.05728185549378395,0.2943829298019409,0.5220901370048523,-0.04988228902220726,0.25900235772132874,0.42506280541419983,-0.02710934355854988,0.23929616808891296,0.3876073360443115,-0.049106914550065994,0.2187267541885376,0.36201566457748413,-0.05122558772563934,0.2004965841770172,0.3324267268180847,-0.04756496474146843
11,left,0,0,0,0,0,0,0,0,0,0,0,0,0,0,0,0,0,0,0,0,0,0,0,0,0,0,0,0,0,0,0,0,0,0,0,0,0,0,0,0,0,0,0,0,0,0,0,0,0,0,0,0,0,0,0,0,0,0,0,0,0,0,0
12,right,0.3072497248649597,0.5377962589263916,-4.91340017561015e-07,0.36204949021339417,0.5180661082267761,-0.026825720444321632,0.4032902419567108,0.4716950058937073,-0.03901493549346924,0.4333534836769104,0.4278106391429901,-0.04976164177060127,0.46540695428848267,0.4016391932964325,-0.05680754408240318,0.377492219209671,0.3708045184612274,-0.0275556780397892,0.3600435256958008,0.40110906958580017,-0.053708747029304504,0.34742680191993713,0.45113497972488403,-0.06690879166126251,0.3428939878940582,0.4875410795211792,-0.07000156491994858,0.33868804574012756,0.35853803157806396,-0.023911159485578537,0.3250259459018707,0.4009060263633728,-0.05130431056022644,0.32038795948028564,0.4592863917350769,-0.05824117362499237,0.32221531867980957,0.49391788244247437,-0.05749556049704552,0.3023965060710907,0.3684149980545044,-0.023913023993372917,0.28912389278411865,0.3970707058906555,-0.056462910026311874,0.29143625497817993,0.45122620463371277,-0.05847783014178276,0.29922306537628174,0.48757806420326233,-0.05097339674830437,0.2681085467338562,0.3879612386226654,-0.025439858436584473,0.2497633844614029,0.3478125035762787,-0.04795239865779877,0.2286253422498703,0.31995654106140137,-0.051364947110414505,0.21026697754859924,0.28959372639656067,-0.048066146671772
12,left,0,0,0,0,0,0,0,0,0,0,0,0,0,0,0,0,0,0,0,0,0,0,0,0,0,0,0,0,0,0,0,0,0,0,0,0,0,0,0,0,0,0,0,0,0,0,0,0,0,0,0,0,0,0,0,0,0,0,0,0,0,0,0
13,right,0.31008994579315186,0.5265734195709229,-5.22325137808366e-07,0.3652614653110504,0.5110504627227783,-0.026936817914247513,0.4084726870059967,0.46037542819976807,-0.038429874926805496,0.44034188985824585,0.4149550795555115,-0.04867612570524216,0.4718813896179199,0.3892343044281006,-0.055432599037885666,0.3863474130630493,0.36062535643577576,-0.02540036104619503,0.36713650822639465,0.3842926323413849,-0.05150024965405464,0.3531090319156647,0.4356013536453247,-0.0646970123052597,0.347821444272995,0.4713904857635498,-0.06784600019454956,0.3472612202167511,0.3481294512748718,-0.021826308220624924,0.3338053822517395,0.37963563203811646,-0.05142524838447571,0.3274563252925873,0.4415889084339142,-0.059557560831308365,0.3274008631706238,0.4782724380493164,-0.05886749178171158,0.3103642165660858,0.35549360513687134,-0.022053970023989677,0.29741767048835754,0.37339556217193604,-0.05631018802523613,0.29852306842803955,0.4306045174598694,-0.059728045016527176,0.3041834831237793,0.4693918228149414,-0.05266755446791649,0.27468568086624146,0.3718889653682709,-0.02365788258612156,0.2568471431732178,0.32482290267944336,-0.04640477895736694,0.23643788695335388,0.2955043911933899,-0.050435446202754974,0.2190772145986557,0.2636552155017853,-0.047724198549985886
13,left,0,0,0,0,0,0,0,0,0,0,0,0,0,0,0,0,0,0,0,0,0,0,0,0,0,0,0,0,0,0,0,0,0,0,0,0,0,0,0,0,0,0,0,0,0,0,0,0,0,0,0,0,0,0,0,0,0,0,0,0,0,0,0
14,right,0.30911150574684143,0.5262569785118103,-5.367658104660222e-07,0.36326324939727783,0.5107375979423523,-0.02795376628637314,0.4059688448905945,0.4585328996181488,-0.04018243029713631,0.43811652064323425,0.41321301460266113,-0.05073688179254532,0.46888846158981323,0.38426536321640015,-0.05745575949549675,0.38586097955703735,0.35832443833351135,-0.02936895564198494,0.36607682704925537,0.38013747334480286,-0.05644598975777626,0.3514172434806824,0.4330870509147644,-0.06911937147378922,0.3461454212665558,0.4698237478733063,-0.07161763310432434,0.3465866446495056,0.34414613246917725,-0.025510603561997414,0.3311150372028351,0.3773639500141144,-0.054696932435035706,0.3254333734512329,0.43785619735717773,-0.06158115342259407,0.3263895809650421,0.47225767374038696,-0.060768552124500275,0.3091484010219574,0.35095152258872986,-0.025581812486052513,0.29614683985710144,0.37116357684135437,-0.05901354178786278,0.2986370623111725,0.4281829595565796,-0.06165242940187454,0.3045833110809326,0.4665505588054657,-0.054897844791412354,0.2737584114074707,0.36741936206817627,-0.02720063179731369,0.25433939695358276,0.32043540477752686,-0.04881498962640762,0.23535218834877014,0.29083019495010376,-0.052343714982271194,0.22001904249191284,0.25949332118034363,-0.049791425466537476
14,left,0,0,0,0,0,0,0,0,0,0,0,0,0,0,0,0,0,0,0,0,0,0,0,0,0,0,0,0,0,0,0,0,0,0,0,0,0,0,0,0,0,0,0,0,0,0,0,0,0,0,0,0,0,0,0,0,0,0,0,0,0,0,0
15,right,0.30986636877059937,0.5269805788993835,-5.479034257405146e-07,0.3639649748802185,0.5098299384117126,-0.02659774385392666,0.405974805355072,0.45746201276779175,-0.038401179015636444,0.4377237558364868,0.4118431508541107,-0.048820219933986664,0.46878939867019653,0.38356253504753113,-0.05566449835896492,0.38536036014556885,0.3564659059047699,-0.028227349743247032,0.3667069971561432,0.380148708820343,-0.05457288399338722,0.35195350646972656,0.4313110113143921,-0.06748159974813461,0.34569743275642395,0.4688074290752411,-0.07031560689210892,0.34569770097732544,0.34278592467308044,-0.025020893663167953,0.3311067819595337,0.3769833743572235,-0.054003696888685226,0.3249400854110718,0.4359157681465149,-0.06184174865484238,0.3248031735420227,0.47295621037483215,-0.0616462416946888,0.30814027786254883,0.35015782713890076,-0.025454645976424217,0.2957507371902466,0.37149569392204285,-0.05823703110218048,0.2979697287082672,0.4275655448436737,-0.0615244023501873,0.30355769395828247,0.46744146943092346,-0.05528809875249863,0.2729366719722748,0.36738938093185425,-0.027363136410713196,0.25313109159469604,0.3209136426448822,-0.04877499118447304,0.2336682230234146,0.2900252342224121,-0.05263441056013107,0.21785840392112732,0.2580089569091797,-0.05038881674408913
15,left,0,0,0,0,0,0,0,0,0,0,0,0,0,0,0,0,0,0,0,0,0,0,0,0,0,0,0,0,0,0,0,0,0,0,0,0,0,0,0,0,0,0,0,0,0,0,0,0,0,0,0,0,0,0,0,0,0,0,0,0,0,0,0
16,right,0.3110138475894928,0.5342945456504822,-5.573428438765404e-07,0.3684985637664795,0.5129982233047485,-0.0266755111515522,0.40804585814476013,0.46048903465270996,-0.03840048238635063,0.43668287992477417,0.41385895013809204,-0.048150546848773956,0.46582889556884766,0.38223087787628174,-0.05426296591758728,0.37968531250953674,0.35914090275764465,-0.032827917486429214,0.35924094915390015,0.3930816948413849,-0.058847855776548386,0.3491370975971222,0.4448481798171997,-0.07117778807878494,0.34641408920288086,0.47742319107055664,-0.07444144785404205,0.3398435711860657,0.34742042422294617,-0.02982405573129654,0.32396334409713745,0.395723819732666,-0.055975694209337234,0.3225899040699005,0.45394882559776306,-0.06195263937115669,0.3261997401714325,0.4831920266151428,-0.06245420500636101,0.30204078555107117,0.3606490194797516,-0.030221741646528244,0.2883777618408203,0.393602579832077,-0.06271705776453018,0.29507362842559814,0.44972357153892517,-0.06536940485239029,0.30329930782318115,0.48363038897514343,-0.06019101291894913,0.2682685852050781,0.38558778166770935,-0.031908225268125534,0.24477002024650574,0.34359580278396606,-0.05479368939995766,0.2236105352640152,0.3159330487251282,-0.058781031519174576,0.20475679636001587,0.28484565019607544,-0.05725197494029999
16,left,0,0,0,0,0,0,0,0,0,0,0,0,0,0,0,0,0,0,0,0,0,0,0,0,0,0,0,0,0,0,0,0,0,0,0,0,0,0,0,0,0,0,0,0,0,0,0,0,0,0,0,0,0,0,0,0,0,0,0,0,0,0,0
17,right,0.31340253353118896,0.5442194938659668,-5.487837029249931e-07,0.3710159361362457,0.5157510042190552,-0.026773296296596527,0.40732473134994507,0.45795097947120667,-0.03852003812789917,0.43136540055274963,0.4083360433578491,-0.047170501202344894,0.4590533971786499,0.37213754653930664,-0.05185395106673241,0.3610059916973114,0.36280131340026855,-0.03895890712738037,0.3523577153682709,0.41098546981811523,-0.06127786263823509,0.3513297140598297,0.46211400628089905,-0.06837815046310425,0.3505977392196655,0.4835921823978424,-0.06975638121366501,0.32035326957702637,0.3599848747253418,-0.03558418154716492,0.31750571727752686,0.4240659773349762,-0.05859912931919098,0.3239639103412628,0.4796959459781647,-0.06109200045466423,0.3286507725715637,0.4980468153953552,-0.06136438995599747,0.28504589200019836,0.3812326192855835,-0.034913066774606705,0.27943986654281616,0.42269498109817505,-0.06629661470651627,0.29408013820648193,0.4759922921657562,-0.06777212023735046,0.3052235543727875,0.5024904608726501,-0.06402894854545593,0.2566756010055542,0.41289645433425903,-0.03531254827976227,0.22946341335773468,0.38570544123649597,-0.06060250476002693,0.20541313290596008,0.3694482445716858,-0.06614905595779419,0.1809851974248886,0.3445844054222107,-0.0666542500257492
17,left,0,0,0,0,0,0,0,0,0,0,0,0,0,0,0,0,0,0,0,0,0,0,0,0,0,0,0,0,0,0,0,0,0,0,0,0,0,0,0,0,0,0,0,0,0,0,0,0,0,0,0,0,0,0,0,0,0,0,0,0,0,0,0
18,right,0.31251880526542664,0.5592043399810791,-5.619247076538159e-07,0.36845162510871887,0.5210634469985962,-0.028124568983912468,0.39939066767692566,0.45769813656806946,-0.04201532155275345,0.4179111421108246,0.4033876359462738,-0.05189001187682152,0.4424181580543518,0.35750895738601685,-0.05850917845964432,0.3404887616634369,0.37842032313346863,-0.044667381793260574,0.34848812222480774,0.4414456784725189,-0.06691231578588486,0.3547658324241638,0.49294424057006836,-0.07552652060985565,0.35348057746887207,0.5128148794174194,-0.07848206907510757,0.3000074028968811,0.3880675435066223,-0.04155588150024414,0.3142092823982239,0.46484237909317017,-0.06136336177587509,0.3282829225063324,0.5113645792007446,-0.06484245508909225,0.33319178223609924,0.5237504243850708,-0.06809962540864944,0.2666144371032715,0.41866403818130493,-0.04087316244840622,0.2761951684951782,0.4727233648300171,-0.0705309733748436,0.29904767870903015,0.5167042016983032,-0.0742453932762146,0.3123018145561218,0.5349854230880737,-0.07394897192716599,0.2415045201778412,0.45707955956459045,-0.04120021313428879,0.21655482053756714,0.44714298844337463,-0.06663355976343155,0.1946721374988556,0.4436338543891907,-0.07235299795866013,0.17062464356422424,0.4305177330970764,-0.07412393391132355
18,left,0,0,0,0,0,0,0,0,0,0,0,0,0,0,0,0,0,0,0,0,0,0,0,0,0,0,0,0,0,0,0,0,0,0,0,0,0,0,0,0,0,0,0,0,0,0,0,0,0,0,0,0,0,0,0,0,0,0,0,0,0,0,0
19,right,0.2992522716522217,0.5577155351638794,-3.961587253797916e-07,0.358132928609848,0.5267329812049866,-0.02462228760123253,0.39180687069892883,0.4586770236492157,-0.037494659423828125,0.4072915315628052,0.4049493968486786,-0.04632433503866196,0.426114022731781,0.3557318449020386,-0.053296804428100586,0.3327551484107971,0.40408632159233093,-0.051334198564291,0.3493545949459076,0.48118680715560913,-0.07370718568563461,0.3600883483886719,0.5275041460990906,-0.08312545716762543,0.3584132194519043,0.5269564390182495,-0.0895734652876854,0.2867928743362427,0.42323049902915955,-0.051357392221689224,0.312954843044281,0.512448787689209,-0.06602076441049576,0.3300725221633911,0.5485095977783203,-0.06719747930765152,0.33065176010131836,0.5403640866279602,-0.07321541011333466,0.2528047263622284,0.456757128238678,-0.05237144976854324,0.2772996425628662,0.5315955877304077,-0.06885471940040588,0.2981165945529938,0.561183512210846,-0.06145826727151871,0.3014673888683319,0.5534738302230835,-0.059433713555336,0.22982266545295715,0.4939805865287781,-0.05587301403284073,0.23990100622177124,0.5434205532073975,-0.06880906969308853,0.25086265802383423,0.565594494342804,-0.06395671516656876,0.24877876043319702,0.563154399394989,-0.06140557676553726
19,left,0,0,0,0,0,0,0,0,0,0,0,0,0,0,0,0,0,0,0,0,0,0,0,0,0,0,0,0,0,0,0,0,0,0,0,0,0,0,0,0,0,0,0,0,0,0,0,0,0,0,0,0,0,0,0,0,0,0,0,0,0,0,0
20,right,0.28644317388534546,0.5604284405708313,-4.4479369876171404e-07,0.3429679274559021,0.5226355791091919,-0.025401413440704346,0.3764900863170624,0.46310970187187195,-0.03901459649205208,0.39505916833877563,0.41422438621520996,-0.04936881363391876,0.414055198431015,0.36152172088623047,-0.05842786282300949,0.32060208916664124,0.42076459527015686,-0.045781053602695465,0.356537401676178,0.4973646402359009,-0.07019355893135071,0.3645983636379242,0.5346729159355164,-0.08393784612417221,0.3565186560153961,0.5381239056587219,-0.09247923642396927,0.28224924206733704,0.44321802258491516,-0.04367690905928612,0.3277299404144287,0.5359471440315247,-0.05772262066602707,0.335529625415802,0.5586740970611572,-0.06060049310326576,0.3273470103740692,0.5512596964836121,-0.06734991073608398,0.2540443539619446,0.4803016185760498,-0.043376315385103226,0.29358190298080444,0.5553569197654724,-0.05871812626719475,0.3077867031097412,0.5736594796180725,-0.0540582612156868,0.30349698662757874,0.5666227340698242,-0.05325071141123772,0.2347201704978943,0.5209497213363647,-0.04579560086131096,0.25104519724845886,0.565424382686615,-0.05927667021751404,0.25537168979644775,0.579599142074585,-0.05777129903435707,0.24592414498329163,0.5814633965492249,-0.05667495355010033
20,left,0,0,0,0,0,0,0,0,0,0,0,0,0,0,0,0,0,0,0,0,0,0,0,0,0,0,0,0,0,0,0,0,0,0,0,0,0,0,0,0,0,0,0,0,0,0,0,0,0,0,0,0,0,0,0,0,0,0,0,0,0,0,0
21,right,0.26055362820625305,0.6001588106155396,-4.127430486278172e-07,0.3235304653644562,0.5515764355659485,-0.01727377437055111,0.36279889941215515,0.47854921221733093,-0.026575760915875435,0.38601693511009216,0.4218090772628784,-0.03452559933066368,0.4036332964897156,0.3666415512561798,-0.040551409125328064,0.3162384629249573,0.4291820228099823,-0.02604260854423046,0.3631853759288788,0.5015535354614258,-0.0471879318356514,0.36039918661117554,0.5359082818031311,-0.06049955263733864,0.34418240189552307,0.5318045616149902,-0.07019317150115967,0.2854173481464386,0.45274990797042847,-0.028086259961128235,0.345460444688797,0.5412166118621826,-0.04262210801243782,0.342342734336853,0.5629928708076477,-0.0483182817697525,0.3262096047401428,0.5501251220703125,-0.056134965270757675,0.26430538296699524,0.48929330706596375,-0.032105524092912674,0.3226519227027893,0.5637803673744202,-0.04690827801823616,0.3222048878669739,0.5801283121109009,-0.04470943287014961,0.3083878457546234,0.5656095743179321,-0.04559404402971268,0.24933406710624695,0.5298070311546326,-0.038501448929309845,0.29906731843948364,0.581152081489563,-0.05240323022007942,0.30564939975738525,0.5935559868812561,-0.053250253200531006,0.29776379466056824,0.5854609608650208,-0.05363178625702858
21,left,0,0,0,0,0,0,0,0,0,0,0,0,0,0,0,0,0,0,0,0,0,0,0,0,0,0,0,0,0,0,0,0,0,0,0,0,0,0,0,0,0,0,0,0,0,0,0,0,0,0,0,0,0,0,0,0,0,0,0,0,0,0,0
22,right,0.2745692729949951,0.5907540321350098,-2.644775634053076e-07,0.3208028972148895,0.5363262891769409,-0.019864188507199287,0.35537827014923096,0.4728332757949829,-0.028338033705949783,0.376289039850235,0.4166484773159027,-0.03458917513489723,0.3872832953929901,0.35926082730293274,-0.03890438750386238,0.3162896931171417,0.45576030015945435,-0.03291124477982521,0.37351226806640625,0.5231472253799438,-0.05502626299858093,0.360172837972641,0.5357038378715515,-0.06700840592384338,0.3389527499675751,0.5178468227386475,-0.07582876831293106,0.2870294451713562,0.48954764008522034,-0.03413752093911171,0.35327860713005066,0.5634604692459106,-0.05060533434152603,0.33845072984695435,0.5671851634979248,-0.05344745144248009,0.3188830614089966,0.5483298301696777,-0.05930616334080696,0.26624375581741333,0.5306116938591003,-0.03764868155121803,0.33056023716926575,0.5948675870895386,-0.05614366754889488,0.31990647315979004,0.5986526608467102,-0.05500926077365875,0.3049590587615967,0.5821012258529663,-0.05579070374369621,0.25431591272354126,0.5718597173690796,-0.0434170626103878,0.30299970507621765,0.628974437713623,-0.061230022460222244,0.2993922531604767,0.6331389546394348,-0.0656491369009018,0.28685611486434937,0.6225619912147522,-0.06864386796951294
22,left,0,0,0,0,0,0,0,0,0,0,0,0,0,0,0,0,0,0,0,0,0,0,0,0,0,0,0,0,0,0,0,0,0,0,0,0,0,0,0,0,0,0,0,0,0,0,0,0,0,0,0,0,0,0,0,0,0,0,0,0,0,0,0
23,right,0.26714396476745605,0.5462018847465515,-2.0998840000174823e-07,0.3078238070011139,0.49975231289863586,-0.017608042806386948,0.34557026624679565,0.45648184418678284,-0.02814413234591484,0.37049350142478943,0.4136755168437958,-0.036948639899492264,0.37952864170074463,0.3591008186340332,-0.046139366924762726,0.31830084323883057,0.46300244331359863,-0.0409603975713253,0.38186073303222656,0.5272154211997986,-0.05662437528371811,0.36412501335144043,0.5289129614830017,-0.06196770444512367,0.34312140941619873,0.5094801187515259,-0.06702206283807755,0.2945226728916168,0.5016251802444458,-0.04544121399521828,0.36560460925102234,0.5699335336685181,-0.05426602438092232,0.3466576635837555,0.5657776594161987,-0.05146875977516174,0.3286343514919281,0.5474856495857239,-0.055275384336709976,0.2751142084598541,0.541683554649353,-0.05090326443314552,0.34050700068473816,0.6002107858657837,-0.06747007369995117,0.32579606771469116,0.5947885513305664,-0.06540209800004959,0.31350457668304443,0.5761679410934448,-0.06772047281265259,0.26053377985954285,0.5786461234092712,-0.058282796293497086,0.2993679940700531,0.6427493095397949,-0.08262529224157333,0.3000158667564392,0.6642035841941833,-0.0883755013346672,0.3002908229827881,0.6772737503051758,-0.09252079576253891
23,left,0,0,0,0,0,0,0,0,0,0,0,0,0,0,0,0,0,0,0,0,0,0,0,0,0,0,0,0,0,0,0,0,0,0,0,0,0,0,0,0,0,0,0,0,0,0,0,0,0,0,0,0,0,0,0,0,0,0,0,0,0,0,0
24,right,0.25454336404800415,0.5739244222640991,-1.8169424720326788e-07,0.30155131220817566,0.5117373466491699,-0.011290742084383965,0.3442707061767578,0.4565332531929016,-0.025360558182001114,0.36791932582855225,0.4019206166267395,-0.03781629726290703,0.3738137483596802,0.3474480211734772,-0.048302438110113144,0.31921669840812683,0.45111197233200073,-0.051883649080991745,0.3834081292152405,0.5118650794029236,-0.07513754069805145,0.36331233382225037,0.520477831363678,-0.0791132003068924,0.34093472361564636,0.499906450510025,-0.08104705810546875,0.2974241375923157,0.4937617778778076,-0.05993792414665222,0.3706441819667816,0.5583949685096741,-0.07744845747947693,0.34915900230407715,0.5577918887138367,-0.07270398736000061,0.32730668783187866,0.5420277118682861,-0.07280594855546951,0.279789000749588,0.5401789546012878,-0.068000428378582,0.35132014751434326,0.596089243888855,-0.08764918893575668,0.33616524934768677,0.5954444408416748,-0.0836610272526741,0.3210078179836273,0.5845860242843628,-0.08340282738208771,0.26451796293258667,0.5825501680374146,-0.07631314545869827,0.30874910950660706,0.6343486309051514,-0.0960555151104927,0.323626309633255,0.6571469306945801,-0.09973401576280594,0.3358800709247589,0.6759656667709351,-0.102656289935112
24,left,0,0,0,0,0,0,0,0,0,0,0,0,0,0,0,0,0,0,0,0,0,0,0,0,0,0,0,0,0,0,0,0,0,0,0,0,0,0,0,0,0,0,0,0,0,0,0,0,0,0,0,0,0,0,0,0,0,0,0,0,0,0,0
25,right,0.24945205450057983,0.5630289912223816,-1.9903616532701562e-07,0.2862246334552765,0.496976763010025,-0.012881341390311718,0.32860398292541504,0.4331480860710144,-0.02579016052186489,0.3517935574054718,0.3758881390094757,-0.03681449219584465,0.35202595591545105,0.3218245208263397,-0.04558664187788963,0.3155362606048584,0.4350088834762573,-0.044671908020973206,0.3838905990123749,0.479425311088562,-0.06627269089221954,0.3642260730266571,0.4960344433784485,-0.07194306701421738,0.34042099118232727,0.48331189155578613,-0.0754312202334404,0.3021962344646454,0.4802515506744385,-0.05033824220299721,0.3771213889122009,0.5278257131576538,-0.0666804313659668,0.35683879256248474,0.533618152141571,-0.06472455710172653,0.3351987600326538,0.5244570374488831,-0.06649365276098251,0.2928352952003479,0.529053807258606,-0.056267671287059784,0.3646054267883301,0.5707875490188599,-0.07322987914085388,0.34870797395706177,0.5741409063339233,-0.07002995163202286,0.33144068717956543,0.566758930683136,-0.0698680728673935,0.28628310561180115,0.5744158625602722,-0.0627829059958458,0.3358904719352722,0.6103090047836304,-0.07918281853199005,0.35772132873535156,0.6277489066123962,-0.08287620544433594,0.3767414093017578,0.6416370272636414,-0.08572396636009216
25,left,0,0,0,0,0,0,0,0,0,0,0,0,0,0,0,0,0,0,0,0,0,0,0,0,0,0,0,0,0,0,0,0,0,0,0,0,0,0,0,0,0,0,0,0,0,0,0,0,0,0,0,0,0,0,0,0,0,0,0,0,0,0,0
26,right,0.24618063867092133,0.5524462461471558,-1.6925881141105492e-07,0.2709770202636719,0.48613685369491577,-0.011124568060040474,0.3107832968235016,0.412011981010437,-0.023934507742524147,0.3340858519077301,0.3516439199447632,-0.03457685187458992,0.33142197132110596,0.2983992099761963,-0.04257863387465477,0.308430016040802,0.4142870008945465,-0.04485493153333664,0.3798065185546875,0.44873854517936707,-0.06617286056280136,0.36221691966056824,0.46413296461105347,-0.0713951587677002,0.33925917744636536,0.45412829518318176,-0.07403451204299927,0.30064257979393005,0.457697331905365,-0.04997019097208977,0.375805139541626,0.49497148394584656,-0.066996730864048,0.3566702604293823,0.502443253993988,-0.06412258744239807,0.33408597111701965,0.49685537815093994,-0.06395944207906723,0.2972869873046875,0.5062070488929749,-0.05497940257191658,0.3667919635772705,0.5387784838676453,-0.07047749310731888,0.3512907922267914,0.5428023338317871,-0.06483349204063416,0.3318241536617279,0.5359960198402405,-0.062256813049316406,0.29595935344696045,0.5539298057556152,-0.060233138501644135,0.345631867647171,0.5769731998443604,-0.07408711314201355,0.3676247298717499,0.5934996604919434,-0.07568439096212387,0.38775086402893066,0.6050301790237427,-0.07677824795246124
26,left,0,0,0,0,0,0,0,0,0,0,0,0,0,0,0,0,0,0,0,0,0,0,0,0,0,0,0,0,0,0,0,0,0,0,0,0,0,0,0,0,0,0,0,0,0,0,0,0,0,0,0,0,0,0,0,0,0,0,0,0,0,0,0
27,right,0.24947777390480042,0.5395532846450806,-1.5291651322968391e-07,0.26924842596054077,0.47223585844039917,-0.01037625316530466,0.3044566810131073,0.39368683099746704,-0.022962775081396103,0.32312485575675964,0.33146101236343384,-0.0333416610956192,0.31413936614990234,0.28051143884658813,-0.04140028730034828,0.3050125539302826,0.39858925342559814,-0.04458213597536087,0.3760457932949066,0.4279429614543915,-0.06500766426324844,0.3596256971359253,0.44343602657318115,-0.06995771080255508,0.3365609049797058,0.4341963529586792,-0.07268330454826355,0.3005373477935791,0.44178086519241333,-0.049704715609550476,0.37665560841560364,0.4707619845867157,-0.06631199270486832,0.35871368646621704,0.48074766993522644,-0.06349164992570877,0.33776089549064636,0.47746601700782776,-0.06340180337429047,0.30053865909576416,0.4896768629550934,-0.05443571135401726,0.3719802796840668,0.5156839489936829,-0.06941276788711548,0.3548889458179474,0.52089923620224,-0.0634859949350357,0.33437278866767883,0.5155189037322998,-0.06072424352169037,0.3024250268936157,0.5370973348617554,-0.05930536985397339,0.35363227128982544,0.5559033155441284,-0.07300161570310593,0.3782748579978943,0.5689104199409485,-0.07487262040376663,0.40176650881767273,0.5770100355148315,-0.07624704390764236
27,left,0,0,0,0,0,0,0,0,0,0,0,0,0,0,0,0,0,0,0,0,0,0,0,0,0,0,0,0,0,0,0,0,0,0,0,0,0,0,0,0,0,0,0,0,0,0,0,0,0,0,0,0,0,0,0,0,0,0,0,0,0,0,0
28,right,0.24832072854042053,0.5347891449928284,-1.6411388514825376e-07,0.26388514041900635,0.46667101979255676,-0.008875356987118721,0.29546234011650085,0.3891972303390503,-0.021109603345394135,0.31254565715789795,0.32752281427383423,-0.03149601072072983,0.3031769096851349,0.2778341770172119,-0.0391898937523365,0.2993850111961365,0.39235109090805054,-0.043238263577222824,0.3699684739112854,0.4110770523548126,-0.06307192146778107,0.3545680046081543,0.42963892221450806,-0.06685735285282135,0.3311759829521179,0.4247281551361084,-0.06862786412239075,0.29802632331848145,0.4344501495361328,-0.048847902566194534,0.3724157214164734,0.45553603768348694,-0.06516991555690765,0.3545417785644531,0.4679747521877289,-0.062106654047966,0.3338814377784729,0.4663877785205841,-0.061651427298784256,0.3004694879055023,0.4810119569301605,-0.053894221782684326,0.37056198716163635,0.4999469518661499,-0.06903677433729172,0.3528367578983307,0.508541464805603,-0.06257813423871994,0.332242876291275,0.5057078003883362,-0.05917063727974892,0.30362313985824585,0.527772843837738,-0.05896023288369179,0.35444551706314087,0.5434415340423584,-0.07367584854364395,0.3800266683101654,0.5557126402854919,-0.07585600763559341,0.40489837527275085,0.5624125003814697,-0.07698631286621094
28,left,0,0,0,0,0,0,0,0,0,0,0,0,0,0,0,0,0,0,0,0,0,0,0,0,0,0,0,0,0,0,0,0,0,0,0,0,0,0,0,0,0,0,0,0,0,0,0,0,0,0,0,0,0,0,0,0,0,0,0,0,0,0,0
29,right,0.24500791728496552,0.5297147035598755,-1.7809914254485193e-07,0.2598523199558258,0.4631122946739197,-0.00850920844823122,0.29062601923942566,0.3860328197479248,-0.020781241357326508,0.3075117766857147,0.32501399517059326,-0.03107309155166149,0.2972457706928253,0.27591001987457275,-0.03887701407074928,0.29522421956062317,0.3897092640399933,-0.0452759712934494,0.3658958077430725,0.409434974193573,-0.06571430712938309,0.3497958183288574,0.4270395338535309,-0.06965325027704239,0.3257220983505249,0.4217480719089508,-0.07150664925575256,0.29382625222206116,0.43212008476257324,-0.051348794251680374,0.36816298961639404,0.45277324318885803,-0.06785424798727036,0.3491760492324829,0.4633885622024536,-0.06397666782140732,0.3279900550842285,0.46107327938079834,-0.06301046907901764,0.2960392236709595,0.47910231351852417,-0.05674110725522041,0.36652660369873047,0.49683573842048645,-0.07177429646253586,0.3487643599510193,0.503699004650116,-0.06440780311822891,0.32825127243995667,0.5001446008682251,-0.06056039035320282,0.29912757873535156,0.5260213613510132,-0.06216460466384888,0.3499135375022888,0.5402068495750427,-0.07697118818759918,0.37637680768966675,0.5498225092887878,-0.07882960140705109,0.402500182390213,0.5542227625846863,-0.07979436963796616
29,left,0,0,0,0,0,0,0,0,0,0,0,0,0,0,0,0,0,0,0,0,0,0,0,0,0,0,0,0,0,0,0,0,0,0,0,0,0,0,0,0,0,0,0,0,0,0,0,0,0,0,0,0,0,0,0,0,0,0,0,0,0,0,0
30,right,0.2435494065284729,0.5323988199234009,-1.7090962955990108e-07,0.25888875126838684,0.4652864933013916,-0.008135686628520489,0.2903720736503601,0.38757628202438354,-0.01974388211965561,0.30755844712257385,0.32622748613357544,-0.029370011761784554,0.29739561676979065,0.2776268422603607,-0.036419279873371124,0.29269278049468994,0.38897088170051575,-0.04469054192304611,0.3636983036994934,0.4092622995376587,-0.06433434039354324,0.3480710983276367,0.427569180727005,-0.06742571294307709,0.32522478699684143,0.42290395498275757,-0.06878144294023514,0.29139837622642517,0.4305388629436493,-0.05066193640232086,0.3659626245498657,0.4528459310531616,-0.06713143736124039,0.3478642404079437,0.46464112401008606,-0.0632665827870369,0.32686272263526917,0.46300360560417175,-0.06210019439458847,0.29389768838882446,0.477709025144577,-0.055899493396282196,0.36352744698524475,0.4980335831642151,-0.07112883031368256,0.34645408391952515,0.5053712725639343,-0.06491795927286148,0.32629936933517456,0.5012634992599487,-0.0617438443005085,0.29760414361953735,0.5250802636146545,-0.061065271496772766,0.3490299880504608,0.5405018925666809,-0.07598178833723068,0.37600934505462646,0.550844669342041,-0.07893228530883789,0.40210920572280884,0.5559872984886169,-0.0807323083281517
30,left,0,0,0,0,0,0,0,0,0,0,0,0,0,0,0,0,0,0,0,0,0,0,0,0,0,0,0,0,0,0,0,0,0,0,0,0,0,0,0,0,0,0,0,0,0,0,0,0,0,0,0,0,0,0,0,0,0,0,0,0,0,0,0
31,right,0.2418229579925537,0.5348711013793945,-1.9601722556217283e-07,0.25810161232948303,0.4669593870639801,-0.0075552561320364475,0.28944459557533264,0.389005184173584,-0.018740125000476837,0.3061828017234802,0.32772549986839294,-0.028111198917031288,0.2959551215171814,0.27915769815444946,-0.0349135585129261,0.2928510010242462,0.3909370005130768,-0.043816760182380676,0.36350396275520325,0.41118717193603516,-0.06337083876132965,0.34740281105041504,0.43076857924461365,-0.06637559831142426,0.32428476214408875,0.4267982542514801,-0.06765957921743393,0.2911818325519562,0.4328537881374359,-0.05012454837560654,0.36528027057647705,0.45606356859207153,-0.06618819385766983,0.3466974198818207,0.4678370952606201,-0.062056370079517365,0.325880229473114,0.4657403230667114,-0.060864340513944626,0.29325997829437256,0.48020800948143005,-0.055739279836416245,0.36244040727615356,0.5018396377563477,-0.0711316391825676,0.34533554315567017,0.5091286301612854,-0.06508178263902664,0.3254097104072571,0.5050337314605713,-0.061917174607515335,0.2967272996902466,0.5272935032844543,-0.06122322753071785,0.3492414057254791,0.542862057685852,-0.07609496265649796,0.37594783306121826,0.552817702293396,-0.0787569060921669,0.4015447497367859,0.5574508309364319,-0.08024299889802933
31,left,0,0,0,0,0,0,0,0,0,0,0,0,0,0,0,0,0,0,0,0,0,0,0,0,0,0,0,0,0,0,0,0,0,0,0,0,0,0,0,0,0,0,0,0,0,0,0,0,0,0,0,0,0,0,0,0,0,0,0,0,0,0,0
32,right,0.24150460958480835,0.5349774360656738,-1.8991195815942774e-07,0.2580460011959076,0.4672470986843109,-0.007297740317881107,0.2891087830066681,0.3890935182571411,-0.018614977598190308,0.30556440353393555,0.32802271842956543,-0.02809293381869793,0.2952565550804138,0.2795785069465637,-0.03508531302213669,0.29214799404144287,0.39175090193748474,-0.04423626512289047,0.36302465200424194,0.4114058017730713,-0.06365271657705307,0.3473331928253174,0.43062955141067505,-0.06658580899238586,0.32352814078330994,0.4269152283668518,-0.06780383735895157,0.2907746136188507,0.4337863028049469,-0.0505465492606163,0.3656316101551056,0.4552440047264099,-0.06624322384595871,0.34751591086387634,0.46749722957611084,-0.06187938153743744,0.32616767287254333,0.4664297103881836,-0.06059182062745094,0.29326432943344116,0.48101523518562317,-0.05602724477648735,0.3635430335998535,0.5000153183937073,-0.07034735381603241,0.34661656618118286,0.5074795484542847,-0.06324237585067749,0.32615458965301514,0.5039405226707458,-0.05970144644379616,0.296796590089798,0.5281246304512024,-0.06142929568886757,0.3483344316482544,0.5423927307128906,-0.07545490562915802,0.374810129404068,0.5518637895584106,-0.07735893130302429,0.4002717435359955,0.5560793280601501,-0.07852833718061447
32,left,0,0,0,0,0,0,0,0,0,0,0,0,0,0,0,0,0,0,0,0,0,0,0,0,0,0,0,0,0,0,0,0,0,0,0,0,0,0,0,0,0,0,0,0,0,0,0,0,0,0,0,0,0,0,0,0,0,0,0,0,0,0,0
33,right,0.24042707681655884,0.5394879579544067,-1.9505338855196896e-07,0.2569747567176819,0.4717075228691101,-0.007751092780381441,0.2890985906124115,0.39321187138557434,-0.01892976462841034,0.3068177402019501,0.33149921894073486,-0.028367435559630394,0.2975999414920807,0.28267902135849,-0.03529154136776924,0.29214322566986084,0.3941645622253418,-0.0427282340824604,0.36283737421035767,0.4140172600746155,-0.06279373168945312,0.34717047214508057,0.4341851770877838,-0.06676827371120453,0.3241804540157318,0.4312233626842499,-0.06846214830875397,0.2903377413749695,0.43547549843788147,-0.04884843900799751,0.3658038377761841,0.45816951990127563,-0.06541214883327484,0.34798842668533325,0.4713709056377411,-0.062208592891693115,0.3266124725341797,0.47103506326675415,-0.06121579557657242,0.2927952706813812,0.48265060782432556,-0.054295863956213,0.36339783668518066,0.5033780932426453,-0.06968886405229568,0.3469633460044861,0.5118111968040466,-0.06385728716850281,0.3268975019454956,0.508978009223938,-0.060473207384347916,0.2966431677341461,0.5301023721694946,-0.05964502692222595,0.3491414785385132,0.545563817024231,-0.07383188605308533,0.37561386823654175,0.5552613139152527,-0.07607166469097137,0.4007917642593384,0.5596560835838318,-0.07712893933057785
33,left,0,0,0,0,0,0,0,0,0,0,0,0,0,0,0,0,0,0,0,0,0,0,0,0,0,0,0,0,0,0,0,0,0,0,0,0,0,0,0,0,0,0,0,0,0,0,0,0,0,0,0,0,0,0,0,0,0,0,0,0,0,0,0
34,right,0.241146057844162,0.5436975955963135,-1.9880597790233878e-07,0.25761157274246216,0.47484487295150757,-0.008101314306259155,0.2895162105560303,0.39612632989883423,-0.019497761502861977,0.3070200979709625,0.333936482667923,-0.0289863683283329,0.29746583104133606,0.28458380699157715,-0.03591318801045418,0.29281580448150635,0.39688989520072937,-0.04351036995649338,0.3641519546508789,0.4173055589199066,-0.06323115527629852,0.34785589575767517,0.4373272955417633,-0.0668613463640213,0.32388776540756226,0.4339196979999542,-0.06848687678575516,0.2909054160118103,0.4385364055633545,-0.04943711683154106,0.3665889501571655,0.4623415470123291,-0.06532115489244461,0.34792083501815796,0.47517064213752747,-0.061605021357536316,0.3262139558792114,0.47435271739959717,-0.0606357604265213,0.2931949496269226,0.4858485162258148,-0.054695989936590195,0.36386609077453613,0.5079469680786133,-0.06958788633346558,0.3464692533016205,0.5157047510147095,-0.06343802064657211,0.32576003670692444,0.512495219707489,-0.06021237000823021,0.2969188988208771,0.5331616401672363,-0.059915728867053986,0.3494771420955658,0.5495142340660095,-0.0741090327501297,0.37596940994262695,0.5597478747367859,-0.07634265720844269,0.40121060609817505,0.5647518634796143,-0.07752138376235962
34,left,0,0,0,0,0,0,0,0,0,0,0,0,0,0,0,0,0,0,0,0,0,0,0,0,0,0,0,0,0,0,0,0,0,0,0,0,0,0,0,0,0,0,0,0,0,0,0,0,0,0,0,0,0,0,0,0,0,0,0,0,0,0,0
35,right,0.23977051675319672,0.5469291806221008,-2.097413869250886e-07,0.25697219371795654,0.4782998561859131,-0.008304433897137642,0.28945767879486084,0.3985803723335266,-0.019401757046580315,0.3071342408657074,0.3361433744430542,-0.028545193374156952,0.29736170172691345,0.28678590059280396,-0.0350380577147007,0.2931787073612213,0.40002477169036865,-0.04231483116745949,0.36387813091278076,0.41979190707206726,-0.06198764964938164,0.3471497595310211,0.43932366371154785,-0.06577808409929276,0.3231215476989746,0.4357578158378601,-0.06741999834775925,0.2917376458644867,0.44248539209365845,-0.048004910349845886,0.3666268289089203,0.4647716283798218,-0.06376437097787857,0.3477632403373718,0.4773378372192383,-0.06018481403589249,0.32621583342552185,0.47664114832878113,-0.05920209735631943,0.2940831184387207,0.49011045694351196,-0.05312664434313774,0.364019513130188,0.5104112029075623,-0.06796421855688095,0.347074031829834,0.5183145403862,-0.06190017610788345,0.32673999667167664,0.5156717896461487,-0.05860299617052078,0.2976312041282654,0.5371136665344238,-0.05822879821062088,0.35036700963974,0.5520214438438416,-0.07215817272663116,0.3764304518699646,0.5625218152999878,-0.07418487221002579,0.40110933780670166,0.5678802728652954,-0.07515479624271393
35,left,0,0,0,0,0,0,0,0,0,0,0,0,0,0,0,0,0,0,0,0,0,0,0,0,0,0,0,0,0,0,0,0,0,0,0,0,0,0,0,0,0,0,0,0,0,0,0,0,0,0,0,0,0,0,0,0,0,0,0,0,0,0,0
36,right,0.24063992500305176,0.54693603515625,-1.931928039766717e-07,0.2581121623516083,0.4784647226333618,-0.0070799714885652065,0.2899762988090515,0.3996773362159729,-0.018518486991524696,0.30664196610450745,0.3378058075904846,-0.028141599148511887,0.29706379771232605,0.28822845220565796,-0.035343389958143234,0.29315802454948425,0.40052974224090576,-0.044085606932640076,0.363949179649353,0.42136967182159424,-0.06327412277460098,0.3481913208961487,0.44012558460235596,-0.06654524058103561,0.32407861948013306,0.4361814260482788,-0.0681537315249443,0.2912963032722473,0.4429346024990082,-0.05046624690294266,0.3668762147426605,0.46505722403526306,-0.06575783342123032,0.3487827181816101,0.4775562882423401,-0.061671335250139236,0.3272837996482849,0.476975679397583,-0.06078658625483513,0.2935672104358673,0.4905625581741333,-0.05587783083319664,0.36504682898521423,0.5102338790893555,-0.06938996911048889,0.3481087386608124,0.5175082087516785,-0.06175561249256134,0.32714855670928955,0.5143226385116577,-0.05812041088938713,0.29658693075180054,0.5379108190536499,-0.06126291677355766,0.34796974062919617,0.5528564453125,-0.0745014101266861,0.3744608163833618,0.562629222869873,-0.07570727169513702,0.399740993976593,0.5672889351844788,-0.07649397850036621
36,left,0,0,0,0,0,0,0,0,0,0,0,0,0,0,0,0,0,0,0,0,0,0,0,0,0,0,0,0,0,0,0,0,0,0,0,0,0,0,0,0,0,0,0,0,0,0,0,0,0,0,0,0,0,0,0,0,0,0,0,0,0,0,0
