1,right,0,0,0,0,0,0,0,0,0,0,0,0,0,0,0,0,0,0,0,0,0,0,0,0,0,0,0,0,0,0,0,0,0,0,0,0,0,0,0,0,0,0,0,0,0,0,0,0,0,0,0,0,0,0,0,0,0,0,0,0,0,0,0
1,left,0,0,0,0,0,0,0,0,0,0,0,0,0,0,0,0,0,0,0,0,0,0,0,0,0,0,0,0,0,0,0,0,0,0,0,0,0,0,0,0,0,0,0,0,0,0,0,0,0,0,0,0,0,0,0,0,0,0,0,0,0,0,0
2,right,0,0,0,0,0,0,0,0,0,0,0,0,0,0,0,0,0,0,0,0,0,0,0,0,0,0,0,0,0,0,0,0,0,0,0,0,0,0,0,0,0,0,0,0,0,0,0,0,0,0,0,0,0,0,0,0,0,0,0,0,0,0,0
2,left,0,0,0,0,0,0,0,0,0,0,0,0,0,0,0,0,0,0,0,0,0,0,0,0,0,0,0,0,0,0,0,0,0,0,0,0,0,0,0,0,0,0,0,0,0,0,0,0,0,0,0,0,0,0,0,0,0,0,0,0,0,0,0
3,right,0,0,0,0,0,0,0,0,0,0,0,0,0,0,0,0,0,0,0,0,0,0,0,0,0,0,0,0,0,0,0,0,0,0,0,0,0,0,0,0,0,0,0,0,0,0,0,0,0,0,0,0,0,0,0,0,0,0,0,0,0,0,0
3,left,0,0,0,0,0,0,0,0,0,0,0,0,0,0,0,0,0,0,0,0,0,0,0,0,0,0,0,0,0,0,0,0,0,0,0,0,0,0,0,0,0,0,0,0,0,0,0,0,0,0,0,0,0,0,0,0,0,0,0,0,0,0,0
4,right,0,0,0,0,0,0,0,0,0,0,0,0,0,0,0,0,0,0,0,0,0,0,0,0,0,0,0,0,0,0,0,0,0,0,0,0,0,0,0,0,0,0,0,0,0,0,0,0,0,0,0,0,0,0,0,0,0,0,0,0,0,0,0
4,left,0,0,0,0,0,0,0,0,0,0,0,0,0,0,0,0,0,0,0,0,0,0,0,0,0,0,0,0,0,0,0,0,0,0,0,0,0,0,0,0,0,0,0,0,0,0,0,0,0,0,0,0,0,0,0,0,0,0,0,0,0,0,0
5,right,0,0,0,0,0,0,0,0,0,0,0,0,0,0,0,0,0,0,0,0,0,0,0,0,0,0,0,0,0,0,0,0,0,0,0,0,0,0,0,0,0,0,0,0,0,0,0,0,0,0,0,0,0,0,0,0,0,0,0,0,0,0,0
5,left,0,0,0,0,0,0,0,0,0,0,0,0,0,0,0,0,0,0,0,0,0,0,0,0,0,0,0,0,0,0,0,0,0,0,0,0,0,0,0,0,0,0,0,0,0,0,0,0,0,0,0,0,0,0,0,0,0,0,0,0,0,0,0
6,right,0.29424527287483215,0.862647294998169,-5.129392661729071e-07,0.34394755959510803,0.8398641347885132,-0.018384777009487152,0.383381724357605,0.7896537184715271,-0.03193581849336624,0.41283130645751953,0.7476814985275269,-0.0446736104786396,0.44778814911842346,0.7162713408470154,-0.05687800049781799,0.35586708784103394,0.6948717832565308,-0.03273804113268852,0.364909827709198,0.7771012187004089,-0.06404787302017212,0.3566626310348511,0.8322789669036865,-0.08578041195869446,0.347134530544281,0.8645314574241638,-0.096186563372612,0.3144353926181793,0.6966373920440674,-0.034705620259046555,0.32520633935928345,0.784780740737915,-0.05989432334899902,0.32241886854171753,0.8342198133468628,-0.06931763142347336,0.3178178369998932,0.864867627620697,-0.07422780245542526,0.27766749262809753,0.7178439497947693,-0.03897542133927345,0.2858325242996216,0.7817819714546204,-0.06222119554877281,0.2889902889728546,0.8232585787773132,-0.061934057623147964,0.28943413496017456,0.8476865887641907,-0.058460406959056854,0.24658051133155823,0.749616265296936,-0.04482781141996384,0.2440539002418518,0.7632437944412231,-0.05911710858345032,0.24397027492523193,0.7749353051185608,-0.056507233530282974,0.24124309420585632,0.779291033744812,-0.051597028970718384
6,left,0,0,0,0,0,0,0,0,0,0,0,0,0,0,0,0,0,0,0,0,0,0,0,0,0,0,0,0,0,0,0,0,0,0,0,0,0,0,0,0,0,0,0,0,0,0,0,0,0,0,0,0,0,0,0,0,0,0,0,0,0,0,0
7,right,0.2849954664707184,0.7573022842407227,-6.149289220047649e-07,0.3411692678928375,0.7398200035095215,-0.02126620151102543,0.38622236251831055,0.6926254630088806,-0.03466359153389931,0.4189659059047699,0.6558825373649597,-0.0480390265583992,0.4536459147930145,0.6276829838752747,-0.060206782072782516,0.3615711033344269,0.5908529162406921,-0.02731197513639927,0.3631118834018707,0.656708836555481,-0.059746842831373215,0.3488822281360626,0.7088795304298401,-0.08251596987247467,0.33830592036247253,0.7448455691337585,-0.09250572323799133,0.3211538791656494,0.5858113765716553,-0.028061984106898308,0.3256166875362396,0.6604710817337036,-0.05580830201506615,0.31514492630958557,0.7120454907417297,-0.06750688701868057,0.3081895112991333,0.7466568946838379,-0.07205856591463089,0.28341078758239746,0.6056180000305176,-0.0321185402572155,0.2888469696044922,0.6564658880233765,-0.06232535094022751,0.28428834676742554,0.706760823726654,-0.06434666365385056,0.28277283906936646,0.7419267892837524,-0.05877199396491051,0.25078701972961426,0.6375741958618164,-0.03771139681339264,0.2405928671360016,0.6121665835380554,-0.05867808684706688,0.22763578593730927,0.5877654552459717,-0.06049257516860962,0.21624436974525452,0.5656156539916992,-0.05672433599829674
7,left,0,0,0,0,0,0,0,0,0,0,0,0,0,0,0,0,0,0,0,0,0,0,0,0,0,0,0,0,0,0,0,0,0,0,0,0,0,0,0,0,0,0,0,0,0,0,0,0,0,0,0,0,0,0,0,0,0,0,0,0,0,0,0
8,right,0.28826814889907837,0.674911618232727,-7.121618068595126e-07,0.3501284718513489,0.6558345556259155,-0.02004624344408512,0.3964955806732178,0.6109054684638977,-0.03221197798848152,0.4277611970901489,0.5730284452438354,-0.04528072848916054,0.4621720016002655,0.5529889464378357,-0.05674997344613075,0.36880454421043396,0.5050965547561646,-0.02377399429678917,0.3657272458076477,0.5612700581550598,-0.05187982693314552,0.3511464595794678,0.6113250255584717,-0.07058770954608917,0.34117621183395386,0.6466662883758545,-0.07762077450752258,0.3277217447757721,0.49572300910949707,-0.025343338027596474,0.3265579044818878,0.5585470795631409,-0.052106477320194244,0.31566321849823,0.6133776903152466,-0.06394166499376297,0.30813977122306824,0.6510070562362671,-0.06762958317995071,0.2895679473876953,0.5086454749107361,-0.029440991580486298,0.2867635488510132,0.5491334199905396,-0.06082532927393913,0.28441768884658813,0.6036235094070435,-0.06534602493047714,0.2849523723125458,0.6413153409957886,-0.059843651950359344,0.2546788156032562,0.5318202972412109,-0.03466470539569855,0.24340341985225677,0.4927395284175873,-0.05371338501572609,0.2308046817779541,0.46010392904281616,-0.05472021922469139,0.21941205859184265,0.4303991496562958,-0.05034501105546951
8,left,0,0,0,0,0,0,0,0,0,0,0,0,0,0,0,0,0,0,0,0,0,0,0,0,0,0,0,0,0,0,0,0,0,0,0,0,0,0,0,0,0,0,0,0,0,0,0,0,0,0,0,0,0,0,0,0,0,0,0,0,0,0,0
9,right,0.2873085141181946,0.6086955070495605,-6.927124331923551e-07,0.3478950560092926,0.5924298167228699,-0.02661980874836445,0.3955329656600952,0.5522394180297852,-0.041535742580890656,0.4270501732826233,0.5134778022766113,-0.05562218278646469,0.46054497361183167,0.48646825551986694,-0.0665617361664772,0.3757511079311371,0.4396485686302185,-0.030174309387803078,0.3670710623264313,0.4823434352874756,-0.05987793207168579,0.3488885164260864,0.5338090658187866,-0.07776907086372375,0.33641868829727173,0.5727658271789551,-0.08383585512638092,0.33583080768585205,0.4241604506969452,-0.02854190021753311,0.326463520526886,0.4762688875198364,-0.05781368166208267,0.31179341673851013,0.5340947508811951,-0.06865935027599335,0.3044710159301758,0.5737701058387756,-0.07121632248163223,0.29629597067832947,0.4334280490875244,-0.030200757086277008,0.2879142165184021,0.46800288558006287,-0.0637199878692627,0.2831360101699829,0.5246137976646423,-0.06769797950983047,0.2839057147502899,0.5655115842819214,-0.06179845333099365,0.25975140929222107,0.4527294635772705,-0.033437181264162064,0.24944089353084564,0.40950334072113037,-0.05484206974506378,0.23680096864700317,0.3750261664390564,-0.05726638436317444,0.22582000494003296,0.3431508243083954,-0.053803447633981705
9,left,0,0,0,0,0,0,0,0,0,0,0,0,0,0,0,0,0,0,0,0,0,0,0,0,0,0,0,0,0,0,0,0,0,0,0,0,0,0,0,0,0,0,0,0,0,0,0,0,0,0,0,0,0,0,0,0,0,0,0,0,0,0,0
10,right,0.28933894634246826,0.5706626772880554,-5.079981519884313e-07,0.34760504961013794,0.5575098991394043,-0.02504877559840679,0.39461562037467957,0.5111163258552551,-0.03651769086718559,0.42837804555892944,0.4689229726791382,-0.04725537821650505,0.46308332681655884,0.4440913200378418,-0.05497128516435623,0.37565261125564575,0.40431493520736694,-0.0239222664386034,0.3643346130847931,0.4374496340751648,-0.05175088718533516,0.3444886803627014,0.48941847681999207,-0.06863905489444733,0.33058351278305054,0.5297865867614746,-0.07353825867176056,0.337129682302475,0.38591355085372925,-0.020803388208150864,0.3254115581512451,0.4330693483352661,-0.04798620939254761,0.3119186758995056,0.4913090765476227,-0.05707326531410217,0.30500850081443787,0.5324006676673889,-0.057530730962753296,0.2986719608306885,0.3908953070640564,-0.02135901153087616,0.2889019250869751,0.4189309775829315,-0.05224195122718811,0.2837994694709778,0.47485363483428955,-0.05388781055808067,0.28397509455680847,0.5174568295478821,-0.04592261463403702,0.2616681754589081,0.4065781235694885,-0.023521868512034416,0.25288140773773193,0.3616861402988434,-0.04421916976571083,0.24033260345458984,0.3282909393310547,-0.04629421606659889,0.22985079884529114,0.29550960659980774,-0.0417415089905262
10,left,0,0,0,0,0,0,0,0,0,0,0,0,0,0,0,0,0,0,0,0,0,0,0,0,0,0,0,0,0,0,0,0,0,0,0,0,0,0,0,0,0,0,0,0,0,0,0,0,0,0,0,0,0,0,0,0,0,0,0,0,0,0,0
11,right,0.28766074776649475,0.5587759613990784,-5.274111458675179e-07,0.3432951271533966,0.548237144947052,-0.02737889625132084,0.39010900259017944,0.49940016865730286,-0.03963487222790718,0.42487671971321106,0.45669180154800415,-0.050762493163347244,0.4602859616279602,0.43364274501800537,-0.05834338814020157,0.37693360447883606,0.3976568579673767,-0.025105470791459084,0.3609306812286377,0.42487844824790955,-0.05267544835805893,0.34092122316360474,0.4752901792526245,-0.0683622807264328,0.33041995763778687,0.5130903124809265,-0.0728752389550209,0.3378271758556366,0.37832656502723694,-0.021781180053949356,0.32495126128196716,0.41623130440711975,-0.05130540207028389,0.3123554587364197,0.47584307193756104,-0.060899268835783005,0.30729663372039795,0.5153424143791199,-0.061552517116069794,0.29892635345458984,0.38074958324432373,-0.02243061736226082,0.28829866647720337,0.4030643403530121,-0.05559084936976433,0.2840384542942047,0.4610852599143982,-0.05884488299489021,0.28477799892425537,0.5032212138175964,-0.05176752433180809,0.2616139352321625,0.3928144872188568,-0.024772120639681816,0.2514757215976715,0.3431421220302582,-0.04537505656480789,0.23903495073318481,0.30856800079345703,-0.0482565313577652,0.22893071174621582,0.27560922503471375,-0.04490349069237709
11,left,0,0,0,0,0,0,0,0,0,0,0,0,0,0,0,0,0,0,0,0,0,0,0,0,0,0,0,0,0,0,0,0,0,0,0,0,0,0,0,0,0,0,0,0,0,0,0,0,0,0,0,0,0,0,0,0,0,0,0,0,0,0,0
12,right,0.28904640674591064,0.5578656792640686,-5.442845463221602e-07,0.34375813603401184,0.5458932518959045,-0.025777192786335945,0.389285683631897,0.49411606788635254,-0.03771867975592613,0.42314988374710083,0.45035943388938904,-0.04860459640622139,0.4577241539955139,0.42577576637268066,-0.0564468652009964,0.3711342215538025,0.39263230562210083,-0.027644533663988113,0.35561084747314453,0.4225130081176758,-0.05482479929924011,0.33692315220832825,0.47267892956733704,-0.07065346091985703,0.327020525932312,0.5102933049201965,-0.0757538303732872,0.33134981989860535,0.37595969438552856,-0.02525969222187996,0.3208676874637604,0.4164615571498871,-0.05452263355255127,0.30957967042922974,0.47407472133636475,-0.06466158479452133,0.3043886125087738,0.5151381492614746,-0.06639666110277176,0.292263388633728,0.38095128536224365,-0.026355210691690445,0.2849094271659851,0.4041173458099365,-0.058707308024168015,0.28256160020828247,0.4606265127658844,-0.06262823939323425,0.28356897830963135,0.5042992830276489,-0.05685602128505707,0.2562171518802643,0.3967142403125763,-0.029006946831941605,0.24323123693466187,0.3477287292480469,-0.04945618286728859,0.229646235704422,0.3112064599990845,-0.05324585363268852,0.21897390484809875,0.27658191323280334,-0.05122923478484154
12,left,0,0,0,0,0,0,0,0,0,0,0,0,0,0,0,0,0,0,0,0,0,0,0,0,0,0,0,0,0,0,0,0,0,0,0,0,0,0,0,0,0,0,0,0,0,0,0,0,0,0,0,0,0,0,0,0,0,0,0,0,0,0,0
13,right,0.28461289405822754,0.5634552836418152,-5.86588043915981e-07,0.3433550298213959,0.5448706150054932,-0.02699168212711811,0.38458356261253357,0.4944447875022888,-0.039704784750938416,0.4144372344017029,0.4493967592716217,-0.0503033846616745,0.44590330123901367,0.41939300298690796,-0.057798050343990326,0.3563186228275299,0.391616553068161,-0.035485830157995224,0.3426528871059418,0.43641483783721924,-0.0634227842092514,0.33074328303337097,0.49001386761665344,-0.07862862199544907,0.3250851035118103,0.5228468775749207,-0.08415768295526505,0.3161444067955017,0.3778279721736908,-0.032495785504579544,0.3051854074001312,0.43539008498191833,-0.059833087027072906,0.29982081055641174,0.4955139756202698,-0.0672110766172409,0.29889196157455444,0.5296691656112671,-0.06910603493452072,0.2771269679069519,0.3897969126701355,-0.03281891345977783,0.2682681679725647,0.4266248345375061,-0.06694264709949493,0.273023396730423,0.48507875204086304,-0.07071738690137863,0.2787352204322815,0.5246061682701111,-0.06639882922172546,0.2427336871623993,0.41468390822410583,-0.034342505037784576,0.22191235423088074,0.37401944398880005,-0.05986668914556503,0.2000901997089386,0.34567850828170776,-0.06563093513250351,0.1799539178609848,0.31423062086105347,-0.06538643687963486
13,left,0,0,0,0,0,0,0,0,0,0,0,0,0,0,0,0,0,0,0,0,0,0,0,0,0,0,0,0,0,0,0,0,0,0,0,0,0,0,0,0,0,0,0,0,0,0,0,0,0,0,0,0,0,0,0,0,0,0,0,0,0,0,0
14,right,0.28110769391059875,0.5868140459060669,-6.593462558157626e-07,0.339107483625412,0.5604957342147827,-0.024688737466931343,0.37771278619766235,0.5057251453399658,-0.0375390350818634,0.40506887435913086,0.45541366934776306,-0.04754556715488434,0.4371967315673828,0.4183456301689148,-0.0552736259996891,0.33896389603614807,0.4123969078063965,-0.04201311245560646,0.3339305520057678,0.477713942527771,-0.06711061298847198,0.3309415578842163,0.5318400263786316,-0.08106650412082672,0.3291652202606201,0.5672098994255066,-0.08666159957647324,0.2964886724948883,0.4084480404853821,-0.0401155985891819,0.2936564087867737,0.48909667134284973,-0.0630013570189476,0.299923837184906,0.5433703660964966,-0.07042130827903748,0.3052789866924286,0.5764188766479492,-0.07513642311096191,0.25880932807922363,0.42889273166656494,-0.040270280092954636,0.2564210891723633,0.4852752089500427,-0.06976506114006042,0.27068042755126953,0.5393447875976562,-0.07522044330835342,0.28294724225997925,0.5776541829109192,-0.07505574077367783,0.2282772958278656,0.4614517092704773,-0.04136747121810913,0.20297876000404358,0.4429885447025299,-0.06444171816110611,0.1776343435049057,0.42779645323753357,-0.07045170664787292,0.15440833568572998,0.40948981046676636,-0.07228633761405945
14,left,0,0,0,0,0,0,0,0,0,0,0,0,0,0,0,0,0,0,0,0,0,0,0,0,0,0,0,0,0,0,0,0,0,0,0,0,0,0,0,0,0,0,0,0,0,0,0,0,0,0,0,0,0,0,0,0,0,0,0,0,0,0,0
15,right,0.2770965099334717,0.6045031547546387,-5.5213450878e-07,0.33721721172332764,0.5738786458969116,-0.022821106016635895,0.3756934106349945,0.5114291310310364,-0.0343964621424675,0.4023163318634033,0.4567878544330597,-0.04270738363265991,0.43304044008255005,0.4138574004173279,-0.04962402582168579,0.32729005813598633,0.4281185269355774,-0.04368213191628456,0.3319918215274811,0.5003266334533691,-0.06816115975379944,0.3353497385978699,0.5551236271858215,-0.08364831656217575,0.3368229269981384,0.5863505601882935,-0.09141948819160461,0.28532150387763977,0.4336717426776886,-0.04326486960053444,0.295661598443985,0.5194057822227478,-0.06462608277797699,0.3074989318847656,0.5713924169540405,-0.07391544431447983,0.31477653980255127,0.6038315296173096,-0.08135885745286942,0.24906402826309204,0.45897936820983887,-0.04461140185594559,0.25815171003341675,0.5218634605407715,-0.07328127324581146,0.27931588888168335,0.5700981020927429,-0.08182958513498306,0.29474762082099915,0.6032932996749878,-0.08527203649282455,0.22291220724582672,0.4957391023635864,-0.04657834395766258,0.19710944592952728,0.4848269820213318,-0.07093150913715363,0.1716383397579193,0.4718232750892639,-0.0791277140378952,0.1493750512599945,0.4543269872665405,-0.08343633264303207
15,left,0,0,0,0,0,0,0,0,0,0,0,0,0,0,0,0,0,0,0,0,0,0,0,0,0,0,0,0,0,0,0,0,0,0,0,0,0,0,0,0,0,0,0,0,0,0,0,0,0,0,0,0,0,0,0,0,0,0,0,0,0,0,0
16,right,0.268146812915802,0.6374494433403015,-2.1680497752640804e-07,0.33293744921684265,0.5942488312721252,-0.023187046870589256,0.36918357014656067,0.5249210596084595,-0.034912869334220886,0.3908172845840454,0.4663347601890564,-0.04375852644443512,0.41420045495033264,0.414922297000885,-0.05110414698719978,0.31652721762657166,0.46137773990631104,-0.039569754153490067,0.33544906973838806,0.5449858903884888,-0.06761369854211807,0.34420570731163025,0.6050006151199341,-0.08443362265825272,0.3469834327697754,0.6303439736366272,-0.09355360269546509,0.2725871801376343,0.47905561327934265,-0.038436178117990494,0.3017425835132599,0.569187343120575,-0.05948387086391449,0.3170865774154663,0.617371141910553,-0.06598470360040665,0.32067278027534485,0.6422153115272522,-0.07164580374956131,0.24011558294296265,0.5098345875740051,-0.03936038911342621,0.27368226647377014,0.5915104150772095,-0.060122642666101456,0.29199230670928955,0.6254419684410095,-0.058842845261096954,0.2985129952430725,0.6400899291038513,-0.056715257465839386,0.2175719141960144,0.5459995269775391,-0.04270412400364876,0.24637261033058167,0.6009975075721741,-0.05888812616467476,0.27031296491622925,0.6265305280685425,-0.058587513864040375,0.28510063886642456,0.6390304565429688,-0.05589541047811508
16,left,0,0,0,0,0,0,0,0,0,0,0,0,0,0,0,0,0,0,0,0,0,0,0,0,0,0,0,0,0,0,0,0,0,0,0,0,0,0,0,0,0,0,0,0,0,0,0,0,0,0,0,0,0,0,0,0,0,0,0,0,0,0,0
17,right,0.2531224191188812,0.6475467681884766,-3.4833706763492955e-07,0.3130125105381012,0.6013274192810059,-0.018551161512732506,0.35009488463401794,0.5387019515037537,-0.030022449791431427,0.37110817432403564,0.4866131842136383,-0.04024437814950943,0.38829708099365234,0.4309629797935486,-0.0500326007604599,0.3058185875415802,0.5011833906173706,-0.03335361182689667,0.34294435381889343,0.5789782404899597,-0.06306655704975128,0.35487809777259827,0.6240883469581604,-0.08411594480276108,0.3556849956512451,0.6467917561531067,-0.09530024975538254,0.2705345153808594,0.5274250507354736,-0.03482340648770332,0.3217470645904541,0.6156235337257385,-0.05293336883187294,0.3362489342689514,0.643706738948822,-0.06045787036418915,0.3374974727630615,0.656171977519989,-0.06788961589336395,0.24657990038394928,0.5652490258216858,-0.0384913794696331,0.2971692979335785,0.6386363506317139,-0.056002404540777206,0.31334489583969116,0.6547768115997314,-0.054984211921691895,0.31729039549827576,0.6560697555541992,-0.054308727383613586,0.23062241077423096,0.6057822704315186,-0.04444267600774765,0.2713507115840912,0.6570931673049927,-0.058654483407735825,0.29545971751213074,0.6703348755836487,-0.05788709595799446,0.3090105354785919,0.6742591261863708,-0.05561324581503868
17,left,0,0,0,0,0,0,0,0,0,0,0,0,0,0,0,0,0,0,0,0,0,0,0,0,0,0,0,0,0,0,0,0,0,0,0,0,0,0,0,0,0,0,0,0,0,0,0,0,0,0,0,0,0,0,0,0,0,0,0,0,0,0,0
18,right,0.24778473377227783,0.6452968120574951,-1.8649659239144967e-07,0.30062657594680786,0.5994124412536621,-0.021598609164357185,0.33443745970726013,0.542008638381958,-0.033374786376953125,0.3540675938129425,0.4899422526359558,-0.042304642498493195,0.36361145973205566,0.43446817994117737,-0.050083503127098083,0.2942664921283722,0.5245785713195801,-0.04308139905333519,0.34457850456237793,0.5928706526756287,-0.06987098604440689,0.3541722893714905,0.6268562078475952,-0.08560255914926529,0.3468763828277588,0.6364772915840149,-0.09480681270360947,0.26451751589775085,0.5559648275375366,-0.0440538190305233,0.3327329158782959,0.6335335373878479,-0.06328478455543518,0.33399686217308044,0.6521860361099243,-0.06871651113033295,0.31944650411605835,0.6510921120643616,-0.07556242495775223,0.2450130730867386,0.5957854390144348,-0.04662906005978584,0.3134462535381317,0.6650302410125732,-0.0650286078453064,0.3123224377632141,0.6711041927337646,-0.061522748321294785,0.296707421541214,0.6597192287445068,-0.060078512877225876,0.23227272927761078,0.6371323466300964,-0.05152924358844757,0.28819337487220764,0.6850287914276123,-0.06711913645267487,0.2969609200954437,0.6861895322799683,-0.06590699404478073,0.291413277387619,0.6784465312957764,-0.06435594707727432
18,left,0,0,0,0,0,0,0,0,0,0,0,0,0,0,0,0,0,0,0,0,0,0,0,0,0,0,0,0,0,0,0,0,0,0,0,0,0,0,0,0,0,0,0,0,0,0,0,0,0,0,0,0,0,0,0,0,0,0,0,0,0,0,0
19,right,0.22740280628204346,0.6428501605987549,-2.0870157868557726e-07,0.27302446961402893,0.5872823596000671,-0.016843732446432114,0.3095054626464844,0.5321033596992493,-0.02949933521449566,0.3291052281856537,0.48246267437934875,-0.0399821512401104,0.3361641466617584,0.42214909195899963,-0.04942036047577858,0.27862003445625305,0.5327811241149902,-0.04788273572921753,0.34700196981430054,0.5945707559585571,-0.06614912301301956,0.33654385805130005,0.6077750325202942,-0.06965508311986923,0.3128824830055237,0.5990491509437561,-0.07198527455329895,0.25346991419792175,0.5750280022621155,-0.052839864045381546,0.33088043332099915,0.6406739950180054,-0.063445083796978,0.31579187512397766,0.6443105936050415,-0.0592973418533802,0.29576337337493896,0.6303771138191223,-0.061529695987701416,0.23543044924736023,0.6215844750404358,-0.05846315994858742,0.3072162866592407,0.6753736138343811,-0.07391625642776489,0.29946860671043396,0.6715847253799438,-0.07084804028272629,0.28633344173431396,0.6559197306632996,-0.07247177511453629,0.22222614288330078,0.6651487350463867,-0.06548919528722763,0.2662072777748108,0.7172210812568665,-0.08411826193332672,0.2688482403755188,0.729803740978241,-0.08695224672555923,0.2653573155403137,0.7366625070571899,-0.08991076052188873
19,left,0,0,0,0,0,0,0,0,0,0,0,0,0,0,0,0,0,0,0,0,0,0,0,0,0,0,0,0,0,0,0,0,0,0,0,0,0,0,0,0,0,0,0,0,0,0,0,0,0,0,0,0,0,0,0,0,0,0,0,0,0,0,0
20,right,0.20452460646629333,0.6582361459732056,-2.139478141316431e-07,0.25203871726989746,0.5854109525680542,-0.011205959133803844,0.2903271019458771,0.5201637148857117,-0.024808470159769058,0.30895718932151794,0.4608381986618042,-0.0366864949464798,0.31236833333969116,0.40249431133270264,-0.04652484878897667,0.2671232521533966,0.5176653265953064,-0.053087785840034485,0.3381936550140381,0.5658640265464783,-0.0750516876578331,0.32136183977127075,0.5891435742378235,-0.0782570093870163,0.2945958077907562,0.5801526308059692,-0.08012396097183228,0.2478574514389038,0.5600072145462036,-0.060995008796453476,0.32832062244415283,0.6156716346740723,-0.0762409120798111,0.3094712793827057,0.6275503039360046,-0.0724283829331398,0.286018967628479,0.6185927391052246,-0.07439986616373062,0.23350143432617188,0.6087730526924133,-0.06861156970262527,0.3130939304828644,0.6606035828590393,-0.08630609512329102,0.29750674962997437,0.6677808165550232,-0.0836876630783081,0.27951779961586,0.6593528985977173,-0.08533701300621033,0.22387740015983582,0.6571182012557983,-0.07657501846551895,0.2747727632522583,0.7054927945137024,-0.09554161131381989,0.2969338595867157,0.7255633473396301,-0.10040059685707092,0.31571054458618164,0.741109311580658,-0.10458386689424515
20,left,0,0,0,0,0,0,0,0,0,0,0,0,0,0,0,0,0,0,0,0,0,0,0,0,0,0,0,0,0,0,0,0,0,0,0,0,0,0,0,0,0,0,0,0,0,0,0,0,0,0,0,0,0,0,0,0,0,0,0,0,0,0,0
21,right,0.20002533495426178,0.6508648991584778,-1.2521583414581983e-07,0.23306047916412354,0.57669997215271,-0.013806832954287529,0.2659635841846466,0.5007044672966003,-0.030440837144851685,0.28154999017715454,0.43685662746429443,-0.04451921209692955,0.27776211500167847,0.3790200352668762,-0.05587127432227135,0.24634914100170135,0.5014656186103821,-0.05655515566468239,0.3241497576236725,0.5372697114944458,-0.07896818965673447,0.3098338842391968,0.5588663816452026,-0.08066778630018234,0.2850172817707062,0.5523282885551453,-0.08101923018693924,0.23686929047107697,0.5497493743896484,-0.0625121146440506,0.32180139422416687,0.5861672759056091,-0.0821763202548027,0.30442801117897034,0.5975902080535889,-0.0780596062541008,0.2797551155090332,0.5914544463157654,-0.07768956571817398,0.2331681251525879,0.6010416746139526,-0.06801389157772064,0.31252533197402954,0.6323245167732239,-0.08737105876207352,0.29586172103881836,0.6413503289222717,-0.08186058700084686,0.27504226565361023,0.6358851790428162,-0.07967187464237213,0.2330130934715271,0.6512162685394287,-0.07378406077623367,0.28657442331314087,0.6776087284088135,-0.09244679659605026,0.3158017694950104,0.691257894039154,-0.09647142142057419,0.3418808877468109,0.7003631591796875,-0.09925123304128647
21,left,0,0,0,0,0,0,0,0,0,0,0,0,0,0,0,0,0,0,0,0,0,0,0,0,0,0,0,0,0,0,0,0,0,0,0,0,0,0,0,0,0,0,0,0,0,0,0,0,0,0,0,0,0,0,0,0,0,0,0,0,0,0,0
22,right,0.19468963146209717,0.6470801830291748,-1.6526782076198288e-07,0.2236679494380951,0.5710265636444092,-0.014697111211717129,0.25473105907440186,0.49163946509361267,-0.030590210109949112,0.26886194944381714,0.4263988137245178,-0.043451134115457535,0.2616856098175049,0.3692585825920105,-0.0534902960062027,0.2376934140920639,0.4992501437664032,-0.05719684436917305,0.31627610325813293,0.526654839515686,-0.08069609850645065,0.30184081196784973,0.5487601161003113,-0.08464229851961136,0.27550551295280457,0.5430765748023987,-0.08682368695735931,0.23143157362937927,0.5485578775405884,-0.06263691931962967,0.31797319650650024,0.5724735260009766,-0.08246896415948868,0.3003826439380646,0.5844807028770447,-0.0794510692358017,0.27498674392700195,0.5809369087219238,-0.08029401302337646,0.23097562789916992,0.5996951460838318,-0.06773778051137924,0.31214484572410583,0.6195293664932251,-0.08763470500707626,0.2967827022075653,0.6288870573043823,-0.0828179270029068,0.27534040808677673,0.6265072226524353,-0.08124891668558121,0.23354561626911163,0.6486170887947083,-0.0732221007347107,0.29017874598503113,0.6702616810798645,-0.09284353256225586,0.32030653953552246,0.680971622467041,-0.09748537093400955,0.3458462953567505,0.6872392892837524,-0.10082398355007172
22,left,0,0,0,0,0,0,0,0,0,0,0,0,0,0,0,0,0,0,0,0,0,0,0,0,0,0,0,0,0,0,0,0,0,0,0,0,0,0,0,0,0,0,0,0,0,0,0,0,0,0,0,0,0,0,0,0,0,0,0,0,0,0,0
23,right,0.18819114565849304,0.6440503001213074,-1.6982812667265534e-07,0.20898136496543884,0.570277214050293,-0.014621620066463947,0.23591087758541107,0.4849805235862732,-0.030358755961060524,0.24829517304897308,0.41760870814323425,-0.04344470426440239,0.2390560507774353,0.361481249332428,-0.05363260954618454,0.22536398470401764,0.49256056547164917,-0.055279526859521866,0.3041096329689026,0.5073770880699158,-0.08028610795736313,0.2907700538635254,0.5319364070892334,-0.08583725243806839,0.2661460340023041,0.5314288139343262,-0.08857057988643646,0.22178998589515686,0.5403915643692017,-0.06054437533020973,0.3082011938095093,0.5570974349975586,-0.08271821588277817,0.29143989086151123,0.5733187198638916,-0.08085689693689346,0.26677295565605164,0.5741912126541138,-0.0811753123998642,0.22424107789993286,0.5903908014297485,-0.06559828668832779,0.30503177642822266,0.6039480566978455,-0.08671499788761139,0.2892836332321167,0.616869330406189,-0.081466443836689,0.26791927218437195,0.6168289184570312,-0.07837159186601639,0.22941257059574127,0.6391082406044006,-0.07097304612398148,0.28671813011169434,0.6549904942512512,-0.09048837423324585,0.31699252128601074,0.6651422381401062,-0.09451324492692947,0.3442398011684418,0.6697647571563721,-0.09672670066356659
23,left,0,0,0,0,0,0,0,0,0,0,0,0,0,0,0,0,0,0,0,0,0,0,0,0,0,0,0,0,0,0,0,0,0,0,0,0,0,0,0,0,0,0,0,0,0,0,0,0,0,0,0,0,0,0,0,0,0,0,0,0,0,0,0
24,right,0.1819971799850464,0.6424366235733032,-1.5010226661615889e-07,0.20123286545276642,0.5684202909469604,-0.014558013528585434,0.2267276793718338,0.48285552859306335,-0.030455883592367172,0.23850533366203308,0.4152739644050598,-0.04350923374295235,0.2269279807806015,0.3609715700149536,-0.05347011238336563,0.2143460065126419,0.4922240972518921,-0.05739128962159157,0.294737845659256,0.5015786290168762,-0.08292185515165329,0.2831525504589081,0.5267630815505981,-0.08788661658763885,0.25831139087677,0.5284781455993652,-0.09022671729326248,0.21227143704891205,0.5410505533218384,-0.0627911239862442,0.30087777972221375,0.5493542551994324,-0.0862758606672287,0.2851884365081787,0.5662221312522888,-0.08401849120855331,0.26074814796447754,0.5677450299263,-0.0841127410531044,0.21669062972068787,0.590759813785553,-0.06791454553604126,0.2998007535934448,0.5972760915756226,-0.09038406610488892,0.28504568338394165,0.6106753349304199,-0.0846887081861496,0.2637263238430023,0.6118327975273132,-0.08127303421497345,0.22381116449832916,0.6385306119918823,-0.0733153223991394,0.2845178246498108,0.650952935218811,-0.09440702944993973,0.3157394528388977,0.6587034463882446,-0.09901371598243713,0.34309783577919006,0.6605268120765686,-0.10162818431854248
24,left,0,0,0,0,0,0,0,0,0,0,0,0,0,0,0,0,0,0,0,0,0,0,0,0,0,0,0,0,0,0,0,0,0,0,0,0,0,0,0,0,0,0,0,0,0,0,0,0,0,0,0,0,0,0,0,0,0,0,0,0,0,0,0
25,right,0.1800345927476883,0.6471683979034424,-1.306570993619971e-07,0.19842886924743652,0.5725087523460388,-0.014107423834502697,0.22307929396629333,0.486793577671051,-0.030594447627663612,0.23469144105911255,0.41927650570869446,-0.04439607635140419,0.2239435464143753,0.36466628313064575,-0.055318672209978104,0.20787882804870605,0.49575075507164,-0.057517968118190765,0.29083943367004395,0.5013338923454285,-0.084053173661232,0.2817305028438568,0.5288875102996826,-0.09054408967494965,0.2573688328266144,0.5337420105934143,-0.09375039488077164,0.2061139941215515,0.5445000529289246,-0.06329019367694855,0.2968478798866272,0.5453433394432068,-0.08776893466711044,0.2829704284667969,0.5659891963005066,-0.0865495502948761,0.2589523196220398,0.5710532665252686,-0.08703549206256866,0.21194005012512207,0.5940722227096558,-0.06864205002784729,0.2971401512622833,0.5915230512619019,-0.09134233742952347,0.28319764137268066,0.6081502437591553,-0.0848269835114479,0.2619903087615967,0.6125311255455017,-0.08052884787321091,0.22061580419540405,0.6415902972221375,-0.07427802681922913,0.281795471906662,0.6474310159683228,-0.0953964963555336,0.31536614894866943,0.6519447565078735,-0.09916985780000687,0.3448297381401062,0.6513189077377319,-0.10093630105257034
25,left,0,0,0,0,0,0,0,0,0,0,0,0,0,0,0,0,0,0,0,0,0,0,0,0,0,0,0,0,0,0,0,0,0,0,0,0,0,0,0,0,0,0,0,0,0,0,0,0,0,0,0,0,0,0,0,0,0,0,0,0,0,0,0
26,right,0.17735037207603455,0.6537313461303711,-1.894714500849659e-07,0.19864529371261597,0.5777730941772461,-0.013112714514136314,0.22323817014694214,0.4920273721218109,-0.02789798006415367,0.23441725969314575,0.42421889305114746,-0.04059084132313728,0.22653637826442719,0.36761921644210815,-0.05068661645054817,0.20841015875339508,0.5005408525466919,-0.05148867145180702,0.2912047803401947,0.5068807601928711,-0.07783833146095276,0.281372994184494,0.5355688333511353,-0.0857241302728653,0.2567341923713684,0.5397874116897583,-0.08991651237010956,0.20533548295497894,0.5480892658233643,-0.05768303573131561,0.2952456474304199,0.5518732070922852,-0.08023644238710403,0.2807871103286743,0.5730531215667725,-0.07953230291604996,0.2566421329975128,0.5765016078948975,-0.08087018132209778,0.20964252948760986,0.5982234477996826,-0.0638890415430069,0.2951808273792267,0.6000673770904541,-0.08598822355270386,0.28278008103370667,0.615746796131134,-0.0808330848813057,0.26267242431640625,0.6179054379463196,-0.07769910246133804,0.21763238310813904,0.6463400721549988,-0.07037940621376038,0.27997180819511414,0.6514974236488342,-0.09061920642852783,0.3144795000553131,0.6537366509437561,-0.09428824484348297,0.3442964553833008,0.6516266465187073,-0.09615884721279144
26,left,0,0,0,0,0,0,0,0,0,0,0,0,0,0,0,0,0,0,0,0,0,0,0,0,0,0,0,0,0,0,0,0,0,0,0,0,0,0,0,0,0,0,0,0,0,0,0,0,0,0,0,0,0,0,0,0,0,0,0,0,0,0,0
27,right,0.17365016043186188,0.6785374879837036,-3.9900353243638165e-08,0.20009201765060425,0.6036295294761658,-0.013552526012063026,0.22789119184017181,0.5248529314994812,-0.030756590887904167,0.2481156885623932,0.46245771646499634,-0.046107176691293716,0.256061851978302,0.4042402505874634,-0.05902814865112305,0.2066589891910553,0.5272427201271057,-0.055209822952747345,0.29323896765708923,0.5281796455383301,-0.081632100045681,0.3027704060077667,0.5607362389564514,-0.08826695382595062,0.2895243167877197,0.5768498182296753,-0.0898907408118248,0.20418432354927063,0.5779808759689331,-0.06139644980430603,0.29702824354171753,0.5733950734138489,-0.08240912854671478,0.2971842885017395,0.598686158657074,-0.07957421988248825,0.27738213539123535,0.6117180585861206,-0.0787157416343689,0.2086789906024933,0.6315862536430359,-0.06755617260932922,0.2950829863548279,0.6267956495285034,-0.08719918876886368,0.2934745252132416,0.6447100639343262,-0.07850875705480576,0.27663642168045044,0.6513108015060425,-0.07260952889919281,0.21807539463043213,0.6804880499839783,-0.07427313178777695,0.28373098373413086,0.6826766729354858,-0.0909457579255104,0.31881311535835266,0.678537905216217,-0.09095115959644318,0.34380272030830383,0.6695502996444702,-0.0903567224740982
27,left,0,0,0,0,0,0,0,0,0,0,0,0,0,0,0,0,0,0,0,0,0,0,0,0,0,0,0,0,0,0,0,0,0,0,0,0,0,0,0,0,0,0,0,0,0,0,0,0,0,0,0,0,0,0,0,0,0,0,0,0,0,0,0
28,right,0,0,0,0,0,0,0,0,0,0,0,0,0,0,0,0,0,0,0,0,0,0,0,0,0,0,0,0,0,0,0,0,0,0,0,0,0,0,0,0,0,0,0,0,0,0,0,0,0,0,0,0,0,0,0,0,0,0,0,0,0,0,0
28,left,0,0,0,0,0,0,0,0,0,0,0,0,0,0,0,0,0,0,0,0,0,0,0,0,0,0,0,0,0,0,0,0,0,0,0,0,0,0,0,0,0,0,0,0,0,0,0,0,0,0,0,0,0,0,0,0,0,0,0,0,0,0,0
29,right,0,0,0,0,0,0,0,0,0,0,0,0,0,0,0,0,0,0,0,0,0,0,0,0,0,0,0,0,0,0,0,0,0,0,0,0,0,0,0,0,0,0,0,0,0,0,0,0,0,0,0,0,0,0,0,0,0,0,0,0,0,0,0
29,left,0,0,0,0,0,0,0,0,0,0,0,0,0,0,0,0,0,0,0,0,0,0,0,0,0,0,0,0,0,0,0,0,0,0,0,0,0,0,0,0,0,0,0,0,0,0,0,0,0,0,0,0,0,0,0,0,0,0,0,0,0,0,0
30,right,0,0,0,0,0,0,0,0,0,0,0,0,0,0,0,0,0,0,0,0,0,0,0,0,0,0,0,0,0,0,0,0,0,0,0,0,0,0,0,0,0,0,0,0,0,0,0,0,0,0,0,0,0,0,0,0,0,0,0,0,0,0,0
30,left,0,0,0,0,0,0,0,0,0,0,0,0,0,0,0,0,0,0,0,0,0,0,0,0,0,0,0,0,0,0,0,0,0,0,0,0,0,0,0,0,0,0,0,0,0,0,0,0,0,0,0,0,0,0,0,0,0,0,0,0,0,0,0
31,right,0,0,0,0,0,0,0,0,0,0,0,0,0,0,0,0,0,0,0,0,0,0,0,0,0,0,0,0,0,0,0,0,0,0,0,0,0,0,0,0,0,0,0,0,0,0,0,0,0,0,0,0,0,0,0,0,0,0,0,0,0,0,0
31,left,0,0,0,0,0,0,0,0,0,0,0,0,0,0,0,0,0,0,0,0,0,0,0,0,0,0,0,0,0,0,0,0,0,0,0,0,0,0,0,0,0,0,0,0,0,0,0,0,0,0,0,0,0,0,0,0,0,0,0,0,0,0,0
32,right,0,0,0,0,0,0,0,0,0,0,0,0,0,0,0,0,0,0,0,0,0,0,0,0,0,0,0,0,0,0,0,0,0,0,0,0,0,0,0,0,0,0,0,0,0,0,0,0,0,0,0,0,0,0,0,0,0,0,0,0,0,0,0
32,left,0,0,0,0,0,0,0,0,0,0,0,0,0,0,0,0,0,0,0,0,0,0,0,0,0,0,0,0,0,0,0,0,0,0,0,0,0,0,0,0,0,0,0,0,0,0,0,0,0,0,0,0,0,0,0,0,0,0,0,0,0,0,0
33,right,0,0,0,0,0,0,0,0,0,0,0,0,0,0,0,0,0,0,0,0,0,0,0,0,0,0,0,0,0,0,0,0,0,0,0,0,0,0,0,0,0,0,0,0,0,0,0,0,0,0,0,0,0,0,0,0,0,0,0,0,0,0,0
33,left,0,0,0,0,0,0,0,0,0,0,0,0,0,0,0,0,0,0,0,0,0,0,0,0,0,0,0,0,0,0,0,0,0,0,0,0,0,0,0,0,0,0,0,0,0,0,0,0,0,0,0,0,0,0,0,0,0,0,0,0,0,0,0
34,right,0,0,0,0,0,0,0,0,0,0,0,0,0,0,0,0,0,0,0,0,0,0,0,0,0,0,0,0,0,0,0,0,0,0,0,0,0,0,0,0,0,0,0,0,0,0,0,0,0,0,0,0,0,0,0,0,0,0,0,0,0,0,0
34,left,0,0,0,0,0,0,0,0,0,0,0,0,0,0,0,0,0,0,0,0,0,0,0,0,0,0,0,0,0,0,0,0,0,0,0,0,0,0,0,0,0,0,0,0,0,0,0,0,0,0,0,0,0,0,0,0,0,0,0,0,0,0,0
35,right,0,0,0,0,0,0,0,0,0,0,0,0,0,0,0,0,0,0,0,0,0,0,0,0,0,0,0,0,0,0,0,0,0,0,0,0,0,0,0,0,0,0,0,0,0,0,0,0,0,0,0,0,0,0,0,0,0,0,0,0,0,0,0
35,left,0,0,0,0,0,0,0,0,0,0,0,0,0,0,0,0,0,0,0,0,0,0,0,0,0,0,0,0,0,0,0,0,0,0,0,0,0,0,0,0,0,0,0,0,0,0,0,0,0,0,0,0,0,0,0,0,0,0,0,0,0,0,0
36,right,0,0,0,0,0,0,0,0,0,0,0,0,0,0,0,0,0,0,0,0,0,0,0,0,0,0,0,0,0,0,0,0,0,0,0,0,0,0,0,0,0,0,0,0,0,0,0,0,0,0,0,0,0,0,0,0,0,0,0,0,0,0,0
36,left,0,0,0,0,0,0,0,0,0,0,0,0,0,0,0,0,0,0,0,0,0,0,0,0,0,0,0,0,0,0,0,0,0,0,0,0,0,0,0,0,0,0,0,0,0,0,0,0,0,0,0,0,0,0,0,0,0,0,0,0,0,0,0
