1,right,0,0,0,0,0,0,0,0,0,0,0,0,0,0,0,0,0,0,0,0,0,0,0,0,0,0,0,0,0,0,0,0,0,0,0,0,0,0,0,0,0,0,0,0,0,0,0,0,0,0,0,0,0,0,0,0,0,0,0,0,0,0,0
1,left,0,0,0,0,0,0,0,0,0,0,0,0,0,0,0,0,0,0,0,0,0,0,0,0,0,0,0,0,0,0,0,0,0,0,0,0,0,0,0,0,0,0,0,0,0,0,0,0,0,0,0,0,0,0,0,0,0,0,0,0,0,0,0
2,right,0,0,0,0,0,0,0,0,0,0,0,0,0,0,0,0,0,0,0,0,0,0,0,0,0,0,0,0,0,0,0,0,0,0,0,0,0,0,0,0,0,0,0,0,0,0,0,0,0,0,0,0,0,0,0,0,0,0,0,0,0,0,0
2,left,0,0,0,0,0,0,0,0,0,0,0,0,0,0,0,0,0,0,0,0,0,0,0,0,0,0,0,0,0,0,0,0,0,0,0,0,0,0,0,0,0,0,0,0,0,0,0,0,0,0,0,0,0,0,0,0,0,0,0,0,0,0,0
3,right,0,0,0,0,0,0,0,0,0,0,0,0,0,0,0,0,0,0,0,0,0,0,0,0,0,0,0,0,0,0,0,0,0,0,0,0,0,0,0,0,0,0,0,0,0,0,0,0,0,0,0,0,0,0,0,0,0,0,0,0,0,0,0
3,left,0,0,0,0,0,0,0,0,0,0,0,0,0,0,0,0,0,0,0,0,0,0,0,0,0,0,0,0,0,0,0,0,0,0,0,0,0,0,0,0,0,0,0,0,0,0,0,0,0,0,0,0,0,0,0,0,0,0,0,0,0,0,0
4,right,0,0,0,0,0,0,0,0,0,0,0,0,0,0,0,0,0,0,0,0,0,0,0,0,0,0,0,0,0,0,0,0,0,0,0,0,0,0,0,0,0,0,0,0,0,0,0,0,0,0,0,0,0,0,0,0,0,0,0,0,0,0,0
4,left,0,0,0,0,0,0,0,0,0,0,0,0,0,0,0,0,0,0,0,0,0,0,0,0,0,0,0,0,0,0,0,0,0,0,0,0,0,0,0,0,0,0,0,0,0,0,0,0,0,0,0,0,0,0,0,0,0,0,0,0,0,0,0
5,right,0,0,0,0,0,0,0,0,0,0,0,0,0,0,0,0,0,0,0,0,0,0,0,0,0,0,0,0,0,0,0,0,0,0,0,0,0,0,0,0,0,0,0,0,0,0,0,0,0,0,0,0,0,0,0,0,0,0,0,0,0,0,0
5,left,0,0,0,0,0,0,0,0,0,0,0,0,0,0,0,0,0,0,0,0,0,0,0,0,0,0,0,0,0,0,0,0,0,0,0,0,0,0,0,0,0,0,0,0,0,0,0,0,0,0,0,0,0,0,0,0,0,0,0,0,0,0,0
6,right,0,0,0,0,0,0,0,0,0,0,0,0,0,0,0,0,0,0,0,0,0,0,0,0,0,0,0,0,0,0,0,0,0,0,0,0,0,0,0,0,0,0,0,0,0,0,0,0,0,0,0,0,0,0,0,0,0,0,0,0,0,0,0
6,left,0,0,0,0,0,0,0,0,0,0,0,0,0,0,0,0,0,0,0,0,0,0,0,0,0,0,0,0,0,0,0,0,0,0,0,0,0,0,0,0,0,0,0,0,0,0,0,0,0,0,0,0,0,0,0,0,0,0,0,0,0,0,0
7,right,0,0,0,0,0,0,0,0,0,0,0,0,0,0,0,0,0,0,0,0,0,0,0,0,0,0,0,0,0,0,0,0,0,0,0,0,0,0,0,0,0,0,0,0,0,0,0,0,0,0,0,0,0,0,0,0,0,0,0,0,0,0,0
7,left,0,0,0,0,0,0,0,0,0,0,0,0,0,0,0,0,0,0,0,0,0,0,0,0,0,0,0,0,0,0,0,0,0,0,0,0,0,0,0,0,0,0,0,0,0,0,0,0,0,0,0,0,0,0,0,0,0,0,0,0,0,0,0
8,right,0,0,0,0,0,0,0,0,0,0,0,0,0,0,0,0,0,0,0,0,0,0,0,0,0,0,0,0,0,0,0,0,0,0,0,0,0,0,0,0,0,0,0,0,0,0,0,0,0,0,0,0,0,0,0,0,0,0,0,0,0,0,0
8,left,0,0,0,0,0,0,0,0,0,0,0,0,0,0,0,0,0,0,0,0,0,0,0,0,0,0,0,0,0,0,0,0,0,0,0,0,0,0,0,0,0,0,0,0,0,0,0,0,0,0,0,0,0,0,0,0,0,0,0,0,0,0,0
9,right,0.29501426219940186,0.8823387622833252,-6.88576790253137e-07,0.35482144355773926,0.8582322001457214,-0.030355114489793777,0.39893749356269836,0.7986829280853271,-0.04717488959431648,0.4240906238555908,0.7436477541923523,-0.06249488517642021,0.45457834005355835,0.6993808150291443,-0.07571086287498474,0.36130598187446594,0.7043306231498718,-0.030110862106084824,0.36485904455184937,0.7352738976478577,-0.06469475477933884,0.35977277159690857,0.804282546043396,-0.08627309650182724,0.35477524995803833,0.8406936526298523,-0.09648820757865906,0.31961554288864136,0.7000229358673096,-0.0273817740380764,0.32691362500190735,0.7381774187088013,-0.061299581080675125,0.327973335981369,0.8126019239425659,-0.07066432386636734,0.32562747597694397,0.8527948260307312,-0.07162211835384369,0.2817544639110565,0.7096446752548218,-0.029184289276599884,0.29227033257484436,0.7329858541488647,-0.06613808870315552,0.29698699712753296,0.8042117357254028,-0.06350530683994293,0.29753753542900085,0.847459077835083,-0.052945297211408615,0.24639415740966797,0.7280548810958862,-0.03324336186051369,0.2523583173751831,0.7288663983345032,-0.059884924441576004,0.2579996883869171,0.7805900573730469,-0.0567924790084362,0.259339302778244,0.8152583241462708,-0.0475076287984848
9,left,0,0,0,0,0,0,0,0,0,0,0,0,0,0,0,0,0,0,0,0,0,0,0,0,0,0,0,0,0,0,0,0,0,0,0,0,0,0,0,0,0,0,0,0,0,0,0,0,0,0,0,0,0,0,0,0,0,0,0,0,0,0,0
10,right,0.30682334303855896,0.747541069984436,-7.045264851512911e-07,0.36460426449775696,0.7206867933273315,-0.023678816854953766,0.40732094645500183,0.663793683052063,-0.03598744794726372,0.43583643436431885,0.6137873530387878,-0.048104461282491684,0.4662659764289856,0.5769097208976746,-0.05824657157063484,0.3699786365032196,0.5628398656845093,-0.02509654313325882,0.3684282898902893,0.6203389167785645,-0.05445464327931404,0.358845055103302,0.6718685030937195,-0.07408055663108826,0.35382601618766785,0.7096340656280518,-0.08124084025621414,0.3272676467895508,0.5571287870407104,-0.024099841713905334,0.32853272557258606,0.6243990659713745,-0.05111907422542572,0.32207944989204407,0.6787706017494202,-0.06353751569986343,0.3181336522102356,0.7163485884666443,-0.06790366768836975,0.2897275984287262,0.574813961982727,-0.026264730840921402,0.28788191080093384,0.6175811290740967,-0.05828319489955902,0.28860849142074585,0.6712579727172852,-0.0633871853351593,0.2918444275856018,0.7093178033828735,-0.05848740413784981,0.2573394775390625,0.6037378907203674,-0.02984374575316906,0.2426508665084839,0.5650737881660461,-0.05083947256207466,0.2252659797668457,0.5337721705436707,-0.05342339724302292,0.20881186425685883,0.5068061947822571,-0.049839675426483154
10,left,0,0,0,0,0,0,0,0,0,0,0,0,0,0,0,0,0,0,0,0,0,0,0,0,0,0,0,0,0,0,0,0,0,0,0,0,0,0,0,0,0,0,0,0,0,0,0,0,0,0,0,0,0,0,0,0,0,0,0,0,0,0,0
11,right,0.3095034658908844,0.6507118344306946,-6.628176834055921e-07,0.3693746328353882,0.6228775978088379,-0.023628851398825645,0.41390782594680786,0.5720193386077881,-0.03492703661322594,0.4390738606452942,0.5257260799407959,-0.04677252843976021,0.46391960978507996,0.48986202478408813,-0.055699463933706284,0.37611740827560425,0.46875643730163574,-0.019205281510949135,0.37457239627838135,0.5027979612350464,-0.04721320793032646,0.3640616834163666,0.5571275949478149,-0.06453782320022583,0.35569512844085693,0.5957677960395813,-0.07002413272857666,0.33734071254730225,0.4612214267253876,-0.018728720024228096,0.3362111747264862,0.5042016506195068,-0.04648521542549133,0.32891786098480225,0.5622599720954895,-0.05839230865240097,0.324678510427475,0.6000242233276367,-0.06162350997328758,0.3011752963066101,0.47354257106781006,-0.02201385423541069,0.29648467898368835,0.4970110058784485,-0.055676620453596115,0.29671940207481384,0.5539140701293945,-0.06091054156422615,0.2996828258037567,0.593582808971405,-0.05537731572985649,0.26767247915267944,0.4952567517757416,-0.026576850563287735,0.2511555552482605,0.44516968727111816,-0.04757401719689369,0.23513005673885345,0.4108443260192871,-0.04981145262718201,0.22152960300445557,0.37795716524124146,-0.04612366482615471
11,left,0,0,0,0,0,0,0,0,0,0,0,0,0,0,0,0,0,0,0,0,0,0,0,0,0,0,0,0,0,0,0,0,0,0,0,0,0,0,0,0,0,0,0,0,0,0,0,0,0,0,0,0,0,0,0,0,0,0,0,0,0,0,0
12,right,0.30069607496261597,0.60578852891922,-4.220687230827025e-07,0.36051082611083984,0.5685821175575256,-0.02132050320506096,0.4077604115009308,0.5090972781181335,-0.03024618700146675,0.4398985207080841,0.4606309235095978,-0.03989170864224434,0.4713147282600403,0.4306374490261078,-0.04613003879785538,0.38115155696868896,0.41641926765441895,-0.012455823831260204,0.37612009048461914,0.4283011555671692,-0.03779583424329758,0.36265885829925537,0.4812886416912079,-0.052350468933582306,0.3535841703414917,0.5209764838218689,-0.055397309362888336,0.3411102294921875,0.4047132134437561,-0.01133511308580637,0.34023067355155945,0.4256170988082886,-0.038099370896816254,0.33249223232269287,0.4847266972064972,-0.048085372895002365,0.3280743956565857,0.5243710875511169,-0.04798389971256256,0.3040699362754822,0.411478728055954,-0.01436641626060009,0.3014557361602783,0.42199569940567017,-0.04386640712618828,0.30130356550216675,0.4764881730079651,-0.04624814912676811,0.3023347556591034,0.5164698362350464,-0.03781348466873169,0.26948708295822144,0.42572396993637085,-0.01903194561600685,0.25825729966163635,0.3708280920982361,-0.0370958149433136,0.2472817599773407,0.33569997549057007,-0.038920965045690536,0.23736780881881714,0.3021543622016907,-0.03401927277445793
12,left,0,0,0,0,0,0,0,0,0,0,0,0,0,0,0,0,0,0,0,0,0,0,0,0,0,0,0,0,0,0,0,0,0,0,0,0,0,0,0,0,0,0,0,0,0,0,0,0,0,0,0,0,0,0,0,0,0,0,0,0,0,0,0
13,right,0.30057692527770996,0.5587866306304932,-4.2887637619060115e-07,0.358112633228302,0.5332854986190796,-0.023981399834156036,0.40568503737449646,0.47794947028160095,-0.03342113271355629,0.4392380118370056,0.43091151118278503,-0.04280493035912514,0.4682176113128662,0.4001545011997223,-0.04860375449061394,0.3780388832092285,0.3905547261238098,-0.016896935179829597,0.3738071322441101,0.3863382935523987,-0.043764665722846985,0.35757216811180115,0.4419947862625122,-0.05713426694273949,0.3466230630874634,0.48205751180648804,-0.05894317477941513,0.33896583318710327,0.3793744444847107,-0.014113246463239193,0.3380076289176941,0.38042157888412476,-0.04511048272252083,0.32846954464912415,0.4459373354911804,-0.054015181958675385,0.32332590222358704,0.48858004808425903,-0.05162498727440834,0.302335649728775,0.380761057138443,-0.01571691408753395,0.2983331084251404,0.3764055371284485,-0.048521738499403,0.29824915528297424,0.4344209134578705,-0.050746068358421326,0.2994062602519989,0.4756960868835449,-0.04112209752202034,0.2679758071899414,0.3889123797416687,-0.018819447606801987,0.2547755539417267,0.32956069707870483,-0.037694092839956284,0.24399906396865845,0.2947859764099121,-0.039950624108314514,0.2354671061038971,0.25981956720352173,-0.035333774983882904
13,left,0,0,0,0,0,0,0,0,0,0,0,0,0,0,0,0,0,0,0,0,0,0,0,0,0,0,0,0,0,0,0,0,0,0,0,0,0,0,0,0,0,0,0,0,0,0,0,0,0,0,0,0,0,0,0,0,0,0,0,0,0,0,0
14,right,0.3015217185020447,0.5291368961334229,-4.852630013374437e-07,0.35743725299835205,0.5121073722839355,-0.024890653789043427,0.40281370282173157,0.45977458357810974,-0.034682344645261765,0.4352426528930664,0.41228336095809937,-0.044088125228881836,0.4641103148460388,0.38143908977508545,-0.04965786263346672,0.3727201819419861,0.3740120828151703,-0.0229390487074852,0.3714003562927246,0.36930572986602783,-0.049296338111162186,0.35414111614227295,0.4233156740665436,-0.06020156666636467,0.34234824776649475,0.46242737770080566,-0.060800760984420776,0.33612754940986633,0.3630917966365814,-0.020083175972104073,0.3345243036746979,0.36624184250831604,-0.05186563357710838,0.3247138559818268,0.43004104495048523,-0.05925564840435982,0.3195047378540039,0.47063350677490234,-0.056725915521383286,0.30043163895606995,0.36440932750701904,-0.02124161832034588,0.29453542828559875,0.3575834035873413,-0.05534936487674713,0.29451000690460205,0.4178062975406647,-0.05699043720960617,0.296497106552124,0.4601442813873291,-0.047857120633125305,0.26474931836128235,0.3718224763870239,-0.02380318008363247,0.25146469473838806,0.3131199777126312,-0.0441582053899765,0.23882396519184113,0.27831003069877625,-0.0474090576171875,0.2283223271369934,0.24165032804012299,-0.04439251124858856
14,left,0,0,0,0,0,0,0,0,0,0,0,0,0,0,0,0,0,0,0,0,0,0,0,0,0,0,0,0,0,0,0,0,0,0,0,0,0,0,0,0,0,0,0,0,0,0,0,0,0,0,0,0,0,0,0,0,0,0,0,0,0,0,0
15,right,0.301042765378952,0.5337788462638855,-5.059613954472297e-07,0.35587626695632935,0.5128260850906372,-0.024579860270023346,0.4017903208732605,0.45572933554649353,-0.034099217504262924,0.43377164006233215,0.407397598028183,-0.04364785552024841,0.46165820956230164,0.37719523906707764,-0.04921852424740791,0.37341201305389404,0.37252694368362427,-0.020154336467385292,0.37132224440574646,0.36320534348487854,-0.04906542971730232,0.35447829961776733,0.4185177981853485,-0.062062427401542664,0.344740629196167,0.45946764945983887,-0.06364309042692184,0.3354863226413727,0.3633938431739807,-0.018368376418948174,0.33612915873527527,0.35519611835479736,-0.05346762761473656,0.3258902430534363,0.4227687120437622,-0.062345750629901886,0.3210514485836029,0.4667518436908722,-0.0597209632396698,0.2992972731590271,0.36507681012153625,-0.021150359883904457,0.29362499713897705,0.3538654148578644,-0.057307735085487366,0.2933676242828369,0.41486653685569763,-0.060105614364147186,0.29604071378707886,0.45762038230895996,-0.05090128257870674,0.2643278241157532,0.37222328782081604,-0.025323165580630302,0.25115966796875,0.31066757440567017,-0.04516342282295227,0.2375122606754303,0.2748989760875702,-0.04830428212881088,0.2261245846748352,0.23852989077568054,-0.04529700055718422
15,left,0,0,0,0,0,0,0,0,0,0,0,0,0,0,0,0,0,0,0,0,0,0,0,0,0,0,0,0,0,0,0,0,0,0,0,0,0,0,0,0,0,0,0,0,0,0,0,0,0,0,0,0,0,0,0,0,0,0,0,0,0,0,0
16,right,0.3002474904060364,0.5374100804328918,-5.119197794556385e-07,0.35477033257484436,0.5174095630645752,-0.0271607618778944,0.40163660049438477,0.45981597900390625,-0.037600837647914886,0.43243759870529175,0.4095207452774048,-0.04706861823797226,0.4610952138900757,0.3794407844543457,-0.05215487256646156,0.3732914924621582,0.37146249413490295,-0.024027826264500618,0.3680746257305145,0.36917075514793396,-0.05224958434700966,0.352486789226532,0.4249049127101898,-0.06408827751874924,0.3441917598247528,0.4631674885749817,-0.06519918888807297,0.33468130230903625,0.36152124404907227,-0.020940391346812248,0.3322288691997528,0.3625819981098175,-0.0552571676671505,0.32407426834106445,0.42953962087631226,-0.06339675933122635,0.32141414284706116,0.4702294170856476,-0.06077571585774422,0.29839247465133667,0.3641739785671234,-0.022347386926412582,0.291606605052948,0.36008739471435547,-0.05886908620595932,0.2924041748046875,0.4214286804199219,-0.061629582196474075,0.29596227407455444,0.46285539865493774,-0.05257950350642204,0.26320120692253113,0.37267324328422546,-0.02526652067899704,0.24947917461395264,0.3129799962043762,-0.046294916421175,0.23518189787864685,0.2784982919692993,-0.04986589774489403,0.22332140803337097,0.24285462498664856,-0.046907443553209305
16,left,0,0,0,0,0,0,0,0,0,0,0,0,0,0,0,0,0,0,0,0,0,0,0,0,0,0,0,0,0,0,0,0,0,0,0,0,0,0,0,0,0,0,0,0,0,0,0,0,0,0,0,0,0,0,0,0,0,0,0,0,0,0,0
17,right,0.3053312599658966,0.541582465171814,-5.199997303861892e-07,0.35981589555740356,0.516162633895874,-0.02516636624932289,0.4016593098640442,0.45491650700569153,-0.03588064759969711,0.42850595712661743,0.40383750200271606,-0.045341607183218,0.45645129680633545,0.3700646758079529,-0.05093904957175255,0.36675840616226196,0.35946905612945557,-0.026406221091747284,0.3597765564918518,0.3809156119823456,-0.05250613018870354,0.34974610805511475,0.4379478394985199,-0.06468070298433304,0.34343671798706055,0.4729629158973694,-0.06728676706552505,0.3260001242160797,0.3533782362937927,-0.02482236921787262,0.3235684037208557,0.3795434534549713,-0.053937315940856934,0.3223091661930084,0.4426266551017761,-0.061696529388427734,0.3216342031955719,0.4788243770599365,-0.06167227774858475,0.2885836958885193,0.3659268319606781,-0.026895981281995773,0.28459715843200684,0.37679409980773926,-0.06032055243849754,0.2919333279132843,0.43720200657844543,-0.062496740370988846,0.29737570881843567,0.4770316779613495,-0.055569835007190704,0.25521543622016907,0.38766393065452576,-0.03030523657798767,0.23371100425720215,0.3357657492160797,-0.050763607025146484,0.2178487777709961,0.3026312589645386,-0.05367504805326462,0.20405162870883942,0.26610833406448364,-0.051377926021814346
17,left,0,0,0,0,0,0,0,0,0,0,0,0,0,0,0,0,0,0,0,0,0,0,0,0,0,0,0,0,0,0,0,0,0,0,0,0,0,0,0,0,0,0,0,0,0,0,0,0,0,0,0,0,0,0,0,0,0,0,0,0,0,0,0
18,right,0.3057747483253479,0.5373001098632812,-5.611941560346168e-07,0.3628648519515991,0.5049768686294556,-0.024902742356061935,0.3996172845363617,0.4427473247051239,-0.036170560866594315,0.4249459505081177,0.39138373732566833,-0.04599711671471596,0.452446311712265,0.35444948077201843,-0.05250078812241554,0.35595598816871643,0.35085737705230713,-0.031238045543432236,0.35354968905448914,0.39139851927757263,-0.05716517195105553,0.35024920105934143,0.44719189405441284,-0.07009676098823547,0.3465989828109741,0.48065385222435,-0.07347190380096436,0.3147351145744324,0.3484437167644501,-0.02969171665608883,0.31744471192359924,0.39976322650909424,-0.05426435172557831,0.32130804657936096,0.458107054233551,-0.060538310557603836,0.3242093324661255,0.4885491728782654,-0.061811093240976334,0.2786429524421692,0.36980894207954407,-0.031373146921396255,0.27905380725860596,0.404260516166687,-0.062158044427633286,0.29048317670822144,0.4589187800884247,-0.06440702825784683,0.29930055141448975,0.49207133054733276,-0.05941878631711006,0.24830302596092224,0.4005666673183441,-0.034414295107126236,0.22366082668304443,0.3586684465408325,-0.05462193489074707,0.20335808396339417,0.33110684156417847,-0.057046160101890564,0.1852477490901947,0.302112877368927,-0.05503608658909798
18,left,0,0,0,0,0,0,0,0,0,0,0,0,0,0,0,0,0,0,0,0,0,0,0,0,0,0,0,0,0,0,0,0,0,0,0,0,0,0,0,0,0,0,0,0,0,0,0,0,0,0,0,0,0,0,0,0,0,0,0,0,0,0,0
19,right,0.3010595142841339,0.5352095365524292,-5.624263508252625e-07,0.35915902256965637,0.4872303605079651,-0.021819690242409706,0.3882533311843872,0.42144694924354553,-0.03371628001332283,0.407741904258728,0.36745476722717285,-0.04341604933142662,0.4295141100883484,0.316530704498291,-0.05172998830676079,0.3312602937221527,0.350004106760025,-0.04036402329802513,0.35364779829978943,0.41488367319107056,-0.06366237252950668,0.36242708563804626,0.46797388792037964,-0.07620365172624588,0.360903263092041,0.4952411353588104,-0.08166444301605225,0.2926233112812042,0.3637707829475403,-0.04023400694131851,0.32065659761428833,0.43796902894973755,-0.06054836884140968,0.33419954776763916,0.4877540171146393,-0.0677071064710617,0.3368171751499176,0.5165090560913086,-0.07324269413948059,0.2602713108062744,0.3965791165828705,-0.04172704741358757,0.28047436475753784,0.44504597783088684,-0.07112986594438553,0.3026893734931946,0.4946957528591156,-0.07665783166885376,0.31410273909568787,0.5262289643287659,-0.0770493894815445,0.23788514733314514,0.43742120265960693,-0.04362775757908821,0.21417236328125,0.4246712625026703,-0.0690135732293129,0.1929067224264145,0.4235782325267792,-0.0749250203371048,0.1691921502351761,0.41734743118286133,-0.07656949013471603
19,left,0,0,0,0,0,0,0,0,0,0,0,0,0,0,0,0,0,0,0,0,0,0,0,0,0,0,0,0,0,0,0,0,0,0,0,0,0,0,0,0,0,0,0,0,0,0,0,0,0,0,0,0,0,0,0,0,0,0,0,0,0,0,0
20,right,0.27835461497306824,0.5380914807319641,-2.3074829869074165e-07,0.34062862396240234,0.48223042488098145,-0.0194440595805645,0.3786405324935913,0.41578200459480286,-0.03019961342215538,0.4005952477455139,0.35834619402885437,-0.03921378776431084,0.4155738949775696,0.30139198899269104,-0.04624144360423088,0.3337782621383667,0.37033045291900635,-0.034304551780223846,0.3643246293067932,0.43580934405326843,-0.06286273151636124,0.37493592500686646,0.4892863631248474,-0.0778535008430481,0.3729505240917206,0.5129129886627197,-0.08490845561027527,0.30012744665145874,0.3928535282611847,-0.03559815511107445,0.34707748889923096,0.46478673815727234,-0.05926749110221863,0.3587440252304077,0.5084173679351807,-0.06578445434570312,0.3528730869293213,0.5274384021759033,-0.07036244124174118,0.2756882607936859,0.423931360244751,-0.03907094523310661,0.3234837055206299,0.49095043540000916,-0.0621677041053772,0.33549201488494873,0.5220818519592285,-0.060174159705638885,0.3308832347393036,0.5317392945289612,-0.05649920925498009,0.2579411566257477,0.45992836356163025,-0.044589024037122726,0.3009982705116272,0.5076977014541626,-0.06077243387699127,0.3164341449737549,0.531147301197052,-0.059314243495464325,0.3175438344478607,0.5390421152114868,-0.05582340806722641
20,left,0,0,0,0,0,0,0,0,0,0,0,0,0,0,0,0,0,0,0,0,0,0,0,0,0,0,0,0,0,0,0,0,0,0,0,0,0,0,0,0,0,0,0,0,0,0,0,0,0,0,0,0,0,0,0,0,0,0,0,0,0,0,0
21,right,0.26285436749458313,0.5475538969039917,-4.022981272555626e-07,0.3250371515750885,0.5033454895019531,-0.014304312877357006,0.3694392442703247,0.43830859661102295,-0.02237480692565441,0.3961181342601776,0.3826260268688202,-0.029017888009548187,0.40837305784225464,0.324741393327713,-0.034653715789318085,0.33786219358444214,0.392985463142395,-0.026683364063501358,0.37895095348358154,0.475158154964447,-0.050140365958213806,0.3794858455657959,0.5122905969619751,-0.0658540204167366,0.36941689252853394,0.5173400044441223,-0.07581635564565659,0.30882784724235535,0.4147993326187134,-0.029370035976171494,0.3619820773601532,0.5074396729469299,-0.046131283044815063,0.3594197630882263,0.532861590385437,-0.0536872074007988,0.3451409637928009,0.5313701033592224,-0.06214938685297966,0.2861933708190918,0.44549626111984253,-0.03365349769592285,0.33910268545150757,0.5269538164138794,-0.050241243094205856,0.33954182267189026,0.5436315536499023,-0.051287051290273666,0.32833367586135864,0.5335946083068848,-0.05341046303510666,0.2676791548728943,0.48003891110420227,-0.039572205394506454,0.31362462043762207,0.5385429263114929,-0.053748585283756256,0.32150542736053467,0.5539249181747437,-0.055506739765405655,0.3166089653968811,0.5490481853485107,-0.05636586248874664
21,left,0,0,0,0,0,0,0,0,0,0,0,0,0,0,0,0,0,0,0,0,0,0,0,0,0,0,0,0,0,0,0,0,0,0,0,0,0,0,0,0,0,0,0,0,0,0,0,0,0,0,0,0,0,0,0,0,0,0,0,0,0,0,0
22,right,0.270119845867157,0.5274226665496826,-3.300798994132492e-07,0.32070493698120117,0.4782893657684326,-0.013973861932754517,0.3683207333087921,0.43166640400886536,-0.02191941998898983,0.3975139558315277,0.3829949200153351,-0.028564270585775375,0.41086336970329285,0.32715386152267456,-0.034158218652009964,0.34788236021995544,0.41501232981681824,-0.03187742829322815,0.39992403984069824,0.4984009861946106,-0.04913152754306793,0.37832459807395935,0.502062201499939,-0.05719650164246559,0.3596265912055969,0.4772041141986847,-0.0646710991859436,0.31647658348083496,0.4476899206638336,-0.0371537059545517,0.37561336159706116,0.5331071019172668,-0.050409138202667236,0.3526376783847809,0.5277889370918274,-0.052199460566043854,0.3371546268463135,0.5062428116798401,-0.05891989544034004,0.28923261165618896,0.48492953181266785,-0.04369422793388367,0.34487637877464294,0.5597925782203674,-0.06056859344244003,0.3283296227455139,0.5532068014144897,-0.06085039675235748,0.31912529468536377,0.5324079394340515,-0.06430307775735855,0.2691667973995209,0.522204577922821,-0.05180973559617996,0.30535975098609924,0.5841742753982544,-0.07065889984369278,0.2986564040184021,0.5914748311042786,-0.07600729912519455,0.2903197705745697,0.5892024636268616,-0.08073149621486664
22,left,0,0,0,0,0,0,0,0,0,0,0,0,0,0,0,0,0,0,0,0,0,0,0,0,0,0,0,0,0,0,0,0,0,0,0,0,0,0,0,0,0,0,0,0,0,0,0,0,0,0,0,0,0,0,0,0,0,0,0,0,0,0,0
23,right,0.2554452419281006,0.5204785466194153,-3.164579709391546e-07,0.30969345569610596,0.46805906295776367,-0.007413518149405718,0.3643190860748291,0.42076635360717773,-0.015531139448285103,0.3954959511756897,0.37159499526023865,-0.023802103474736214,0.40630412101745605,0.3191559910774231,-0.030794594436883926,0.3511788845062256,0.4064458906650543,-0.02894735522568226,0.4094548225402832,0.4848991632461548,-0.04869464039802551,0.3868741989135742,0.49642518162727356,-0.05755879357457161,0.3673499822616577,0.4744070768356323,-0.06434593349695206,0.3246195912361145,0.4410310983657837,-0.03771765157580376,0.3889123201370239,0.5234788060188293,-0.0514853335916996,0.3654029965400696,0.5225831270217896,-0.051695287227630615,0.3487911820411682,0.503663957118988,-0.056102510541677475,0.3008735179901123,0.4801734387874603,-0.047258321195840836,0.3611762523651123,0.5529792904853821,-0.06102951616048813,0.34146347641944885,0.5508736371994019,-0.058194227516651154,0.3287634253501892,0.5363954901695251,-0.059323929250240326,0.2806004583835602,0.5166743397712708,-0.05772825703024864,0.32048162817955017,0.5804444551467896,-0.07044714689254761,0.3146165609359741,0.5891457200050354,-0.07211840152740479,0.30894267559051514,0.5869462490081787,-0.07450653612613678
23,left,0,0,0,0,0,0,0,0,0,0,0,0,0,0,0,0,0,0,0,0,0,0,0,0,0,0,0,0,0,0,0,0,0,0,0,0,0,0,0,0,0,0,0,0,0,0,0,0,0,0,0,0,0,0,0,0,0,0,0,0,0,0,0
24,right,0.26386627554893494,0.5054572820663452,-1.9694697073191492e-07,0.3082202672958374,0.44804877042770386,-0.013808085583150387,0.3638154864311218,0.39632970094680786,-0.02497456781566143,0.39348113536834717,0.3466670513153076,-0.03375091776251793,0.39559584856033325,0.2973800003528595,-0.04037386178970337,0.3560149073600769,0.40291592478752136,-0.0431593619287014,0.417108416557312,0.4682493805885315,-0.06372210383415222,0.395462304353714,0.4718627631664276,-0.06952487677335739,0.3746283948421478,0.44999396800994873,-0.07299864292144775,0.33628523349761963,0.444753497838974,-0.04752856865525246,0.4028332531452179,0.5123484134674072,-0.06303845345973969,0.38050559163093567,0.5041278600692749,-0.06068715080618858,0.36038994789123535,0.4879715144634247,-0.0617503896355629,0.31880566477775574,0.4892684519290924,-0.05209343880414963,0.3812996447086334,0.5449428558349609,-0.06676126271486282,0.36343908309936523,0.5375677347183228,-0.06151815131306648,0.348306804895401,0.5273578763008118,-0.05968195199966431,0.30291321873664856,0.5277301669120789,-0.057421475648880005,0.3454180955886841,0.5731062889099121,-0.06996547430753708,0.3526885509490967,0.5871531963348389,-0.06979192793369293,0.35934412479400635,0.5992995500564575,-0.07008955627679825
24,left,0,0,0,0,0,0,0,0,0,0,0,0,0,0,0,0,0,0,0,0,0,0,0,0,0,0,0,0,0,0,0,0,0,0,0,0,0,0,0,0,0,0,0,0,0,0,0,0,0,0,0,0,0,0,0,0,0,0,0,0,0,0,0
25,right,0.26690465211868286,0.4998835027217865,-1.357473848884183e-07,0.30580934882164,0.4421049654483795,-0.010009427554905415,0.3586336374282837,0.38760238885879517,-0.021896108984947205,0.3875073790550232,0.33937084674835205,-0.03174448013305664,0.3889895975589752,0.29015612602233887,-0.03883160278201103,0.3578099310398102,0.39662784337997437,-0.04383701831102371,0.4200482964515686,0.4553548991680145,-0.0654306709766388,0.4002661406993866,0.46193021535873413,-0.07089772075414658,0.37848585844039917,0.4445997178554535,-0.07310334593057632,0.34243202209472656,0.4385688602924347,-0.04943910613656044,0.4089643359184265,0.5013082027435303,-0.06677428632974625,0.388224720954895,0.4967917203903198,-0.06363840401172638,0.3652926981449127,0.4814094007015228,-0.0625481829047203,0.3280266523361206,0.48425817489624023,-0.05473777651786804,0.38810810446739197,0.5367370843887329,-0.06978151947259903,0.37070149183273315,0.531693160533905,-0.06297311931848526,0.3516474664211273,0.5183066129684448,-0.05903644487261772,0.31366896629333496,0.5263976454734802,-0.06031843274831772,0.35557258129119873,0.5698962211608887,-0.07363764196634293,0.3708953261375427,0.5907226800918579,-0.0739491730928421,0.38496673107147217,0.6069930791854858,-0.07376500219106674
25,left,0,0,0,0,0,0,0,0,0,0,0,0,0,0,0,0,0,0,0,0,0,0,0,0,0,0,0,0,0,0,0,0,0,0,0,0,0,0,0,0,0,0,0,0,0,0,0,0,0,0,0,0,0,0,0,0,0,0,0,0,0,0,0
26,right,0.26751822233200073,0.49481284618377686,-8.559285191722665e-08,0.2960723340511322,0.4368763864040375,-0.007545494474470615,0.3457847535610199,0.37400540709495544,-0.019180450588464737,0.3743249177932739,0.32206737995147705,-0.029166653752326965,0.3720284402370453,0.27308404445648193,-0.03609872981905937,0.35519400238990784,0.3799113929271698,-0.041437435895204544,0.4227829575538635,0.42905983328819275,-0.06029967591166496,0.4035877585411072,0.43975672125816345,-0.06446416676044464,0.3818274736404419,0.42575061321258545,-0.06637028604745865,0.34600549936294556,0.42222416400909424,-0.047132708132267,0.4155540466308594,0.46958157420158386,-0.06308630108833313,0.39582544565200806,0.47333401441574097,-0.0596681572496891,0.37351280450820923,0.463579922914505,-0.05802314355969429,0.3375245928764343,0.4686833620071411,-0.05219964310526848,0.3985704779624939,0.5110467672348022,-0.06364577263593674,0.3801528215408325,0.5127092003822327,-0.054878320544958115,0.3584911525249481,0.5023152232170105,-0.049754202365875244,0.32850196957588196,0.5131925344467163,-0.05759868770837784,0.37338149547576904,0.5459261536598206,-0.06739889830350876,0.39610183238983154,0.565704882144928,-0.06783990561962128,0.41750213503837585,0.580184280872345,-0.06829576194286346
26,left,0,0,0,0,0,0,0,0,0,0,0,0,0,0,0,0,0,0,0,0,0,0,0,0,0,0,0,0,0,0,0,0,0,0,0,0,0,0,0,0,0,0,0,0,0,0,0,0,0,0,0,0,0,0,0,0,0,0,0,0,0,0,0
27,right,0.2669561505317688,0.49120742082595825,-9.770977271728043e-08,0.2930684983730316,0.4317724406719208,-0.006360545754432678,0.3398050367832184,0.3666437864303589,-0.017857544124126434,0.36547526717185974,0.31323185563087463,-0.02794330194592476,0.3617664575576782,0.2648964822292328,-0.03507436811923981,0.3519788682460785,0.3719201683998108,-0.0406608060002327,0.420853853225708,0.41461968421936035,-0.05931168422102928,0.401789128780365,0.42740705609321594,-0.06324426829814911,0.3790120780467987,0.41580063104629517,-0.06501656025648117,0.3448799252510071,0.41452857851982117,-0.04707645624876022,0.4166315495967865,0.45615649223327637,-0.06337928026914597,0.3958611488342285,0.46246442198753357,-0.06008655205368996,0.37238574028015137,0.454165518283844,-0.058354590088129044,0.33878418803215027,0.46207594871520996,-0.052798233926296234,0.4030741751194,0.5000019669532776,-0.06501123309135437,0.3842977285385132,0.5036802887916565,-0.05665251985192299,0.36190590262413025,0.49414828419685364,-0.051566850394010544,0.33220359683036804,0.5081191062927246,-0.05861369147896767,0.38032087683677673,0.5353768467903137,-0.06937526911497116,0.40617451071739197,0.5538269281387329,-0.07041534036397934,0.43018919229507446,0.5680227875709534,-0.07105937600135803
27,left,0,0,0,0,0,0,0,0,0,0,0,0,0,0,0,0,0,0,0,0,0,0,0,0,0,0,0,0,0,0,0,0,0,0,0,0,0,0,0,0,0,0,0,0,0,0,0,0,0,0,0,0,0,0,0,0,0,0,0,0,0,0,0
28,right,0.26554495096206665,0.4906940460205078,-6.572182087438705e-08,0.2858356535434723,0.42883673310279846,-0.0054000248201191425,0.32741332054138184,0.35719045996665955,-0.01669875904917717,0.34990566968917847,0.3012424111366272,-0.026663826778531075,0.34471267461776733,0.25374412536621094,-0.03369933366775513,0.3414779007434845,0.3549191653728485,-0.038849398493766785,0.412783682346344,0.3866703510284424,-0.054528433829545975,0.3947637975215912,0.402938574552536,-0.05714985728263855,0.3723047375679016,0.39543417096138,-0.058555684983730316,0.33841967582702637,0.3958551585674286,-0.04481403902173042,0.4116537272930145,0.42582494020462036,-0.05729354918003082,0.3935970366001129,0.43882715702056885,-0.05318078026175499,0.3723411560058594,0.43569785356521606,-0.0517621785402298,0.3372247517108917,0.4436935484409332,-0.04979855194687843,0.40536436438560486,0.4699075222015381,-0.05721554905176163,0.38905197381973267,0.4792378544807434,-0.04677810147404671,0.36709338426589966,0.475176066160202,-0.04146542772650719,0.3362928032875061,0.4918133318424225,-0.05504097416996956,0.3893496096134186,0.5057314038276672,-0.06126603111624718,0.4197691082954407,0.5180705785751343,-0.06036898121237755,0.44713523983955383,0.5259688496589661,-0.060720231384038925
28,left,0,0,0,0,0,0,0,0,0,0,0,0,0,0,0,0,0,0,0,0,0,0,0,0,0,0,0,0,0,0,0,0,0,0,0,0,0,0,0,0,0,0,0,0,0,0,0,0,0,0,0,0,0,0,0,0,0,0,0,0,0,0,0
29,right,0.2666521668434143,0.4887949228286743,-1.2306293228903087e-07,0.28675538301467896,0.4258578419685364,-0.00566201563924551,0.327430784702301,0.3537154197692871,-0.015469765290617943,0.3515729606151581,0.2965506315231323,-0.023981407284736633,0.34469395875930786,0.25039002299308777,-0.02977866679430008,0.3419715166091919,0.3548227548599243,-0.03647898510098457,0.4135534465312958,0.3865883946418762,-0.05431213974952698,0.3956810235977173,0.4038621187210083,-0.05788496136665344,0.37286055088043213,0.3977559208869934,-0.0593804195523262,0.3386967182159424,0.39574894309043884,-0.04252345487475395,0.41308826208114624,0.4270099103450775,-0.0573083870112896,0.3938664197921753,0.43977832794189453,-0.053389761596918106,0.3717513084411621,0.43600085377693176,-0.05141383409500122,0.33787328004837036,0.4425511360168457,-0.04818859323859215,0.4053776264190674,0.47229522466659546,-0.06012050807476044,0.3876781165599823,0.48083797097206116,-0.052121736109256744,0.36598148941993713,0.47471821308135986,-0.04726697504520416,0.3376549482345581,0.49001869559288025,-0.05382685363292694,0.39071840047836304,0.508435845375061,-0.06407693028450012,0.4205229878425598,0.5205114483833313,-0.0649995356798172,0.4482552707195282,0.5274951457977295,-0.06563321501016617
29,left,0,0,0,0,0,0,0,0,0,0,0,0,0,0,0,0,0,0,0,0,0,0,0,0,0,0,0,0,0,0,0,0,0,0,0,0,0,0,0,0,0,0,0,0,0,0,0,0,0,0,0,0,0,0,0,0,0,0,0,0,0,0,0
30,right,0.26079419255256653,0.49314120411872864,-1.2253168790721247e-07,0.2778724133968353,0.4293080270290375,-0.0017678163712844253,0.31410980224609375,0.35309121012687683,-0.010887786746025085,0.335938423871994,0.29615283012390137,-0.019434543326497078,0.3311389088630676,0.24890412390232086,-0.025364862754940987,0.3268320560455322,0.3421090841293335,-0.033932097256183624,0.3990226089954376,0.3656243681907654,-0.049387376755476,0.38421911001205444,0.3853991627693176,-0.05152454972267151,0.36263832449913025,0.3816932439804077,-0.052179280668497086,0.3272721469402313,0.38268932700157166,-0.04148666560649872,0.40174341201782227,0.40345126390457153,-0.053897734731435776,0.3855135440826416,0.420745313167572,-0.049191638827323914,0.36502233147621155,0.41999557614326477,-0.04687110707163811,0.3299678862094879,0.43018877506256104,-0.04801596328616142,0.3988061845302582,0.4485155940055847,-0.05637231841683388,0.3836773931980133,0.46176886558532715,-0.045797839760780334,0.363201379776001,0.4597451090812683,-0.03965413197875023,0.3332838714122772,0.47854718565940857,-0.05437866598367691,0.3880229592323303,0.4808405935764313,-0.06070057675242424,0.4190365672111511,0.48741215467453003,-0.058677349239587784,0.44719401001930237,0.48919594287872314,-0.057716868817806244
30,left,0,0,0,0,0,0,0,0,0,0,0,0,0,0,0,0,0,0,0,0,0,0,0,0,0,0,0,0,0,0,0,0,0,0,0,0,0,0,0,0,0,0,0,0,0,0,0,0,0,0,0,0,0,0,0,0,0,0,0,0,0,0,0
31,right,0.25961875915527344,0.49651581048965454,-1.6204685948650877e-07,0.27388954162597656,0.43042340874671936,-0.0013887595850974321,0.3082806468009949,0.3549894392490387,-0.009423629380762577,0.3318418860435486,0.2989295721054077,-0.017358843237161636,0.32821887731552124,0.2532810866832733,-0.02309214137494564,0.321401447057724,0.3450893461704254,-0.02998920902609825,0.39192497730255127,0.36373424530029297,-0.04701698571443558,0.3786361813545227,0.38602200150489807,-0.05064665526151657,0.3579203188419342,0.3866313397884369,-0.051855478435754776,0.32322680950164795,0.38606297969818115,-0.038017213344573975,0.39739638566970825,0.4048384428024292,-0.052360355854034424,0.3807659149169922,0.42423713207244873,-0.048573993146419525,0.35938748717308044,0.4254632890224457,-0.04605775699019432,0.327290803194046,0.4329184889793396,-0.04536554217338562,0.39495664834976196,0.4480621814727783,-0.057060446590185165,0.38002821803092957,0.4641585946083069,-0.04748208075761795,0.35994675755500793,0.46446287631988525,-0.04080244153738022,0.3310318887233734,0.48002681136131287,-0.05227995663881302,0.384358286857605,0.48312103748321533,-0.0604105107486248,0.41168761253356934,0.48838603496551514,-0.05751330032944679,0.4366786777973175,0.4870603084564209,-0.05501876771450043
31,left,0,0,0,0,0,0,0,0,0,0,0,0,0,0,0,0,0,0,0,0,0,0,0,0,0,0,0,0,0,0,0,0,0,0,0,0,0,0,0,0,0,0,0,0,0,0,0,0,0,0,0,0,0,0,0,0,0,0,0,0,0,0,0
32,right,0.2582601308822632,0.502680778503418,-1.6781010003796837e-07,0.27228689193725586,0.43663686513900757,-0.0018667960539460182,0.3069622814655304,0.3610689342021942,-0.009690292179584503,0.33127379417419434,0.30450260639190674,-0.017401952296495438,0.3271150588989258,0.25829631090164185,-0.022778861224651337,0.31999486684799194,0.349060595035553,-0.029444308951497078,0.39193663001060486,0.3671269416809082,-0.04704809933900833,0.37801504135131836,0.39138925075531006,-0.05110546201467514,0.35641586780548096,0.39279499650001526,-0.05255803465843201,0.3216624855995178,0.3891673982143402,-0.037389229983091354,0.39674556255340576,0.40742504596710205,-0.052110593765974045,0.3806189000606537,0.42846769094467163,-0.04855994135141373,0.35966068506240845,0.4304119944572449,-0.04618033021688461,0.3258357048034668,0.4361521601676941,-0.044878579676151276,0.39439719915390015,0.4516907036304474,-0.05698025971651077,0.38014471530914307,0.46877336502075195,-0.047590263187885284,0.3604431450366974,0.46916091442108154,-0.04105781763792038,0.3300134241580963,0.4836452007293701,-0.05203647166490555,0.3841513395309448,0.4878450036048889,-0.060481902211904526,0.4112657308578491,0.49275603890419006,-0.05783020704984665,0.4359377324581146,0.4904315769672394,-0.05552251264452934
32,left,0,0,0,0,0,0,0,0,0,0,0,0,0,0,0,0,0,0,0,0,0,0,0,0,0,0,0,0,0,0,0,0,0,0,0,0,0,0,0,0,0,0,0,0,0,0,0,0,0,0,0,0,0,0,0,0,0,0,0,0,0,0,0
33,right,0.2606757879257202,0.5236034989356995,-2.2100471142039169e-07,0.2775043547153473,0.4595641493797302,-0.004561745095998049,0.31246474385261536,0.38622087240219116,-0.013992011547088623,0.3363966941833496,0.32985919713974,-0.023173930123448372,0.33712342381477356,0.2825438976287842,-0.029169149696826935,0.32361626625061035,0.3783245086669922,-0.029672205448150635,0.39175960421562195,0.38779598474502563,-0.04958966001868248,0.37629231810569763,0.41244325041770935,-0.055379826575517654,0.3528885543346405,0.4168659448623657,-0.0571359321475029,0.3245050311088562,0.4195921719074249,-0.036649394780397415,0.3957829475402832,0.4289904236793518,-0.052823908627033234,0.38078683614730835,0.4480469524860382,-0.05063506215810776,0.36043471097946167,0.45432886481285095,-0.04838661849498749,0.328171044588089,0.46568775177001953,-0.0435648076236248,0.3941400647163391,0.4757373631000519,-0.05608099699020386,0.381197988986969,0.4902563691139221,-0.04649456590414047,0.3617890179157257,0.4933851957321167,-0.03914111852645874,0.33237454295158386,0.5118029117584229,-0.05067659169435501,0.38395705819129944,0.5129446387290955,-0.0582103468477726,0.4085370898246765,0.5144062042236328,-0.05459541454911232,0.4298851788043976,0.5117169618606567,-0.051194928586483
33,left,0,0,0,0,0,0,0,0,0,0,0,0,0,0,0,0,0,0,0,0,0,0,0,0,0,0,0,0,0,0,0,0,0,0,0,0,0,0,0,0,0,0,0,0,0,0,0,0,0,0,0,0,0,0,0,0,0,0,0,0,0,0,0
34,right,0.2650566101074219,0.5996698141098022,-2.533728036269167e-07,0.27954572439193726,0.5323829054832458,-0.009202170185744762,0.3192733824253082,0.46266356110572815,-0.023817747831344604,0.3583739697933197,0.4158945381641388,-0.03732125833630562,0.390473335981369,0.410934716463089,-0.04691968858242035,0.32042863965034485,0.4586702585220337,-0.04655236005783081,0.3873867392539978,0.4447471499443054,-0.06771326810121536,0.3844687342643738,0.47290629148483276,-0.07150501012802124,0.3637746274471283,0.4868975877761841,-0.07070014625787735,0.32229989767074585,0.5068401098251343,-0.05275437608361244,0.39535993337631226,0.49921417236328125,-0.0706154853105545,0.38905707001686096,0.5231005549430847,-0.06783704459667206,0.36569446325302124,0.5337002277374268,-0.06457284837961197,0.3282869756221771,0.5598790645599365,-0.05790841579437256,0.39662566781044006,0.5566827058792114,-0.07282493263483047,0.39233866333961487,0.573357105255127,-0.06313017755746841,0.37111005187034607,0.581294059753418,-0.054808128625154495,0.33594703674316406,0.6108949780464172,-0.0631663128733635,0.3963598310947418,0.6004265546798706,-0.07241879403591156,0.4023996591567993,0.610744833946228,-0.0644216313958168,0.3932703733444214,0.6185216903686523,-0.05686286464333534
34,left,0,0,0,0,0,0,0,0,0,0,0,0,0,0,0,0,0,0,0,0,0,0,0,0,0,0,0,0,0,0,0,0,0,0,0,0,0,0,0,0,0,0,0,0,0,0,0,0,0,0,0,0,0,0,0,0,0,0,0,0,0,0,0
35,right,0.27234381437301636,0.7574067115783691,-1.0595312716077387e-07,0.2892226278781891,0.6859853863716125,-0.009876560419797897,0.33340156078338623,0.6279284954071045,-0.025783345103263855,0.3736068904399872,0.5889509916305542,-0.0395171232521534,0.3999267518520355,0.5658440589904785,-0.051356494426727295,0.31701815128326416,0.6260396838188171,-0.05872635915875435,0.3572392761707306,0.5975176095962524,-0.08286152780056,0.37299734354019165,0.6144323945045471,-0.09023156017065048,0.3697402775287628,0.6274898052215576,-0.09248360991477966,0.3271110951900482,0.6698793768882751,-0.06530823558568954,0.38557615876197815,0.6511050462722778,-0.08600996434688568,0.38938504457473755,0.6681168079376221,-0.08604612201452255,0.37348294258117676,0.6776465177536011,-0.0866246297955513,0.3395839333534241,0.7167500853538513,-0.07013075053691864,0.39817625284194946,0.7054587602615356,-0.08545415103435516,0.3970387279987335,0.7210526466369629,-0.07579833269119263,0.3795207142829895,0.7290311455726624,-0.06960687786340714,0.35001957416534424,0.7624071836471558,-0.0753454864025116,0.3999684154987335,0.7542279958724976,-0.08272655308246613,0.3987974524497986,0.7616615295410156,-0.07384100556373596,0.38510340452194214,0.7662389874458313,-0.06767073273658752
35,left,0,0,0,0,0,0,0,0,0,0,0,0,0,0,0,0,0,0,0,0,0,0,0,0,0,0,0,0,0,0,0,0,0,0,0,0,0,0,0,0,0,0,0,0,0,0,0,0,0,0,0,0,0,0,0,0,0,0,0,0,0,0,0
36,right,0.27507978677749634,0.8802507519721985,-1.6434044880497822e-07,0.299405574798584,0.7921709418296814,-0.010468892753124237,0.3537277579307556,0.734511137008667,-0.027913669124245644,0.40076735615730286,0.7233670949935913,-0.042827244848012924,0.4225172996520996,0.7622911334037781,-0.05469182878732681,0.3339427709579468,0.7515808343887329,-0.05512779951095581,0.40052419900894165,0.7452346682548523,-0.07560960948467255,0.3885380029678345,0.7637922763824463,-0.08114825189113617,0.363517701625824,0.7696711421012878,-0.08323314040899277,0.3390023410320282,0.806259274482727,-0.06175190955400467,0.41736137866973877,0.805414080619812,-0.07771707326173782,0.4026358723640442,0.8197427988052368,-0.07272373139858246,0.37385115027427673,0.8255051970481873,-0.07023929804563522,0.3484916090965271,0.8616703748703003,-0.06674687564373016,0.4221733510494232,0.8636611104011536,-0.0733594074845314,0.4068951904773712,0.8727652430534363,-0.05886346474289894,0.37928348779678345,0.8769960999488831,-0.05132589116692543,0.3587273359298706,0.9148423671722412,-0.07321751117706299,0.41891980171203613,0.9142469167709351,-0.07238191366195679,0.4067654609680176,0.9205030202865601,-0.059760626405477524,0.38403236865997314,0.9258104562759399,-0.0528540275990963
36,left,0,0,0,0,0,0,0,0,0,0,0,0,0,0,0,0,0,0,0,0,0,0,0,0,0,0,0,0,0,0,0,0,0,0,0,0,0,0,0,0,0,0,0,0,0,0,0,0,0,0,0,0,0,0,0,0,0,0,0,0,0,0,0
