1,right,0,0,0,0,0,0,0,0,0,0,0,0,0,0,0,0,0,0,0,0,0,0,0,0,0,0,0,0,0,0,0,0,0,0,0,0,0,0,0,0,0,0,0,0,0,0,0,0,0,0,0,0,0,0,0,0,0,0,0,0,0,0,0
1,left,0,0,0,0,0,0,0,0,0,0,0,0,0,0,0,0,0,0,0,0,0,0,0,0,0,0,0,0,0,0,0,0,0,0,0,0,0,0,0,0,0,0,0,0,0,0,0,0,0,0,0,0,0,0,0,0,0,0,0,0,0,0,0
2,right,0.2504288852214813,0.7493982315063477,-5.173325234864024e-07,0.3019258975982666,0.6696407198905945,0.005283496342599392,0.31618165969848633,0.5815720558166504,0.010653680190443993,0.3189380466938019,0.5184913873672485,0.007160206791013479,0.3098697364330292,0.46363162994384766,0.0056925746612250805,0.26995304226875305,0.5392695069313049,0.027947980910539627,0.30402547121047974,0.501691997051239,-0.003371098078787327,0.32260721921920776,0.548668384552002,-0.020720234140753746,0.3309684991836548,0.5948947668075562,-0.0210664514452219,0.24648475646972656,0.5444298982620239,0.014216014184057713,0.2904156446456909,0.5095153450965881,-0.025594953447580338,0.2986753582954407,0.5841455459594727,-0.04049970582127571,0.29788365960121155,0.6434582471847534,-0.036308325827121735,0.22187653183937073,0.5503809452056885,-0.004609092604368925,0.26683568954467773,0.5253016352653503,-0.04384428635239601,0.27561429142951965,0.5958934426307678,-0.047597240656614304,0.27312543988227844,0.6486815214157104,-0.03289509192109108,0.19639484584331512,0.5602425932884216,-0.023073725402355194,0.20923370122909546,0.4723813235759735,-0.03830496221780777,0.22350172698497772,0.42088252305984497,-0.03681349381804466,0.2381555438041687,0.37889960408210754,-0.028224095702171326
2,left,0,0,0,0,0,0,0,0,0,0,0,0,0,0,0,0,0,0,0,0,0,0,0,0,0,0,0,0,0,0,0,0,0,0,0,0,0,0,0,0,0,0,0,0,0,0,0,0,0,0,0,0,0,0,0,0,0,0,0,0,0,0,0
3,right,0.2553192377090454,0.7337050437927246,-6.574664439540356e-07,0.3025709390640259,0.664037823677063,0.004834351129829884,0.3168754279613495,0.5813853144645691,0.009933387860655785,0.31977659463882446,0.5203988552093506,0.006577301304787397,0.30840402841567993,0.4701550006866455,0.005006880033761263,0.2661934494972229,0.5381329655647278,0.023397866636514664,0.29830703139305115,0.5033661723136902,-0.006605735048651695,0.3176666498184204,0.552043080329895,-0.02192572131752968,0.3266144096851349,0.5975840091705322,-0.02135905809700489,0.2445557713508606,0.5420194268226624,0.009871476329863071,0.28748053312301636,0.5083391070365906,-0.028768254444003105,0.29652827978134155,0.5835778117179871,-0.04133162274956703,0.2955908179283142,0.6409310698509216,-0.03619039058685303,0.22065261006355286,0.5462055206298828,-0.008333670906722546,0.26595258712768555,0.518455982208252,-0.04738147556781769,0.275019109249115,0.5899914503097534,-0.04985501244664192,0.2710520625114441,0.6411380171775818,-0.034802842885255814,0.1957225799560547,0.553930938243866,-0.02597411535680294,0.2084461897611618,0.46460670232772827,-0.04213240370154381,0.2227144092321396,0.41518598794937134,-0.03990320861339569,0.23620016872882843,0.37453779578208923,-0.03094056248664856
3,left,0,0,0,0,0,0,0,0,0,0,0,0,0,0,0,0,0,0,0,0,0,0,0,0,0,0,0,0,0,0,0,0,0,0,0,0,0,0,0,0,0,0,0,0,0,0,0,0,0,0,0,0,0,0,0,0,0,0,0,0,0,0,0
4,right,0,0,0,0,0,0,0,0,0,0,0,0,0,0,0,0,0,0,0,0,0,0,0,0,0,0,0,0,0,0,0,0,0,0,0,0,0,0,0,0,0,0,0,0,0,0,0,0,0,0,0,0,0,0,0,0,0,0,0,0,0,0,0
4,left,0,0,0,0,0,0,0,0,0,0,0,0,0,0,0,0,0,0,0,0,0,0,0,0,0,0,0,0,0,0,0,0,0,0,0,0,0,0,0,0,0,0,0,0,0,0,0,0,0,0,0,0,0,0,0,0,0,0,0,0,0,0,0
5,right,0.26012828946113586,0.7346072196960449,-4.2048242221426335e-07,0.30925506353378296,0.6671096682548523,0.004337799735367298,0.32544660568237305,0.5814960598945618,0.010122667998075485,0.32702749967575073,0.5197107791900635,0.007736734580248594,0.3114233911037445,0.47234874963760376,0.00670419679954648,0.27784058451652527,0.5413355231285095,0.02737509272992611,0.3066117763519287,0.5038174390792847,-0.000741673051379621,0.3198411464691162,0.5519888997077942,-0.016678759828209877,0.3257645070552826,0.5987693667411804,-0.017028125002980232,0.2556946277618408,0.5444335341453552,0.014750185422599316,0.29117467999458313,0.5116190314292908,-0.020669640973210335,0.29901933670043945,0.58055180311203,-0.034257423132658005,0.29976505041122437,0.637108564376831,-0.03045598417520523,0.2309207022190094,0.5502486228942871,-0.0028106707613915205,0.2702489197254181,0.5249361991882324,-0.039229873567819595,0.2775334119796753,0.5931892395019531,-0.042811717838048935,0.2738181948661804,0.6451058387756348,-0.02927578240633011,0.20413409173488617,0.5588457584381104,-0.01990496926009655,0.21319347620010376,0.4718673825263977,-0.03442136198282242,0.2266807109117508,0.4198240041732788,-0.03310977295041084,0.24106380343437195,0.37797656655311584,-0.025348972529172897
5,left,0,0,0,0,0,0,0,0,0,0,0,0,0,0,0,0,0,0,0,0,0,0,0,0,0,0,0,0,0,0,0,0,0,0,0,0,0,0,0,0,0,0,0,0,0,0,0,0,0,0,0,0,0,0,0,0,0,0,0,0,0,0,0
6,right,0.25963595509529114,0.7409374713897705,-4.882572284259368e-07,0.3089579939842224,0.6707317233085632,0.003781798528507352,0.32548391819000244,0.5856194496154785,0.009759528562426567,0.32938334345817566,0.5230834484100342,0.007365773897618055,0.31492024660110474,0.47287750244140625,0.00703844428062439,0.279133141040802,0.5455735921859741,0.02976987697184086,0.3075621724128723,0.5060141682624817,0.002212305786088109,0.32211461663246155,0.5559990406036377,-0.013920490629971027,0.3269631266593933,0.6054770350456238,-0.014329180121421814,0.25761520862579346,0.546977162361145,0.0179167240858078,0.29413023591041565,0.514624834060669,-0.016965309157967567,0.3005479574203491,0.5866636037826538,-0.030847273766994476,0.2994934916496277,0.6443014740943909,-0.02746543288230896,0.233258917927742,0.5511558055877686,0.0008575317915529013,0.2715161442756653,0.5256574153900146,-0.03423955291509628,0.2775215804576874,0.5939299464225769,-0.037739768624305725,0.27374064922332764,0.6466376781463623,-0.024486631155014038,0.20614928007125854,0.5579594969749451,-0.01594262197613716,0.21625959873199463,0.4722993075847626,-0.029512370005249977,0.22792865335941315,0.4213436245918274,-0.027441179379820824,0.24087733030319214,0.3819006681442261,-0.01903473772108555
6,left,0,0,0,0,0,0,0,0,0,0,0,0,0,0,0,0,0,0,0,0,0,0,0,0,0,0,0,0,0,0,0,0,0,0,0,0,0,0,0,0,0,0,0,0,0,0,0,0,0,0,0,0,0,0,0,0,0,0,0,0,0,0,0
7,right,0.2611340880393982,0.741040050983429,-4.857065505348146e-07,0.3096039593219757,0.6694048047065735,0.0051670921966433525,0.32449981570243835,0.5856224298477173,0.011138029396533966,0.32693251967430115,0.5227833390235901,0.008288320153951645,0.3138599097728729,0.4700835943222046,0.007382218725979328,0.2792624533176422,0.5433163642883301,0.0296728927642107,0.3088976740837097,0.5057560205459595,0.001320529612712562,0.3239637017250061,0.5543341636657715,-0.01523383054882288,0.32917407155036926,0.6016839146614075,-0.016039039939641953,0.2584080994129181,0.545249342918396,0.01675160601735115,0.29487237334251404,0.5135296583175659,-0.018288113176822662,0.3017650246620178,0.583966076374054,-0.03172954544425011,0.30080580711364746,0.6401472091674805,-0.028463486582040787,0.2346254140138626,0.5497535467147827,-0.0012926431372761726,0.2737794518470764,0.5237898230552673,-0.03716805577278137,0.2794523239135742,0.5931647419929504,-0.03978210315108299,0.2751029431819916,0.645896315574646,-0.026006542146205902,0.20810717344284058,0.5575464963912964,-0.01900341361761093,0.21800659596920013,0.47223323583602905,-0.033578693866729736,0.22883349657058716,0.4212729334831238,-0.03154389560222626,0.24059022963047028,0.38099902868270874,-0.023168860003352165
7,left,0,0,0,0,0,0,0,0,0,0,0,0,0,0,0,0,0,0,0,0,0,0,0,0,0,0,0,0,0,0,0,0,0,0,0,0,0,0,0,0,0,0,0,0,0,0,0,0,0,0,0,0,0,0,0,0,0,0,0,0,0,0,0
8,right,0.26111364364624023,0.7422841787338257,-4.872490535490215e-07,0.3099079430103302,0.6693429946899414,0.006708967499434948,0.3242592215538025,0.5846192836761475,0.013672325760126114,0.3269435465335846,0.5222249627113342,0.011511320248246193,0.314139187335968,0.4704810380935669,0.01104652602225542,0.2775232195854187,0.5432494282722473,0.03165433555841446,0.3066830039024353,0.505980372428894,0.00423849280923605,0.3224477767944336,0.5550321936607361,-0.011770147830247879,0.3282417058944702,0.6021663546562195,-0.012231629341840744,0.2565474808216095,0.5462263226509094,0.018089141696691513,0.29331085085868835,0.5131427645683289,-0.01654747501015663,0.3011764883995056,0.5836576819419861,-0.03002460114657879,0.300517737865448,0.6403231024742126,-0.026643997058272362,0.23272046446800232,0.5515848994255066,-0.0004698954871855676,0.2722935080528259,0.5246469974517822,-0.03599832206964493,0.2794029116630554,0.5935670733451843,-0.0390496551990509,0.27579301595687866,0.6465355157852173,-0.025503432378172874,0.20636363327503204,0.5599038004875183,-0.018519701436161995,0.21573153138160706,0.47331076860427856,-0.03273765742778778,0.22706252336502075,0.42163801193237305,-0.030808446928858757,0.2394748330116272,0.3812241852283478,-0.022555075585842133
8,left,0,0,0,0,0,0,0,0,0,0,0,0,0,0,0,0,0,0,0,0,0,0,0,0,0,0,0,0,0,0,0,0,0,0,0,0,0,0,0,0,0,0,0,0,0,0,0,0,0,0,0,0,0,0,0,0,0,0,0,0,0,0,0
9,right,0.26040327548980713,0.7443867921829224,-4.861902311859012e-07,0.3090251386165619,0.6716389656066895,0.005913838744163513,0.32410508394241333,0.5865926742553711,0.012697222642600536,0.3270662724971771,0.523196280002594,0.010465530678629875,0.3130735754966736,0.47216740250587463,0.010196777060627937,0.27692049741744995,0.5456634163856506,0.03230314329266548,0.3060961663722992,0.5072124004364014,0.004735863301903009,0.32215189933776855,0.5561056733131409,-0.011453804560005665,0.3283034563064575,0.6032389402389526,-0.011879018507897854,0.2556082606315613,0.547744870185852,0.01931360736489296,0.2926149368286133,0.5153628587722778,-0.015067977830767632,0.3002725839614868,0.5855825543403625,-0.02854698896408081,0.2999822199344635,0.64149010181427,-0.025112593546509743,0.23176416754722595,0.5520557761192322,0.0011659199371933937,0.27151355147361755,0.5260510444641113,-0.03394834324717522,0.27803587913513184,0.5948997139930725,-0.036863092333078384,0.2744092047214508,0.6473968029022217,-0.02319965325295925,0.20552365481853485,0.5593665242195129,-0.016615508124232292,0.21640387177467346,0.4739426374435425,-0.030042065307497978,0.22778531908988953,0.4229700267314911,-0.027518780902028084,0.2403261810541153,0.3831023573875427,-0.018774742260575294
9,left,0,0,0,0,0,0,0,0,0,0,0,0,0,0,0,0,0,0,0,0,0,0,0,0,0,0,0,0,0,0,0,0,0,0,0,0,0,0,0,0,0,0,0,0,0,0,0,0,0,0,0,0,0,0,0,0,0,0,0,0,0,0,0
10,right,0.26086387038230896,0.7425581216812134,-4.934123012390046e-07,0.30916181206703186,0.6701239943504333,0.0063079483807086945,0.32306915521621704,0.5862211585044861,0.012991550378501415,0.3255990445613861,0.5231655836105347,0.010547269135713577,0.3123253285884857,0.4707707166671753,0.009795377030968666,0.27678942680358887,0.5451257824897766,0.031465206295251846,0.305546373128891,0.5068840980529785,0.0036954244133085012,0.3215419054031372,0.5551904439926147,-0.012664396315813065,0.3278575837612152,0.6015421748161316,-0.013510939665138721,0.2555184066295624,0.5474663972854614,0.017942804843187332,0.291768878698349,0.5139923691749573,-0.016964983195066452,0.2992249131202698,0.5845286846160889,-0.03046884573996067,0.2987833023071289,0.6409560441970825,-0.027198635041713715,0.23151196539402008,0.5523051023483276,-0.0006697365897707641,0.27074936032295227,0.524944543838501,-0.03647131100296974,0.27729082107543945,0.5942315459251404,-0.03923331946134567,0.27372774481773376,0.6470422148704529,-0.025555307045578957,0.20500272512435913,0.5604473948478699,-0.018865233287215233,0.21453502774238586,0.47499874234199524,-0.03354097530245781,0.22584478557109833,0.4238313138484955,-0.03167565539479256,0.23844650387763977,0.38320615887641907,-0.02345852553844452
10,left,0,0,0,0,0,0,0,0,0,0,0,0,0,0,0,0,0,0,0,0,0,0,0,0,0,0,0,0,0,0,0,0,0,0,0,0,0,0,0,0,0,0,0,0,0,0,0,0,0,0,0,0,0,0,0,0,0,0,0,0,0,0,0
11,right,0,0,0,0,0,0,0,0,0,0,0,0,0,0,0,0,0,0,0,0,0,0,0,0,0,0,0,0,0,0,0,0,0,0,0,0,0,0,0,0,0,0,0,0,0,0,0,0,0,0,0,0,0,0,0,0,0,0,0,0,0,0,0
11,left,0,0,0,0,0,0,0,0,0,0,0,0,0,0,0,0,0,0,0,0,0,0,0,0,0,0,0,0,0,0,0,0,0,0,0,0,0,0,0,0,0,0,0,0,0,0,0,0,0,0,0,0,0,0,0,0,0,0,0,0,0,0,0
12,right,0.26101118326187134,0.7256694436073303,-3.7349582271417603e-07,0.3058817982673645,0.6614498496055603,0.0034355183597654104,0.3206494450569153,0.5770295262336731,0.008717730641365051,0.32383620738983154,0.5199926495552063,0.007414784282445908,0.31416478753089905,0.46953222155570984,0.008044865913689137,0.27056920528411865,0.5432800054550171,0.026884688064455986,0.29853472113609314,0.5079577565193176,0.005307062994688749,0.31345632672309875,0.5534182786941528,-0.00734533928334713,0.32076147198677063,0.5981197357177734,-0.00746294716373086,0.24968796968460083,0.5454589128494263,0.01670515537261963,0.2874547243118286,0.5073917508125305,-0.010009304620325565,0.2973673939704895,0.5730355381965637,-0.01949593424797058,0.29862353205680847,0.6267722845077515,-0.015269424766302109,0.2266928106546402,0.5525368452072144,0.0022051632404327393,0.26644667983055115,0.5174278020858765,-0.023321563377976418,0.27731645107269287,0.5798010230064392,-0.0213365126401186,0.27759605646133423,0.6297266483306885,-0.007711132988333702,0.2011905163526535,0.5635706186294556,-0.012402490712702274,0.21106308698654175,0.48592862486839294,-0.021078908815979958,0.2226252406835556,0.4442124664783478,-0.015802526846528053,0.2342023402452469,0.4128015637397766,-0.0062212273478507996
12,left,0,0,0,0,0,0,0,0,0,0,0,0,0,0,0,0,0,0,0,0,0,0,0,0,0,0,0,0,0,0,0,0,0,0,0,0,0,0,0,0,0,0,0,0,0,0,0,0,0,0,0,0,0,0,0,0,0,0,0,0,0,0,0
13,right,0.26429080963134766,0.728701114654541,-4.4214763761374343e-07,0.3123624920845032,0.6651658415794373,0.0014648600481450558,0.32718080282211304,0.5817555785179138,0.006073408760130405,0.3292098939418793,0.5200527310371399,0.003300385782495141,0.3144344687461853,0.47158586978912354,0.0024162116460502148,0.27966490387916565,0.5425676107406616,0.02376645803451538,0.30619388818740845,0.5051353573799133,-0.003684612922370434,0.3211832642555237,0.5546265840530396,-0.02012653462588787,0.3268088102340698,0.6032540202140808,-0.021442053839564323,0.2577657997608185,0.5428411364555359,0.013320711441338062,0.2934962809085846,0.5103027820587158,-0.020606493577361107,0.30194908380508423,0.5798407793045044,-0.03378966450691223,0.3021015226840973,0.6362992525100708,-0.03061499074101448,0.2339213490486145,0.5475548505783081,-0.001996866660192609,0.27230072021484375,0.5204837322235107,-0.03554113954305649,0.2789868712425232,0.5884734988212585,-0.03779149428009987,0.27497121691703796,0.6420100331306458,-0.024633098393678665,0.20783434808254242,0.5554360151290894,-0.017261449247598648,0.217202290892601,0.4716663360595703,-0.030702415853738785,0.22924041748046875,0.4209844470024109,-0.028454678133130074,0.24280431866645813,0.3817375898361206,-0.020246289670467377
13,left,0,0,0,0,0,0,0,0,0,0,0,0,0,0,0,0,0,0,0,0,0,0,0,0,0,0,0,0,0,0,0,0,0,0,0,0,0,0,0,0,0,0,0,0,0,0,0,0,0,0,0,0,0,0,0,0,0,0,0,0,0,0,0
14,right,0,0,0,0,0,0,0,0,0,0,0,0,0,0,0,0,0,0,0,0,0,0,0,0,0,0,0,0,0,0,0,0,0,0,0,0,0,0,0,0,0,0,0,0,0,0,0,0,0,0,0,0,0,0,0,0,0,0,0,0,0,0,0
14,left,0,0,0,0,0,0,0,0,0,0,0,0,0,0,0,0,0,0,0,0,0,0,0,0,0,0,0,0,0,0,0,0,0,0,0,0,0,0,0,0,0,0,0,0,0,0,0,0,0,0,0,0,0,0,0,0,0,0,0,0,0,0,0
15,right,0.2670436501502991,0.7250597476959229,-1.8452219308073836e-07,0.31407487392425537,0.6672286987304688,-0.0025742182042449713,0.32834815979003906,0.5847401022911072,0.001125540235079825,0.3294154405593872,0.5238964557647705,0.0007748659700155258,0.3164704740047455,0.4752647876739502,0.0022705947048962116,0.278555691242218,0.5468024015426636,0.01890861988067627,0.30253568291664124,0.5149653553962708,-0.0011638803407549858,0.3156774938106537,0.5569600462913513,-0.013563854619860649,0.3210878074169159,0.5969820618629456,-0.014427846297621727,0.2545313835144043,0.5501887798309326,0.01322043314576149,0.285470575094223,0.5168331265449524,-0.01066787913441658,0.29657182097435,0.5786981582641602,-0.01916736550629139,0.30012956261634827,0.6281942129135132,-0.015562442131340504,0.2286446988582611,0.5583648681640625,0.003199334954842925,0.26345163583755493,0.5276319980621338,-0.02045257017016411,0.27390822768211365,0.587233304977417,-0.018376043066382408,0.27452173829078674,0.6369571685791016,-0.006109175737947226,0.20070360600948334,0.5700715184211731,-0.007389836013317108,0.2056000977754593,0.5005216598510742,-0.0173940472304821,0.21600690484046936,0.46332117915153503,-0.01452103815972805,0.22821228206157684,0.43471238017082214,-0.007170812226831913
15,left,0,0,0,0,0,0,0,0,0,0,0,0,0,0,0,0,0,0,0,0,0,0,0,0,0,0,0,0,0,0,0,0,0,0,0,0,0,0,0,0,0,0,0,0,0,0,0,0,0,0,0,0,0,0,0,0,0,0,0,0,0,0,0
16,right,0.26722800731658936,0.7341390252113342,-2.494875843694899e-07,0.31475627422332764,0.6657193303108215,0.004795940592885017,0.3239062428474426,0.5816723704338074,0.011833311058580875,0.32165229320526123,0.5246371626853943,0.012128574773669243,0.31397610902786255,0.4745263457298279,0.014061628840863705,0.27352339029312134,0.5504252314567566,0.031194448471069336,0.2968239188194275,0.5180684328079224,0.012908135540783405,0.3150486946105957,0.553473949432373,0.0011555601377040148,0.32435616850852966,0.5924774408340454,0.0001728637726046145,0.25189170241355896,0.5539893507957458,0.02045629918575287,0.2854975759983063,0.5158628225326538,-0.002882515313103795,0.29897525906562805,0.5729219913482666,-0.01138418447226286,0.30346760153770447,0.623806357383728,-0.007886258885264397,0.22760209441184998,0.5632634162902832,0.00521998293697834,0.26333579421043396,0.5255733132362366,-0.01996869035065174,0.2769961953163147,0.582234263420105,-0.017437448725104332,0.28085896372795105,0.6323857307434082,-0.004384316504001617,0.20009243488311768,0.5783431529998779,-0.010352477431297302,0.2067105770111084,0.5086220502853394,-0.022676894441246986,0.21370117366313934,0.4727814793586731,-0.0197913721203804,0.22179922461509705,0.44575339555740356,-0.011949756182730198
16,left,0,0,0,0,0,0,0,0,0,0,0,0,0,0,0,0,0,0,0,0,0,0,0,0,0,0,0,0,0,0,0,0,0,0,0,0,0,0,0,0,0,0,0,0,0,0,0,0,0,0,0,0,0,0,0,0,0,0,0,0,0,0,0
17,right,0,0,0,0,0,0,0,0,0,0,0,0,0,0,0,0,0,0,0,0,0,0,0,0,0,0,0,0,0,0,0,0,0,0,0,0,0,0,0,0,0,0,0,0,0,0,0,0,0,0,0,0,0,0,0,0,0,0,0,0,0,0,0
17,left,0,0,0,0,0,0,0,0,0,0,0,0,0,0,0,0,0,0,0,0,0,0,0,0,0,0,0,0,0,0,0,0,0,0,0,0,0,0,0,0,0,0,0,0,0,0,0,0,0,0,0,0,0,0,0,0,0,0,0,0,0,0,0
18,right,0.26101064682006836,0.7399823665618896,-5.109172889206093e-07,0.30887371301651,0.6684824824333191,0.006279414519667625,0.3238465189933777,0.5863679051399231,0.012577132321894169,0.32625237107276917,0.5245702266693115,0.010023633949458599,0.3132321834564209,0.4751352071762085,0.009111751802265644,0.2735699415206909,0.5477482676506042,0.03092178702354431,0.30280834436416626,0.5146604776382446,0.0038531797472387552,0.32049375772476196,0.5606033205986023,-0.012465214356780052,0.32934409379959106,0.6070290207862854,-0.013515477068722248,0.2519110143184662,0.5463526248931885,0.017435584217309952,0.2956496775150299,0.5105034708976746,-0.017714204266667366,0.3042413890361786,0.583222508430481,-0.030716659501194954,0.3028220534324646,0.64228755235672,-0.02646913193166256,0.22860166430473328,0.549247682094574,-0.0008349706185981631,0.27252501249313354,0.5199454426765442,-0.035535894334316254,0.2814647853374481,0.5879032611846924,-0.03808162733912468,0.2778697609901428,0.6402002573013306,-0.024210896342992783,0.20292024314403534,0.5582323670387268,-0.018713338300585747,0.21649011969566345,0.47185802459716797,-0.03260640427470207,0.23050399124622345,0.424122154712677,-0.029365872964262962,0.24357861280441284,0.38767188787460327,-0.01966576837003231
18,left,0,0,0,0,0,0,0,0,0,0,0,0,0,0,0,0,0,0,0,0,0,0,0,0,0,0,0,0,0,0,0,0,0,0,0,0,0,0,0,0,0,0,0,0,0,0,0,0,0,0,0,0,0,0,0,0,0,0,0,0,0,0,0
19,right,0.2621396780014038,0.7458556890487671,-4.861572051595431e-07,0.3114243447780609,0.6757766008377075,0.0022148152347654104,0.3274976909160614,0.5900117754936218,0.006785288918763399,0.330341637134552,0.5265681743621826,0.0030670638661831617,0.31587326526641846,0.4742535352706909,0.0017751744017004967,0.280083030462265,0.5466428399085999,0.026820147410035133,0.30766406655311584,0.5031082034111023,-0.0016056951135396957,0.32367727160453796,0.5529066920280457,-0.017570260912179947,0.3294580578804016,0.6022391319274902,-0.01797952502965927,0.25779134035110474,0.5485379695892334,0.01515003852546215,0.29384809732437134,0.5131565928459167,-0.02024770714342594,0.30234357714653015,0.5848705172538757,-0.03359074518084526,0.3023345470428467,0.6414628028869629,-0.03013801760971546,0.23326078057289124,0.5533387064933777,-0.0018075954867526889,0.27257364988327026,0.5247663259506226,-0.0376192070543766,0.2802354693412781,0.5942531228065491,-0.04018566757440567,0.2776854336261749,0.6481911540031433,-0.026427892968058586,0.20626713335514069,0.5609585642814636,-0.01871391572058201,0.2173277735710144,0.47660326957702637,-0.03304656222462654,0.22976042330265045,0.426999032497406,-0.030775658786296844,0.24354420602321625,0.3886152505874634,-0.02218644879758358
19,left,0,0,0,0,0,0,0,0,0,0,0,0,0,0,0,0,0,0,0,0,0,0,0,0,0,0,0,0,0,0,0,0,0,0,0,0,0,0,0,0,0,0,0,0,0,0,0,0,0,0,0,0,0,0,0,0,0,0,0,0,0,0,0
20,right,0.26311740279197693,0.745431125164032,-4.863258027398842e-07,0.3115276098251343,0.6734795570373535,0.0064507401548326015,0.3247987627983093,0.5890904664993286,0.012880513444542885,0.3269183337688446,0.5260315537452698,0.010194073431193829,0.3146281838417053,0.47257113456726074,0.009225558489561081,0.27933308482170105,0.5472824573516846,0.030477432534098625,0.3075481653213501,0.5069924592971802,0.0023658801801502705,0.32454192638397217,0.5549355745315552,-0.014005521312355995,0.33138495683670044,0.6014070510864258,-0.01485313568264246,0.2583537995815277,0.5490750074386597,0.01689096912741661,0.29479703307151794,0.5148857831954956,-0.017949005588889122,0.30267783999443054,0.5864676237106323,-0.030912816524505615,0.3016592860221863,0.6422898769378662,-0.02741321176290512,0.23458263278007507,0.55376797914505,-0.001743700122460723,0.27414411306381226,0.5244452953338623,-0.03748779371380806,0.28096550703048706,0.5952916741371155,-0.03947054594755173,0.2770531177520752,0.6487476825714111,-0.025424424558877945,0.20819272100925446,0.5619534850120544,-0.01995404250919819,0.21770720183849335,0.4762856662273407,-0.034742068499326706,0.22953128814697266,0.42566782236099243,-0.03267025947570801,0.24269545078277588,0.3853696584701538,-0.024318519979715347
20,left,0,0,0,0,0,0,0,0,0,0,0,0,0,0,0,0,0,0,0,0,0,0,0,0,0,0,0,0,0,0,0,0,0,0,0,0,0,0,0,0,0,0,0,0,0,0,0,0,0,0,0,0,0,0,0,0,0,0,0,0,0,0,0
21,right,0.26228830218315125,0.7407042980194092,-2.972001880152675e-07,0.3108009696006775,0.6724490523338318,0.00015634069859515876,0.32610732316970825,0.5873168706893921,0.0034267674200236797,0.32732921838760376,0.5254725217819214,0.00042779764044098556,0.3146160840988159,0.47552189230918884,-0.0006735888309776783,0.2761509120464325,0.5492542386054993,0.021829383447766304,0.30297887325286865,0.5124140381813049,-0.002946634776890278,0.3198145031929016,0.5559297800064087,-0.01663990318775177,0.32737332582473755,0.5998605489730835,-0.01624526083469391,0.2538455128669739,0.5515723824501038,0.013541553169488907,0.2920764088630676,0.5122101902961731,-0.01659388095140457,0.3005215525627136,0.5827752947807312,-0.0257734265178442,0.30008581280708313,0.638753354549408,-0.01989787071943283,0.22999007999897003,0.5575472116470337,0.000631169939879328,0.2682315707206726,0.5247573256492615,-0.028131945058703423,0.2779282033443451,0.5889953970909119,-0.02671276405453682,0.27769026160240173,0.6401803493499756,-0.01203188020735979,0.20285576581954956,0.5675322413444519,-0.012463062070310116,0.21254830062389374,0.49099719524383545,-0.021988121792674065,0.22642584145069122,0.45013177394866943,-0.016694078221917152,0.24075251817703247,0.41892769932746887,-0.006569818593561649
21,left,0,0,0,0,0,0,0,0,0,0,0,0,0,0,0,0,0,0,0,0,0,0,0,0,0,0,0,0,0,0,0,0,0,0,0,0,0,0,0,0,0,0,0,0,0,0,0,0,0,0,0,0,0,0,0,0,0,0,0,0,0,0,0
22,right,0.2642921805381775,0.7439099550247192,-4.52022675290209e-07,0.3109873831272125,0.6778475046157837,0.0027282685041427612,0.32601770758628845,0.5927075743675232,0.007087967358529568,0.32964491844177246,0.5299389362335205,0.0035132283810526133,0.31602296233177185,0.4808823764324188,0.0019769673235714436,0.2760440409183502,0.5530458092689514,0.02494664303958416,0.3058454990386963,0.5161604881286621,-0.003791374620050192,0.3223375082015991,0.5660284757614136,-0.020577287301421165,0.3285537362098694,0.6145182847976685,-0.02175300568342209,0.2550428509712219,0.5542895197868347,0.013375130482017994,0.2955490052700043,0.5184239745140076,-0.021181410178542137,0.3053167462348938,0.5875973701477051,-0.03377123922109604,0.3055418133735657,0.6432120203971863,-0.0300657507032156,0.2330651879310608,0.5581883788108826,-0.0031831220258027315,0.2755506932735443,0.5287414789199829,-0.03787015751004219,0.28326693177223206,0.59734708070755,-0.039543479681015015,0.27960851788520813,0.6504759192466736,-0.025478031486272812,0.20981913805007935,0.5648563504219055,-0.01966785453259945,0.22079363465309143,0.48002374172210693,-0.033334746956825256,0.2333880364894867,0.4292951226234436,-0.03088274970650673,0.2473466992378235,0.389885812997818,-0.022378571331501007
22,left,0,0,0,0,0,0,0,0,0,0,0,0,0,0,0,0,0,0,0,0,0,0,0,0,0,0,0,0,0,0,0,0,0,0,0,0,0,0,0,0,0,0,0,0,0,0,0,0,0,0,0,0,0,0,0,0,0,0,0,0,0,0,0
23,right,0.2637025713920593,0.7510014772415161,-5.075417561783979e-07,0.3122061789035797,0.6815577745437622,0.0031560761854052544,0.32898277044296265,0.5974518656730652,0.008053713478147984,0.33311372995376587,0.5344161987304688,0.004593427758663893,0.3192480802536011,0.4851595163345337,0.003434471320360899,0.2820582389831543,0.5513819456100464,0.027288008481264114,0.30988502502441406,0.5125530958175659,-0.0009648632258176804,0.3259355425834656,0.5639588832855225,-0.017259027808904648,0.3315798342227936,0.6134218573570251,-0.01812586933374405,0.25941500067710876,0.553740382194519,0.015189115889370441,0.29714885354042053,0.5204006433486938,-0.01946484111249447,0.3063059449195862,0.5907541513442993,-0.03256841376423836,0.3063803017139435,0.6456356644630432,-0.029346756637096405,0.23568379878997803,0.5584887862205505,-0.0020837110932916403,0.27647119760513306,0.5321172475814819,-0.037424236536026,0.2842952013015747,0.5996376872062683,-0.040190957486629486,0.282007098197937,0.6515992283821106,-0.026874855160713196,0.2105354517698288,0.565891444683075,-0.019285045564174652,0.22229444980621338,0.4829792380332947,-0.033780425786972046,0.23454761505126953,0.43319422006607056,-0.03194306790828705,0.24860365688800812,0.3944926857948303,-0.023765863850712776
23,left,0,0,0,0,0,0,0,0,0,0,0,0,0,0,0,0,0,0,0,0,0,0,0,0,0,0,0,0,0,0,0,0,0,0,0,0,0,0,0,0,0,0,0,0,0,0,0,0,0,0,0,0,0,0,0,0,0,0,0,0,0,0,0
24,right,0.2660883665084839,0.7521792054176331,-4.852694814871938e-07,0.31349724531173706,0.6829544901847839,0.00408458337187767,0.328647255897522,0.5992951393127441,0.009093520231544971,0.3325800597667694,0.5370686650276184,0.005573288071900606,0.32061338424682617,0.4866192638874054,0.004325446207076311,0.2827944755554199,0.5535454750061035,0.02790994569659233,0.31208449602127075,0.5164511799812317,-0.0008959779515862465,0.32693764567375183,0.5673527121543884,-0.01751602254807949,0.33239760994911194,0.6153892874717712,-0.018518082797527313,0.26063060760498047,0.5556998252868652,0.015194457955658436,0.29956337809562683,0.5211494565010071,-0.02003539726138115,0.30754050612449646,0.5913226008415222,-0.0329059436917305,0.30728548765182495,0.6465126276016235,-0.029354413971304893,0.2367280125617981,0.5598763823509216,-0.0026922731194645166,0.2787156403064728,0.5333847999572754,-0.0384279303252697,0.28535616397857666,0.6019596457481384,-0.04059440642595291,0.2822853922843933,0.6540586352348328,-0.026662509888410568,0.21148011088371277,0.5668074488639832,-0.020461438223719597,0.22342915832996368,0.48376595973968506,-0.03481520712375641,0.23560577630996704,0.4336857795715332,-0.032744210213422775,0.24957901239395142,0.39408254623413086,-0.024465469643473625
24,left,0,0,0,0,0,0,0,0,0,0,0,0,0,0,0,0,0,0,0,0,0,0,0,0,0,0,0,0,0,0,0,0,0,0,0,0,0,0,0,0,0,0,0,0,0,0,0,0,0,0,0,0,0,0,0,0,0,0,0,0,0,0,0
25,right,0.2661094069480896,0.756035566329956,-4.829456656807452e-07,0.31422314047813416,0.6868590116500854,0.003335098270326853,0.33077573776245117,0.6019129753112793,0.008192690089344978,0.3354409337043762,0.5389875173568726,0.004542358685284853,0.32154035568237305,0.49048593640327454,0.003296342445537448,0.28162238001823425,0.5559319853782654,0.028764093294739723,0.3108402490615845,0.5193746089935303,6.805714656366035e-05,0.3271034359931946,0.5701042413711548,-0.0164952352643013,0.333650678396225,0.6181634068489075,-0.017311347648501396,0.2599765360355377,0.5582837462425232,0.01636175625026226,0.2999108135700226,0.5230231285095215,-0.018975188955664635,0.3087559640407562,0.5931671857833862,-0.03222131356596947,0.3086960017681122,0.6484915018081665,-0.02862548828125,0.23648010194301605,0.5620860457420349,-0.0013085626997053623,0.2792699337005615,0.5343905091285706,-0.03733393922448158,0.28673598170280457,0.6028987169265747,-0.040036290884017944,0.28395432233810425,0.6551371216773987,-0.026088034734129906,0.2114104926586151,0.5685418248176575,-0.018911276012659073,0.22392556071281433,0.4852539002895355,-0.032925013452768326,0.23618458211421967,0.43532416224479675,-0.030667925253510475,0.2502252459526062,0.3961443305015564,-0.022083954885601997
25,left,0,0,0,0,0,0,0,0,0,0,0,0,0,0,0,0,0,0,0,0,0,0,0,0,0,0,0,0,0,0,0,0,0,0,0,0,0,0,0,0,0,0,0,0,0,0,0,0,0,0,0,0,0,0,0,0,0,0,0,0,0,0,0
26,right,0.2667669355869293,0.7585033774375916,-4.972788474333356e-07,0.3137122094631195,0.6874002814292908,0.004538332112133503,0.3296954035758972,0.6023877859115601,0.009501549415290356,0.33449089527130127,0.5395855903625488,0.00579347088932991,0.3219243288040161,0.4917409121990204,0.004564836621284485,0.27965205907821655,0.5539554357528687,0.02892134338617325,0.3102276623249054,0.5197466611862183,0.0007808883092366159,0.32612812519073486,0.5720304846763611,-0.01518587302416563,0.33243241906166077,0.6198654770851135,-0.01580842025578022,0.25757843255996704,0.5571366548538208,0.01578453741967678,0.3005983531475067,0.524002730846405,-0.019185859709978104,0.3095584213733673,0.5942128896713257,-0.03184981644153595,0.30930352210998535,0.6490094065666199,-0.02806369587779045,0.23460456728935242,0.5616918206214905,-0.002450675703585148,0.2801065146923065,0.5367743372917175,-0.038056880235672,0.28725099563598633,0.6049131751060486,-0.040467552840709686,0.2843286097049713,0.6561222076416016,-0.026629546657204628,0.21096302568912506,0.5689162611961365,-0.020573657006025314,0.22421881556510925,0.4868960380554199,-0.03449175879359245,0.2361849695444107,0.4368685781955719,-0.032391488552093506,0.2500728368759155,0.3972742259502411,-0.024073908105492592
26,left,0,0,0,0,0,0,0,0,0,0,0,0,0,0,0,0,0,0,0,0,0,0,0,0,0,0,0,0,0,0,0,0,0,0,0,0,0,0,0,0,0,0,0,0,0,0,0,0,0,0,0,0,0,0,0,0,0,0,0,0,0,0,0
27,right,0.2667328119277954,0.7612483501434326,-5.06991227666731e-07,0.31408756971359253,0.6912615299224854,0.004015947226434946,0.32958072423934937,0.6058129668235779,0.009199702180922031,0.33410266041755676,0.5422560572624207,0.005752610974013805,0.32174909114837646,0.49267852306365967,0.0047704437747597694,0.2829425632953644,0.5591372847557068,0.028845516964793205,0.3109838366508484,0.5204579830169678,0.000683722784742713,0.3274836540222168,0.5713542103767395,-0.015081123448908329,0.3341474235057831,0.6194420456886292,-0.015541383065283298,0.2611682116985321,0.5614004731178284,0.016077401116490364,0.3007182478904724,0.5244836807250977,-0.0188739150762558,0.309753954410553,0.594774067401886,-0.03153945505619049,0.3090398907661438,0.6497374176979065,-0.027814168483018875,0.23754550516605377,0.5651711225509644,-0.0019108994165435433,0.279815137386322,0.5357677936553955,-0.037649039179086685,0.28771519660949707,0.6043790578842163,-0.04005367308855057,0.28494301438331604,0.6558899879455566,-0.026264678686857224,0.21226410567760468,0.5718534588813782,-0.019770659506320953,0.2238687425851822,0.48880696296691895,-0.03395547345280647,0.23592793941497803,0.4394749402999878,-0.03188927844166756,0.2494719922542572,0.4001435935497284,-0.023640787228941917
27,left,0,0,0,0,0,0,0,0,0,0,0,0,0,0,0,0,0,0,0,0,0,0,0,0,0,0,0,0,0,0,0,0,0,0,0,0,0,0,0,0,0,0,0,0,0,0,0,0,0,0,0,0,0,0,0,0,0,0,0,0,0,0,0
28,right,0.26673147082328796,0.7589505910873413,-4.94617268032016e-07,0.31410300731658936,0.6897134780883789,0.005872419569641352,0.3288111090660095,0.6052103638648987,0.01179143600165844,0.3328752815723419,0.5425800681114197,0.00859869085252285,0.32196497917175293,0.49168840050697327,0.007701622322201729,0.2827554941177368,0.5579540729522705,0.030938221141695976,0.31126993894577026,0.521020233631134,0.0027856621891260147,0.32718074321746826,0.5718204975128174,-0.013148319907486439,0.33384931087493896,0.6184005737304688,-0.013725586235523224,0.2610505223274231,0.5604817867279053,0.017294444143772125,0.3008962571620941,0.5236726403236389,-0.017729712650179863,0.3095431625843048,0.5935789942741394,-0.030269866809248924,0.3092104494571686,0.648014485836029,-0.026319660246372223,0.23769506812095642,0.5644145607948303,-0.0015041381120681763,0.2802842855453491,0.5356528162956238,-0.037028394639492035,0.2876436710357666,0.6046335101127625,-0.039085861295461655,0.2846932113170624,0.6559329032897949,-0.025004837661981583,0.21311138570308685,0.5710492730140686,-0.020099421963095665,0.22469720244407654,0.48859351873397827,-0.03429263457655907,0.23667079210281372,0.4391675591468811,-0.03239482268691063,0.2503899037837982,0.39928436279296875,-0.024209091439843178
28,left,0,0,0,0,0,0,0,0,0,0,0,0,0,0,0,0,0,0,0,0,0,0,0,0,0,0,0,0,0,0,0,0,0,0,0,0,0,0,0,0,0,0,0,0,0,0,0,0,0,0,0,0,0,0,0,0,0,0,0,0,0,0,0
29,right,0.2674499750137329,0.75764399766922,-4.92318918077217e-07,0.31420016288757324,0.6895413994789124,0.003998795989900827,0.32973629236221313,0.6045064330101013,0.009239520877599716,0.334176629781723,0.5411387085914612,0.005956119392067194,0.32159683108329773,0.49104756116867065,0.005113530904054642,0.2831713855266571,0.5580733418464661,0.02850419655442238,0.3110561966896057,0.5214663147926331,0.0005293686990626156,0.32685303688049316,0.572016179561615,-0.014940050430595875,0.33338499069213867,0.6185513734817505,-0.015121333301067352,0.2618650794029236,0.5601059794425964,0.015961509197950363,0.30055004358291626,0.5242330431938171,-0.01875690370798111,0.30882102251052856,0.5944310426712036,-0.030969664454460144,0.30822911858558655,0.6490102410316467,-0.026759933680295944,0.23850974440574646,0.563645601272583,-0.0017439258517697453,0.2797984182834625,0.5358477234840393,-0.03704018518328667,0.2871374785900116,0.6045464873313904,-0.03909960016608238,0.284403532743454,0.6558582186698914,-0.024966811761260033,0.21357734501361847,0.57004714012146,-0.019340919330716133,0.22480468451976776,0.48747605085372925,-0.03301091119647026,0.2369697093963623,0.4384230375289917,-0.030692048370838165,0.2510114014148712,0.39986371994018555,-0.02219061739742756
29,left,0,0,0,0,0,0,0,0,0,0,0,0,0,0,0,0,0,0,0,0,0,0,0,0,0,0,0,0,0,0,0,0,0,0,0,0,0,0,0,0,0,0,0,0,0,0,0,0,0,0,0,0,0,0,0,0,0,0,0,0,0,0,0
30,right,0.2670170068740845,0.759989321231842,-4.924588097310334e-07,0.3137497901916504,0.6897310018539429,0.004927461501210928,0.32922983169555664,0.6049996614456177,0.010845554992556572,0.33339500427246094,0.5423800945281982,0.008093639276921749,0.3206806480884552,0.4938437342643738,0.007724253460764885,0.28236937522888184,0.5578004717826843,0.03073403239250183,0.3107435405254364,0.5218296647071838,0.003254259005188942,0.32684946060180664,0.5729119181632996,-0.012484190985560417,0.33343446254730225,0.6203339099884033,-0.012922241352498531,0.26121750473976135,0.56043541431427,0.0178468469530344,0.3002726137638092,0.52455735206604,-0.01604592055082321,0.3091667592525482,0.5943858027458191,-0.028441471979022026,0.3092249631881714,0.6488290429115295,-0.02457640878856182,0.23784925043582916,0.5643623471260071,-0.00021797594672534615,0.27953505516052246,0.5364376306533813,-0.03495116904377937,0.286781907081604,0.6045848727226257,-0.03714735433459282,0.2840835750102997,0.6559879779815674,-0.023319346830248833,0.212653249502182,0.5710355043411255,-0.018130246549844742,0.2241724282503128,0.4880928099155426,-0.03174129128456116,0.23606929183006287,0.4383181631565094,-0.029528750106692314,0.24992702901363373,0.39910876750946045,-0.021195923909544945
30,left,0,0,0,0,0,0,0,0,0,0,0,0,0,0,0,0,0,0,0,0,0,0,0,0,0,0,0,0,0,0,0,0,0,0,0,0,0,0,0,0,0,0,0,0,0,0,0,0,0,0,0,0,0,0,0,0,0,0,0,0,0,0,0
31,right,0.26584142446517944,0.7626233100891113,-4.996322218175919e-07,0.3135082423686981,0.6910739541053772,0.006499660667032003,0.32874807715415955,0.6063127517700195,0.013091876171529293,0.33287203311920166,0.5437754392623901,0.01056375727057457,0.32097673416137695,0.4941039979457855,0.010278407484292984,0.28241226077079773,0.5593389868736267,0.032278262078762054,0.31096768379211426,0.5224094986915588,0.004888823721557856,0.3275114893913269,0.5731115937232971,-0.010793649591505527,0.3345155715942383,0.6197956800460815,-0.011295207776129246,0.26071515679359436,0.5614805817604065,0.018454818055033684,0.2998911142349243,0.5254024267196655,-0.01562643051147461,0.3093700110912323,0.5953273177146912,-0.02820788510143757,0.31003880500793457,0.649793267250061,-0.02447534166276455,0.23699147999286652,0.5654638409614563,-0.0004716681141871959,0.2793468236923218,0.5374253392219543,-0.035476382821798325,0.28692615032196045,0.6060282588005066,-0.0377633161842823,0.28438377380371094,0.6575070023536682,-0.024017037823796272,0.2116573005914688,0.5724934339523315,-0.01912681944668293,0.22308720648288727,0.4899633526802063,-0.03325939178466797,0.23579853773117065,0.44112294912338257,-0.03128357604146004,0.2505243718624115,0.40237897634506226,-0.023085441440343857
31,left,0,0,0,0,0,0,0,0,0,0,0,0,0,0,0,0,0,0,0,0,0,0,0,0,0,0,0,0,0,0,0,0,0,0,0,0,0,0,0,0,0,0,0,0,0,0,0,0,0,0,0,0,0,0,0,0,0,0,0,0,0,0,0
32,right,0.2659679651260376,0.7615589499473572,-4.874694923273637e-07,0.31344547867774963,0.6916031241416931,0.00626828707754612,0.3282797336578369,0.607179582118988,0.012433629482984543,0.332115113735199,0.5445285439491272,0.009538817219436169,0.3217133581638336,0.49281445145606995,0.008952849544584751,0.28121480345726013,0.5603125095367432,0.031389255076646805,0.31033921241760254,0.5238826274871826,0.0039054262451827526,0.3263881802558899,0.573275089263916,-0.011489968746900558,0.3330673277378082,0.6195187568664551,-0.011678208597004414,0.2595990300178528,0.5623084306716919,0.017703570425510406,0.29996663331985474,0.5256922245025635,-0.01660827547311783,0.30920660495758057,0.5951340794563293,-0.02896067686378956,0.3095628023147583,0.6499374508857727,-0.024890882894396782,0.23653262853622437,0.5660132169723511,-0.0009841189021244645,0.27985596656799316,0.5380286574363708,-0.03586122766137123,0.28776583075523376,0.6068965792655945,-0.03757653757929802,0.2851024568080902,0.6583330631256104,-0.023308617994189262,0.21234728395938873,0.5725250244140625,-0.019411830231547356,0.22412721812725067,0.49032533168792725,-0.03283858299255371,0.23653215169906616,0.44178539514541626,-0.030090540647506714,0.25046876072883606,0.40292835235595703,-0.021299583837389946
32,left,0,0,0,0,0,0,0,0,0,0,0,0,0,0,0,0,0,0,0,0,0,0,0,0,0,0,0,0,0,0,0,0,0,0,0,0,0,0,0,0,0,0,0,0,0,0,0,0,0,0,0,0,0,0,0,0,0,0,0,0,0,0,0
33,right,0.266801118850708,0.7642493844032288,-5.090111585559498e-07,0.3141646981239319,0.6931993961334229,0.004480623174458742,0.3293789327144623,0.6080071926116943,0.00968528725206852,0.33379918336868286,0.544869601726532,0.00612905528396368,0.32095175981521606,0.4966714382171631,0.005098308436572552,0.2816992402076721,0.560455858707428,0.02928042598068714,0.31090834736824036,0.5248055458068848,0.0008566860342398286,0.32665085792541504,0.5771369338035583,-0.015107935294508934,0.3329302668571472,0.624860405921936,-0.01566595584154129,0.25918683409690857,0.5637664198875427,0.016176404431462288,0.3001857399940491,0.5299788117408752,-0.019142303615808487,0.309847891330719,0.5999441742897034,-0.031862109899520874,0.3105959892272949,0.6547248959541321,-0.028079262003302574,0.23587484657764435,0.568516194820404,-0.002158796414732933,0.2802601754665375,0.5430296063423157,-0.03841514512896538,0.288249135017395,0.6112030744552612,-0.04105861485004425,0.28643307089805603,0.6626366376876831,-0.027239877730607986,0.21200931072235107,0.5756104588508606,-0.020372556522488594,0.2247210592031479,0.4939202666282654,-0.0349254384636879,0.23640289902687073,0.4440884590148926,-0.03329167515039444,0.25032564997673035,0.40442875027656555,-0.025253282859921455
33,left,0,0,0,0,0,0,0,0,0,0,0,0,0,0,0,0,0,0,0,0,0,0,0,0,0,0,0,0,0,0,0,0,0,0,0,0,0,0,0,0,0,0,0,0,0,0,0,0,0,0,0,0,0,0,0,0,0,0,0,0,0,0,0
34,right,0.26680806279182434,0.7679280042648315,-5.074581963526725e-07,0.31493818759918213,0.696410059928894,0.005167238414287567,0.3308428227901459,0.6110813617706299,0.01083604246377945,0.33563506603240967,0.5481800436973572,0.007583884056657553,0.3232719302177429,0.49865612387657166,0.006666951812803745,0.283841073513031,0.5644370317459106,0.030452942475676537,0.31202399730682373,0.5280866026878357,0.0027312757447361946,0.32768821716308594,0.5802493095397949,-0.013178583234548569,0.33366361260414124,0.6284682154655457,-0.013811109587550163,0.26207005977630615,0.5671867728233337,0.017097841948270798,0.3005238473415375,0.5322632193565369,-0.01732870563864708,0.3111739158630371,0.6015787720680237,-0.030313454568386078,0.31284382939338684,0.6565671563148499,-0.026925306767225266,0.23868083953857422,0.5715557336807251,-0.0014159523416310549,0.2812308073043823,0.545120358467102,-0.036721084266901016,0.28995436429977417,0.6129326820373535,-0.039600919932127,0.28827542066574097,0.6648253798484802,-0.02620820142328739,0.2138863503932953,0.5783846378326416,-0.01973196677863598,0.22475045919418335,0.4964822828769684,-0.03359763324260712,0.23691676557064056,0.44745028018951416,-0.03156927973031998,0.25114062428474426,0.40907514095306396,-0.023373249918222427
34,left,0,0,0,0,0,0,0,0,0,0,0,0,0,0,0,0,0,0,0,0,0,0,0,0,0,0,0,0,0,0,0,0,0,0,0,0,0,0,0,0,0,0,0,0,0,0,0,0,0,0,0,0,0,0,0,0,0,0,0,0,0,0,0
35,right,0.2671123147010803,0.772191047668457,-5.09221820266248e-07,0.31632277369499207,0.7037742733955383,0.005643307231366634,0.3317095935344696,0.6187277436256409,0.011380355805158615,0.33584633469581604,0.5543412566184998,0.007822385057806969,0.32458096742630005,0.501998245716095,0.006347827147692442,0.2885706424713135,0.5715731978416443,0.03134937211871147,0.3178781270980835,0.5334605574607849,0.003237788798287511,0.33308690786361694,0.581625759601593,-0.013410834595561028,0.3384276032447815,0.6286377906799316,-0.014767304994165897,0.2667572796344757,0.5721118450164795,0.017469458281993866,0.30577507615089417,0.5383111834526062,-0.017126621678471565,0.31436628103256226,0.6062524318695068,-0.030465899035334587,0.314138799905777,0.6613196730613708,-0.027513520792126656,0.24355776607990265,0.5752560496330261,-0.0016603439580649137,0.28665176033973694,0.5488049387931824,-0.03736328333616257,0.29371094703674316,0.6170790195465088,-0.03985534608364105,0.2908697724342346,0.6694751381874084,-0.026237038895487785,0.2190820872783661,0.5816475749015808,-0.020641470327973366,0.23314008116722107,0.5006349086761475,-0.035298366099596024,0.2461024969816208,0.45144447684288025,-0.03343189135193825,0.26060032844543457,0.4122014045715332,-0.025325151160359383
35,left,0,0,0,0,0,0,0,0,0,0,0,0,0,0,0,0,0,0,0,0,0,0,0,0,0,0,0,0,0,0,0,0,0,0,0,0,0,0,0,0,0,0,0,0,0,0,0,0,0,0,0,0,0,0,0,0,0,0,0,0,0,0,0
36,right,0.26653853058815,0.7735283374786377,-4.896560881206824e-07,0.31563088297843933,0.7072892189025879,0.0026835952885448933,0.3297175467014313,0.619677722454071,0.0071719940751791,0.33384761214256287,0.5533465147018433,0.0031639174558222294,0.32522332668304443,0.49786674976348877,0.001594012719579041,0.2883979380130768,0.5737587809562683,0.026089956983923912,0.31778740882873535,0.5317716002464294,-0.002057440113276243,0.33335983753204346,0.5804492831230164,-0.017228268086910248,0.3379916250705719,0.624954342842102,-0.0176387932151556,0.2675238847732544,0.57394939661026,0.013783927075564861,0.3063035011291504,0.5389528870582581,-0.0218316949903965,0.3144960403442383,0.6089870929718018,-0.034476783126592636,0.31192511320114136,0.6618990898132324,-0.030768411234021187,0.2453606128692627,0.5769352316856384,-0.0037220048252493143,0.2880897521972656,0.5475884079933167,-0.04062267765402794,0.295445054769516,0.6191508769989014,-0.04270588606595993,0.2908700406551361,0.6719561815261841,-0.028459465131163597,0.2217617630958557,0.5825591683387756,-0.021141089498996735,0.23491668701171875,0.5005676746368408,-0.03681080415844917,0.2487543225288391,0.4517439007759094,-0.03554442152380943,0.263438880443573,0.41133788228034973,-0.027639668434858322
36,left,0,0,0,0,0,0,0,0,0,0,0,0,0,0,0,0,0,0,0,0,0,0,0,0,0,0,0,0,0,0,0,0,0,0,0,0,0,0,0,0,0,0,0,0,0,0,0,0,0,0,0,0,0,0,0,0,0,0,0,0,0,0,0
