1,right,0,0,0,0,0,0,0,0,0,0,0,0,0,0,0,0,0,0,0,0,0,0,0,0,0,0,0,0,0,0,0,0,0,0,0,0,0,0,0,0,0,0,0,0,0,0,0,0,0,0,0,0,0,0,0,0,0,0,0,0,0,0,0
1,left,0,0,0,0,0,0,0,0,0,0,0,0,0,0,0,0,0,0,0,0,0,0,0,0,0,0,0,0,0,0,0,0,0,0,0,0,0,0,0,0,0,0,0,0,0,0,0,0,0,0,0,0,0,0,0,0,0,0,0,0,0,0,0
2,right,0,0,0,0,0,0,0,0,0,0,0,0,0,0,0,0,0,0,0,0,0,0,0,0,0,0,0,0,0,0,0,0,0,0,0,0,0,0,0,0,0,0,0,0,0,0,0,0,0,0,0,0,0,0,0,0,0,0,0,0,0,0,0
2,left,0,0,0,0,0,0,0,0,0,0,0,0,0,0,0,0,0,0,0,0,0,0,0,0,0,0,0,0,0,0,0,0,0,0,0,0,0,0,0,0,0,0,0,0,0,0,0,0,0,0,0,0,0,0,0,0,0,0,0,0,0,0,0
3,right,0,0,0,0,0,0,0,0,0,0,0,0,0,0,0,0,0,0,0,0,0,0,0,0,0,0,0,0,0,0,0,0,0,0,0,0,0,0,0,0,0,0,0,0,0,0,0,0,0,0,0,0,0,0,0,0,0,0,0,0,0,0,0
3,left,0,0,0,0,0,0,0,0,0,0,0,0,0,0,0,0,0,0,0,0,0,0,0,0,0,0,0,0,0,0,0,0,0,0,0,0,0,0,0,0,0,0,0,0,0,0,0,0,0,0,0,0,0,0,0,0,0,0,0,0,0,0,0
4,right,0,0,0,0,0,0,0,0,0,0,0,0,0,0,0,0,0,0,0,0,0,0,0,0,0,0,0,0,0,0,0,0,0,0,0,0,0,0,0,0,0,0,0,0,0,0,0,0,0,0,0,0,0,0,0,0,0,0,0,0,0,0,0
4,left,0,0,0,0,0,0,0,0,0,0,0,0,0,0,0,0,0,0,0,0,0,0,0,0,0,0,0,0,0,0,0,0,0,0,0,0,0,0,0,0,0,0,0,0,0,0,0,0,0,0,0,0,0,0,0,0,0,0,0,0,0,0,0
5,right,0,0,0,0,0,0,0,0,0,0,0,0,0,0,0,0,0,0,0,0,0,0,0,0,0,0,0,0,0,0,0,0,0,0,0,0,0,0,0,0,0,0,0,0,0,0,0,0,0,0,0,0,0,0,0,0,0,0,0,0,0,0,0
5,left,0,0,0,0,0,0,0,0,0,0,0,0,0,0,0,0,0,0,0,0,0,0,0,0,0,0,0,0,0,0,0,0,0,0,0,0,0,0,0,0,0,0,0,0,0,0,0,0,0,0,0,0,0,0,0,0,0,0,0,0,0,0,0
6,right,0.30979594588279724,0.9915562868118286,-1.1720710091367437e-07,0.35793766379356384,0.9142457842826843,0.002284678164869547,0.37347492575645447,0.8334256410598755,-0.00419205566868186,0.3767363429069519,0.7778759598731995,-0.016627706587314606,0.3826817572116852,0.7319501042366028,-0.02813904918730259,0.2999085485935211,0.7463393211364746,-0.002260612789541483,0.3542756140232086,0.7065663933753967,-0.027040520682930946,0.38702160120010376,0.7066304087638855,-0.04302143678069115,0.40657657384872437,0.7100327610969543,-0.05203387141227722,0.2792454659938812,0.7656042575836182,-0.017658399417996407,0.35678133368492126,0.7492609620094299,-0.04745958745479584,0.3889654874801636,0.8106094598770142,-0.05476026237010956,0.39518338441848755,0.8562222123146057,-0.05452871322631836,0.27023327350616455,0.8023427128791809,-0.0347108468413353,0.34659817814826965,0.7862534523010254,-0.06677399575710297,0.3780098557472229,0.8450263738632202,-0.0608113631606102,0.38598981499671936,0.8927121758460999,-0.04918013513088226,0.2711580693721771,0.8498440980911255,-0.05179591849446297,0.33347734808921814,0.8174195885658264,-0.07366905361413956,0.3618011772632599,0.8519163727760315,-0.06629780679941177,0.3710511028766632,0.8911645412445068,-0.05537199601531029
6,left,0,0,0,0,0,0,0,0,0,0,0,0,0,0,0,0,0,0,0,0,0,0,0,0,0,0,0,0,0,0,0,0,0,0,0,0,0,0,0,0,0,0,0,0,0,0,0,0,0,0,0,0,0,0,0,0,0,0,0,0,0,0,0
7,right,0.31395798921585083,0.9112781286239624,-5.882612299501488e-07,0.36595040559768677,0.8223146796226501,0.01100902073085308,0.37670284509658813,0.7391138672828674,0.006166028790175915,0.385692834854126,0.6825190782546997,-0.006289193872362375,0.4003271758556366,0.6365125775337219,-0.016525674611330032,0.2899150550365448,0.6600310802459717,-0.0016956976614892483,0.3632170855998993,0.6464636325836182,-0.029082629829645157,0.39170852303504944,0.7052030563354492,-0.04340704530477524,0.4003077745437622,0.7472855448722839,-0.049697395414114,0.2741725742816925,0.6793277263641357,-0.022279467433691025,0.3653654456138611,0.6657699346542358,-0.056660719215869904,0.3892229497432709,0.7319292426109314,-0.06591648608446121,0.3941712975502014,0.7786083817481995,-0.0655301958322525,0.2727888226509094,0.7160972952842712,-0.04405461251735687,0.35590308904647827,0.6968691945075989,-0.07724107801914215,0.3783951997756958,0.757581353187561,-0.07461338490247726,0.38234734535217285,0.7995051145553589,-0.06413865089416504,0.2827935814857483,0.761527419090271,-0.06510904431343079,0.3082422912120819,0.7053200602531433,-0.08751364797353745,0.32280877232551575,0.666821300983429,-0.0899290069937706,0.3365879952907562,0.633526623249054,-0.08706459403038025
7,left,0,0,0,0,0,0,0,0,0,0,0,0,0,0,0,0,0,0,0,0,0,0,0,0,0,0,0,0,0,0,0,0,0,0,0,0,0,0,0,0,0,0,0,0,0,0,0,0,0,0,0,0,0,0,0,0,0,0,0,0,0,0,0
8,right,0.3125390112400055,0.8513848781585693,-4.787559646501904e-07,0.3702585697174072,0.7619279623031616,0.013940044678747654,0.38649624586105347,0.688226044178009,0.008643011562526226,0.4009401500225067,0.6339210867881775,-0.006487324833869934,0.4140930771827698,0.5903294086456299,-0.019585521891713142,0.2958875298500061,0.612578809261322,0.006187063176184893,0.36606138944625854,0.5664664506912231,-0.022376446053385735,0.4038298428058624,0.610752522945404,-0.03863181546330452,0.42207247018814087,0.6465173363685608,-0.046221885830163956,0.28026914596557617,0.6246223449707031,-0.01704612746834755,0.37397220730781555,0.5968978404998779,-0.055381014943122864,0.39655375480651855,0.6719472408294678,-0.06525704264640808,0.39943817257881165,0.7247209548950195,-0.06431894749403,0.2777058482170105,0.6505627632141113,-0.042312320321798325,0.3671822249889374,0.6202314496040344,-0.0786881372332573,0.38729262351989746,0.6901996731758118,-0.07467147707939148,0.3877464234828949,0.7382857799530029,-0.062209561467170715,0.287948876619339,0.6851640939712524,-0.06709302961826324,0.321360319852829,0.6224331259727478,-0.0889866054058075,0.33452653884887695,0.5824713110923767,-0.09022559225559235,0.3443436920642853,0.5441657304763794,-0.08705201745033264
8,left,0,0,0,0,0,0,0,0,0,0,0,0,0,0,0,0,0,0,0,0,0,0,0,0,0,0,0,0,0,0,0,0,0,0,0,0,0,0,0,0,0,0,0,0,0,0,0,0,0,0,0,0,0,0,0,0,0,0,0,0,0,0,0
9,right,0.3275774419307709,0.8150481581687927,-5.217033276494476e-07,0.38012635707855225,0.7324042320251465,0.016848817467689514,0.39495399594306946,0.6617398858070374,0.01993679814040661,0.4062558114528656,0.6084301471710205,0.012750620022416115,0.41176292300224304,0.5629335641860962,0.007282115053385496,0.3187142610549927,0.6012148261070251,0.024270163848996162,0.3817083537578583,0.5754938721656799,0.00013408027007244527,0.4065673351287842,0.6264483332633972,-0.015204336494207382,0.4131945073604584,0.6727049946784973,-0.019213657826185226,0.30147504806518555,0.6072558164596558,0.003601605538278818,0.38146111369132996,0.5816954970359802,-0.024776151403784752,0.4031565487384796,0.6448209881782532,-0.03521586209535599,0.40711498260498047,0.6922169327735901,-0.034183330833911896,0.29578477144241333,0.6217590570449829,-0.019337989389896393,0.3741261959075928,0.5954908132553101,-0.04680028557777405,0.3944889307022095,0.6518118381500244,-0.04671328514814377,0.39696651697158813,0.6938872933387756,-0.03630068153142929,0.29807254672050476,0.6424061059951782,-0.04158685728907585,0.32386112213134766,0.5724115371704102,-0.0544840432703495,0.3358968198299408,0.528066098690033,-0.05274270847439766,0.3470103144645691,0.48993510007858276,-0.046630457043647766
9,left,0,0,0,0,0,0,0,0,0,0,0,0,0,0,0,0,0,0,0,0,0,0,0,0,0,0,0,0,0,0,0,0,0,0,0,0,0,0,0,0,0,0,0,0,0,0,0,0,0,0,0,0,0,0,0,0,0,0,0,0,0,0,0
10,right,0.3303599953651428,0.7996507883071899,-4.880857318312337e-07,0.3793935477733612,0.730834424495697,0.014944584108889103,0.3935723602771759,0.658088207244873,0.018387172371149063,0.40473467111587524,0.6042525172233582,0.012733565643429756,0.41164886951446533,0.5600634217262268,0.008646362461149693,0.3304482102394104,0.5974181294441223,0.022643759846687317,0.38457822799682617,0.5729424953460693,-5.002249508834211e-06,0.4078182578086853,0.6209871172904968,-0.013843490742146969,0.415180504322052,0.6663982272148132,-0.016428817063570023,0.3123135268688202,0.6012428998947144,0.004213050473481417,0.38294559717178345,0.5792280435562134,-0.021896425634622574,0.40340372920036316,0.6387402415275574,-0.03156018629670143,0.4068371057510376,0.6837422251701355,-0.030188007280230522,0.3047060966491699,0.6144119501113892,-0.016321217641234398,0.3748970031738281,0.5915735363960266,-0.04189353436231613,0.394259512424469,0.6481658816337585,-0.04093034565448761,0.3957293629646301,0.6900988817214966,-0.030120696872472763,0.30328208208084106,0.6334829926490784,-0.03604871779680252,0.32420775294303894,0.5634253025054932,-0.04739464074373245,0.33656740188598633,0.5195637941360474,-0.04419158399105072,0.34817689657211304,0.48181015253067017,-0.03695547953248024
10,left,0,0,0,0,0,0,0,0,0,0,0,0,0,0,0,0,0,0,0,0,0,0,0,0,0,0,0,0,0,0,0,0,0,0,0,0,0,0,0,0,0,0,0,0,0,0,0,0,0,0,0,0,0,0,0,0,0,0,0,0,0,0,0
11,right,0.3333553969860077,0.7997016310691833,-4.468375323085638e-07,0.3801233768463135,0.7309103608131409,0.015268850140273571,0.39373546838760376,0.6576257348060608,0.02002054452896118,0.4038863778114319,0.6049777865409851,0.015437215566635132,0.41159969568252563,0.5609124302864075,0.012257806025445461,0.32914409041404724,0.6023615598678589,0.028305990621447563,0.38263165950775146,0.5797065496444702,0.0068834866397082806,0.4072372317314148,0.6242480278015137,-0.007119548507034779,0.4155202805995941,0.6674484014511108,-0.009578428231179714,0.3119441270828247,0.6037713885307312,0.010368017479777336,0.38198208808898926,0.5834032297134399,-0.015120848082005978,0.4035087525844574,0.6399462223052979,-0.02634742110967636,0.4080609977245331,0.6856142282485962,-0.025343405082821846,0.30434438586235046,0.6139299869537354,-0.009949428960680962,0.37420517206192017,0.5942953824996948,-0.035469163209199905,0.39459678530693054,0.6485178470611572,-0.037339307367801666,0.39685267210006714,0.6899945139884949,-0.027646301314234734,0.3031594157218933,0.629647433757782,-0.029293818399310112,0.32463449239730835,0.5614492297172546,-0.03945131227374077,0.335941344499588,0.5192099213600159,-0.03685956448316574,0.34599390625953674,0.4839993715286255,-0.029860328882932663
11,left,0,0,0,0,0,0,0,0,0,0,0,0,0,0,0,0,0,0,0,0,0,0,0,0,0,0,0,0,0,0,0,0,0,0,0,0,0,0,0,0,0,0,0,0,0,0,0,0,0,0,0,0,0,0,0,0,0,0,0,0,0,0,0
12,right,0.33184903860092163,0.8009614944458008,-4.814561407329165e-07,0.3800492286682129,0.7313050031661987,0.014753087423741817,0.39418721199035645,0.658916711807251,0.01866951584815979,0.4052368402481079,0.6061861515045166,0.013353556394577026,0.4124874472618103,0.5610942244529724,0.00941811315715313,0.3327696621417999,0.6040037870407104,0.02613951824605465,0.3851277828216553,0.5792533755302429,0.003912751097232103,0.40940430760383606,0.6237114071846008,-0.010954233817756176,0.4178054630756378,0.6670491099357605,-0.014061031863093376,0.3154107928276062,0.6071203351020813,0.008294695988297462,0.38455232977867126,0.5839621424674988,-0.01788482442498207,0.4047905206680298,0.6418731212615967,-0.02971706911921501,0.40768420696258545,0.6877172589302063,-0.029226383194327354,0.3071051836013794,0.6179255247116089,-0.011761441826820374,0.37632036209106445,0.5946745276451111,-0.03748711198568344,0.39585429430007935,0.6503841876983643,-0.038992028683423996,0.39710357785224915,0.6928844451904297,-0.02909800037741661,0.3043961524963379,0.6342484951019287,-0.030930744484066963,0.32447725534439087,0.5658980011940002,-0.041088398545980453,0.3360655903816223,0.5235170125961304,-0.0381631925702095,0.3465782403945923,0.4879986643791199,-0.03098657913506031
12,left,0,0,0,0,0,0,0,0,0,0,0,0,0,0,0,0,0,0,0,0,0,0,0,0,0,0,0,0,0,0,0,0,0,0,0,0,0,0,0,0,0,0,0,0,0,0,0,0,0,0,0,0,0,0,0,0,0,0,0,0,0,0,0
13,right,0.3334052264690399,0.800731360912323,-4.481236146602896e-07,0.3799303472042084,0.7333174347877502,0.014672494493424892,0.3933802843093872,0.6597444415092468,0.01905839517712593,0.4034075140953064,0.6073512434959412,0.014483681879937649,0.4102456569671631,0.5634417533874512,0.011330713517963886,0.3312808871269226,0.603580892086029,0.0260070338845253,0.38296952843666077,0.5800995826721191,0.004183096811175346,0.4075823128223419,0.6251480579376221,-0.0096581457182765,0.41644230484962463,0.6682187914848328,-0.011931993998587132,0.3137713670730591,0.6055949330329895,0.0083679324015975,0.3814503848552704,0.5838164687156677,-0.017173880711197853,0.40301012992858887,0.6412250399589539,-0.027622871100902557,0.4077300429344177,0.6864685416221619,-0.02616077847778797,0.30545714497566223,0.6162564754486084,-0.011612697504460812,0.37348008155822754,0.5952655076980591,-0.03716147691011429,0.3939957618713379,0.6498301029205322,-0.03845944255590439,0.39636191725730896,0.6909615397453308,-0.028565462678670883,0.3032393455505371,0.6322460174560547,-0.030630778521299362,0.32343918085098267,0.5642342567443848,-0.04108070954680443,0.3341935873031616,0.5219196081161499,-0.038633640855550766,0.34379246830940247,0.48609721660614014,-0.03187543526291847
13,left,0,0,0,0,0,0,0,0,0,0,0,0,0,0,0,0,0,0,0,0,0,0,0,0,0,0,0,0,0,0,0,0,0,0,0,0,0,0,0,0,0,0,0,0,0,0,0,0,0,0,0,0,0,0,0,0,0,0,0,0,0,0,0
14,right,0.33256545662879944,0.8027915358543396,-4.5082728661327565e-07,0.378498911857605,0.7328861951828003,0.014841930009424686,0.39204856753349304,0.6608842015266418,0.018588345497846603,0.40192338824272156,0.6083912253379822,0.01332677062600851,0.4097553491592407,0.5634766221046448,0.009315920993685722,0.33074045181274414,0.6069096326828003,0.025174375623464584,0.3819570243358612,0.5829588174819946,0.002607775619253516,0.40721753239631653,0.6268239617347717,-0.011958623304963112,0.41655340790748596,0.6700692772865295,-0.014689895324409008,0.31309306621551514,0.6092044115066528,0.0073552788235247135,0.3809061646461487,0.5845591425895691,-0.019033867865800858,0.4027497172355652,0.6420570015907288,-0.029948139563202858,0.40697431564331055,0.6890250444412231,-0.02868880331516266,0.30412858724594116,0.6198335289955139,-0.012747096829116344,0.37196558713912964,0.5949833393096924,-0.03900977224111557,0.39341410994529724,0.6493710279464722,-0.04030066728591919,0.39622366428375244,0.6915791034698486,-0.030255194753408432,0.30075603723526,0.6367068290710449,-0.03180341422557831,0.3203790485858917,0.5675249099731445,-0.042507898062467575,0.3320573568344116,0.5254400372505188,-0.039779383689165115,0.34248390793800354,0.4900580048561096,-0.032781098037958145
14,left,0,0,0,0,0,0,0,0,0,0,0,0,0,0,0,0,0,0,0,0,0,0,0,0,0,0,0,0,0,0,0,0,0,0,0,0,0,0,0,0,0,0,0,0,0,0,0,0,0,0,0,0,0,0,0,0,0,0,0,0,0,0,0
15,right,0.3324477970600128,0.8060683012008667,-4.5235213974592625e-07,0.3774605989456177,0.7377856373786926,0.013892517425119877,0.3905232548713684,0.6634842157363892,0.017533671110868454,0.40005844831466675,0.6097731590270996,0.01244621817022562,0.4078376889228821,0.5652122497558594,0.008827068842947483,0.3307878077030182,0.6076527237892151,0.024386104196310043,0.3810909390449524,0.5831611156463623,0.0015112190740182996,0.40574586391448975,0.6278071403503418,-0.013022787868976593,0.4148879647254944,0.6711350679397583,-0.015607412904500961,0.3128971457481384,0.6107885241508484,0.007148762699216604,0.37898990511894226,0.5856404900550842,-0.019427254796028137,0.4009855389595032,0.643285870552063,-0.030124353244900703,0.40580683946609497,0.6894091367721558,-0.028599923476576805,0.3035270571708679,0.6220164895057678,-0.01246659830212593,0.37008175253868103,0.5974280834197998,-0.03865025192499161,0.39128348231315613,0.6523407697677612,-0.03966502845287323,0.3940916061401367,0.694421112537384,-0.029411206021904945,0.2995668649673462,0.6389212608337402,-0.031161010265350342,0.31873250007629395,0.5704520344734192,-0.041762273758649826,0.3302001953125,0.5285327434539795,-0.039101459085941315,0.3404802680015564,0.493120402097702,-0.032129447907209396
15,left,0,0,0,0,0,0,0,0,0,0,0,0,0,0,0,0,0,0,0,0,0,0,0,0,0,0,0,0,0,0,0,0,0,0,0,0,0,0,0,0,0,0,0,0,0,0,0,0,0,0,0,0,0,0,0,0,0,0,0,0,0,0,0
16,right,0.33112162351608276,0.8065398335456848,-4.2211010509163316e-07,0.3771117329597473,0.7376583814620972,0.014424372464418411,0.3891705572605133,0.6633880138397217,0.018155599012970924,0.39888879656791687,0.6092577576637268,0.013000566512346268,0.40707045793533325,0.5646288990974426,0.009546793065965176,0.32010042667388916,0.6085196137428284,0.02475808933377266,0.3763359785079956,0.5821312069892883,0.00223078322596848,0.4028121829032898,0.6265456676483154,-0.011888382025063038,0.41222527623176575,0.6696809530258179,-0.01433948241174221,0.302944153547287,0.6106312274932861,0.007281817030161619,0.37539950013160706,0.5855549573898315,-0.018521899357438087,0.39939451217651367,0.6417654752731323,-0.028761178255081177,0.40523695945739746,0.6864678859710693,-0.02729598805308342,0.2966153621673584,0.621570348739624,-0.012500274926424026,0.368376761674881,0.5976941585540771,-0.037709031254053116,0.390911340713501,0.6514964699745178,-0.03837953507900238,0.39403679966926575,0.6926426291465759,-0.028282828629016876,0.2973954975605011,0.6378861665725708,-0.031406473368406296,0.31932249665260315,0.5693992376327515,-0.04131314158439636,0.3308368921279907,0.5270107984542847,-0.03842877969145775,0.3406263291835785,0.49151986837387085,-0.03147226944565773
16,left,0,0,0,0,0,0,0,0,0,0,0,0,0,0,0,0,0,0,0,0,0,0,0,0,0,0,0,0,0,0,0,0,0,0,0,0,0,0,0,0,0,0,0,0,0,0,0,0,0,0,0,0,0,0,0,0,0,0,0,0,0,0,0
17,right,0.3300841450691223,0.8070470094680786,-4.820786898562801e-07,0.3773810565471649,0.737339973449707,0.01357148215174675,0.39014869928359985,0.663497805595398,0.016281986609101295,0.40046942234039307,0.6092608571052551,0.010237348265945911,0.40857458114624023,0.5630823969841003,0.005902365315705538,0.3256581425666809,0.6070606112480164,0.022410612553358078,0.38048142194747925,0.5796595215797424,-0.00034923540079034865,0.4044572412967682,0.6262109279632568,-0.014789310283958912,0.41253918409347534,0.6706904768943787,-0.017724566161632538,0.30786633491516113,0.6106295585632324,0.00504972692579031,0.3786831796169281,0.5837018489837646,-0.02139347232878208,0.4003726840019226,0.642798662185669,-0.03197653591632843,0.40475043654441833,0.6884400248527527,-0.03070932812988758,0.3001459836959839,0.62245112657547,-0.014402924105525017,0.37094438076019287,0.5957565903663635,-0.03980673477053642,0.3914324641227722,0.6523690819740295,-0.03969069942831993,0.39336106181144714,0.695000946521759,-0.02900688536465168,0.29855823516845703,0.6401373147964478,-0.033099155873060226,0.31908944249153137,0.571933925151825,-0.04320454224944115,0.33095690608024597,0.5303584933280945,-0.03963528946042061,0.34151846170425415,0.49512219429016113,-0.03201570361852646
17,left,0,0,0,0,0,0,0,0,0,0,0,0,0,0,0,0,0,0,0,0,0,0,0,0,0,0,0,0,0,0,0,0,0,0,0,0,0,0,0,0,0,0,0,0,0,0,0,0,0,0,0,0,0,0,0,0,0,0,0,0,0,0,0
18,right,0.33223411440849304,0.8051489591598511,-4.411279235227994e-07,0.378414511680603,0.734562337398529,0.015368962660431862,0.3903186619281769,0.6610239148139954,0.01996510848402977,0.3998302221298218,0.6076735854148865,0.015446489676833153,0.407457560300827,0.5635265707969666,0.012471608817577362,0.3240160346031189,0.6069161891937256,0.02657407522201538,0.37906545400619507,0.5803024172782898,0.004913531709462404,0.4043586552143097,0.625320553779602,-0.008737495169043541,0.4132962226867676,0.6687675714492798,-0.010938906110823154,0.30653640627861023,0.6095114946365356,0.008632644079625607,0.37741848826408386,0.5849485397338867,-0.01686803437769413,0.40050017833709717,0.6412244439125061,-0.02738587185740471,0.4061528146266937,0.6857669353485107,-0.02600003592669964,0.2994855046272278,0.620945394039154,-0.011528633534908295,0.36970874667167664,0.5976687073707581,-0.03658530116081238,0.39153194427490234,0.6515745520591736,-0.03733993321657181,0.39447423815727234,0.6925010085105896,-0.02718399465084076,0.2988828718662262,0.6380307078361511,-0.03073098510503769,0.3192935883998871,0.5687730312347412,-0.040783628821372986,0.3307156264781952,0.5261435508728027,-0.03780612722039223,0.3406878411769867,0.4902733564376831,-0.03062576986849308
18,left,0,0,0,0,0,0,0,0,0,0,0,0,0,0,0,0,0,0,0,0,0,0,0,0,0,0,0,0,0,0,0,0,0,0,0,0,0,0,0,0,0,0,0,0,0,0,0,0,0,0,0,0,0,0,0,0,0,0,0,0,0,0,0
19,right,0.334960401058197,0.8031153678894043,-4.6273441967059625e-07,0.38066190481185913,0.733483612537384,0.011678127571940422,0.3923853933811188,0.6604509353637695,0.013591796159744263,0.40201666951179504,0.6066401600837708,0.007350762840360403,0.40974339842796326,0.561908483505249,0.0030289129354059696,0.32626721262931824,0.6047270894050598,0.019278449937701225,0.3819044530391693,0.577925980091095,-0.003923904616385698,0.40621325373649597,0.6246386766433716,-0.018266091123223305,0.4146621823310852,0.6682697534561157,-0.02111373469233513,0.30862030386924744,0.6084904670715332,0.0031135925091803074,0.37947848439216614,0.5829468965530396,-0.023644188418984413,0.4026468098163605,0.6408144235610962,-0.03388644754886627,0.40862569212913513,0.6851663589477539,-0.03250957280397415,0.3016652464866638,0.6205178499221802,-0.01522028911858797,0.37164804339408875,0.5949193835258484,-0.04089212790131569,0.3937675654888153,0.6497322916984558,-0.04112784564495087,0.39743462204933167,0.6916700005531311,-0.030787618830800056,0.30163702368736267,0.6380959153175354,-0.03292318806052208,0.3210168778896332,0.570011556148529,-0.04328424856066704,0.3324904143810272,0.5274527072906494,-0.04050871729850769,0.34311607480049133,0.4920651912689209,-0.03359730914235115
19,left,0,0,0,0,0,0,0,0,0,0,0,0,0,0,0,0,0,0,0,0,0,0,0,0,0,0,0,0,0,0,0,0,0,0,0,0,0,0,0,0,0,0,0,0,0,0,0,0,0,0,0,0,0,0,0,0,0,0,0,0,0,0,0
20,right,0.3349977731704712,0.8011788129806519,-4.7590734197910933e-07,0.38181012868881226,0.7331909537315369,0.013461216352880001,0.39440029859542847,0.6600731611251831,0.01698053628206253,0.403795063495636,0.6071202754974365,0.011727064847946167,0.41092169284820557,0.562393069267273,0.008001679554581642,0.33585837483406067,0.6038164496421814,0.023567689582705498,0.38569575548171997,0.5766363739967346,0.0017227244097739458,0.4087485671043396,0.6225753426551819,-0.012026170268654823,0.4167211651802063,0.6661339998245239,-0.014382044784724712,0.3178202211856842,0.6079211831092834,0.006569625344127417,0.38321453332901,0.5823926329612732,-0.019155019894242287,0.4046727418899536,0.6400705575942993,-0.029678214341402054,0.4095405042171478,0.6846897602081299,-0.028402306139469147,0.30850228667259216,0.6195560097694397,-0.012621789239346981,0.37423771619796753,0.594467282295227,-0.037676550447940826,0.3945043385028839,0.6499190330505371,-0.03812380135059357,0.39703139662742615,0.6923368573188782,-0.027795901522040367,0.30429384112358093,0.6361912488937378,-0.031031658872961998,0.3222914934158325,0.5675963163375854,-0.040835000574588776,0.33344078063964844,0.5255405306816101,-0.03757026046514511,0.3438572287559509,0.49021077156066895,-0.030212346464395523
20,left,0,0,0,0,0,0,0,0,0,0,0,0,0,0,0,0,0,0,0,0,0,0,0,0,0,0,0,0,0,0,0,0,0,0,0,0,0,0,0,0,0,0,0,0,0,0,0,0,0,0,0,0,0,0,0,0,0,0,0,0,0,0,0
21,right,0.33819589018821716,0.8014925718307495,-4.2133896727136744e-07,0.3833686113357544,0.733907163143158,0.012782623060047626,0.39512187242507935,0.6601859331130981,0.015587281435728073,0.40400850772857666,0.6060222387313843,0.010049177333712578,0.4115616977214813,0.5613431930541992,0.0061779809184372425,0.32816463708877563,0.6048929691314697,0.021285664290189743,0.3833294212818146,0.5802627205848694,-0.0019602973479777575,0.4089246988296509,0.6246144771575928,-0.016323735937476158,0.4184753894805908,0.6674259901046753,-0.01910778321325779,0.3104860484600067,0.6073763370513916,0.004403163678944111,0.38086989521980286,0.5841235518455505,-0.022365091368556023,0.4044281244277954,0.6399003863334656,-0.032688528299331665,0.4109233319759369,0.6840829253196716,-0.03138931840658188,0.3033204674720764,0.6192185878753662,-0.014816073700785637,0.3732673227787018,0.5964295268058777,-0.041114360094070435,0.3955051302909851,0.6495379209518433,-0.04201531782746315,0.3990021347999573,0.6900797486305237,-0.0321468748152256,0.3033575713634491,0.636417806148529,-0.03321794420480728,0.3237057030200958,0.5681102871894836,-0.04454067721962929,0.33475834131240845,0.5255477428436279,-0.0424937829375267,0.34453263878822327,0.48988044261932373,-0.03614800050854683
21,left,0,0,0,0,0,0,0,0,0,0,0,0,0,0,0,0,0,0,0,0,0,0,0,0,0,0,0,0,0,0,0,0,0,0,0,0,0,0,0,0,0,0,0,0,0,0,0,0,0,0,0,0,0,0,0,0,0,0,0,0,0,0,0
22,right,0.33762457966804504,0.8007229566574097,-4.804934974345088e-07,0.38350483775138855,0.7330459356307983,0.012811844237148762,0.39603862166404724,0.6601547598838806,0.015144567005336285,0.4054699242115021,0.60692298412323,0.009102536365389824,0.4128964841365814,0.5621118545532227,0.004839139059185982,0.3320298492908478,0.602584958076477,0.02020013891160488,0.3870853781700134,0.5772711634635925,-0.002822584006935358,0.41037845611572266,0.6238355040550232,-0.017114989459514618,0.41838815808296204,0.6675388216972351,-0.02001092955470085,0.3142666518688202,0.6065794825553894,0.003296527313068509,0.3853430449962616,0.5822699666023254,-0.023561539128422737,0.4059450924396515,0.6417104005813599,-0.033656004816293716,0.4099307358264923,0.6871228218078613,-0.032102152705192566,0.3065708577632904,0.6187686920166016,-0.015654250979423523,0.3768683075904846,0.5940998196601868,-0.04129467532038689,0.3962416648864746,0.6512132883071899,-0.04072050750255585,0.3978230357170105,0.6939717531204224,-0.029845576733350754,0.3049272298812866,0.6367443203926086,-0.03391750901937485,0.32460054755210876,0.5694199204444885,-0.044291842728853226,0.33602452278137207,0.5279719829559326,-0.04076462239027023,0.3466528058052063,0.4928279221057892,-0.03322761133313179
22,left,0,0,0,0,0,0,0,0,0,0,0,0,0,0,0,0,0,0,0,0,0,0,0,0,0,0,0,0,0,0,0,0,0,0,0,0,0,0,0,0,0,0,0,0,0,0,0,0,0,0,0,0,0,0,0,0,0,0,0,0,0,0,0
23,right,0.3382094204425812,0.8012929558753967,-4.5372919998953876e-07,0.3830425441265106,0.7351845502853394,0.012939220294356346,0.3954235315322876,0.6609823703765869,0.016242502257227898,0.4045611619949341,0.6073988676071167,0.01113094575703144,0.4121111333370209,0.5639466643333435,0.007527715526521206,0.3344365656375885,0.6059383153915405,0.02188722789287567,0.38658732175827026,0.5808818936347961,-0.0008433276088908315,0.4107379913330078,0.625146210193634,-0.015178428962826729,0.4197806715965271,0.6679696440696716,-0.017898008227348328,0.31683024764060974,0.6092696785926819,0.005210262723267078,0.38474348187446594,0.5844054818153381,-0.021534018218517303,0.40613776445388794,0.6416078209877014,-0.032208219170570374,0.4109305143356323,0.6865243911743164,-0.030815549194812775,0.30849742889404297,0.6205755472183228,-0.01363905519247055,0.3760237991809845,0.5969911217689514,-0.03970587998628616,0.3959546685218811,0.6523289680480957,-0.040412239730358124,0.39789116382598877,0.6941998600959778,-0.03005816414952278,0.3057287335395813,0.6371115446090698,-0.03166067600250244,0.32496050000190735,0.5690392851829529,-0.042434561997652054,0.3362226188182831,0.5271162390708923,-0.03966892138123512,0.34640878438949585,0.4918134808540344,-0.03256726264953613
23,left,0,0,0,0,0,0,0,0,0,0,0,0,0,0,0,0,0,0,0,0,0,0,0,0,0,0,0,0,0,0,0,0,0,0,0,0,0,0,0,0,0,0,0,0,0,0,0,0,0,0,0,0,0,0,0,0,0,0,0,0,0,0,0
24,right,0.339158296585083,0.804743766784668,-4.4829238277088734e-07,0.38416382670402527,0.7380241751670837,0.0122067304328084,0.3963809013366699,0.6632346510887146,0.015187906101346016,0.40477511286735535,0.60903000831604,0.00986960344016552,0.4122975468635559,0.5645659565925598,0.006165920756757259,0.33510249853134155,0.6076642870903015,0.021993670612573624,0.38743916153907776,0.5824345350265503,-0.0011012795148417354,0.4112376272678375,0.627113938331604,-0.01571503095328808,0.4197324514389038,0.6702312231063843,-0.018537698313593864,0.31706124544143677,0.61053067445755,0.005610552150756121,0.38444802165031433,0.5856494307518005,-0.02107214741408825,0.40582096576690674,0.6429693102836609,-0.03181244060397148,0.4103372097015381,0.6877474784851074,-0.03053857386112213,0.3083581328392029,0.6216263175010681,-0.013098170049488544,0.3757445216178894,0.597827672958374,-0.03902802988886833,0.39563480019569397,0.6533002853393555,-0.03958434239029884,0.39725232124328613,0.695323646068573,-0.0291972067207098,0.30529719591140747,0.6382009983062744,-0.031073493883013725,0.32471296191215515,0.569678783416748,-0.04150437191128731,0.3362964391708374,0.5276678800582886,-0.03844781219959259,0.3463802933692932,0.49249446392059326,-0.03120938502252102
24,left,0,0,0,0,0,0,0,0,0,0,0,0,0,0,0,0,0,0,0,0,0,0,0,0,0,0,0,0,0,0,0,0,0,0,0,0,0,0,0,0,0,0,0,0,0,0,0,0,0,0,0,0,0,0,0,0,0,0,0,0,0,0,0
25,right,0.33942297101020813,0.8057291507720947,-4.56591038755505e-07,0.3847052752971649,0.7374635338783264,0.013247203081846237,0.39644816517829895,0.6625508069992065,0.01634245365858078,0.40530869364738464,0.6079980731010437,0.011090156622231007,0.4123382568359375,0.5633148550987244,0.0074125416576862335,0.3323553204536438,0.606012761592865,0.020685840398073196,0.38655611872673035,0.5817860960960388,-0.002536840969696641,0.4111945331096649,0.6265343427658081,-0.0170284453779459,0.4199908673763275,0.6696109771728516,-0.019961094483733177,0.31425756216049194,0.6097439527511597,0.0037508278619498014,0.383761465549469,0.5855327248573303,-0.022744856774806976,0.40637028217315674,0.6423091292381287,-0.03276237100362778,0.4115060865879059,0.686747670173645,-0.0314045250415802,0.30634385347366333,0.6220492124557495,-0.015366523526608944,0.37534260749816895,0.5982837677001953,-0.04110300540924072,0.39653491973876953,0.6526437401771545,-0.04121771827340126,0.39908966422080994,0.6939204335212708,-0.031035304069519043,0.30483701825141907,0.6400166749954224,-0.03370429202914238,0.32413193583488464,0.5717799663543701,-0.04471378028392792,0.3358893394470215,0.5293700098991394,-0.042209453880786896,0.3465355336666107,0.4936201274394989,-0.0355873666703701
25,left,0,0,0,0,0,0,0,0,0,0,0,0,0,0,0,0,0,0,0,0,0,0,0,0,0,0,0,0,0,0,0,0,0,0,0,0,0,0,0,0,0,0,0,0,0,0,0,0,0,0,0,0,0,0,0,0,0,0,0,0,0,0,0
26,right,0.33904391527175903,0.8034130334854126,-4.526469297161384e-07,0.38423824310302734,0.7351109385490417,0.0128498375415802,0.39612647891044617,0.6610339283943176,0.016021890565752983,0.4047088921070099,0.6076560616493225,0.010725840926170349,0.4122479557991028,0.5635862350463867,0.007044550962746143,0.33215129375457764,0.6064478754997253,0.022228598594665527,0.38588157296180725,0.5811216831207275,-0.0003612494620028883,0.41041818261146545,0.6260184645652771,-0.014554156921803951,0.4196900427341461,0.6689183115959167,-0.017242111265659332,0.31453737616539,0.6097634434700012,0.005429422948509455,0.383969247341156,0.5849273800849915,-0.020893605425953865,0.40620243549346924,0.6424362659454346,-0.03127185255289078,0.41168490052223206,0.6873422265052795,-0.02986295521259308,0.30675676465034485,0.6213909387588501,-0.013606083579361439,0.3754722476005554,0.5978018641471863,-0.039233166724443436,0.3961735665798187,0.6531559228897095,-0.03959853947162628,0.3989059329032898,0.695115327835083,-0.029213806614279747,0.304941326379776,0.6383299827575684,-0.0319092757999897,0.3242945075035095,0.5705758929252625,-0.04223683848977089,0.3353012800216675,0.528695285320282,-0.03916924074292183,0.3453136682510376,0.49333107471466064,-0.03199067339301109
26,left,0,0,0,0,0,0,0,0,0,0,0,0,0,0,0,0,0,0,0,0,0,0,0,0,0,0,0,0,0,0,0,0,0,0,0,0,0,0,0,0,0,0,0,0,0,0,0,0,0,0,0,0,0,0,0,0,0,0,0,0,0,0,0
27,right,0.3405423164367676,0.8021033406257629,-4.6054361746428185e-07,0.3851173222064972,0.7352238297462463,0.01184096559882164,0.39667758345603943,0.6609712243080139,0.014612956903874874,0.40503251552581787,0.607123851776123,0.00929420255124569,0.411498486995697,0.562547504901886,0.005615330766886473,0.3360726237297058,0.6059015989303589,0.019981691613793373,0.3878132700920105,0.5806167721748352,-0.002918103476986289,0.4115475118160248,0.6255930662155151,-0.016995538026094437,0.4202895760536194,0.6685099005699158,-0.01951007917523384,0.3177694082260132,0.6101183295249939,0.004021684639155865,0.3844822943210602,0.5855286121368408,-0.022168202325701714,0.4063638746738434,0.6422708034515381,-0.03211832046508789,0.41153281927108765,0.6860648989677429,-0.030612409114837646,0.3088461756706238,0.6218980550765991,-0.014174112118780613,0.375282883644104,0.5983509421348572,-0.039801258593797684,0.39565932750701904,0.6530673503875732,-0.04006197676062584,0.3981991410255432,0.6945012807846069,-0.02970818430185318,0.3056669533252716,0.638729989528656,-0.03164927288889885,0.3237858712673187,0.5709540247917175,-0.04225844517350197,0.33514437079429626,0.5286791920661926,-0.039496347308158875,0.3456103503704071,0.4929891526699066,-0.0325402170419693
27,left,0,0,0,0,0,0,0,0,0,0,0,0,0,0,0,0,0,0,0,0,0,0,0,0,0,0,0,0,0,0,0,0,0,0,0,0,0,0,0,0,0,0,0,0,0,0,0,0,0,0,0,0,0,0,0,0,0,0,0,0,0,0,0
28,right,0.34303951263427734,0.8009560704231262,-4.399594217829872e-07,0.3863060474395752,0.7341678142547607,0.011278185993432999,0.3975570797920227,0.6599748134613037,0.01386978942900896,0.4051125943660736,0.6059805154800415,0.008558005094528198,0.41191166639328003,0.5606620907783508,0.004859003238379955,0.3398851156234741,0.6055792570114136,0.02006097324192524,0.38895267248153687,0.5808057188987732,-0.0027700026985257864,0.4125589430332184,0.6254075765609741,-0.016722192987799644,0.4218648374080658,0.6677144169807434,-0.019037844613194466,0.3213765621185303,0.6099545955657959,0.004257950000464916,0.38474053144454956,0.5839873552322388,-0.02191011607646942,0.407588928937912,0.6397708058357239,-0.03179534524679184,0.4141869843006134,0.6834890842437744,-0.030145009979605675,0.31133031845092773,0.6218147277832031,-0.013932709582149982,0.37521323561668396,0.5971791744232178,-0.03979470953345299,0.3970220685005188,0.6503605246543884,-0.04049291834235191,0.40116244554519653,0.6912630796432495,-0.03036564029753208,0.3066616356372833,0.6382593512535095,-0.03140046074986458,0.32418733835220337,0.5700034499168396,-0.041890595108270645,0.33560910820961,0.5278965830802917,-0.03929835557937622,0.34621790051460266,0.4924517273902893,-0.03256937116384506
28,left,0,0,0,0,0,0,0,0,0,0,0,0,0,0,0,0,0,0,0,0,0,0,0,0,0,0,0,0,0,0,0,0,0,0,0,0,0,0,0,0,0,0,0,0,0,0,0,0,0,0,0,0,0,0,0,0,0,0,0,0,0,0,0
29,right,0.34194180369377136,0.8009389638900757,-4.486277305204567e-07,0.386065274477005,0.733781635761261,0.012729528360068798,0.3976982831954956,0.6593447923660278,0.016144121065735817,0.4059256315231323,0.6051467061042786,0.011188545264303684,0.41241252422332764,0.5608386397361755,0.007729328703135252,0.33691245317459106,0.605916440486908,0.021637393161654472,0.38792797923088074,0.5810301899909973,-0.0013273658696562052,0.41199469566345215,0.6253066658973694,-0.015518250875175,0.4209870994091034,0.6677342057228088,-0.018034616485238075,0.3187851309776306,0.609566330909729,0.0050802030600607395,0.38474079966545105,0.5847573280334473,-0.021577540785074234,0.40717849135398865,0.6404880881309509,-0.03191256523132324,0.41307321190834045,0.6844311356544495,-0.030443135648965836,0.30996060371398926,0.6210903525352478,-0.013803265057504177,0.375936895608902,0.5977380275726318,-0.040151651948690414,0.39690253138542175,0.6518523097038269,-0.041021715849637985,0.3999904990196228,0.6931272745132446,-0.030816679820418358,0.30704763531684875,0.6375296115875244,-0.03187325596809387,0.3253245949745178,0.5693411827087402,-0.043054644018411636,0.3365337550640106,0.5271281003952026,-0.04079596698284149,0.346922367811203,0.49149954319000244,-0.03411596640944481
29,left,0,0,0,0,0,0,0,0,0,0,0,0,0,0,0,0,0,0,0,0,0,0,0,0,0,0,0,0,0,0,0,0,0,0,0,0,0,0,0,0,0,0,0,0,0,0,0,0,0,0,0,0,0,0,0,0,0,0,0,0,0,0,0
30,right,0.34158262610435486,0.8025940656661987,-4.6018342914067034e-07,0.3858932852745056,0.7361893057823181,0.011585396714508533,0.39768099784851074,0.6611111760139465,0.014250507578253746,0.4062504470348358,0.6069909334182739,0.008883891627192497,0.41374480724334717,0.5621451139450073,0.005196592770516872,0.3378444314002991,0.6060201525688171,0.020799096673727036,0.38913506269454956,0.5818827748298645,-0.002106037922203541,0.41258975863456726,0.6268976330757141,-0.016432523727416992,0.4209897220134735,0.6699236631393433,-0.019115280359983444,0.3200753331184387,0.6099280118942261,0.0048158676363527775,0.386065810918808,0.5846381187438965,-0.021516654640436172,0.4078337550163269,0.6414682865142822,-0.03183436021208763,0.41270607709884644,0.6860021948814392,-0.030436163768172264,0.31133633852005005,0.6214661598205566,-0.01348787546157837,0.37745046615600586,0.5971325039863586,-0.03921440616250038,0.39788177609443665,0.6518973112106323,-0.039634544402360916,0.4001656472682953,0.6936981081962585,-0.029270336031913757,0.3081522285938263,0.6380852460861206,-0.031097065657377243,0.3262067437171936,0.5702469348907471,-0.04145394638180733,0.33786630630493164,0.5283995866775513,-0.038461897522211075,0.3484618365764618,0.49329251050949097,-0.03134625405073166
30,left,0,0,0,0,0,0,0,0,0,0,0,0,0,0,0,0,0,0,0,0,0,0,0,0,0,0,0,0,0,0,0,0,0,0,0,0,0,0,0,0,0,0,0,0,0,0,0,0,0,0,0,0,0,0,0,0,0,0,0,0,0,0,0
31,right,0.3417908251285553,0.8020715713500977,-4.4115807895650505e-07,0.3863290548324585,0.7354719638824463,0.01194030698388815,0.3981715440750122,0.6600497364997864,0.014692098833620548,0.4064714312553406,0.6058353185653687,0.009369614534080029,0.4139368236064911,0.5616325736045837,0.0056678601540625095,0.33471596240997314,0.6045078635215759,0.020032884553074837,0.3881678879261017,0.5807172656059265,-0.0031656769569963217,0.4129161238670349,0.6251932382583618,-0.01730775088071823,0.4224700629711151,0.6675572991371155,-0.019863111898303032,0.3168763518333435,0.6083099246025085,0.0037920442409813404,0.38521817326545715,0.5849014520645142,-0.0228619035333395,0.408281147480011,0.6410138607025146,-0.03296024724841118,0.4143853783607483,0.6844956278800964,-0.03142828494310379,0.3089694380760193,0.6209580898284912,-0.014713888056576252,0.37680670619010925,0.5983625054359436,-0.040979061275720596,0.3984237313270569,0.6524358987808228,-0.041514936834573746,0.40150582790374756,0.693169116973877,-0.0312344953417778,0.30738258361816406,0.638633131980896,-0.03244447708129883,0.32590779662132263,0.5705627799034119,-0.043669942766427994,0.3376513719558716,0.5281237363815308,-0.04123912751674652,0.3483244478702545,0.4923340082168579,-0.03444693237543106
31,left,0,0,0,0,0,0,0,0,0,0,0,0,0,0,0,0,0,0,0,0,0,0,0,0,0,0,0,0,0,0,0,0,0,0,0,0,0,0,0,0,0,0,0,0,0,0,0,0,0,0,0,0,0,0,0,0,0,0,0,0,0,0,0
32,right,0.34170249104499817,0.8014609813690186,-4.5415114868774253e-07,0.38644370436668396,0.7351762056350708,0.011616945266723633,0.3984895944595337,0.660796582698822,0.014164919033646584,0.4066673517227173,0.6071064472198486,0.008604887872934341,0.4142785370349884,0.5621063709259033,0.004639276769012213,0.33905160427093506,0.6052091717720032,0.02012033574283123,0.39019492268562317,0.5798999667167664,-0.0030508176423609257,0.4137192368507385,0.6250143051147461,-0.01742970384657383,0.42288973927497864,0.6678647994995117,-0.020188750699162483,0.3207383155822754,0.6092624068260193,0.003981036599725485,0.3867969512939453,0.5832366347312927,-0.022956324741244316,0.4084114730358124,0.6408947110176086,-0.03333623707294464,0.41381117701530457,0.6855199933052063,-0.03183424845337868,0.311466246843338,0.6212843060493469,-0.014417041093111038,0.3772111237049103,0.5967304706573486,-0.040588315576314926,0.39731892943382263,0.6523979306221008,-0.040748272091150284,0.3999968469142914,0.6943440437316895,-0.030080603435635567,0.30757811665534973,0.6384631395339966,-0.03211964666843414,0.32597193121910095,0.5706321597099304,-0.042967330664396286,0.3374599516391754,0.5288208723068237,-0.04003015160560608,0.348045289516449,0.4934123158454895,-0.03283475711941719
32,left,0,0,0,0,0,0,0,0,0,0,0,0,0,0,0,0,0,0,0,0,0,0,0,0,0,0,0,0,0,0,0,0,0,0,0,0,0,0,0,0,0,0,0,0,0,0,0,0,0,0,0,0,0,0,0,0,0,0,0,0,0,0,0
33,right,0.343078076839447,0.8042117953300476,-4.471415877560503e-07,0.387260377407074,0.7374112010002136,0.012439647689461708,0.39912229776382446,0.6618233919143677,0.015700174495577812,0.4073319733142853,0.6076019406318665,0.010782868601381779,0.41373929381370544,0.5629517436027527,0.007546710316091776,0.33856359124183655,0.6064157485961914,0.02141214907169342,0.38985103368759155,0.5809444189071655,-0.0013538615312427282,0.4138258099555969,0.6257409453392029,-0.015363701619207859,0.42313152551651,0.6679607629776001,-0.017839768901467323,0.3200698792934418,0.6099586486816406,0.0050843991339206696,0.385530948638916,0.5855101346969604,-0.021173445507884026,0.4084659516811371,0.6417015194892883,-0.03131599351763725,0.41528433561325073,0.6850210428237915,-0.02980489656329155,0.3110154867172241,0.6218835711479187,-0.013549888506531715,0.3771279454231262,0.5986739993095398,-0.039444081485271454,0.39886635541915894,0.6530547738075256,-0.04012468084692955,0.40269044041633606,0.6940011978149414,-0.02996022067964077,0.30824849009513855,0.6387913227081299,-0.03139098361134529,0.32728850841522217,0.5710403919219971,-0.04218771308660507,0.3385988175868988,0.5292444229125977,-0.0397997610270977,0.3487764000892639,0.49378591775894165,-0.03312141075730324
33,left,0,0,0,0,0,0,0,0,0,0,0,0,0,0,0,0,0,0,0,0,0,0,0,0,0,0,0,0,0,0,0,0,0,0,0,0,0,0,0,0,0,0,0,0,0,0,0,0,0,0,0,0,0,0,0,0,0,0,0,0,0,0,0
34,right,0.3407837450504303,0.8038593530654907,-4.5427904638017935e-07,0.3861263692378998,0.7354938983917236,0.014171402901411057,0.3979470133781433,0.6605541110038757,0.018296198919415474,0.40703651309013367,0.6068711876869202,0.013738371431827545,0.41489964723587036,0.5631617903709412,0.010576779022812843,0.33590516448020935,0.6068570017814636,0.02354997582733631,0.3884696662425995,0.5818356275558472,0.001650870544835925,0.41367805004119873,0.6253291368484497,-0.01206292025744915,0.4232712388038635,0.6674723625183105,-0.014428194612264633,0.3185214400291443,0.6105888485908508,0.006345811765640974,0.38670507073402405,0.5862689018249512,-0.01904703676700592,0.4095093905925751,0.6420021653175354,-0.029118647798895836,0.414828896522522,0.6860002875328064,-0.027712147682905197,0.31063759326934814,0.6222357749938965,-0.013022694736719131,0.37803423404693604,0.5986887812614441,-0.038117218762636185,0.39938440918922424,0.6526471972465515,-0.03864624351263046,0.4021596610546112,0.6938973069190979,-0.028515439480543137,0.3085315227508545,0.6388635039329529,-0.03151525557041168,0.3268192410469055,0.5705317854881287,-0.04188559204339981,0.3381040692329407,0.5281580090522766,-0.03914608433842659,0.34834548830986023,0.4923602342605591,-0.032243356108665466
34,left,0,0,0,0,0,0,0,0,0,0,0,0,0,0,0,0,0,0,0,0,0,0,0,0,0,0,0,0,0,0,0,0,0,0,0,0,0,0,0,0,0,0,0,0,0,0,0,0,0,0,0,0,0,0,0,0,0,0,0,0,0,0,0
35,right,0.3426941931247711,0.8031960725784302,-4.409482414757804e-07,0.38732025027275085,0.7352195978164673,0.013264928944408894,0.3992045223712921,0.6606684923171997,0.01665451191365719,0.4078226685523987,0.6068518757820129,0.011569417081773281,0.41479483246803284,0.5626917481422424,0.007961200550198555,0.33677130937576294,0.6057956218719482,0.021972842514514923,0.38898152112960815,0.5810153484344482,-0.000664388295263052,0.41380199790000916,0.6250268816947937,-0.014649954624474049,0.42324593663215637,0.6672903895378113,-0.017122332006692886,0.3188369572162628,0.6099603176116943,0.005123957991600037,0.3859928250312805,0.5854848027229309,-0.020748360082507133,0.4094020128250122,0.6406997442245483,-0.030809249728918076,0.41576212644577026,0.6839837431907654,-0.02944665215909481,0.3104318380355835,0.6224072575569153,-0.013969935476779938,0.3774093687534332,0.5984144806861877,-0.03958924487233162,0.39948201179504395,0.651917576789856,-0.0401013158261776,0.40306615829467773,0.6927007436752319,-0.029985852539539337,0.3080494701862335,0.6398975849151611,-0.03221718221902847,0.32662665843963623,0.5712922811508179,-0.04302676394581795,0.33846917748451233,0.5288564562797546,-0.04046086594462395,0.3492550849914551,0.4929022789001465,-0.03369008004665375
35,left,0,0,0,0,0,0,0,0,0,0,0,0,0,0,0,0,0,0,0,0,0,0,0,0,0,0,0,0,0,0,0,0,0,0,0,0,0,0,0,0,0,0,0,0,0,0,0,0,0,0,0,0,0,0,0,0,0,0,0,0,0,0,0
36,right,0.34264838695526123,0.8015342950820923,-4.465551057819539e-07,0.38619464635849,0.734749436378479,0.012433415278792381,0.39795738458633423,0.6600702404975891,0.015400394797325134,0.4064314663410187,0.6064691543579102,0.01006901916116476,0.4143577218055725,0.56236332654953,0.0062998500652611256,0.3367552161216736,0.606055498123169,0.02146708033978939,0.38874509930610657,0.5826185941696167,-0.0014555715024471283,0.41344159841537476,0.6269770264625549,-0.01579432375729084,0.422829270362854,0.6697947382926941,-0.01838892698287964,0.3194608688354492,0.6098814606666565,0.004979057237505913,0.3868337571620941,0.5853008031845093,-0.021319963037967682,0.40948450565338135,0.641588568687439,-0.031534332782030106,0.41510722041130066,0.6861759424209595,-0.030003204941749573,0.31100600957870483,0.6214244365692139,-0.013795733451843262,0.37781623005867004,0.59760582447052,-0.03959999978542328,0.3989117443561554,0.652137041091919,-0.04007834196090698,0.40180766582489014,0.6938146352767944,-0.029692305251955986,0.3079587519168854,0.6381298899650574,-0.031810540705919266,0.3264853060245514,0.5703866481781006,-0.04228917509317398,0.33798256516456604,0.5284808874130249,-0.03931766375899315,0.34853002429008484,0.4930941164493561,-0.032149188220500946
36,left,0,0,0,0,0,0,0,0,0,0,0,0,0,0,0,0,0,0,0,0,0,0,0,0,0,0,0,0,0,0,0,0,0,0,0,0,0,0,0,0,0,0,0,0,0,0,0,0,0,0,0,0,0,0,0,0,0,0,0,0,0,0,0
