1,right,0,0,0,0,0,0,0,0,0,0,0,0,0,0,0,0,0,0,0,0,0,0,0,0,0,0,0,0,0,0,0,0,0,0,0,0,0,0,0,0,0,0,0,0,0,0,0,0,0,0,0,0,0,0,0,0,0,0,0,0,0,0,0
1,left,0,0,0,0,0,0,0,0,0,0,0,0,0,0,0,0,0,0,0,0,0,0,0,0,0,0,0,0,0,0,0,0,0,0,0,0,0,0,0,0,0,0,0,0,0,0,0,0,0,0,0,0,0,0,0,0,0,0,0,0,0,0,0
2,right,0,0,0,0,0,0,0,0,0,0,0,0,0,0,0,0,0,0,0,0,0,0,0,0,0,0,0,0,0,0,0,0,0,0,0,0,0,0,0,0,0,0,0,0,0,0,0,0,0,0,0,0,0,0,0,0,0,0,0,0,0,0,0
2,left,0,0,0,0,0,0,0,0,0,0,0,0,0,0,0,0,0,0,0,0,0,0,0,0,0,0,0,0,0,0,0,0,0,0,0,0,0,0,0,0,0,0,0,0,0,0,0,0,0,0,0,0,0,0,0,0,0,0,0,0,0,0,0
3,right,0,0,0,0,0,0,0,0,0,0,0,0,0,0,0,0,0,0,0,0,0,0,0,0,0,0,0,0,0,0,0,0,0,0,0,0,0,0,0,0,0,0,0,0,0,0,0,0,0,0,0,0,0,0,0,0,0,0,0,0,0,0,0
3,left,0,0,0,0,0,0,0,0,0,0,0,0,0,0,0,0,0,0,0,0,0,0,0,0,0,0,0,0,0,0,0,0,0,0,0,0,0,0,0,0,0,0,0,0,0,0,0,0,0,0,0,0,0,0,0,0,0,0,0,0,0,0,0
4,right,0,0,0,0,0,0,0,0,0,0,0,0,0,0,0,0,0,0,0,0,0,0,0,0,0,0,0,0,0,0,0,0,0,0,0,0,0,0,0,0,0,0,0,0,0,0,0,0,0,0,0,0,0,0,0,0,0,0,0,0,0,0,0
4,left,0,0,0,0,0,0,0,0,0,0,0,0,0,0,0,0,0,0,0,0,0,0,0,0,0,0,0,0,0,0,0,0,0,0,0,0,0,0,0,0,0,0,0,0,0,0,0,0,0,0,0,0,0,0,0,0,0,0,0,0,0,0,0
5,right,0,0,0,0,0,0,0,0,0,0,0,0,0,0,0,0,0,0,0,0,0,0,0,0,0,0,0,0,0,0,0,0,0,0,0,0,0,0,0,0,0,0,0,0,0,0,0,0,0,0,0,0,0,0,0,0,0,0,0,0,0,0,0
5,left,0,0,0,0,0,0,0,0,0,0,0,0,0,0,0,0,0,0,0,0,0,0,0,0,0,0,0,0,0,0,0,0,0,0,0,0,0,0,0,0,0,0,0,0,0,0,0,0,0,0,0,0,0,0,0,0,0,0,0,0,0,0,0
6,right,0,0,0,0,0,0,0,0,0,0,0,0,0,0,0,0,0,0,0,0,0,0,0,0,0,0,0,0,0,0,0,0,0,0,0,0,0,0,0,0,0,0,0,0,0,0,0,0,0,0,0,0,0,0,0,0,0,0,0,0,0,0,0
6,left,0,0,0,0,0,0,0,0,0,0,0,0,0,0,0,0,0,0,0,0,0,0,0,0,0,0,0,0,0,0,0,0,0,0,0,0,0,0,0,0,0,0,0,0,0,0,0,0,0,0,0,0,0,0,0,0,0,0,0,0,0,0,0
7,right,0,0,0,0,0,0,0,0,0,0,0,0,0,0,0,0,0,0,0,0,0,0,0,0,0,0,0,0,0,0,0,0,0,0,0,0,0,0,0,0,0,0,0,0,0,0,0,0,0,0,0,0,0,0,0,0,0,0,0,0,0,0,0
7,left,0,0,0,0,0,0,0,0,0,0,0,0,0,0,0,0,0,0,0,0,0,0,0,0,0,0,0,0,0,0,0,0,0,0,0,0,0,0,0,0,0,0,0,0,0,0,0,0,0,0,0,0,0,0,0,0,0,0,0,0,0,0,0
8,right,0,0,0,0,0,0,0,0,0,0,0,0,0,0,0,0,0,0,0,0,0,0,0,0,0,0,0,0,0,0,0,0,0,0,0,0,0,0,0,0,0,0,0,0,0,0,0,0,0,0,0,0,0,0,0,0,0,0,0,0,0,0,0
8,left,0,0,0,0,0,0,0,0,0,0,0,0,0,0,0,0,0,0,0,0,0,0,0,0,0,0,0,0,0,0,0,0,0,0,0,0,0,0,0,0,0,0,0,0,0,0,0,0,0,0,0,0,0,0,0,0,0,0,0,0,0,0,0
9,right,0.1970382183790207,0.8137112855911255,-7.208224133137264e-07,0.24437293410301208,0.7261597514152527,0.008016625419259071,0.25782153010368347,0.6504420638084412,0.0006560811889357865,0.2696942687034607,0.5965880751609802,-0.015453548170626163,0.26760295033454895,0.5501142740249634,-0.029462818056344986,0.16985012590885162,0.5912556052207947,-0.0054353452287614346,0.2249009907245636,0.5432441234588623,-0.039566606283187866,0.25748324394226074,0.6074085831642151,-0.05738834664225578,0.2653723359107971,0.6550118923187256,-0.06371442973613739,0.15190626680850983,0.6109799742698669,-0.026842379942536354,0.22993361949920654,0.5682324767112732,-0.06753520667552948,0.25424060225486755,0.6449019908905029,-0.07865939289331436,0.25250017642974854,0.6941510438919067,-0.0776979997754097,0.14515449106693268,0.6401307582855225,-0.050463657826185226,0.21880057454109192,0.5928266048431396,-0.09028906375169754,0.24361160397529602,0.6612703800201416,-0.08802933990955353,0.24536332488059998,0.7068954706192017,-0.07547859102487564,0.14786480367183685,0.6746399402618408,-0.07351243495941162,0.1672588586807251,0.6087328791618347,-0.09791362285614014,0.1810826063156128,0.5689724683761597,-0.09934131801128387,0.19275358319282532,0.5328906774520874,-0.09509211778640747
9,left,0,0,0,0,0,0,0,0,0,0,0,0,0,0,0,0,0,0,0,0,0,0,0,0,0,0,0,0,0,0,0,0,0,0,0,0,0,0,0,0,0,0,0,0,0,0,0,0,0,0,0,0,0,0,0,0,0,0,0,0,0,0,0
10,right,0.21055547893047333,0.7622197270393372,-6.426071763598884e-07,0.2561473250389099,0.6933413743972778,0.001852521556429565,0.2707352936267853,0.619463324546814,-0.004763323348015547,0.2824067175388336,0.5673913359642029,-0.01800127699971199,0.2821628153324127,0.5219489336013794,-0.02872771956026554,0.19611477851867676,0.553486168384552,-0.007946118712425232,0.24888962507247925,0.514949381351471,-0.039270296692848206,0.2768256664276123,0.5778488516807556,-0.054320525377988815,0.2848623991012573,0.6237531900405884,-0.05859796702861786,0.17562928795814514,0.5667138695716858,-0.023698417469859123,0.24608054757118225,0.5395808219909668,-0.0620272159576416,0.269340455532074,0.6117993593215942,-0.07233540713787079,0.2747925817966461,0.6599534749984741,-0.07082109898328781,0.16567306220531464,0.5918808579444885,-0.041876718401908875,0.2370675504207611,0.5661840438842773,-0.07968487590551376,0.25906649231910706,0.6321988105773926,-0.07898252457380295,0.2631660997867584,0.6750050187110901,-0.0673985406756401,0.16465628147125244,0.6236142516136169,-0.05986180901527405,0.18436568975448608,0.5611807107925415,-0.0819578692317009,0.19897055625915527,0.5231931805610657,-0.08376090228557587,0.21414463222026825,0.4874730706214905,-0.07993695139884949
10,left,0,0,0,0,0,0,0,0,0,0,0,0,0,0,0,0,0,0,0,0,0,0,0,0,0,0,0,0,0,0,0,0,0,0,0,0,0,0,0,0,0,0,0,0,0,0,0,0,0,0,0,0,0,0,0,0,0,0,0,0,0,0,0
11,right,0.2164570838212967,0.7651399374008179,-4.5607134779857006e-07,0.25901469588279724,0.6943593621253967,0.007448336109519005,0.2781112790107727,0.6162895560264587,0.007974387146532536,0.2888626456260681,0.5621178150177002,0.0014452699106186628,0.28362104296684265,0.5171791315078735,-0.0030660016927868128,0.20484057068824768,0.5615059733390808,0.014928344637155533,0.2550882399082184,0.5371906161308289,-0.009504799731075764,0.2758975028991699,0.5870330929756165,-0.02439200133085251,0.28164321184158325,0.6285966038703918,-0.027970293536782265,0.1843402087688446,0.5691999197006226,0.000582604669034481,0.24990637600421906,0.5417401790618896,-0.02758193016052246,0.2684154212474823,0.6037604212760925,-0.037482503801584244,0.2714187502861023,0.648592472076416,-0.03548440337181091,0.1737515777349472,0.5861386656761169,-0.016201086342334747,0.23933690786361694,0.5601433515548706,-0.043571166694164276,0.25856563448905945,0.6162655353546143,-0.04299253225326538,0.2611323297023773,0.6556767821311951,-0.03179406374692917,0.17094753682613373,0.6101132035255432,-0.03272397443652153,0.1901596188545227,0.5457159876823425,-0.046157993376255035,0.20619623363018036,0.5092324614524841,-0.04378941282629967,0.22166335582733154,0.4787027835845947,-0.036209359765052795
11,left,0,0,0,0,0,0,0,0,0,0,0,0,0,0,0,0,0,0,0,0,0,0,0,0,0,0,0,0,0,0,0,0,0,0,0,0,0,0,0,0,0,0,0,0,0,0,0,0,0,0,0,0,0,0,0,0,0,0,0,0,0,0,0
12,right,0.22208236157894135,0.7549731731414795,-3.9734123902235297e-07,0.2619631588459015,0.690056562423706,0.001971352379769087,0.2794942557811737,0.6137953996658325,0.0001846793165896088,0.2880796194076538,0.5594391822814941,-0.007122738752514124,0.2804003953933716,0.5156558156013489,-0.011772537603974342,0.21314594149589539,0.5598032474517822,0.00912117213010788,0.25993606448173523,0.5326303243637085,-0.015819810330867767,0.27906835079193115,0.5844125151634216,-0.0302168820053339,0.28445398807525635,0.6284931302070618,-0.03307520970702171,0.192936971783638,0.5660098195075989,-0.0018941432936117053,0.25397586822509766,0.5362924933433533,-0.02971382439136505,0.27045804262161255,0.6004425883293152,-0.037973757833242416,0.27130699157714844,0.6469127535820007,-0.03498101234436035,0.18089653551578522,0.5808538198471069,-0.01568339765071869,0.24219171702861786,0.5527780055999756,-0.04206835851073265,0.25885239243507385,0.6113069653511047,-0.03975028917193413,0.2596251368522644,0.6531596183776855,-0.027710050344467163,0.17459453642368317,0.6022895574569702,-0.029634512960910797,0.19311855733394623,0.5384244322776794,-0.04210421442985535,0.20912261307239532,0.5006381869316101,-0.03908449411392212,0.22408680617809296,0.4686387777328491,-0.031351372599601746
12,left,0,0,0,0,0,0,0,0,0,0,0,0,0,0,0,0,0,0,0,0,0,0,0,0,0,0,0,0,0,0,0,0,0,0,0,0,0,0,0,0,0,0,0,0,0,0,0,0,0,0,0,0,0,0,0,0,0,0,0,0,0,0,0
13,right,0.22394196689128876,0.7572681903839111,-4.066810674885346e-07,0.2639058530330658,0.6917626857757568,0.0033032342325896025,0.2829397916793823,0.6148577332496643,0.002666015177965164,0.2918657958507538,0.5604407787322998,-0.0037855873815715313,0.28369271755218506,0.5164340734481812,-0.007854701951146126,0.2156018167734146,0.5585096478462219,0.011593149974942207,0.2613079845905304,0.534247636795044,-0.012698376551270485,0.28079158067703247,0.5842708945274353,-0.02666381187736988,0.28651511669158936,0.626941442489624,-0.02901201695203781,0.19547490775585175,0.5656081438064575,-0.00018830008048098534,0.2548797130584717,0.5388343930244446,-0.027775315567851067,0.27215081453323364,0.6004269123077393,-0.03685731068253517,0.2738988399505615,0.6463833451271057,-0.03404819592833519,0.18355770409107208,0.5817680954933167,-0.014739319682121277,0.24435262382030487,0.5581178665161133,-0.041802242398262024,0.2620471119880676,0.6142570376396179,-0.041150420904159546,0.2636423408985138,0.6545414924621582,-0.029662106186151505,0.17751573026180267,0.6044963002204895,-0.029191089794039726,0.19478799402713776,0.5392956733703613,-0.041828420013189316,0.20955729484558105,0.5004799365997314,-0.03924660384654999,0.22364480793476105,0.4684765338897705,-0.0315527468919754
13,left,0,0,0,0,0,0,0,0,0,0,0,0,0,0,0,0,0,0,0,0,0,0,0,0,0,0,0,0,0,0,0,0,0,0,0,0,0,0,0,0,0,0,0,0,0,0,0,0,0,0,0,0,0,0,0,0,0,0,0,0,0,0,0
14,right,0.224690780043602,0.7571373581886292,-4.064888514676568e-07,0.26494812965393066,0.6910481452941895,0.0029460762161761522,0.2836158275604248,0.6154524087905884,0.0013059090124443173,0.2936505973339081,0.560882568359375,-0.005923401564359665,0.286504328250885,0.5166978240013123,-0.010556341148912907,0.2127218097448349,0.5592665672302246,0.009162339381873608,0.26236072182655334,0.5351482629776001,-0.01579190604388714,0.28177738189697266,0.5862830281257629,-0.03006141632795334,0.28719478845596313,0.6287482380867004,-0.03284905478358269,0.19313330948352814,0.5658133625984192,-0.002634682459756732,0.25742223858833313,0.5393995642662048,-0.030922047793865204,0.2742866277694702,0.6020889282226562,-0.03967289626598358,0.2754475474357605,0.6476513147354126,-0.0368003211915493,0.18281269073486328,0.5815826654434204,-0.017074856907129288,0.24787600338459015,0.557732343673706,-0.044007036834955215,0.26439499855041504,0.6151712536811829,-0.04243283346295357,0.2646331787109375,0.6557353138923645,-0.0305936336517334,0.1791193187236786,0.6039736866950989,-0.031542789191007614,0.19765618443489075,0.5394269824028015,-0.044063471257686615,0.21220488846302032,0.5002063512802124,-0.04128539189696312,0.22597850859165192,0.46764087677001953,-0.03363577276468277
14,left,0,0,0,0,0,0,0,0,0,0,0,0,0,0,0,0,0,0,0,0,0,0,0,0,0,0,0,0,0,0,0,0,0,0,0,0,0,0,0,0,0,0,0,0,0,0,0,0,0,0,0,0,0,0,0,0,0,0,0,0,0,0,0
15,right,0.22625616192817688,0.7571009993553162,-4.1847877696454816e-07,0.2672433853149414,0.6911017894744873,0.0042638774029910564,0.28467121720314026,0.6151331067085266,0.003243917366489768,0.29431232810020447,0.5603519678115845,-0.0035658632405102253,0.28866392374038696,0.5167853236198425,-0.007887928746640682,0.21214057505130768,0.5592470169067383,0.010155238211154938,0.2631877064704895,0.5340875387191772,-0.013893265277147293,0.28301191329956055,0.5847511291503906,-0.027802828699350357,0.28825604915618896,0.6281725168228149,-0.03056100569665432,0.1931544542312622,0.5655555725097656,-0.002206931123510003,0.25892430543899536,0.5376608371734619,-0.0295725055038929,0.2761938273906708,0.6004748940467834,-0.038022272288799286,0.2768656015396118,0.6468759179115295,-0.03516194969415665,0.18361011147499084,0.5807836651802063,-0.016979916021227837,0.24943162500858307,0.5545893907546997,-0.04308803752064705,0.26638463139533997,0.6123000979423523,-0.041230808943510056,0.26629382371902466,0.6538354754447937,-0.02945040911436081,0.180673286318779,0.6025561094284058,-0.03166624531149864,0.1988537609577179,0.537146806716919,-0.04355384036898613,0.21312083303928375,0.49738550186157227,-0.040320366621017456,0.22645245492458344,0.4642064571380615,-0.03249974921345711
15,left,0,0,0,0,0,0,0,0,0,0,0,0,0,0,0,0,0,0,0,0,0,0,0,0,0,0,0,0,0,0,0,0,0,0,0,0,0,0,0,0,0,0,0,0,0,0,0,0,0,0,0,0,0,0,0,0,0,0,0,0,0,0,0
16,right,0.2278689295053482,0.7589362263679504,-4.2605233829817735e-07,0.2676895558834076,0.6925095319747925,0.0025360514409840107,0.2844412922859192,0.6153438091278076,0.0012233010493218899,0.2933542728424072,0.5600486993789673,-0.0057847509160637856,0.2885635495185852,0.5158974528312683,-0.010351588949561119,0.21739934384822845,0.5637264251708984,0.010014456696808338,0.26443976163864136,0.5386659502983093,-0.014944994822144508,0.2844609320163727,0.5875393152236938,-0.029461149126291275,0.28946638107299805,0.6299036741256714,-0.0323193185031414,0.1979588270187378,0.5706656575202942,-0.001492396928369999,0.259483277797699,0.5419542193412781,-0.029877878725528717,0.27655914425849915,0.603063702583313,-0.03900204598903656,0.2766295373439789,0.6486883759498596,-0.03644052520394325,0.1870865821838379,0.5851483345031738,-0.01585240662097931,0.248952716588974,0.5582683682441711,-0.04340440034866333,0.2660410702228546,0.6141651272773743,-0.042671702802181244,0.2661578953266144,0.6548603773117065,-0.031219402328133583,0.18190717697143555,0.6056047081947327,-0.03019869141280651,0.19855552911758423,0.5397247672080994,-0.042798321694135666,0.21242260932922363,0.499489963054657,-0.04028158262372017,0.2252621352672577,0.4661916494369507,-0.032868292182683945
16,left,0,0,0,0,0,0,0,0,0,0,0,0,0,0,0,0,0,0,0,0,0,0,0,0,0,0,0,0,0,0,0,0,0,0,0,0,0,0,0,0,0,0,0,0,0,0,0,0,0,0,0,0,0,0,0,0,0,0,0,0,0,0,0
17,right,0.2301468402147293,0.7557809352874756,-4.171396881247347e-07,0.26924794912338257,0.6894639134407043,0.0029394656885415316,0.2856592833995819,0.6138520240783691,0.0016047223471105099,0.2941432595252991,0.5602720975875854,-0.005322698038071394,0.28782275319099426,0.5172139406204224,-0.009568477980792522,0.2193046361207962,0.5581858158111572,0.009480332024395466,0.26703086495399475,0.5332472324371338,-0.015408962965011597,0.2862860858440399,0.5847049951553345,-0.02961670607328415,0.2915887236595154,0.6286991238594055,-0.0321635901927948,0.19949916005134583,0.5650267004966736,-0.0022370684891939163,0.26049283146858215,0.5379950404167175,-0.03015480563044548,0.27778804302215576,0.6002247929573059,-0.038702577352523804,0.2797689735889435,0.6462571024894714,-0.03576941415667534,0.18804815411567688,0.5805519223213196,-0.016687484458088875,0.25037428736686707,0.5563890337944031,-0.04328472539782524,0.2674337923526764,0.6133050918579102,-0.041661955416202545,0.2686660885810852,0.654439389705658,-0.02983030304312706,0.18236686289310455,0.6020591855049133,-0.031159503385424614,0.1990732103586197,0.5368804335594177,-0.04283980280160904,0.21151897311210632,0.49649709463119507,-0.039672087877988815,0.2235357016324997,0.46288490295410156,-0.031960539519786835
17,left,0,0,0,0,0,0,0,0,0,0,0,0,0,0,0,0,0,0,0,0,0,0,0,0,0,0,0,0,0,0,0,0,0,0,0,0,0,0,0,0,0,0,0,0,0,0,0,0,0,0,0,0,0,0,0,0,0,0,0,0,0,0,0
18,right,0.22811578214168549,0.7603614330291748,-4.2576047576403653e-07,0.2680501937866211,0.6931300163269043,0.003922111354768276,0.284060001373291,0.615365207195282,0.0030626272782683372,0.2929600179195404,0.5607256293296814,-0.0036640181206166744,0.28993940353393555,0.5158487558364868,-0.007808615453541279,0.21598242223262787,0.5609740018844604,0.011471349745988846,0.26501184701919556,0.5354849100112915,-0.012681163847446442,0.285146027803421,0.5856745839118958,-0.02641635574400425,0.29058873653411865,0.6277964115142822,-0.028861572965979576,0.1971568763256073,0.5684957504272461,-0.0009079703013412654,0.25982463359832764,0.5391280651092529,-0.028867777436971664,0.27764153480529785,0.6005656719207764,-0.037540335208177567,0.27939218282699585,0.6461194753646851,-0.03457672521471977,0.18696826696395874,0.583968460559845,-0.016008444130420685,0.25009626150131226,0.5565463900566101,-0.04264112561941147,0.2679647207260132,0.6131797432899475,-0.040997352451086044,0.2692621648311615,0.6545329689979553,-0.029063500463962555,0.1825713813304901,0.6051174402236938,-0.031067948788404465,0.19793333113193512,0.5386013388633728,-0.042604558169841766,0.20978012681007385,0.49721965193748474,-0.039441704750061035,0.22121435403823853,0.4628630578517914,-0.03176930174231529
18,left,0,0,0,0,0,0,0,0,0,0,0,0,0,0,0,0,0,0,0,0,0,0,0,0,0,0,0,0,0,0,0,0,0,0,0,0,0,0,0,0,0,0,0,0,0,0,0,0,0,0,0,0,0,0,0,0,0,0,0,0,0,0,0
19,right,0.22895927727222443,0.7593438625335693,-4.290642152682267e-07,0.2689945697784424,0.6907433867454529,0.004303368739783764,0.2850476801395416,0.6146754622459412,0.0031731154303997755,0.2941827178001404,0.5604827404022217,-0.004031930584460497,0.289224773645401,0.5171047449111938,-0.008685274980962276,0.2155829221010208,0.5590547919273376,0.011892152950167656,0.2651921808719635,0.5331177711486816,-0.01313750073313713,0.2861560583114624,0.5840043425559998,-0.027877550572156906,0.2922019362449646,0.6275285482406616,-0.0307344738394022,0.19676731526851654,0.566784143447876,-0.0008213337860070169,0.2604829668998718,0.5382484197616577,-0.029233578592538834,0.2792641818523407,0.600296139717102,-0.038648515939712524,0.28123658895492554,0.6465317606925964,-0.036053188145160675,0.18699948489665985,0.5825890898704529,-0.016226092353463173,0.25140559673309326,0.5562366843223572,-0.042939651757478714,0.26971855759620667,0.6133072972297668,-0.0414227657020092,0.27067795395851135,0.6547988653182983,-0.02944270707666874,0.18323060870170593,0.6040399074554443,-0.03156006336212158,0.19886688888072968,0.537663459777832,-0.04280642420053482,0.21051432192325592,0.4962993860244751,-0.03921275958418846,0.2213231772184372,0.46166300773620605,-0.031129060313105583
19,left,0,0,0,0,0,0,0,0,0,0,0,0,0,0,0,0,0,0,0,0,0,0,0,0,0,0,0,0,0,0,0,0,0,0,0,0,0,0,0,0,0,0,0,0,0,0,0,0,0,0,0,0,0,0,0,0,0,0,0,0,0,0,0
20,right,0.2300795316696167,0.7581273317337036,-4.3677076178028074e-07,0.26943671703338623,0.6890524625778198,0.005439592059701681,0.28488993644714355,0.6129446625709534,0.005116380751132965,0.2935854196548462,0.5593993067741394,-0.0016028701793402433,0.28957462310791016,0.5155373215675354,-0.005932372994720936,0.2156592458486557,0.5590457916259766,0.013787128031253815,0.26501211524009705,0.5350183248519897,-0.009958031587302685,0.2857115864753723,0.58531254529953,-0.023867575451731682,0.29144760966300964,0.6278466582298279,-0.026323137804865837,0.197353333234787,0.5668104887008667,0.0006172074354253709,0.260809063911438,0.5394937992095947,-0.0268692709505558,0.27910315990448,0.6003462672233582,-0.03600067272782326,0.2810111939907074,0.6459453701972961,-0.03338931128382683,0.18750591576099396,0.5819819569587708,-0.01518083643168211,0.2515483796596527,0.5564296841621399,-0.041422341018915176,0.2695613205432892,0.6125986576080322,-0.040247946977615356,0.27094247937202454,0.6537238359451294,-0.028584478422999382,0.1831067055463791,0.602351725101471,-0.030814575031399727,0.19821962714195251,0.5360785722732544,-0.041716545820236206,0.20915156602859497,0.4945245385169983,-0.0382315032184124,0.21971800923347473,0.4600384831428528,-0.030315011739730835
20,left,0,0,0,0,0,0,0,0,0,0,0,0,0,0,0,0,0,0,0,0,0,0,0,0,0,0,0,0,0,0,0,0,0,0,0,0,0,0,0,0,0,0,0,0,0,0,0,0,0,0,0,0,0,0,0,0,0,0,0,0,0,0,0
21,right,0.22971311211585999,0.7592635154724121,-4.3330547327968816e-07,0.26911813020706177,0.6904554963111877,0.004011976532638073,0.2847888767719269,0.6139792799949646,0.002626952948048711,0.29357394576072693,0.5596761703491211,-0.004776245914399624,0.2910291850566864,0.5149127244949341,-0.009617039002478123,0.2167607992887497,0.5592357516288757,0.011573519557714462,0.2662907838821411,0.5337517261505127,-0.012755021452903748,0.2867562174797058,0.5841966271400452,-0.026913566514849663,0.29165124893188477,0.6273380517959595,-0.02955853007733822,0.19780707359313965,0.5664851069450378,-0.0008833559113554657,0.2611454725265503,0.5379616022109985,-0.028640631586313248,0.2797692120075226,0.5996236801147461,-0.03768759220838547,0.2811985909938812,0.6458176970481873,-0.0350848063826561,0.18741196393966675,0.5811598300933838,-0.01599208451807499,0.2515195310115814,0.5542019009590149,-0.04244602099061012,0.2699351906776428,0.6111974120140076,-0.04106009751558304,0.2709012031555176,0.6532735824584961,-0.029288269579410553,0.18243378400802612,0.6015160083770752,-0.03101738728582859,0.1978997439146042,0.5357613563537598,-0.042115721851587296,0.21012501418590546,0.4951382279396057,-0.03852010518312454,0.22144408524036407,0.46143805980682373,-0.03049374185502529
21,left,0,0,0,0,0,0,0,0,0,0,0,0,0,0,0,0,0,0,0,0,0,0,0,0,0,0,0,0,0,0,0,0,0,0,0,0,0,0,0,0,0,0,0,0,0,0,0,0,0,0,0,0,0,0,0,0,0,0,0,0,0,0,0
22,right,0.22922378778457642,0.7577804923057556,-4.3399205651439843e-07,0.2698323726654053,0.6870946884155273,0.00572818610817194,0.28472697734832764,0.6116456389427185,0.004743681754916906,0.29330384731292725,0.5584418773651123,-0.0027579599991440773,0.29043522477149963,0.5152139067649841,-0.007810654118657112,0.2144181728363037,0.5581729412078857,0.01253591664135456,0.26514163613319397,0.5300586223602295,-0.012311061844229698,0.2864537239074707,0.5809153914451599,-0.026647862046957016,0.2919522225856781,0.6244927048683167,-0.029458872973918915,0.1958283632993698,0.5661211013793945,-0.0010781262535601854,0.26032865047454834,0.5354377031326294,-0.029781701043248177,0.2794792950153351,0.5975894331932068,-0.039018988609313965,0.281318336725235,0.6438364386558533,-0.03640633076429367,0.18653804063796997,0.5817173719406128,-0.017281780019402504,0.25108426809310913,0.5527695417404175,-0.044190097600221634,0.27008485794067383,0.6098563075065613,-0.04247942566871643,0.2712250053882599,0.651686429977417,-0.03047567419707775,0.18327070772647858,0.6026613116264343,-0.033289019018411636,0.19795453548431396,0.5357781648635864,-0.04479328915476799,0.20971524715423584,0.49450618028640747,-0.04138495400547981,0.22066527605056763,0.4600212574005127,-0.03354116901755333
22,left,0,0,0,0,0,0,0,0,0,0,0,0,0,0,0,0,0,0,0,0,0,0,0,0,0,0,0,0,0,0,0,0,0,0,0,0,0,0,0,0,0,0,0,0,0,0,0,0,0,0,0,0,0,0,0,0,0,0,0,0,0,0,0
23,right,0.2307017296552658,0.7563447952270508,-4.331221816755715e-07,0.26985952258110046,0.6879702806472778,0.003215286647900939,0.28501737117767334,0.6115972399711609,0.0016264616278931499,0.29363223910331726,0.5572104454040527,-0.005951662547886372,0.2893033027648926,0.5138111710548401,-0.011063054203987122,0.22044114768505096,0.5598117113113403,0.010501422919332981,0.2661277949810028,0.532274067401886,-0.014733865857124329,0.28650978207588196,0.5820946097373962,-0.028996052220463753,0.29216521978378296,0.6243643164634705,-0.03156402334570885,0.20148351788520813,0.5686045289039612,-0.0018347313161939383,0.26024264097213745,0.536138653755188,-0.031045647338032722,0.27873504161834717,0.5974899530410767,-0.04021061211824417,0.28062373399734497,0.6433320045471191,-0.037428852170705795,0.19020062685012817,0.5840518474578857,-0.017064383253455162,0.2491856813430786,0.5526900887489319,-0.044805049896240234,0.26844924688339233,0.6083521246910095,-0.043663181364536285,0.2709622085094452,0.649631917476654,-0.03184554725885391,0.18379512429237366,0.604566216468811,-0.03224290534853935,0.1962987333536148,0.5368062853813171,-0.04437160864472389,0.20792528986930847,0.4947829246520996,-0.04164328798651695,0.21955548226833344,0.4598254859447479,-0.034269414842128754
23,left,0,0,0,0,0,0,0,0,0,0,0,0,0,0,0,0,0,0,0,0,0,0,0,0,0,0,0,0,0,0,0,0,0,0,0,0,0,0,0,0,0,0,0,0,0,0,0,0,0,0,0,0,0,0,0,0,0,0,0,0,0,0,0
24,right,0.230023592710495,0.7555587291717529,-4.206390258332249e-07,0.2693597078323364,0.6890334486961365,0.0029012528248131275,0.28479012846946716,0.6120234727859497,0.0015507714124396443,0.2940633296966553,0.5581132173538208,-0.005591617897152901,0.2900584042072296,0.5149972438812256,-0.010141449980437756,0.2205580621957779,0.5594428777694702,0.01057539414614439,0.2652294337749481,0.5307060480117798,-0.014315443113446236,0.28590717911720276,0.5815810561180115,-0.028070135042071342,0.2927543818950653,0.6240716576576233,-0.030150866135954857,0.20149430632591248,0.5680773258209229,-0.0015114472480490804,0.25951042771339417,0.534355103969574,-0.030419185757637024,0.27853065729141235,0.596429169178009,-0.03941740468144417,0.28127992153167725,0.6419394016265869,-0.03625744953751564,0.1902427077293396,0.5839626789093018,-0.01646914705634117,0.24845077097415924,0.5523395538330078,-0.043542493134737015,0.26829904317855835,0.6082285642623901,-0.04205969721078873,0.27136126160621643,0.64912348985672,-0.029968559741973877,0.1840924769639969,0.6045929193496704,-0.031428683549165726,0.19567865133285522,0.5368307828903198,-0.04284701868891716,0.20703737437725067,0.49482953548431396,-0.03977380692958832,0.21848274767398834,0.45965802669525146,-0.03219107910990715
24,left,0,0,0,0,0,0,0,0,0,0,0,0,0,0,0,0,0,0,0,0,0,0,0,0,0,0,0,0,0,0,0,0,0,0,0,0,0,0,0,0,0,0,0,0,0,0,0,0,0,0,0,0,0,0,0,0,0,0,0,0,0,0,0
25,right,0.23121477663516998,0.7564486265182495,-4.042699117690063e-07,0.2694534957408905,0.6911411881446838,0.0023762898053973913,0.2853800654411316,0.6133881211280823,0.001579364761710167,0.2945001721382141,0.5587460398674011,-0.005041135475039482,0.2897636294364929,0.5139350891113281,-0.009121433831751347,0.22463545203208923,0.5625436305999756,0.01230723224580288,0.2659052312374115,0.5326637029647827,-0.012057092040777206,0.28675249218940735,0.5821797251701355,-0.02540445327758789,0.29423460364341736,0.6244322061538696,-0.02682814933359623,0.206160306930542,0.5704069137573242,0.0009081258322112262,0.25996556878089905,0.5356414318084717,-0.027285045012831688,0.2789067327976227,0.5965746641159058,-0.03648427873849869,0.2818467617034912,0.6422684192657471,-0.03327195718884468,0.1934000700712204,0.5846719145774841,-0.013527982868254185,0.24784034490585327,0.5524177551269531,-0.04034215211868286,0.2674446105957031,0.6082434058189392,-0.03941360488533974,0.27053043246269226,0.6498265266418457,-0.027363091707229614,0.18403472006320953,0.6037282943725586,-0.02795245870947838,0.19446943700313568,0.5359259247779846,-0.03890988230705261,0.2059655785560608,0.49449121952056885,-0.03568357601761818,0.2174275517463684,0.4602329134941101,-0.027798868715763092
25,left,0,0,0,0,0,0,0,0,0,0,0,0,0,0,0,0,0,0,0,0,0,0,0,0,0,0,0,0,0,0,0,0,0,0,0,0,0,0,0,0,0,0,0,0,0,0,0,0,0,0,0,0,0,0,0,0,0,0,0,0,0,0,0
26,right,0.2301555573940277,0.7589066028594971,-4.007902418834419e-07,0.2696667015552521,0.6928922533988953,0.004495077300816774,0.284626305103302,0.6135920882225037,0.004443290643393993,0.29375678300857544,0.5594874024391174,-0.0016700437990948558,0.29018062353134155,0.5153547525405884,-0.00535955186933279,0.2207346111536026,0.5619298815727234,0.012148011475801468,0.2631344497203827,0.5315159559249878,-0.011482881382107735,0.2853023409843445,0.5812753438949585,-0.024043675512075424,0.2933765947818756,0.6232554316520691,-0.025313112884759903,0.20184090733528137,0.5703203082084656,-0.00043119763722643256,0.2578054964542389,0.5349775552749634,-0.028476672247052193,0.2784184217453003,0.5961427092552185,-0.0370890274643898,0.28238558769226074,0.6414635181427002,-0.03368987888097763,0.18991871178150177,0.5858468413352966,-0.01571810618042946,0.2471250593662262,0.5532242655754089,-0.04211035743355751,0.26791849732398987,0.6094432473182678,-0.04034404456615448,0.27114903926849365,0.6505650281906128,-0.028186386451125145,0.18241305649280548,0.6061104536056519,-0.030836567282676697,0.1941109001636505,0.538264274597168,-0.04182899370789528,0.20623701810836792,0.4969101548194885,-0.038481105118989944,0.2178809940814972,0.46196240186691284,-0.03080771118402481
26,left,0,0,0,0,0,0,0,0,0,0,0,0,0,0,0,0,0,0,0,0,0,0,0,0,0,0,0,0,0,0,0,0,0,0,0,0,0,0,0,0,0,0,0,0,0,0,0,0,0,0,0,0,0,0,0,0,0,0,0,0,0,0,0
27,right,0.23115991055965424,0.7581629753112793,-4.2947399947479425e-07,0.2700919806957245,0.6929851770401001,0.002817572094500065,0.2853626012802124,0.6145767569541931,0.0015017393743619323,0.2938896417617798,0.5594347715377808,-0.005619014147669077,0.2903776168823242,0.5153818726539612,-0.01010783389210701,0.22350870072841644,0.5589559078216553,0.010660173371434212,0.2676312327384949,0.5305949449539185,-0.014696897938847542,0.28745603561401367,0.5816578269004822,-0.028887825086712837,0.29382604360580444,0.6255667805671692,-0.031037133187055588,0.20401224493980408,0.5672748684883118,-0.0012391016352921724,0.26124635338783264,0.5352426171302795,-0.030056195333600044,0.2797245979309082,0.5973566770553589,-0.03906910866498947,0.282256156206131,0.643517255783081,-0.03593863174319267,0.19174030423164368,0.582829475402832,-0.01607132889330387,0.2498059719800949,0.5533262491226196,-0.04324197769165039,0.26898252964019775,0.6096533536911011,-0.041855424642562866,0.2716909945011139,0.6512402296066284,-0.029804149642586708,0.18395093083381653,0.6034913063049316,-0.03088599257171154,0.19580499827861786,0.5366150736808777,-0.04235813394188881,0.20739927887916565,0.49505478143692017,-0.039241597056388855,0.21908435225486755,0.46046048402786255,-0.03155077248811722
27,left,0,0,0,0,0,0,0,0,0,0,0,0,0,0,0,0,0,0,0,0,0,0,0,0,0,0,0,0,0,0,0,0,0,0,0,0,0,0,0,0,0,0,0,0,0,0,0,0,0,0,0,0,0,0,0,0,0,0,0,0,0,0,0
28,right,0.2313210517168045,0.7604795694351196,-4.07507258159967e-07,0.2703467011451721,0.6955835223197937,0.001755036530084908,0.2855736017227173,0.6168686747550964,-6.133419083198532e-05,0.2943546772003174,0.5616393089294434,-0.007272105664014816,0.2912403345108032,0.5163711309432983,-0.011635737493634224,0.2207375466823578,0.5621558427810669,0.009198922663927078,0.2660907208919525,0.5317487120628357,-0.015755891799926758,0.28680846095085144,0.5820966362953186,-0.029125139117240906,0.293856680393219,0.6250993609428406,-0.03079686500132084,0.20148086547851562,0.5706159472465515,-0.0020904582925140858,0.26008376479148865,0.5361708402633667,-0.030858399346470833,0.2794319689273834,0.5975897312164307,-0.03952830657362938,0.2824676036834717,0.6427860856056213,-0.036118511110544205,0.19011355936527252,0.5863431692123413,-0.01629248633980751,0.24925142526626587,0.5545487403869629,-0.042974475771188736,0.2691415846347809,0.6103999018669128,-0.04109257459640503,0.2719557285308838,0.6513387560844421,-0.028845444321632385,0.18381166458129883,0.6069083213806152,-0.03056853823363781,0.195948988199234,0.5396303534507751,-0.04154711216688156,0.20734001696109772,0.4980493187904358,-0.03816641867160797,0.21849393844604492,0.46320870518684387,-0.03041708841919899
28,left,0,0,0,0,0,0,0,0,0,0,0,0,0,0,0,0,0,0,0,0,0,0,0,0,0,0,0,0,0,0,0,0,0,0,0,0,0,0,0,0,0,0,0,0,0,0,0,0,0,0,0,0,0,0,0,0,0,0,0,0,0,0,0
29,right,0.2334551364183426,0.7595437169075012,-4.128987995954958e-07,0.27129244804382324,0.6933020353317261,0.001414559781551361,0.2864406406879425,0.6156733632087708,2.5417140932404436e-05,0.2948552072048187,0.5613489151000977,-0.006953105330467224,0.29061251878738403,0.5160223841667175,-0.011185313574969769,0.22628667950630188,0.5611709952354431,0.011648567393422127,0.26715072989463806,0.5319280624389648,-0.012931231409311295,0.28743600845336914,0.5827435255050659,-0.026568923145532608,0.29433199763298035,0.6262633800506592,-0.028097927570343018,0.20753289759159088,0.569720447063446,0.0006949578528292477,0.26088738441467285,0.5364217758178711,-0.02716831862926483,0.27978891134262085,0.5982861518859863,-0.03619947284460068,0.2826152741909027,0.6443198919296265,-0.032966919243335724,0.19461679458618164,0.5847827792167664,-0.013391676358878613,0.24925732612609863,0.554545521736145,-0.04001486301422119,0.2685767710208893,0.6110208630561829,-0.038903020322322845,0.2716248035430908,0.6528812050819397,-0.026777170598506927,0.18514087796211243,0.6049529910087585,-0.027551135048270226,0.195217564702034,0.5378649830818176,-0.03808305040001869,0.20643354952335358,0.4966675639152527,-0.03442865610122681,0.21771974861621857,0.46260616183280945,-0.02624775655567646
29,left,0,0,0,0,0,0,0,0,0,0,0,0,0,0,0,0,0,0,0,0,0,0,0,0,0,0,0,0,0,0,0,0,0,0,0,0,0,0,0,0,0,0,0,0,0,0,0,0,0,0,0,0,0,0,0,0,0,0,0,0,0,0,0
30,right,0.23136594891548157,0.7623031139373779,-4.082879740963108e-07,0.27073052525520325,0.6964731216430664,0.0024944522883743048,0.2865718603134155,0.6162174344062805,0.0016040747286751866,0.29605334997177124,0.5607537627220154,-0.004908069968223572,0.29130983352661133,0.5164344906806946,-0.008776859380304813,0.2238868772983551,0.564088761806488,0.011511395685374737,0.26649463176727295,0.5347692966461182,-0.01289396546781063,0.28752169013023376,0.585204541683197,-0.026183631271123886,0.2952108085155487,0.6278358697891235,-0.027689306065440178,0.2049316167831421,0.5723243355751038,-1.0498619303689338e-05,0.26024311780929565,0.5371427536010742,-0.028629090636968613,0.2799813449382782,0.5990014672279358,-0.037574730813503265,0.2836324870586395,0.6454865336418152,-0.03410597890615463,0.1924036294221878,0.5872827768325806,-0.014490148983895779,0.24857912957668304,0.5547512173652649,-0.04111749678850174,0.2689753472805023,0.6111915111541748,-0.039481595158576965,0.27232784032821655,0.6532083749771118,-0.027162913233041763,0.18367716670036316,0.607010006904602,-0.028989581391215324,0.19397889077663422,0.5398542284965515,-0.03958187252283096,0.20606082677841187,0.49875810742378235,-0.03598048910498619,0.2180325835943222,0.46456456184387207,-0.028044961392879486
30,left,0,0,0,0,0,0,0,0,0,0,0,0,0,0,0,0,0,0,0,0,0,0,0,0,0,0,0,0,0,0,0,0,0,0,0,0,0,0,0,0,0,0,0,0,0,0,0,0,0,0,0,0,0,0,0,0,0,0,0,0,0,0,0
31,right,0.23353108763694763,0.7627202272415161,-4.1220380353479413e-07,0.2721104025840759,0.6985334157943726,0.0020516952499747276,0.2861879765987396,0.618607759475708,0.0010692004580050707,0.29482847452163696,0.5633112192153931,-0.005608061794191599,0.2921300530433655,0.5179042816162109,-0.00966549664735794,0.2296806424856186,0.5657216310501099,0.01109311729669571,0.2679622173309326,0.5329597592353821,-0.01396674383431673,0.2888743281364441,0.5829907059669495,-0.027789998799562454,0.29696130752563477,0.6268260478973389,-0.029551077634096146,0.21048511564731598,0.5740033388137817,-0.00023433339083567262,0.2607477605342865,0.536103367805481,-0.029141699895262718,0.28054365515708923,0.5978560447692871,-0.0382087342441082,0.2843722403049469,0.644643247127533,-0.03492172434926033,0.19665737450122833,0.5886791944503784,-0.014699999243021011,0.2482803463935852,0.5534780621528625,-0.04153962433338165,0.26895883679389954,0.60944002866745,-0.0400274395942688,0.27280178666114807,0.6517937183380127,-0.02793414704501629,0.1859525889158249,0.6084225177764893,-0.02921801246702671,0.1943020522594452,0.5411535501480103,-0.040164586156606674,0.20589011907577515,0.499760240316391,-0.03699105232954025,0.21757575869560242,0.4651142358779907,-0.029505614191293716
31,left,0,0,0,0,0,0,0,0,0,0,0,0,0,0,0,0,0,0,0,0,0,0,0,0,0,0,0,0,0,0,0,0,0,0,0,0,0,0,0,0,0,0,0,0,0,0,0,0,0,0,0,0,0,0,0,0,0,0,0,0,0,0,0
32,right,0.2343640923500061,0.7607702016830444,-4.071842738539999e-07,0.27269819378852844,0.6945216655731201,0.003120413050055504,0.28664159774780273,0.6148815155029297,0.0026770271360874176,0.29495376348495483,0.5605922937393188,-0.0034325518645346165,0.29044365882873535,0.5174596905708313,-0.007011633366346359,0.22623851895332336,0.5623235702514648,0.010459119454026222,0.26659655570983887,0.5319890379905701,-0.013436663895845413,0.28726011514663696,0.5835124850273132,-0.026100613176822662,0.29492199420928955,0.6272340416908264,-0.027353325858712196,0.2066132128238678,0.5717588067054749,-0.0010797566501423717,0.26026198267936707,0.5380042791366577,-0.029164809733629227,0.27954915165901184,0.6001405715942383,-0.037561241537332535,0.2830156087875366,0.6462153196334839,-0.03402938321232796,0.19355635344982147,0.5888400673866272,-0.015429646708071232,0.24789854884147644,0.5567255020141602,-0.0416254960000515,0.2678949534893036,0.6120959520339966,-0.03999044746160507,0.2712046802043915,0.6533660292625427,-0.028072604909539223,0.18445460498332977,0.6107527017593384,-0.02969665266573429,0.1922532171010971,0.543347179889679,-0.04100213572382927,0.2035619169473648,0.5016197562217712,-0.03838921710848808,0.21536165475845337,0.4667275547981262,-0.03128310665488243
32,left,0,0,0,0,0,0,0,0,0,0,0,0,0,0,0,0,0,0,0,0,0,0,0,0,0,0,0,0,0,0,0,0,0,0,0,0,0,0,0,0,0,0,0,0,0,0,0,0,0,0,0,0,0,0,0,0,0,0,0,0,0,0,0
33,right,0.23551997542381287,0.7621641159057617,-4.040203123167885e-07,0.2729789912700653,0.6993517279624939,0.0006345094880089164,0.2871915400028229,0.6199170351028442,-0.0005778198246844113,0.2952226996421814,0.5647402405738831,-0.007110790349543095,0.2914541959762573,0.5191365480422974,-0.011122488416731358,0.23224131762981415,0.5677911639213562,0.009001593105494976,0.26801660656929016,0.5354138612747192,-0.015845175832509995,0.28876325488090515,0.5846846103668213,-0.0289224274456501,0.2971150279045105,0.6277580857276917,-0.03007262945175171,0.2132914960384369,0.5765615701675415,-0.001593571389093995,0.26077842712402344,0.5384683609008789,-0.030424892902374268,0.28050100803375244,0.5995022058486938,-0.039318013936281204,0.2843036651611328,0.6460368633270264,-0.03585239499807358,0.19880662858486176,0.5923538208007812,-0.01534185279160738,0.24718205630779266,0.5566483736038208,-0.04290678724646568,0.26787129044532776,0.6113075613975525,-0.04219558835029602,0.27220457792282104,0.6529656648635864,-0.030410416424274445,0.186637282371521,0.613516092300415,-0.02907181903719902,0.19206565618515015,0.5448665618896484,-0.04095405340194702,0.20319172739982605,0.5024673938751221,-0.038522347807884216,0.215006485581398,0.4675713777542114,-0.03138568624854088
33,left,0,0,0,0,0,0,0,0,0,0,0,0,0,0,0,0,0,0,0,0,0,0,0,0,0,0,0,0,0,0,0,0,0,0,0,0,0,0,0,0,0,0,0,0,0,0,0,0,0,0,0,0,0,0,0,0,0,0,0,0,0,0,0
34,right,0.235844224691391,0.7618052363395691,-3.945177127206989e-07,0.27435362339019775,0.6987464427947998,0.002205577678978443,0.28776147961616516,0.6192450523376465,0.0013270941562950611,0.2959253787994385,0.56415194272995,-0.004853785503655672,0.29252833127975464,0.5188326835632324,-0.008518562652170658,0.22778739035129547,0.5617191791534424,0.009491467848420143,0.26923471689224243,0.5329524874687195,-0.013726594857871532,0.2889174520969391,0.5832675695419312,-0.0262956153601408,0.2959332764148712,0.6263474225997925,-0.027696240693330765,0.20785589516162872,0.5714519619941711,-0.001583694014698267,0.2615344524383545,0.5399459600448608,-0.028698820620775223,0.280988484621048,0.6004351377487183,-0.03724081069231033,0.28508609533309937,0.6459190845489502,-0.03407658636569977,0.19474485516548157,0.5892580151557922,-0.015361782163381577,0.24971559643745422,0.5593681931495667,-0.04068753868341446,0.2701420187950134,0.6137959361076355,-0.0394032783806324,0.27394795417785645,0.6546905636787415,-0.028048256412148476,0.18579097092151642,0.6121349930763245,-0.029093965888023376,0.1939091682434082,0.5454675555229187,-0.039842430502176285,0.20435696840286255,0.5031307935714722,-0.03721494600176811,0.21536926925182343,0.46779465675354004,-0.030256235972046852
34,left,0,0,0,0,0,0,0,0,0,0,0,0,0,0,0,0,0,0,0,0,0,0,0,0,0,0,0,0,0,0,0,0,0,0,0,0,0,0,0,0,0,0,0,0,0,0,0,0,0,0,0,0,0,0,0,0,0,0,0,0,0,0,0
35,right,0.23714160919189453,0.7577896118164062,-3.9784956129551574e-07,0.2746783494949341,0.6966992616653442,0.00012145294022047892,0.28995776176452637,0.6186612844467163,-0.001572383800521493,0.2978476285934448,0.5640344619750977,-0.008276334032416344,0.29232606291770935,0.5196346640586853,-0.012233582325279713,0.23120257258415222,0.5617983341217041,0.008070859126746655,0.2709735929965973,0.5319177508354187,-0.016182973980903625,0.29054495692253113,0.5824635028839111,-0.029130399227142334,0.29791954159736633,0.6259090900421143,-0.030349379405379295,0.21159681677818298,0.5707162618637085,-0.001999504864215851,0.26299184560775757,0.537595272064209,-0.029795389622449875,0.2822699248790741,0.5987497568130493,-0.03830837458372116,0.2867219150066376,0.6442981362342834,-0.03486233949661255,0.19761650264263153,0.5868530869483948,-0.015020254999399185,0.25069722533226013,0.5558568239212036,-0.04116815701127052,0.2706042528152466,0.6109645366668701,-0.03982003778219223,0.2746715247631073,0.6525539755821228,-0.027988888323307037,0.18678763508796692,0.6077638268470764,-0.02816247008740902,0.19491228461265564,0.5412927865982056,-0.03906192258000374,0.20533983409404755,0.4995258152484894,-0.03605813533067703,0.2164880633354187,0.4649389982223511,-0.028540410101413727
35,left,0,0,0,0,0,0,0,0,0,0,0,0,0,0,0,0,0,0,0,0,0,0,0,0,0,0,0,0,0,0,0,0,0,0,0,0,0,0,0,0,0,0,0,0,0,0,0,0,0,0,0,0,0,0,0,0,0,0,0,0,0,0,0
36,right,0.2388194501399994,0.7612970471382141,-4.099374280031043e-07,0.2766062021255493,0.7000179290771484,0.000746936013456434,0.29101863503456116,0.6214179992675781,-0.0007350639789365232,0.29925182461738586,0.5664233565330505,-0.007149499375373125,0.29581859707832336,0.5197523832321167,-0.010782101191580296,0.23270928859710693,0.5630527138710022,0.0077404845505952835,0.27224957942962646,0.5319859981536865,-0.015718422830104828,0.29164087772369385,0.5822228789329529,-0.0279086846858263,0.29873985052108765,0.6258622407913208,-0.02884271740913391,0.21279312670230865,0.5721403360366821,-0.0026933648623526096,0.2646279036998749,0.5380358099937439,-0.030082622542977333,0.28406697511672974,0.5992258191108704,-0.03838037699460983,0.28830063343048096,0.6449675559997559,-0.03488278388977051,0.19899055361747742,0.5884725451469421,-0.01592140644788742,0.25274842977523804,0.5576126575469971,-0.04167860001325607,0.2724461853504181,0.6129806637763977,-0.04011513292789459,0.27610865235328674,0.6545791029930115,-0.02834785170853138,0.18883973360061646,0.6100183725357056,-0.029216138646006584,0.19655905663967133,0.5435574054718018,-0.040091898292303085,0.20696347951889038,0.5020927786827087,-0.037081826478242874,0.21804678440093994,0.46752339601516724,-0.029699504375457764
36,left,0,0,0,0,0,0,0,0,0,0,0,0,0,0,0,0,0,0,0,0,0,0,0,0,0,0,0,0,0,0,0,0,0,0,0,0,0,0,0,0,0,0,0,0,0,0,0,0,0,0,0,0,0,0,0,0,0,0,0,0,0,0,0
