1,right,0,0,0,0,0,0,0,0,0,0,0,0,0,0,0,0,0,0,0,0,0,0,0,0,0,0,0,0,0,0,0,0,0,0,0,0,0,0,0,0,0,0,0,0,0,0,0,0,0,0,0,0,0,0,0,0,0,0,0,0,0,0,0
1,left,0,0,0,0,0,0,0,0,0,0,0,0,0,0,0,0,0,0,0,0,0,0,0,0,0,0,0,0,0,0,0,0,0,0,0,0,0,0,0,0,0,0,0,0,0,0,0,0,0,0,0,0,0,0,0,0,0,0,0,0,0,0,0
2,right,0,0,0,0,0,0,0,0,0,0,0,0,0,0,0,0,0,0,0,0,0,0,0,0,0,0,0,0,0,0,0,0,0,0,0,0,0,0,0,0,0,0,0,0,0,0,0,0,0,0,0,0,0,0,0,0,0,0,0,0,0,0,0
2,left,0,0,0,0,0,0,0,0,0,0,0,0,0,0,0,0,0,0,0,0,0,0,0,0,0,0,0,0,0,0,0,0,0,0,0,0,0,0,0,0,0,0,0,0,0,0,0,0,0,0,0,0,0,0,0,0,0,0,0,0,0,0,0
3,right,0,0,0,0,0,0,0,0,0,0,0,0,0,0,0,0,0,0,0,0,0,0,0,0,0,0,0,0,0,0,0,0,0,0,0,0,0,0,0,0,0,0,0,0,0,0,0,0,0,0,0,0,0,0,0,0,0,0,0,0,0,0,0
3,left,0,0,0,0,0,0,0,0,0,0,0,0,0,0,0,0,0,0,0,0,0,0,0,0,0,0,0,0,0,0,0,0,0,0,0,0,0,0,0,0,0,0,0,0,0,0,0,0,0,0,0,0,0,0,0,0,0,0,0,0,0,0,0
4,right,0,0,0,0,0,0,0,0,0,0,0,0,0,0,0,0,0,0,0,0,0,0,0,0,0,0,0,0,0,0,0,0,0,0,0,0,0,0,0,0,0,0,0,0,0,0,0,0,0,0,0,0,0,0,0,0,0,0,0,0,0,0,0
4,left,0,0,0,0,0,0,0,0,0,0,0,0,0,0,0,0,0,0,0,0,0,0,0,0,0,0,0,0,0,0,0,0,0,0,0,0,0,0,0,0,0,0,0,0,0,0,0,0,0,0,0,0,0,0,0,0,0,0,0,0,0,0,0
5,right,0,0,0,0,0,0,0,0,0,0,0,0,0,0,0,0,0,0,0,0,0,0,0,0,0,0,0,0,0,0,0,0,0,0,0,0,0,0,0,0,0,0,0,0,0,0,0,0,0,0,0,0,0,0,0,0,0,0,0,0,0,0,0
5,left,0,0,0,0,0,0,0,0,0,0,0,0,0,0,0,0,0,0,0,0,0,0,0,0,0,0,0,0,0,0,0,0,0,0,0,0,0,0,0,0,0,0,0,0,0,0,0,0,0,0,0,0,0,0,0,0,0,0,0,0,0,0,0
6,right,0,0,0,0,0,0,0,0,0,0,0,0,0,0,0,0,0,0,0,0,0,0,0,0,0,0,0,0,0,0,0,0,0,0,0,0,0,0,0,0,0,0,0,0,0,0,0,0,0,0,0,0,0,0,0,0,0,0,0,0,0,0,0
6,left,0,0,0,0,0,0,0,0,0,0,0,0,0,0,0,0,0,0,0,0,0,0,0,0,0,0,0,0,0,0,0,0,0,0,0,0,0,0,0,0,0,0,0,0,0,0,0,0,0,0,0,0,0,0,0,0,0,0,0,0,0,0,0
7,right,0,0,0,0,0,0,0,0,0,0,0,0,0,0,0,0,0,0,0,0,0,0,0,0,0,0,0,0,0,0,0,0,0,0,0,0,0,0,0,0,0,0,0,0,0,0,0,0,0,0,0,0,0,0,0,0,0,0,0,0,0,0,0
7,left,0,0,0,0,0,0,0,0,0,0,0,0,0,0,0,0,0,0,0,0,0,0,0,0,0,0,0,0,0,0,0,0,0,0,0,0,0,0,0,0,0,0,0,0,0,0,0,0,0,0,0,0,0,0,0,0,0,0,0,0,0,0,0
8,right,0,0,0,0,0,0,0,0,0,0,0,0,0,0,0,0,0,0,0,0,0,0,0,0,0,0,0,0,0,0,0,0,0,0,0,0,0,0,0,0,0,0,0,0,0,0,0,0,0,0,0,0,0,0,0,0,0,0,0,0,0,0,0
8,left,0,0,0,0,0,0,0,0,0,0,0,0,0,0,0,0,0,0,0,0,0,0,0,0,0,0,0,0,0,0,0,0,0,0,0,0,0,0,0,0,0,0,0,0,0,0,0,0,0,0,0,0,0,0,0,0,0,0,0,0,0,0,0
9,right,0,0,0,0,0,0,0,0,0,0,0,0,0,0,0,0,0,0,0,0,0,0,0,0,0,0,0,0,0,0,0,0,0,0,0,0,0,0,0,0,0,0,0,0,0,0,0,0,0,0,0,0,0,0,0,0,0,0,0,0,0,0,0
9,left,0,0,0,0,0,0,0,0,0,0,0,0,0,0,0,0,0,0,0,0,0,0,0,0,0,0,0,0,0,0,0,0,0,0,0,0,0,0,0,0,0,0,0,0,0,0,0,0,0,0,0,0,0,0,0,0,0,0,0,0,0,0,0
10,right,0.4307832419872284,0.9596328735351562,-6.009211688251526e-07,0.48011088371276855,0.8759387135505676,0.005848526023328304,0.4913395643234253,0.8052115440368652,-0.001734882709570229,0.5025319457054138,0.7506413459777832,-0.01579926535487175,0.5104330778121948,0.7009520530700684,-0.026721153408288956,0.3995867967605591,0.730762243270874,-0.008376700803637505,0.4743450880050659,0.6946589350700378,-0.03242092207074165,0.4996195435523987,0.7567436695098877,-0.04352733865380287,0.5011882185935974,0.797787606716156,-0.0486556701362133,0.38705989718437195,0.7472996711730957,-0.025789029896259308,0.4807825982570648,0.7155347466468811,-0.05608396977186203,0.5000503659248352,0.7851549386978149,-0.06302101910114288,0.4989809989929199,0.8301599621772766,-0.06236238032579422,0.3906969428062439,0.7788187265396118,-0.044006798416376114,0.4771946668624878,0.7477564215660095,-0.07134783267974854,0.4935966730117798,0.8096458315849304,-0.06541426479816437,0.4910445213317871,0.852536141872406,-0.05477379634976387,0.4058254361152649,0.8190677762031555,-0.062309663742780685,0.4376601576805115,0.7618319392204285,-0.08073246479034424,0.4556930661201477,0.7229055166244507,-0.08121338486671448,0.4708578586578369,0.6898605227470398,-0.07834772020578384
10,left,0,0,0,0,0,0,0,0,0,0,0,0,0,0,0,0,0,0,0,0,0,0,0,0,0,0,0,0,0,0,0,0,0,0,0,0,0,0,0,0,0,0,0,0,0,0,0,0,0,0,0,0,0,0,0,0,0,0,0,0,0,0,0
11,right,0.4340363144874573,0.9401903748512268,-6.529994607262779e-07,0.4828318953514099,0.854539692401886,0.005833509843796492,0.4941615164279938,0.7868521809577942,-0.0024303344544023275,0.5047833919525146,0.7352831363677979,-0.017424190416932106,0.5131592154502869,0.6869630217552185,-0.02933996170759201,0.39788198471069336,0.7135105729103088,-0.010289289057254791,0.4768761396408081,0.6718012690544128,-0.0339735671877861,0.5019502639770508,0.7382208704948425,-0.0441313274204731,0.5032833218574524,0.7788791656494141,-0.048326872289180756,0.38872388005256653,0.7304310202598572,-0.028365205973386765,0.48547372221946716,0.6993362903594971,-0.058786503970623016,0.5038508772850037,0.7714753150939941,-0.06557706743478775,0.5025315284729004,0.8153623342514038,-0.06447803229093552,0.3954077363014221,0.7617295384407043,-0.04710647091269493,0.4837888181209564,0.7269675135612488,-0.07594720274209976,0.5015430450439453,0.7914861440658569,-0.0703805461525917,0.4998956620693207,0.8361097574234009,-0.05904971808195114,0.4142743945121765,0.7992323637008667,-0.06572028994560242,0.44513264298439026,0.734316885471344,-0.08411343395709991,0.46452122926712036,0.6895244121551514,-0.08397995680570602,0.4813138246536255,0.6516821384429932,-0.0804232507944107
11,left,0,0,0,0,0,0,0,0,0,0,0,0,0,0,0,0,0,0,0,0,0,0,0,0,0,0,0,0,0,0,0,0,0,0,0,0,0,0,0,0,0,0,0,0,0,0,0,0,0,0,0,0,0,0,0,0,0,0,0,0,0,0,0
12,right,0.43760448694229126,0.944068431854248,-4.644245734652941e-07,0.4838451147079468,0.8621941804885864,0.009941312484443188,0.48897257447242737,0.7916899919509888,0.00559220090508461,0.4991915225982666,0.7376639246940613,-0.005500922445207834,0.5118118524551392,0.6903799176216125,-0.014372478239238262,0.40521299839019775,0.7229145169258118,-0.0003893803514074534,0.47869789600372314,0.6871292591094971,-0.02642098441720009,0.5029606819152832,0.7393761873245239,-0.039638862013816833,0.5066601037979126,0.7800009846687317,-0.044661276042461395,0.3940207064151764,0.7346251606941223,-0.018386835232377052,0.484511137008667,0.697309672832489,-0.048817045986652374,0.5051820874214172,0.7622376680374146,-0.05526316910982132,0.506966233253479,0.8062382936477661,-0.05289988964796066,0.3970966339111328,0.7617529034614563,-0.037758488208055496,0.4797685444355011,0.7206177711486816,-0.0656609758734703,0.4994674623012543,0.7785950303077698,-0.05976566672325134,0.4995191991329193,0.8209512829780579,-0.04758937656879425,0.41038116812705994,0.7993475794792175,-0.056596655398607254,0.43910685181617737,0.7313463687896729,-0.07516572624444962,0.4597543776035309,0.6895648837089539,-0.07600703835487366,0.4772704541683197,0.653674304485321,-0.0725603699684143
12,left,0,0,0,0,0,0,0,0,0,0,0,0,0,0,0,0,0,0,0,0,0,0,0,0,0,0,0,0,0,0,0,0,0,0,0,0,0,0,0,0,0,0,0,0,0,0,0,0,0,0,0,0,0,0,0,0,0,0,0,0,0,0,0
13,right,0.43156421184539795,0.9495974183082581,-5.382385666052869e-07,0.47214823961257935,0.8589271306991577,0.0131750563159585,0.47883039712905884,0.7878475785255432,0.008793949149549007,0.49196356534957886,0.7359915375709534,-0.002495567314326763,0.5070369243621826,0.6907680034637451,-0.011095658876001835,0.39479541778564453,0.7201846241950989,0.0007140259258449078,0.46863144636154175,0.6819815039634705,-0.02293243072926998,0.4954383373260498,0.7329951524734497,-0.03498627245426178,0.5006367564201355,0.7722015380859375,-0.03988933563232422,0.38802585005760193,0.7329723238945007,-0.01858633942902088,0.4749804139137268,0.6907275915145874,-0.0439985916018486,0.49747440218925476,0.7539786696434021,-0.048095591366291046,0.5006454586982727,0.7965952754020691,-0.04582599923014641,0.3953269124031067,0.7607632875442505,-0.03869371861219406,0.47352898120880127,0.7153599262237549,-0.06014928221702576,0.4953305125236511,0.7698628306388855,-0.05182880163192749,0.4972105026245117,0.8123380541801453,-0.040309034287929535,0.4142102003097534,0.7978448867797852,-0.058331847190856934,0.4379858076572418,0.730477511882782,-0.0721498355269432,0.45416390895843506,0.6876830458641052,-0.0705963745713234,0.4655352234840393,0.6512711644172668,-0.06680810451507568
13,left,0,0,0,0,0,0,0,0,0,0,0,0,0,0,0,0,0,0,0,0,0,0,0,0,0,0,0,0,0,0,0,0,0,0,0,0,0,0,0,0,0,0,0,0,0,0,0,0,0,0,0,0,0,0,0,0,0,0,0,0,0,0,0
14,right,0.44281643629074097,0.9358327984809875,-4.884547024630592e-07,0.4903317391872406,0.8556286692619324,0.010519027709960938,0.49943384528160095,0.7836307883262634,0.00985165685415268,0.5101518630981445,0.728853166103363,0.002318264450877905,0.5177868008613586,0.6817377209663391,-0.0032343824859708548,0.4101906418800354,0.7151013612747192,0.007644712459295988,0.4828032851219177,0.6841437220573425,-0.01208396814763546,0.5044218897819519,0.7371594905853271,-0.02322518080472946,0.5043842792510986,0.7798506021499634,-0.027638794854283333,0.3969530463218689,0.7295205593109131,-0.008933497592806816,0.4865756630897522,0.6946597099304199,-0.033706504851579666,0.5053313374519348,0.7596702575683594,-0.040107350796461105,0.5061289668083191,0.8026017546653748,-0.0381048209965229,0.40100720524787903,0.7555874586105347,-0.026361258700489998,0.484164834022522,0.7223755121231079,-0.04998668283224106,0.49914631247520447,0.784233033657074,-0.043947089463472366,0.49563470482826233,0.8247247934341431,-0.03183538094162941,0.41593068838119507,0.7919201850891113,-0.0434168316423893,0.4412827789783478,0.7249900102615356,-0.05896769091486931,0.456066370010376,0.6833837032318115,-0.05686654523015022,0.47020500898361206,0.6435702443122864,-0.050502751022577286
14,left,0,0,0,0,0,0,0,0,0,0,0,0,0,0,0,0,0,0,0,0,0,0,0,0,0,0,0,0,0,0,0,0,0,0,0,0,0,0,0,0,0,0,0,0,0,0,0,0,0,0,0,0,0,0,0,0,0,0,0,0,0,0,0
15,right,0.44845113158226013,0.9265891313552856,-4.424607880082476e-07,0.49044182896614075,0.8505648374557495,0.010772490873932838,0.49816641211509705,0.7789061665534973,0.011300827376544476,0.5076428651809692,0.724969208240509,0.005467409733682871,0.5154345035552979,0.6793518662452698,0.0018058255081996322,0.41230908036231995,0.7137936949729919,0.008401480503380299,0.47848761081695557,0.6840164661407471,-0.008754665963351727,0.5029629468917847,0.7340582609176636,-0.017151357606053352,0.5057982802391052,0.7744719386100769,-0.019468186423182487,0.398039311170578,0.726039469242096,-0.006840175483375788,0.482954740524292,0.696311891078949,-0.02850244753062725,0.5031342506408691,0.7572686076164246,-0.03297654911875725,0.5039398670196533,0.7985880970954895,-0.030233217403292656,0.40115734934806824,0.7504538297653198,-0.022717393934726715,0.48124244809150696,0.7211020588874817,-0.04447302967309952,0.497336745262146,0.7813716530799866,-0.0377550944685936,0.49501165747642517,0.821743905544281,-0.025602612644433975,0.4148118495941162,0.7862666249275208,-0.03811129555106163,0.43656450510025024,0.7201515436172485,-0.05248561128973961,0.4512506127357483,0.6780223846435547,-0.04976700246334076,0.4660899341106415,0.6390631794929504,-0.04293464496731758
15,left,0,0,0,0,0,0,0,0,0,0,0,0,0,0,0,0,0,0,0,0,0,0,0,0,0,0,0,0,0,0,0,0,0,0,0,0,0,0,0,0,0,0,0,0,0,0,0,0,0,0,0,0,0,0,0,0,0,0,0,0,0,0,0
16,right,0.4286075532436371,0.9410384893417358,-4.5728396003141825e-07,0.47987455129623413,0.8538046479225159,0.0134313078597188,0.48811185359954834,0.7773737907409668,0.012233810499310493,0.4998108446598053,0.72246915102005,0.003981252200901508,0.5171768069267273,0.6781729459762573,-0.0007769709336571395,0.3975432217121124,0.7061344385147095,0.005760360974818468,0.471605509519577,0.6732118129730225,-0.019029125571250916,0.4978729486465454,0.7289782166481018,-0.031439345329999924,0.5025846362113953,0.7718213796615601,-0.03658992797136307,0.3888034224510193,0.7205320000648499,-0.013547244481742382,0.47653627395629883,0.6812202334403992,-0.04496992379426956,0.4997696578502655,0.7455694675445557,-0.05268998444080353,0.5018939971923828,0.7906330823898315,-0.05145569145679474,0.3945457935333252,0.7492562532424927,-0.03425654023885727,0.47671008110046387,0.7047943472862244,-0.06204994395375252,0.4980196952819824,0.7649665474891663,-0.05746441334486008,0.49695277214050293,0.8098786473274231,-0.04708979278802872,0.41179248690605164,0.7848588228225708,-0.054313696920871735,0.4352366328239441,0.7203378677368164,-0.07538167387247086,0.4499351382255554,0.6757277846336365,-0.08072906732559204,0.46055662631988525,0.6375221014022827,-0.08114229887723923
16,left,0,0,0,0,0,0,0,0,0,0,0,0,0,0,0,0,0,0,0,0,0,0,0,0,0,0,0,0,0,0,0,0,0,0,0,0,0,0,0,0,0,0,0,0,0,0,0,0,0,0,0,0,0,0,0,0,0,0,0,0,0,0,0
17,right,0.4480436146259308,0.929906964302063,-4.7601730557289557e-07,0.488750696182251,0.8497461080551147,0.01196548156440258,0.49804991483688354,0.7781533002853394,0.01104663498699665,0.508693516254425,0.724819004535675,0.002983406651765108,0.5162146091461182,0.6754558086395264,-0.003003378165885806,0.41255316138267517,0.708550214767456,0.008496331982314587,0.4802103638648987,0.6780521869659424,-0.010384973138570786,0.50401371717453,0.728469967842102,-0.020500194281339645,0.5058512687683105,0.7694149613380432,-0.023787451907992363,0.39811819791793823,0.7208731770515442,-0.00879720225930214,0.4839381277561188,0.6923664808273315,-0.03134908899664879,0.5044013857841492,0.7539858222007751,-0.03699672594666481,0.5067664384841919,0.7956629395484924,-0.03499084711074829,0.4003393352031708,0.7464940547943115,-0.026811596006155014,0.48183387517929077,0.7163026928901672,-0.04922392964363098,0.49835896492004395,0.7769449353218079,-0.04309624060988426,0.49690231680870056,0.8178598284721375,-0.031236957758665085,0.4135723114013672,0.783174455165863,-0.04428979381918907,0.43463248014450073,0.7164089679718018,-0.05861574038863182,0.44791683554649353,0.6745463609695435,-0.05576476827263832,0.46172401309013367,0.6355385780334473,-0.04892001301050186
17,left,0,0,0,0,0,0,0,0,0,0,0,0,0,0,0,0,0,0,0,0,0,0,0,0,0,0,0,0,0,0,0,0,0,0,0,0,0,0,0,0,0,0,0,0,0,0,0,0,0,0,0,0,0,0,0,0,0,0,0,0,0,0,0
18,right,0.4486106336116791,0.9219900369644165,-4.841994041271391e-07,0.49072468280792236,0.8461689949035645,0.011276017874479294,0.4994353652000427,0.7748929858207703,0.012224717065691948,0.5096906423568726,0.7213994860649109,0.00644672941416502,0.5173670053482056,0.6747483015060425,0.002742297016084194,0.4169315695762634,0.7087831497192383,0.010456068441271782,0.48366159200668335,0.6857094168663025,-0.007095740642398596,0.5060417056083679,0.7350453734397888,-0.016359370201826096,0.5075291395187378,0.775952160358429,-0.0191633477807045,0.40120255947113037,0.7197418212890625,-0.005526359658688307,0.48584410548210144,0.6963387727737427,-0.027122145518660545,0.5048797726631165,0.7563675045967102,-0.0328865721821785,0.5055195093154907,0.7970197200775146,-0.03126100078225136,0.4021133780479431,0.7431772351264954,-0.022200273349881172,0.4826546907424927,0.7180376648902893,-0.044554729014635086,0.49833574891090393,0.7791855335235596,-0.03882129490375519,0.495708167552948,0.819786787033081,-0.027190228924155235,0.4137604832649231,0.7786768674850464,-0.03836901858448982,0.43530791997909546,0.7126908898353577,-0.05314512178301811,0.45010215044021606,0.6710651516914368,-0.050148189067840576,0.46497854590415955,0.6319831609725952,-0.04291590675711632
18,left,0,0,0,0,0,0,0,0,0,0,0,0,0,0,0,0,0,0,0,0,0,0,0,0,0,0,0,0,0,0,0,0,0,0,0,0,0,0,0,0,0,0,0,0,0,0,0,0,0,0,0,0,0,0,0,0,0,0,0,0,0,0,0
19,right,0.45334506034851074,0.9138333797454834,-4.4456896830524784e-07,0.49296924471855164,0.8424009680747986,0.009859908372163773,0.49987658858299255,0.770841121673584,0.011346224695444107,0.5080409646034241,0.7179231643676758,0.007221883162856102,0.515731692314148,0.6736716628074646,0.005505414679646492,0.4145498275756836,0.7055286765098572,0.007360498420894146,0.48209455609321594,0.6815248131752014,-0.009087287820875645,0.5051309466362,0.7319318056106567,-0.016030484810471535,0.5082465410232544,0.7758124470710754,-0.016659094020724297,0.39880990982055664,0.7180794477462769,-0.0063696508295834064,0.4853881001472473,0.6933198571205139,-0.02726144716143608,0.5049088597297668,0.753193199634552,-0.030451899394392967,0.5066027045249939,0.7960032224655151,-0.02649700455367565,0.40042757987976074,0.7420955300331116,-0.020721599459648132,0.48233672976493835,0.7167337536811829,-0.042496684938669205,0.4985354244709015,0.776557981967926,-0.0358554944396019,0.49707674980163574,0.8177029490470886,-0.02332768402993679,0.41271400451660156,0.7773287296295166,-0.03446357697248459,0.43579086661338806,0.7097737789154053,-0.04900284856557846,0.4506857395172119,0.6675551533699036,-0.04619521275162697,0.4654851257801056,0.628649890422821,-0.03889342024922371
19,left,0,0,0,0,0,0,0,0,0,0,0,0,0,0,0,0,0,0,0,0,0,0,0,0,0,0,0,0,0,0,0,0,0,0,0,0,0,0,0,0,0,0,0,0,0,0,0,0,0,0,0,0,0,0,0,0,0,0,0,0,0,0,0
20,right,0.4554482400417328,0.9101918935775757,-4.617978106580267e-07,0.4941088855266571,0.8406239748001099,0.008989492431282997,0.5009989738464355,0.7710477113723755,0.009735764004290104,0.5093835592269897,0.7180538177490234,0.00478347996249795,0.5171599388122559,0.6724481582641602,0.0021014574449509382,0.41878393292427063,0.7069043517112732,0.008711330592632294,0.48852381110191345,0.6851191520690918,-0.00826114322990179,0.5073766708374023,0.7345877885818481,-0.01730802096426487,0.5064858794212341,0.7748281955718994,-0.020194532349705696,0.4009343683719635,0.718596875667572,-0.005451933015137911,0.49014368653297424,0.6948793530464172,-0.026298390701413155,0.5063965320587158,0.7538444399833679,-0.03104451112449169,0.5060405135154724,0.7937451601028442,-0.028991403058171272,0.4009914696216583,0.740856409072876,-0.02041620761156082,0.4856877326965332,0.7155805826187134,-0.042124003171920776,0.4988807439804077,0.7767301797866821,-0.03592396900057793,0.4949452877044678,0.8174698352813721,-0.024404700845479965,0.41211655735969543,0.7754227519035339,-0.035073645412921906,0.43655553460121155,0.7095545530319214,-0.049978435039520264,0.45151466131210327,0.6680126190185547,-0.04702817276120186,0.46634653210639954,0.6280964612960815,-0.03995709493756294
20,left,0,0,0,0,0,0,0,0,0,0,0,0,0,0,0,0,0,0,0,0,0,0,0,0,0,0,0,0,0,0,0,0,0,0,0,0,0,0,0,0,0,0,0,0,0,0,0,0,0,0,0,0,0,0,0,0,0,0,0,0,0,0,0
21,right,0.45789390802383423,0.9072036743164062,-4.6969523737061536e-07,0.49584251642227173,0.8420140743255615,0.007882913574576378,0.5021659135818481,0.7710719704627991,0.008725756779313087,0.5101127624511719,0.7172138690948486,0.004296347964555025,0.5168851613998413,0.6707268357276917,0.002383224433287978,0.4220379590988159,0.7082218527793884,0.007016737014055252,0.49023833870887756,0.6872468590736389,-0.011095702648162842,0.5096953511238098,0.7367854714393616,-0.01987806148827076,0.5103750228881836,0.7785830497741699,-0.02196420170366764,0.4046873152256012,0.7201554775238037,-0.006453524809330702,0.4914018511772156,0.6937860250473022,-0.02932281419634819,0.5084471106529236,0.7543649077415466,-0.03376910835504532,0.5086238384246826,0.7963070869445801,-0.03068879246711731,0.403702974319458,0.7412096858024597,-0.02093130722641945,0.4868331551551819,0.71442711353302,-0.04433043673634529,0.5006557703018188,0.7763309478759766,-0.03785691410303116,0.4973893165588379,0.8186594843864441,-0.025464052334427834,0.4130561053752899,0.7739128470420837,-0.03511326014995575,0.43754345178604126,0.7075454592704773,-0.05104683339595795,0.45272374153137207,0.6657226085662842,-0.04844522848725319,0.4677372872829437,0.6261448860168457,-0.041332218796014786
21,left,0,0,0,0,0,0,0,0,0,0,0,0,0,0,0,0,0,0,0,0,0,0,0,0,0,0,0,0,0,0,0,0,0,0,0,0,0,0,0,0,0,0,0,0,0,0,0,0,0,0,0,0,0,0,0,0,0,0,0,0,0,0,0
22,right,0.4392823874950409,0.940021812915802,-5.283807240630267e-07,0.4898858666419983,0.8532809615135193,0.013291589915752411,0.4955810606479645,0.7783353924751282,0.011849764734506607,0.5049448013305664,0.7250161170959473,0.0025374474935233593,0.517794668674469,0.6780579686164856,-0.00374926277436316,0.4093036353588104,0.7084797024726868,0.007973586209118366,0.4828028082847595,0.6752020716667175,-0.019021514803171158,0.5067602396011353,0.727989912033081,-0.03275754302740097,0.508756160736084,0.7723743915557861,-0.037268538028001785,0.39713066816329956,0.7186129689216614,-0.011274388059973717,0.487082302570343,0.6833727955818176,-0.044243719428777695,0.507897138595581,0.7494062185287476,-0.052948884665966034,0.5062221884727478,0.7940564155578613,-0.050996046513319016,0.3994690477848053,0.7433580160140991,-0.032228291034698486,0.4828222692012787,0.7044118046760559,-0.0628352165222168,0.5028175711631775,0.7668712139129639,-0.059570640325546265,0.4995611906051636,0.8100073337554932,-0.04791037738323212,0.4125339686870575,0.7779166102409363,-0.0523427352309227,0.436149924993515,0.7087303400039673,-0.07252205163240433,0.45103180408477783,0.663828432559967,-0.0757596418261528,0.4618057608604431,0.6250162124633789,-0.07350028306245804
22,left,0,0,0,0,0,0,0,0,0,0,0,0,0,0,0,0,0,0,0,0,0,0,0,0,0,0,0,0,0,0,0,0,0,0,0,0,0,0,0,0,0,0,0,0,0,0,0,0,0,0,0,0,0,0,0,0,0,0,0,0,0,0,0
23,right,0.4467547535896301,0.9233050346374512,-4.999134830541152e-07,0.4902766942977905,0.8469232320785522,0.011503278277814388,0.4988970160484314,0.7736226916313171,0.011861275881528854,0.5090761780738831,0.7192836999893188,0.005025272723287344,0.5177533626556396,0.6734136939048767,0.00015944136248435825,0.4155580401420593,0.7042586207389832,0.011330418288707733,0.4844829738140106,0.6776822805404663,-0.008589762263000011,0.5074618458747864,0.7285599708557129,-0.02026277966797352,0.5100931525230408,0.7719422578811646,-0.02397335320711136,0.40238168835639954,0.7156405448913574,-0.005250905174762011,0.48721176385879517,0.6893452405929565,-0.028940817341208458,0.507487952709198,0.7524467706680298,-0.03608057647943497,0.5094135403633118,0.7950530648231506,-0.03450154513120651,0.40470170974731445,0.7385870218276978,-0.02280464954674244,0.484641432762146,0.7113047242164612,-0.046496208757162094,0.5009645223617554,0.7728211879730225,-0.04208092391490936,0.49869483709335327,0.8142948746681213,-0.030522095039486885,0.4163457155227661,0.7714347839355469,-0.03972771391272545,0.4370464086532593,0.7036504745483398,-0.05373169854283333,0.4502882659435272,0.6615010499954224,-0.05067846179008484,0.4636143147945404,0.6221048831939697,-0.04338530823588371
23,left,0,0,0,0,0,0,0,0,0,0,0,0,0,0,0,0,0,0,0,0,0,0,0,0,0,0,0,0,0,0,0,0,0,0,0,0,0,0,0,0,0,0,0,0,0,0,0,0,0,0,0,0,0,0,0,0,0,0,0,0,0,0,0
24,right,0.4376465082168579,0.936981737613678,-5.351501499717415e-07,0.48864734172821045,0.845474362373352,0.016528310254216194,0.49634402990341187,0.772121787071228,0.017157966271042824,0.5071347951889038,0.7210214734077454,0.009300737641751766,0.5157294273376465,0.6755647659301758,0.004515037406235933,0.4080404043197632,0.7067294120788574,0.012365194968879223,0.48213985562324524,0.6754016876220703,-0.015056665055453777,0.5057430267333984,0.7280932664871216,-0.02967519313097,0.5081004500389099,0.7720560431480408,-0.03430042788386345,0.39555615186691284,0.7174528241157532,-0.008739308454096317,0.48673215508461,0.6855490207672119,-0.04191692918539047,0.5073433518409729,0.7498365640640259,-0.05162445828318596,0.5065159797668457,0.7942031621932983,-0.050088122487068176,0.3979504406452179,0.7420283555984497,-0.031573034822940826,0.48277220129966736,0.7096803784370422,-0.061782944947481155,0.5022345781326294,0.7703039646148682,-0.05947834625840187,0.49964800477027893,0.8112454414367676,-0.0483936108648777,0.4117928147315979,0.775536298751831,-0.0534726046025753,0.4353491961956024,0.7057985067367554,-0.07301643490791321,0.4495079219341278,0.6593353152275085,-0.07637540251016617,0.459999680519104,0.6205130815505981,-0.0743202194571495
24,left,0,0,0,0,0,0,0,0,0,0,0,0,0,0,0,0,0,0,0,0,0,0,0,0,0,0,0,0,0,0,0,0,0,0,0,0,0,0,0,0,0,0,0,0,0,0,0,0,0,0,0,0,0,0,0,0,0,0,0,0,0,0,0
25,right,0.444593220949173,0.9261946082115173,-5.276373258311651e-07,0.4901524782180786,0.8491174578666687,0.012840825133025646,0.4987097978591919,0.7739497423171997,0.014520362950861454,0.509008526802063,0.7192208766937256,0.008868787437677383,0.5168137550354004,0.6741201281547546,0.005208447575569153,0.41565534472465515,0.7049810290336609,0.01350315660238266,0.48369142413139343,0.679789125919342,-0.005731916055083275,0.5061794519424438,0.7315943241119385,-0.017022252082824707,0.508630096912384,0.775974690914154,-0.020509831607341766,0.4029368460178375,0.7157942056655884,-0.0035065566189587116,0.48599228262901306,0.6902507543563843,-0.026938546448946,0.5065666437149048,0.7538015246391296,-0.03396867588162422,0.5083275437355042,0.7970425486564636,-0.03226054087281227,0.40515172481536865,0.7380732893943787,-0.021438859403133392,0.48366281390190125,0.7107261419296265,-0.044810254126787186,0.5015966892242432,0.7720630764961243,-0.04018528386950493,0.5004041790962219,0.8139432668685913,-0.028499694541096687,0.41664111614227295,0.7701777219772339,-0.038668807595968246,0.4368889629840851,0.7026419043540955,-0.052186284214258194,0.44996970891952515,0.660545825958252,-0.04886962100863457,0.4629349112510681,0.6215296983718872,-0.04147110506892204
25,left,0,0,0,0,0,0,0,0,0,0,0,0,0,0,0,0,0,0,0,0,0,0,0,0,0,0,0,0,0,0,0,0,0,0,0,0,0,0,0,0,0,0,0,0,0,0,0,0,0,0,0,0,0,0,0,0,0,0,0,0,0,0,0
26,right,0.4477270543575287,0.9185324907302856,-4.790221055372967e-07,0.4909955561161041,0.8408995866775513,0.013428287580609322,0.4985913336277008,0.7691013813018799,0.01584315486252308,0.5082923173904419,0.7159696817398071,0.011096356436610222,0.5162753462791443,0.6719943284988403,0.008313005790114403,0.4157863259315491,0.7063019871711731,0.013512753881514072,0.4805513322353363,0.6810466051101685,-0.0051776752807199955,0.5045474171638489,0.7325859069824219,-0.014830018393695354,0.5091577768325806,0.7759343385696411,-0.0170292891561985,0.4019101858139038,0.7155883312225342,-0.003240597900003195,0.48377591371536255,0.6905542612075806,-0.027397898957133293,0.504417896270752,0.7523524165153503,-0.03375546261668205,0.5062873363494873,0.7957448363304138,-0.0310817901045084,0.40384531021118164,0.7378672361373901,-0.020892003551125526,0.48125290870666504,0.7116289734840393,-0.045311085879802704,0.5001624822616577,0.7712753415107727,-0.04085273668169975,0.4994931221008301,0.8110794425010681,-0.02883891388773918,0.41608956456184387,0.7707371115684509,-0.03759206086397171,0.4372096657752991,0.7018241882324219,-0.05233236774802208,0.45165175199508667,0.6601789593696594,-0.049688540399074554,0.4648534059524536,0.6216278076171875,-0.042459264397621155
26,left,0,0,0,0,0,0,0,0,0,0,0,0,0,0,0,0,0,0,0,0,0,0,0,0,0,0,0,0,0,0,0,0,0,0,0,0,0,0,0,0,0,0,0,0,0,0,0,0,0,0,0,0,0,0,0,0,0,0,0,0,0,0,0
27,right,0.4496765732765198,0.914267897605896,-4.6070394432717876e-07,0.49114108085632324,0.8417775630950928,0.011555320583283901,0.4987991452217102,0.7693473696708679,0.013563158921897411,0.5076144933700562,0.7164595127105713,0.009162332862615585,0.5146186351776123,0.6719141006469727,0.006886837538331747,0.4169692397117615,0.7086581587791443,0.01125441025942564,0.48077261447906494,0.6836983561515808,-0.006460592150688171,0.5040003657341003,0.7336617708206177,-0.015202767215669155,0.5079926252365112,0.7766704559326172,-0.01683478243649006,0.40258610248565674,0.7187552452087402,-0.0038793866988271475,0.48352470993995667,0.6908713579177856,-0.026430141180753708,0.5039244294166565,0.751384973526001,-0.031454890966415405,0.5057877898216248,0.7947775721549988,-0.02817550115287304,0.4036795496940613,0.7395955920219421,-0.019866520538926125,0.4808109402656555,0.711107611656189,-0.04259680584073067,0.4993390142917633,0.7696354985237122,-0.03722340986132622,0.499017596244812,0.8102957010269165,-0.025039760395884514,0.4148814082145691,0.7707395553588867,-0.03510545939207077,0.43663325905799866,0.7025454044342041,-0.04870295897126198,0.4513102173805237,0.6610618233680725,-0.045529335737228394,0.46482226252555847,0.6233102083206177,-0.03811298683285713
27,left,0,0,0,0,0,0,0,0,0,0,0,0,0,0,0,0,0,0,0,0,0,0,0,0,0,0,0,0,0,0,0,0,0,0,0,0,0,0,0,0,0,0,0,0,0,0,0,0,0,0,0,0,0,0,0,0,0,0,0,0,0,0,0
28,right,0.44996923208236694,0.9107668995857239,-4.531746355951327e-07,0.4907885491847992,0.8432004451751709,0.008645295165479183,0.49858811497688293,0.7701588869094849,0.009763714857399464,0.5069223642349243,0.7166286110877991,0.005487110000103712,0.5141021609306335,0.6711225509643555,0.0037805489264428616,0.41632869839668274,0.7085437178611755,0.00725978147238493,0.48170387744903564,0.6854966878890991,-0.0108660152181983,0.5048951506614685,0.7346665263175964,-0.018836917355656624,0.5085891485214233,0.7772409915924072,-0.019676264375448227,0.4007928669452667,0.7182176113128662,-0.006166092585772276,0.48415058851242065,0.6924601793289185,-0.028866183012723923,0.5038043856620789,0.7522997260093689,-0.032916441559791565,0.5045305490493774,0.794600248336792,-0.028922541067004204,0.4015759229660034,0.7387406826019287,-0.020502731204032898,0.48018819093704224,0.7117323875427246,-0.04391632601618767,0.498148649930954,0.7711094617843628,-0.037816841155290604,0.4972808361053467,0.8118289113044739,-0.02492164820432663,0.4128009080886841,0.7701623439788818,-0.03424622118473053,0.43489429354667664,0.7023336887359619,-0.048809539526700974,0.4501599669456482,0.6610093116760254,-0.045522600412368774,0.4643765091896057,0.6230347156524658,-0.03764541447162628
28,left,0,0,0,0,0,0,0,0,0,0,0,0,0,0,0,0,0,0,0,0,0,0,0,0,0,0,0,0,0,0,0,0,0,0,0,0,0,0,0,0,0,0,0,0,0,0,0,0,0,0,0,0,0,0,0,0,0,0,0,0,0,0,0
29,right,0.45124393701553345,0.9082921743392944,-4.757990552661795e-07,0.4909321665763855,0.8415682911872864,0.011018646880984306,0.4982251226902008,0.7691818475723267,0.013478145934641361,0.5070635080337524,0.7163187265396118,0.010102963075041771,0.5153319835662842,0.6713722348213196,0.00899996142834425,0.41495388746261597,0.7087500095367432,0.009867791086435318,0.48118820786476135,0.6873782873153687,-0.008185102604329586,0.5038666129112244,0.7366194725036621,-0.016870085150003433,0.5081188082695007,0.7798033952713013,-0.018346719443798065,0.39987713098526,0.7186915278434753,-0.004692213609814644,0.48432400822639465,0.6925073862075806,-0.027404839172959328,0.5032955408096313,0.7520754933357239,-0.031772591173648834,0.5042855739593506,0.7951251864433289,-0.028042752295732498,0.4011264741420746,0.7391677498817444,-0.02011728100478649,0.48127931356430054,0.7118722796440125,-0.043315764516592026,0.49819958209991455,0.7708755731582642,-0.03737408667802811,0.49686577916145325,0.8114879131317139,-0.024798477068543434,0.41255247592926025,0.7702279686927795,-0.03480770066380501,0.4351150691509247,0.7030071020126343,-0.04987739399075508,0.4498748183250427,0.662103533744812,-0.04711638018488884,0.4639025628566742,0.6242225170135498,-0.03969771787524223
29,left,0,0,0,0,0,0,0,0,0,0,0,0,0,0,0,0,0,0,0,0,0,0,0,0,0,0,0,0,0,0,0,0,0,0,0,0,0,0,0,0,0,0,0,0,0,0,0,0,0,0,0,0,0,0,0,0,0,0,0,0,0,0,0
30,right,0.44924628734588623,0.9089422225952148,-4.772069814862334e-07,0.4893285036087036,0.843459963798523,0.008744356222450733,0.4974542558193207,0.7707669138908386,0.009984890930354595,0.5058456063270569,0.7171587944030762,0.005848787724971771,0.5136419534683228,0.6713461875915527,0.004306986462324858,0.41491103172302246,0.7089399099349976,0.007594038732349873,0.4814700782299042,0.6886805891990662,-0.010671926662325859,0.5026560425758362,0.7396125793457031,-0.018822001293301582,0.5049129128456116,0.781356930732727,-0.020080862566828728,0.39944443106651306,0.7199052572250366,-0.0064444453455507755,0.4841078519821167,0.6930137276649475,-0.02991931140422821,0.5020902752876282,0.7540274262428284,-0.03387235477566719,0.5017792582511902,0.7968170046806335,-0.029771646484732628,0.3999892473220825,0.7403708100318909,-0.021505292505025864,0.48024651408195496,0.7126897573471069,-0.045400168746709824,0.49650952219963074,0.772545576095581,-0.03887862712144852,0.4944133162498474,0.8131855130195618,-0.025798818096518517,0.41072648763656616,0.7712885141372681,-0.03607703745365143,0.43374478816986084,0.7040032148361206,-0.051078177988529205,0.4490770399570465,0.6628096699714661,-0.04778214171528816,0.46346166729927063,0.6246110796928406,-0.03998587280511856
30,left,0,0,0,0,0,0,0,0,0,0,0,0,0,0,0,0,0,0,0,0,0,0,0,0,0,0,0,0,0,0,0,0,0,0,0,0,0,0,0,0,0,0,0,0,0,0,0,0,0,0,0,0,0,0,0,0,0,0,0,0,0,0,0
31,right,0.43845316767692566,0.9366398453712463,-4.7450066631427035e-07,0.4848463535308838,0.8500851392745972,0.013451318256556988,0.48947834968566895,0.7739344835281372,0.013834754936397076,0.5001446008682251,0.7199597954750061,0.006973073352128267,0.5120579600334167,0.6721745133399963,0.003217552090063691,0.40581029653549194,0.7115148901939392,0.009683499112725258,0.47617340087890625,0.6828017234802246,-0.01658160611987114,0.5015503168106079,0.7310979962348938,-0.0291551873087883,0.5058581233024597,0.7722873687744141,-0.03205188363790512,0.39343392848968506,0.7204066514968872,-0.008977971039712429,0.48058727383613586,0.6897604465484619,-0.04101710766553879,0.5026683211326599,0.7518540024757385,-0.048922449350357056,0.5029953718185425,0.7946419715881348,-0.04594676196575165,0.39549359679222107,0.7441812753677368,-0.029429446905851364,0.4762509763240814,0.7106278538703918,-0.05982154235243797,0.4968181550502777,0.7698949575424194,-0.05657072365283966,0.4951043725013733,0.8104934692382812,-0.044334959238767624,0.4080144762992859,0.7778332829475403,-0.04889848455786705,0.42895036935806274,0.7061148881912231,-0.0679338127374649,0.4447433054447174,0.6595661640167236,-0.06986875832080841,0.45813873410224915,0.6198363900184631,-0.06634603440761566
31,left,0,0,0,0,0,0,0,0,0,0,0,0,0,0,0,0,0,0,0,0,0,0,0,0,0,0,0,0,0,0,0,0,0,0,0,0,0,0,0,0,0,0,0,0,0,0,0,0,0,0,0,0,0,0,0,0,0,0,0,0,0,0,0
32,right,0.43576541543006897,0.9387152194976807,-5.020218054596626e-07,0.4824610650539398,0.8519028425216675,0.015952011570334435,0.48654866218566895,0.7757291793823242,0.01825612783432007,0.49667423963546753,0.7226202487945557,0.013139535672962666,0.511344313621521,0.6782781481742859,0.010797965340316296,0.40238770842552185,0.7080578207969666,0.013166104443371296,0.4739258885383606,0.6826283931732178,-0.011578607372939587,0.4985508322715759,0.7303285598754883,-0.02531481720507145,0.503150224685669,0.7737436890602112,-0.029602739959955215,0.39118465781211853,0.7177427411079407,-0.005708467215299606,0.47850704193115234,0.6881008148193359,-0.034895241260528564,0.5002687573432922,0.7485111355781555,-0.04312239959836006,0.5016017556190491,0.7924069762229919,-0.0410730317234993,0.39427807927131653,0.7428446412086487,-0.025976238772273064,0.47518637776374817,0.7078586220741272,-0.05311936140060425,0.49511536955833435,0.7656205296516418,-0.04945750907063484,0.4937358498573303,0.8073344826698303,-0.037793464958667755,0.40729081630706787,0.777068018913269,-0.04512593150138855,0.42934179306030273,0.7059434056282043,-0.06268017739057541,0.4441535472869873,0.6627011299133301,-0.06356726586818695,0.4569341540336609,0.625963568687439,-0.05937274917960167
32,left,0,0,0,0,0,0,0,0,0,0,0,0,0,0,0,0,0,0,0,0,0,0,0,0,0,0,0,0,0,0,0,0,0,0,0,0,0,0,0,0,0,0,0,0,0,0,0,0,0,0,0,0,0,0,0,0,0,0,0,0,0,0,0
33,right,0.44264665246009827,0.929045557975769,-5.240630684966163e-07,0.4869847297668457,0.843286395072937,0.011561993509531021,0.49115124344825745,0.7740800380706787,0.010809103958308697,0.5011654496192932,0.7214803099632263,0.002841285662725568,0.5099661350250244,0.6740504503250122,-0.0026178285479545593,0.39941251277923584,0.7066596746444702,0.009515331126749516,0.467634916305542,0.6699395775794983,-0.015190737321972847,0.4969107210636139,0.7156547904014587,-0.028972921893000603,0.5046113729476929,0.7591952681541443,-0.03297124803066254,0.38886603713035583,0.7164601683616638,-0.007669193670153618,0.4754989445209503,0.6817774772644043,-0.03562173247337341,0.5004204511642456,0.743813693523407,-0.04390592500567436,0.50389564037323,0.788260817527771,-0.042096905410289764,0.3935188949108124,0.7410648465156555,-0.026468779891729355,0.47260475158691406,0.7013891339302063,-0.05387163162231445,0.4959728419780731,0.7594265937805176,-0.050409018993377686,0.4980444610118866,0.8014401197433472,-0.03846192732453346,0.4087459146976471,0.7759871482849121,-0.04445696994662285,0.4295532703399658,0.700868546962738,-0.061347559094429016,0.44477522373199463,0.656457781791687,-0.06097021698951721,0.45856916904449463,0.6174445748329163,-0.05559539794921875
33,left,0,0,0,0,0,0,0,0,0,0,0,0,0,0,0,0,0,0,0,0,0,0,0,0,0,0,0,0,0,0,0,0,0,0,0,0,0,0,0,0,0,0,0,0,0,0,0,0,0,0,0,0,0,0,0,0,0,0,0,0,0,0,0
34,right,0.4447169899940491,0.9161123633384705,-5.509509719558991e-07,0.4875536262989044,0.8375685811042786,0.013409409672021866,0.4961806833744049,0.7661631107330322,0.014838533475995064,0.5053438544273376,0.7121250629425049,0.008656855672597885,0.5117250084877014,0.6655593514442444,0.0043561155907809734,0.4135476350784302,0.7004888653755188,0.013261862099170685,0.4851941466331482,0.6792625784873962,-0.005837904755026102,0.5056633949279785,0.730402946472168,-0.01738043501973152,0.5054154396057129,0.7722289562225342,-0.021673010662198067,0.39778006076812744,0.7114620208740234,-0.004537738859653473,0.4857216775417328,0.6890249848365784,-0.027043865993618965,0.5039023160934448,0.7515090107917786,-0.033786285668611526,0.5038431286811829,0.7929096221923828,-0.03286987543106079,0.39819347858428955,0.733263373374939,-0.023149490356445312,0.481189101934433,0.7067223787307739,-0.0466633178293705,0.4969620406627655,0.7685807347297668,-0.04195801168680191,0.4940522313117981,0.8105025291442871,-0.030864277854561806,0.40899211168289185,0.765354573726654,-0.041111066937446594,0.43042081594467163,0.6984028816223145,-0.05635102838277817,0.4448007047176361,0.6560580134391785,-0.053560856729745865,0.4594220817089081,0.6158932447433472,-0.04649006575345993
34,left,0,0,0,0,0,0,0,0,0,0,0,0,0,0,0,0,0,0,0,0,0,0,0,0,0,0,0,0,0,0,0,0,0,0,0,0,0,0,0,0,0,0,0,0,0,0,0,0,0,0,0,0,0,0,0,0,0,0,0,0,0,0,0
35,right,0.44278448820114136,0.9107661843299866,-4.889211027148122e-07,0.4862324595451355,0.8384445905685425,0.011021031998097897,0.4942164123058319,0.7644877433776855,0.013503613881766796,0.5030654668807983,0.7118564248085022,0.009624650701880455,0.51173996925354,0.6673124432563782,0.007968001998960972,0.41564813256263733,0.7023884057998657,0.014055981300771236,0.4795382022857666,0.6796126365661621,-0.003438666695728898,0.5020319223403931,0.7314869165420532,-0.013154852204024792,0.5055107474327087,0.7750681042671204,-0.015288706868886948,0.4009970426559448,0.7108132243156433,-0.0006892032106406987,0.48094621300697327,0.6855433583259583,-0.022374000400304794,0.5015040636062622,0.7471810579299927,-0.027932623401284218,0.502579391002655,0.7906414866447449,-0.025030553340911865,0.4009231626987457,0.7299283146858215,-0.016547217965126038,0.47638651728630066,0.7024880647659302,-0.03856998682022095,0.49574416875839233,0.7605563998222351,-0.03395966812968254,0.4955442249774933,0.8012031316757202,-0.022154739126563072,0.4104074239730835,0.7585183382034302,-0.031725361943244934,0.43157607316970825,0.6897268295288086,-0.0436859205365181,0.44633907079696655,0.6483910083770752,-0.03975707292556763,0.45951154828071594,0.6114665269851685,-0.03186078742146492
35,left,0,0,0,0,0,0,0,0,0,0,0,0,0,0,0,0,0,0,0,0,0,0,0,0,0,0,0,0,0,0,0,0,0,0,0,0,0,0,0,0,0,0,0,0,0,0,0,0,0,0,0,0,0,0,0,0,0,0,0,0,0,0,0
36,right,0.4444575309753418,0.9091983437538147,-4.79484697279986e-07,0.48577022552490234,0.8380718231201172,0.011952449567615986,0.4939641058444977,0.7645503878593445,0.013798374682664871,0.5033387541770935,0.7116116285324097,0.008689193986356258,0.5120047926902771,0.6665999889373779,0.005624637473374605,0.4186231791973114,0.7041750550270081,0.013978325761854649,0.47869962453842163,0.6811769008636475,-0.005904781632125378,0.5022704601287842,0.7317898869514465,-0.016590114682912827,0.5074405074119568,0.7756714224815369,-0.018606174737215042,0.403960257768631,0.7124581933021545,-0.001954598817974329,0.4805883765220642,0.6863042116165161,-0.026018427684903145,0.5015243291854858,0.7472286820411682,-0.032264307141304016,0.5032042860984802,0.7908570170402527,-0.029166674241423607,0.40288037061691284,0.7316250205039978,-0.019193880259990692,0.47676917910575867,0.7033835053443909,-0.04333926737308502,0.49656394124031067,0.7618765234947205,-0.038785599172115326,0.49680280685424805,0.8028957843780518,-0.02635839395225048,0.41094157099723816,0.760422945022583,-0.035617027431726456,0.43140220642089844,0.6909697651863098,-0.04818873479962349,0.445808082818985,0.6497366428375244,-0.04395700618624687,0.4588161110877991,0.6129438877105713,-0.035672396421432495
36,left,0,0,0,0,0,0,0,0,0,0,0,0,0,0,0,0,0,0,0,0,0,0,0,0,0,0,0,0,0,0,0,0,0,0,0,0,0,0,0,0,0,0,0,0,0,0,0,0,0,0,0,0,0,0,0,0,0,0,0,0,0,0,0
