1,right,0.14730750024318695,0.41518548130989075,9.063599577530113e-07,0.22837239503860474,0.39662623405456543,-0.014046331867575645,0.31805700063705444,0.4462011754512787,-0.03712960705161095,0.3703323006629944,0.5213583707809448,-0.06111091747879982,0.40801113843917847,0.5793907642364502,-0.08437055349349976,0.35558274388313293,0.43763482570648193,-0.06907505542039871,0.40078070759773254,0.5924666523933411,-0.11151286214590073,0.4065065085887909,0.6910885572433472,-0.14100143313407898,0.4094698131084442,0.7665454149246216,-0.16199307143688202,0.30701130628585815,0.4534289836883545,-0.08636259287595749,0.35284286737442017,0.6211598515510559,-0.12817242741584778,0.3704669177532196,0.7228022813796997,-0.1457117199897766,0.3882937431335449,0.8010663986206055,-0.16070222854614258,0.2530794143676758,0.47837069630622864,-0.10231742262840271,0.2774253189563751,0.6369815468788147,-0.1321743279695511,0.25402769446372986,0.6137844920158386,-0.11983755230903625,0.24332170188426971,0.5722523927688599,-0.11216038465499878,0.20291221141815186,0.507656991481781,-0.12128223478794098,0.22946804761886597,0.6383277177810669,-0.14074718952178955,0.21353621780872345,0.611517071723938,-0.12769605219364166,0.20339618623256683,0.5639954209327698,-0.11770039796829224
1,left,0,0,0,0,0,0,0,0,0,0,0,0,0,0,0,0,0,0,0,0,0,0,0,0,0,0,0,0,0,0,0,0,0,0,0,0,0,0,0,0,0,0,0,0,0,0,0,0,0,0,0,0,0,0,0,0,0,0,0,0,0,0,0
2,right,0,0,0,0,0,0,0,0,0,0,0,0,0,0,0,0,0,0,0,0,0,0,0,0,0,0,0,0,0,0,0,0,0,0,0,0,0,0,0,0,0,0,0,0,0,0,0,0,0,0,0,0,0,0,0,0,0,0,0,0,0,0,0
2,left,0,0,0,0,0,0,0,0,0,0,0,0,0,0,0,0,0,0,0,0,0,0,0,0,0,0,0,0,0,0,0,0,0,0,0,0,0,0,0,0,0,0,0,0,0,0,0,0,0,0,0,0,0,0,0,0,0,0,0,0,0,0,0
3,right,0.1433095782995224,0.4596208333969116,1.0570637414275552e-06,0.21613812446594238,0.4414272904396057,-0.018493201583623886,0.30220839381217957,0.47639000415802,-0.0434599444270134,0.35884228348731995,0.5357088446617126,-0.06773881614208221,0.4082769453525543,0.5669748783111572,-0.09231443703174591,0.32485947012901306,0.45097315311431885,-0.0728725790977478,0.3817419409751892,0.5821361541748047,-0.11185117810964584,0.4077223539352417,0.655053436756134,-0.13843204081058502,0.42554277181625366,0.7106099724769592,-0.15763652324676514,0.27470552921295166,0.4789338707923889,-0.08695647120475769,0.3406218886375427,0.6287166476249695,-0.12615825235843658,0.37083208560943604,0.6986920833587646,-0.14129683375358582,0.3987136781215668,0.752883791923523,-0.15514831244945526,0.22418490052223206,0.5145959854125977,-0.09978155791759491,0.2718336284160614,0.655916154384613,-0.1270797997713089,0.2548622190952301,0.6243737936019897,-0.11488346755504608,0.24254940450191498,0.5807629823684692,-0.10857982188463211,0.17669567465782166,0.5482810735702515,-0.11554333567619324,0.22020527720451355,0.6599403619766235,-0.1332109123468399,0.20851247012615204,0.632938027381897,-0.12108081579208374,0.19236613810062408,0.5896866917610168,-0.11284822970628738
3,left,0,0,0,0,0,0,0,0,0,0,0,0,0,0,0,0,0,0,0,0,0,0,0,0,0,0,0,0,0,0,0,0,0,0,0,0,0,0,0,0,0,0,0,0,0,0,0,0,0,0,0,0,0,0,0,0,0,0,0,0,0,0,0
4,right,0.15993398427963257,0.39273834228515625,1.2518789844762068e-06,0.22085043787956238,0.3584417700767517,-0.0162978358566761,0.3046426773071289,0.3760336935520172,-0.04005645588040352,0.3662889301776886,0.41585487127304077,-0.06087300181388855,0.4190329313278198,0.4450949430465698,-0.08146161586046219,0.32622745633125305,0.35207027196884155,-0.08334438502788544,0.39279302954673767,0.46376776695251465,-0.12101077288389206,0.4295492172241211,0.5352998375892639,-0.14325478672981262,0.45726293325424194,0.5966468453407288,-0.1587401181459427,0.2846333980560303,0.38957732915878296,-0.09577777981758118,0.363889217376709,0.5196927189826965,-0.1325097382068634,0.40532544255256653,0.5947978496551514,-0.1440403312444687,0.4405621886253357,0.655113935470581,-0.15505187213420868,0.23876740038394928,0.44078823924064636,-0.10481958091259003,0.3090471923351288,0.5677026510238647,-0.13282999396324158,0.27999764680862427,0.5433230996131897,-0.11629628390073776,0.2545165717601776,0.5027440190315247,-0.10543033480644226,0.19733141362667084,0.4935294985771179,-0.11539513617753983,0.2574329972267151,0.5880370140075684,-0.13639932870864868,0.239862322807312,0.5635991096496582,-0.12204081565141678,0.21752513945102692,0.5237022042274475,-0.10994984954595566
4,left,0,0,0,0,0,0,0,0,0,0,0,0,0,0,0,0,0,0,0,0,0,0,0,0,0,0,0,0,0,0,0,0,0,0,0,0,0,0,0,0,0,0,0,0,0,0,0,0,0,0,0,0,0,0,0,0,0,0,0,0,0,0,0
5,right,0.14325672388076782,0.39041513204574585,1.1403786857044906e-06,0.20893147587776184,0.3468951880931854,-0.010969365015625954,0.2981336712837219,0.3557518720626831,-0.0330660380423069,0.36741015315055847,0.39153096079826355,-0.05240483954548836,0.42033493518829346,0.41982391476631165,-0.07086441665887833,0.31975027918815613,0.3365571200847626,-0.08146996796131134,0.3980898857116699,0.45345553755760193,-0.11471939086914062,0.43787065148353577,0.522148847579956,-0.12918677926063538,0.46474167704582214,0.5762130618095398,-0.13622958958148956,0.28056737780570984,0.37997862696647644,-0.0923222228884697,0.37538790702819824,0.5015426278114319,-0.12455543130636215,0.42164087295532227,0.5728661417961121,-0.12956911325454712,0.45449507236480713,0.6235828399658203,-0.13293899595737457,0.23813563585281372,0.437961220741272,-0.09877067059278488,0.3101688325405121,0.5560880899429321,-0.12223754078149796,0.2834092974662781,0.5419336557388306,-0.10181773453950882,0.2566276788711548,0.5055652856826782,-0.08500510454177856,0.19974574446678162,0.4966772496700287,-0.10573063790798187,0.2612572908401489,0.5794653296470642,-0.11748988181352615,0.24423925578594208,0.5607644319534302,-0.0971454530954361,0.2235366404056549,0.5262253284454346,-0.07962903380393982
5,left,0,0,0,0,0,0,0,0,0,0,0,0,0,0,0,0,0,0,0,0,0,0,0,0,0,0,0,0,0,0,0,0,0,0,0,0,0,0,0,0,0,0,0,0,0,0,0,0,0,0,0,0,0,0,0,0,0,0,0,0,0,0,0
6,right,0.1242285817861557,0.4351348280906677,1.102399892261019e-06,0.20114219188690186,0.40658119320869446,-0.01509271189570427,0.29422008991241455,0.4449998438358307,-0.03955497220158577,0.35169515013694763,0.5152475833892822,-0.0630432665348053,0.3933417499065399,0.5607289671897888,-0.08577413111925125,0.32173609733581543,0.42820027470588684,-0.08070342987775803,0.38911306858062744,0.57010418176651,-0.12266514450311661,0.4142281115055084,0.6600014567375183,-0.14830628037452698,0.43405836820602417,0.729641318321228,-0.1654500812292099,0.27439621090888977,0.46201470494270325,-0.09547463059425354,0.3483682870864868,0.6112798452377319,-0.13723833858966827,0.3809637427330017,0.7061443328857422,-0.1513199359178543,0.40905410051345825,0.7773197889328003,-0.16290412843227386,0.22561833262443542,0.5034953355789185,-0.10754569619894028,0.27391403913497925,0.6458403468132019,-0.13606160879135132,0.24861164391040802,0.6215860843658447,-0.11899521201848984,0.2305906116962433,0.5762221813201904,-0.10725211352109909,0.18011103570461273,0.5465435981750488,-0.12202904373407364,0.22613635659217834,0.6565899848937988,-0.13849125802516937,0.20746448636054993,0.6306508779525757,-0.12069941312074661,0.19125184416770935,0.5839579701423645,-0.10695572197437286
6,left,0,0,0,0,0,0,0,0,0,0,0,0,0,0,0,0,0,0,0,0,0,0,0,0,0,0,0,0,0,0,0,0,0,0,0,0,0,0,0,0,0,0,0,0,0,0,0,0,0,0,0,0,0,0,0,0,0,0,0,0,0,0,0
7,right,0.11593057960271835,0.4993845522403717,4.709841903149936e-07,0.18218404054641724,0.46641668677330017,-0.014194035902619362,0.26536044478416443,0.4951084554195404,-0.035702455788850784,0.3198125958442688,0.5667263865470886,-0.058767568320035934,0.35093408823013306,0.6232405304908752,-0.08311327546834946,0.30519306659698486,0.48434311151504517,-0.05533361807465553,0.36287790536880493,0.6133493185043335,-0.09615260362625122,0.37367647886276245,0.6599330902099609,-0.12331826239824295,0.3784101605415344,0.6802748441696167,-0.1406145542860031,0.25898507237434387,0.5091922879219055,-0.06950022280216217,0.3137427270412445,0.6664440035820007,-0.10314503312110901,0.31934982538223267,0.6939838528633118,-0.11302848160266876,0.3305116295814514,0.6986041069030762,-0.1218152716755867,0.2095070630311966,0.5442360043525696,-0.08434125036001205,0.24570664763450623,0.6901801228523254,-0.10383101552724838,0.2329324632883072,0.6756286025047302,-0.09047796577215195,0.2254553735256195,0.6453848481178284,-0.08238330483436584,0.1606619954109192,0.5806935429573059,-0.10294097661972046,0.1927368938922882,0.692551851272583,-0.11107051372528076,0.1869397610425949,0.677472710609436,-0.09773385524749756,0.17744340002536774,0.6460873484611511,-0.0883304700255394
7,left,0,0,0,0,0,0,0,0,0,0,0,0,0,0,0,0,0,0,0,0,0,0,0,0,0,0,0,0,0,0,0,0,0,0,0,0,0,0,0,0,0,0,0,0,0,0,0,0,0,0,0,0,0,0,0,0,0,0,0,0,0,0,0
8,right,0,0,0,0,0,0,0,0,0,0,0,0,0,0,0,0,0,0,0,0,0,0,0,0,0,0,0,0,0,0,0,0,0,0,0,0,0,0,0,0,0,0,0,0,0,0,0,0,0,0,0,0,0,0,0,0,0,0,0,0,0,0,0
8,left,0,0,0,0,0,0,0,0,0,0,0,0,0,0,0,0,0,0,0,0,0,0,0,0,0,0,0,0,0,0,0,0,0,0,0,0,0,0,0,0,0,0,0,0,0,0,0,0,0,0,0,0,0,0,0,0,0,0,0,0,0,0,0
9,right,0.19669924676418304,0.5215673446655273,2.455257686051482e-07,0.20140434801578522,0.5367803573608398,-0.024945542216300964,0.2113877683877945,0.5827023386955261,-0.05659981071949005,0.2267703115940094,0.6318662762641907,-0.0825970321893692,0.23788899183273315,0.6526737213134766,-0.10819713026285172,0.19092468917369843,0.5584016442298889,-0.09699699282646179,0.21934249997138977,0.6808841824531555,-0.13403163850307465,0.2329859733581543,0.6770585775375366,-0.15385626256465912,0.2358509600162506,0.6512942910194397,-0.16724815964698792,0.1792033612728119,0.5570947527885437,-0.09955383092164993,0.21468183398246765,0.6994918584823608,-0.1298513114452362,0.22184985876083374,0.6757538318634033,-0.12695160508155823,0.2200053483247757,0.6381239891052246,-0.12965889275074005,0.17259588837623596,0.5659583210945129,-0.10079772025346756,0.202985480427742,0.7024575471878052,-0.1178249716758728,0.20847240090370178,0.6736398935317993,-0.09865666180849075,0.20783782005310059,0.6364109516143799,-0.09031448513269424,0.16638518869876862,0.5829250812530518,-0.10554368048906326,0.18420439958572388,0.6875031590461731,-0.11947298049926758,0.1922074407339096,0.6686502695083618,-0.11246304959058762,0.1955537050962448,0.6347776055335999,-0.11025097966194153
9,left,0,0,0,0,0,0,0,0,0,0,0,0,0,0,0,0,0,0,0,0,0,0,0,0,0,0,0,0,0,0,0,0,0,0,0,0,0,0,0,0,0,0,0,0,0,0,0,0,0,0,0,0,0,0,0,0,0,0,0,0,0,0,0
10,right,0.10313653200864792,0.5208578705787659,9.47478781654354e-07,0.190702885389328,0.5069499015808105,-0.008565799333155155,0.27327248454093933,0.5256269574165344,-0.034640923142433167,0.33436691761016846,0.5614901781082153,-0.06230754777789116,0.3865387439727783,0.5796254873275757,-0.08977065235376358,0.29924482107162476,0.46161046624183655,-0.06353024393320084,0.35832881927490234,0.6027273535728455,-0.10730146616697311,0.39097315073013306,0.6863709688186646,-0.13901054859161377,0.41762465238571167,0.7510141134262085,-0.16112403571605682,0.24522656202316284,0.4828844368457794,-0.08557141572237015,0.31745854020118713,0.6405739784240723,-0.1330665498971939,0.35574716329574585,0.7320935726165771,-0.15420924127101898,0.3911093473434448,0.7989447116851807,-0.16935881972312927,0.1934414803981781,0.5225188136100769,-0.10533080995082855,0.24166114628314972,0.6712276339530945,-0.1347103714942932,0.2202673703432083,0.6558467745780945,-0.12336067855358124,0.20090362429618835,0.6173892021179199,-0.11635394394397736,0.1496536135673523,0.5656245350837708,-0.12807579338550568,0.19122375547885895,0.6872747540473938,-0.14026640355587006,0.17838504910469055,0.6710056066513062,-0.12405077368021011,0.15963244438171387,0.6317771077156067,-0.11298103630542755
10,left,0,0,0,0,0,0,0,0,0,0,0,0,0,0,0,0,0,0,0,0,0,0,0,0,0,0,0,0,0,0,0,0,0,0,0,0,0,0,0,0,0,0,0,0,0,0,0,0,0,0,0,0,0,0,0,0,0,0,0,0,0,0,0
11,right,0.10951198637485504,0.4634746015071869,1.1728741355909733e-06,0.19150137901306152,0.4300023913383484,-0.009113113395869732,0.28398045897483826,0.46533942222595215,-0.03337341174483299,0.34976494312286377,0.5182666778564453,-0.05671532079577446,0.4039469361305237,0.5503902435302734,-0.07969372719526291,0.30233606696128845,0.4442962408065796,-0.08634278923273087,0.3680913746356964,0.583342969417572,-0.1257464736700058,0.39719778299331665,0.6633324027061462,-0.1485326737165451,0.41911810636520386,0.7293053865432739,-0.16472244262695312,0.2523576319217682,0.4741159677505493,-0.10484103113412857,0.32622891664505005,0.6264811158180237,-0.14515917003154755,0.36389464139938354,0.7148909568786621,-0.15519064664840698,0.3958563804626465,0.7871298789978027,-0.1657627373933792,0.19869185984134674,0.5165528059005737,-0.11928334832191467,0.25807395577430725,0.6644530296325684,-0.1445402204990387,0.23563328385353088,0.6402550339698792,-0.12363190948963165,0.21778255701065063,0.5999244451522827,-0.11156824976205826,0.14988091588020325,0.5607935190200806,-0.13568775355815887,0.20374420285224915,0.6704443097114563,-0.14905185997486115,0.19270944595336914,0.644938051700592,-0.1301739364862442,0.17556506395339966,0.604170560836792,-0.11702940613031387
11,left,0,0,0,0,0,0,0,0,0,0,0,0,0,0,0,0,0,0,0,0,0,0,0,0,0,0,0,0,0,0,0,0,0,0,0,0,0,0,0,0,0,0,0,0,0,0,0,0,0,0,0,0,0,0,0,0,0,0,0,0,0,0,0
12,right,0.11507377028465271,0.4472792148590088,1.186548502118967e-06,0.19717749953269958,0.41452163457870483,-0.011356625705957413,0.28885960578918457,0.4463403820991516,-0.037099942564964294,0.35467803478240967,0.5022203326225281,-0.06015276163816452,0.4029926657676697,0.5480425357818604,-0.08180756121873856,0.3082713782787323,0.43821755051612854,-0.09391958266496658,0.37417837977409363,0.5811622142791748,-0.1298777312040329,0.4030659794807434,0.6587900519371033,-0.14613047242164612,0.4237455427646637,0.7196661829948425,-0.15636828541755676,0.2572634518146515,0.46732407808303833,-0.10761770606040955,0.33603227138519287,0.6234527230262756,-0.14507128298282623,0.37306860089302063,0.7117055654525757,-0.14967191219329834,0.40079474449157715,0.7793178558349609,-0.1545904576778412,0.20420999825000763,0.5096820592880249,-0.1164591982960701,0.26880279183387756,0.6601656675338745,-0.1412269026041031,0.24698613584041595,0.6372887492179871,-0.11679992824792862,0.22604326903820038,0.5951732397079468,-0.09954375773668289,0.15606923401355743,0.5556522607803345,-0.12653198838233948,0.21338129043579102,0.6668465733528137,-0.13978758454322815,0.20348139107227325,0.6453580856323242,-0.11915376782417297,0.18731236457824707,0.6064655780792236,-0.10279607772827148
12,left,0,0,0,0,0,0,0,0,0,0,0,0,0,0,0,0,0,0,0,0,0,0,0,0,0,0,0,0,0,0,0,0,0,0,0,0,0,0,0,0,0,0,0,0,0,0,0,0,0,0,0,0,0,0,0,0,0,0,0,0,0,0,0
13,right,0.12107431888580322,0.4469510316848755,1.1717102097463794e-06,0.2021498829126358,0.41502028703689575,-0.011375445872545242,0.2946978211402893,0.44429105520248413,-0.03711394593119621,0.36099642515182495,0.499186635017395,-0.06003584340214729,0.4094749689102173,0.5452340245246887,-0.08128959685564041,0.3137736916542053,0.4319096803665161,-0.09417956322431564,0.3802400827407837,0.5747551918029785,-0.13056516647338867,0.41065460443496704,0.6514629125595093,-0.14548560976982117,0.4327555000782013,0.7122836112976074,-0.1542084962129593,0.26328927278518677,0.46226125955581665,-0.10735657066106796,0.3457830846309662,0.6150657534599304,-0.14678160846233368,0.3828853368759155,0.7008236646652222,-0.15145966410636902,0.4101129472255707,0.766578197479248,-0.15535292029380798,0.21071715652942657,0.5062035918235779,-0.11548098176717758,0.2759343683719635,0.6555894017219543,-0.1427963525056839,0.2542254328727722,0.6310775876045227,-0.11868796497583389,0.2335122674703598,0.5883887410163879,-0.10030144453048706,0.16221031546592712,0.5539646744728088,-0.12451087683439255,0.21973250806331635,0.6653623580932617,-0.1389382779598236,0.20922249555587769,0.6426234245300293,-0.11847493797540665,0.19318726658821106,0.6029434204101562,-0.10158903151750565
13,left,0,0,0,0,0,0,0,0,0,0,0,0,0,0,0,0,0,0,0,0,0,0,0,0,0,0,0,0,0,0,0,0,0,0,0,0,0,0,0,0,0,0,0,0,0,0,0,0,0,0,0,0,0,0,0,0,0,0,0,0,0,0,0
14,right,0.12175899744033813,0.44812554121017456,1.1601229061852791e-06,0.202561616897583,0.41519153118133545,-0.010767316445708275,0.29419752955436707,0.44673478603363037,-0.03649851679801941,0.3599701523780823,0.503800094127655,-0.059389594942331314,0.4064174294471741,0.547631561756134,-0.08100762218236923,0.3161141276359558,0.43293246626853943,-0.09458936750888824,0.38308531045913696,0.5737937688827515,-0.1302100419998169,0.41305193305015564,0.6512424349784851,-0.1453789472579956,0.43415725231170654,0.7113679647445679,-0.15434662997722626,0.2658509314060211,0.46382594108581543,-0.10777653753757477,0.34735360741615295,0.6172403693199158,-0.14441931247711182,0.38381606340408325,0.7043362855911255,-0.1475655436515808,0.410124808549881,0.7702642679214478,-0.15108013153076172,0.21420302987098694,0.5076833963394165,-0.11594200134277344,0.2781479060649872,0.6575887203216553,-0.14012663066387177,0.2553792893886566,0.634350061416626,-0.1150110736489296,0.233634352684021,0.5921825170516968,-0.09697535634040833,0.1667863428592682,0.5547125339508057,-0.12518662214279175,0.2230844348669052,0.6657645106315613,-0.13727490603923798,0.21146653592586517,0.6434669494628906,-0.11592260003089905,0.1946960687637329,0.6036362051963806,-0.099044069647789
14,left,0,0,0,0,0,0,0,0,0,0,0,0,0,0,0,0,0,0,0,0,0,0,0,0,0,0,0,0,0,0,0,0,0,0,0,0,0,0,0,0,0,0,0,0,0,0,0,0,0,0,0,0,0,0,0,0,0,0,0,0,0,0,0
15,right,0.12328454852104187,0.4482804536819458,1.1467678859844455e-06,0.20517784357070923,0.4160443842411041,-0.011182471178472042,0.2964939475059509,0.4491739571094513,-0.03710075095295906,0.36117085814476013,0.5069451332092285,-0.06039838120341301,0.4071108102798462,0.5499908924102783,-0.08241219073534012,0.3188287913799286,0.43502509593963623,-0.09396833181381226,0.3843434751033783,0.574596107006073,-0.13018666207790375,0.41376543045043945,0.6527825593948364,-0.1465749442577362,0.4346047639846802,0.714012086391449,-0.15655110776424408,0.2681606411933899,0.46540284156799316,-0.10737442225217819,0.3469966948032379,0.6180388927459717,-0.1442205309867859,0.38339489698410034,0.7054204940795898,-0.14845238626003265,0.4098046123981476,0.7716341614723206,-0.15309862792491913,0.21602535247802734,0.5087045431137085,-0.1159464567899704,0.27979063987731934,0.6580307483673096,-0.14046795666217804,0.25757208466529846,0.634285569190979,-0.1161472275853157,0.23592835664749146,0.5915831327438354,-0.09889756143093109,0.16845642030239105,0.5552075505256653,-0.12572690844535828,0.22515946626663208,0.6658048629760742,-0.13854862749576569,0.21417371928691864,0.6431556940078735,-0.11795634776353836,0.19758285582065582,0.6030474305152893,-0.1017177626490593
15,left,0,0,0,0,0,0,0,0,0,0,0,0,0,0,0,0,0,0,0,0,0,0,0,0,0,0,0,0,0,0,0,0,0,0,0,0,0,0,0,0,0,0,0,0,0,0,0,0,0,0,0,0,0,0,0,0,0,0,0,0,0,0,0
16,right,0.12438750267028809,0.4475131034851074,1.1391778116376372e-06,0.2073133885860443,0.4148063659667969,-0.010314974933862686,0.29804691672325134,0.4471712112426758,-0.036226335912942886,0.3631572127342224,0.5057138204574585,-0.059476789087057114,0.4082713723182678,0.5509828329086304,-0.08160155266523361,0.320032000541687,0.4342985451221466,-0.09488722681999207,0.3844277262687683,0.5747939944267273,-0.1307760775089264,0.4135918617248535,0.6531968116760254,-0.14686156809329987,0.43429893255233765,0.7139249444007874,-0.15660148859024048,0.2687583267688751,0.4645145535469055,-0.10832516849040985,0.34652698040008545,0.6174252033233643,-0.1445576399564743,0.38283416628837585,0.7053181529045105,-0.14851219952106476,0.40893882513046265,0.7706817388534546,-0.15313394367694855,0.21640433371067047,0.507724940776825,-0.11665789037942886,0.2795923054218292,0.6560742259025574,-0.14036567509174347,0.25880762934684753,0.6337718963623047,-0.1162494346499443,0.2379155158996582,0.5911930203437805,-0.09938448667526245,0.1689695566892624,0.5538267493247986,-0.12607450783252716,0.2248820811510086,0.6633831262588501,-0.1380820870399475,0.2148289978504181,0.6412175297737122,-0.11753644049167633,0.19867277145385742,0.6009587049484253,-0.10148181766271591
16,left,0,0,0,0,0,0,0,0,0,0,0,0,0,0,0,0,0,0,0,0,0,0,0,0,0,0,0,0,0,0,0,0,0,0,0,0,0,0,0,0,0,0,0,0,0,0,0,0,0,0,0,0,0,0,0,0,0,0,0,0,0,0,0
17,right,0.12609745562076569,0.4447278380393982,1.142881501436932e-06,0.20866048336029053,0.41341739892959595,-0.009760468266904354,0.29930734634399414,0.44670385122299194,-0.034965962171554565,0.36407771706581116,0.505066990852356,-0.057642992585897446,0.4084892272949219,0.5502030849456787,-0.07906221598386765,0.32104507088661194,0.43024033308029175,-0.09263846278190613,0.38529497385025024,0.5709758400917053,-0.1283021718263626,0.4138915538787842,0.649885356426239,-0.14441978931427002,0.4338533878326416,0.7113648653030396,-0.1542574167251587,0.2710602283477783,0.4605954587459564,-0.10622844845056534,0.3479830026626587,0.6132453083992004,-0.14205338060855865,0.3835573196411133,0.7013413906097412,-0.1460847407579422,0.40903425216674805,0.767548680305481,-0.150851309299469,0.21941183507442474,0.5034655332565308,-0.114841528236866,0.28055375814437866,0.6516507267951965,-0.13808347284793854,0.25985848903656006,0.6293483376502991,-0.11437617987394333,0.2395315319299698,0.5873599648475647,-0.0980309396982193,0.17202161252498627,0.5494035482406616,-0.12458664923906326,0.2257341742515564,0.6598957777023315,-0.1365981549024582,0.21569617092609406,0.6381487250328064,-0.11666976660490036,0.20027852058410645,0.5983454585075378,-0.10117421299219131
17,left,0,0,0,0,0,0,0,0,0,0,0,0,0,0,0,0,0,0,0,0,0,0,0,0,0,0,0,0,0,0,0,0,0,0,0,0,0,0,0,0,0,0,0,0,0,0,0,0,0,0,0,0,0,0,0,0,0,0,0,0,0,0,0
18,right,0.12778908014297485,0.4437263607978821,1.1282955938440864e-06,0.20919175446033478,0.41223859786987305,-0.010190819390118122,0.2992778718471527,0.4469623267650604,-0.03551043942570686,0.3633270263671875,0.5057411193847656,-0.05827967822551727,0.4102187752723694,0.5476444363594055,-0.07988789677619934,0.32187703251838684,0.43297672271728516,-0.09314770996570587,0.3863092362880707,0.5733110308647156,-0.12879665195941925,0.4150197505950928,0.6515662670135498,-0.14463724195957184,0.43520838022232056,0.7126724720001221,-0.15425100922584534,0.27167946100234985,0.4627363383769989,-0.10659389197826385,0.34896424412727356,0.6161118149757385,-0.14270365238189697,0.38429269194602966,0.7027655839920044,-0.14640726149082184,0.40969765186309814,0.76849365234375,-0.15079477429389954,0.2201213240623474,0.5047895908355713,-0.1150946244597435,0.28063613176345825,0.6562026143074036,-0.1386559009552002,0.2581334710121155,0.6321289539337158,-0.1140170767903328,0.2365942746400833,0.5890992879867554,-0.09680353850126266,0.17279352247714996,0.5496345162391663,-0.12476398795843124,0.2264334261417389,0.6627511978149414,-0.13681989908218384,0.21557441353797913,0.640431821346283,-0.11616218090057373,0.19929444789886475,0.600196123123169,-0.10003948956727982
18,left,0,0,0,0,0,0,0,0,0,0,0,0,0,0,0,0,0,0,0,0,0,0,0,0,0,0,0,0,0,0,0,0,0,0,0,0,0,0,0,0,0,0,0,0,0,0,0,0,0,0,0,0,0,0,0,0,0,0,0,0,0,0,0
19,right,0.12794288992881775,0.4457547068595886,1.1199750815649168e-06,0.20966240763664246,0.4141719341278076,-0.00938220601528883,0.30050259828567505,0.4475695490837097,-0.03406151384115219,0.3653091788291931,0.5054733753204346,-0.056332483887672424,0.41116946935653687,0.5500774383544922,-0.07732083648443222,0.32205814123153687,0.4357803463935852,-0.09134341776371002,0.3862650990486145,0.5761630535125732,-0.12593631446361542,0.41480422019958496,0.6540239453315735,-0.14067195355892181,0.4348871409893036,0.7142435312271118,-0.14936454594135284,0.27222439646720886,0.46568161249160767,-0.1047237291932106,0.34971103072166443,0.6188786029815674,-0.1399267166852951,0.3846026062965393,0.7054925560951233,-0.14298206567764282,0.4095829129219055,0.7701907753944397,-0.1466434895992279,0.22079172730445862,0.5076751708984375,-0.11309285461902618,0.2818087935447693,0.6582174897193909,-0.13642708957195282,0.25946980714797974,0.6346207857131958,-0.11203952878713608,0.2380531132221222,0.5912253260612488,-0.0946054756641388,0.1734309196472168,0.5522748827934265,-0.12245289236307144,0.2271663099527359,0.664842963218689,-0.13429880142211914,0.21635374426841736,0.6425769329071045,-0.11380849778652191,0.20007741451263428,0.6020023822784424,-0.09756997972726822
19,left,0,0,0,0,0,0,0,0,0,0,0,0,0,0,0,0,0,0,0,0,0,0,0,0,0,0,0,0,0,0,0,0,0,0,0,0,0,0,0,0,0,0,0,0,0,0,0,0,0,0,0,0,0,0,0,0,0,0,0,0,0,0,0
20,right,0.1298617571592331,0.4469119608402252,1.1243140534134e-06,0.21167001128196716,0.41599804162979126,-0.009356911294162273,0.3020206689834595,0.4480389356613159,-0.03420427441596985,0.3672834038734436,0.50507652759552,-0.05664854869246483,0.41189634799957275,0.5504257678985596,-0.07783905416727066,0.32405418157577515,0.435324102640152,-0.0909552276134491,0.38741156458854675,0.5759380459785461,-0.1256529688835144,0.41564053297042847,0.6530601382255554,-0.14047928154468536,0.43541622161865234,0.7127475738525391,-0.1492033451795578,0.2746390104293823,0.46478161215782166,-0.10445909947156906,0.35148268938064575,0.617745578289032,-0.13981559872627258,0.38584426045417786,0.7047613859176636,-0.14296936988830566,0.41028112173080444,0.7695763111114502,-0.14655157923698425,0.22332516312599182,0.5066163539886475,-0.11300129443407059,0.28245803713798523,0.6552340984344482,-0.13626670837402344,0.2609707713127136,0.6331822872161865,-0.11231599003076553,0.24080385267734528,0.5912393927574158,-0.09524048119783401,0.17575155198574066,0.5518181324005127,-0.12252753227949142,0.2280241847038269,0.6629148721694946,-0.1341479867696762,0.21753713488578796,0.6416868567466736,-0.11372041702270508,0.20234188437461853,0.6021606922149658,-0.09757328033447266
20,left,0,0,0,0,0,0,0,0,0,0,0,0,0,0,0,0,0,0,0,0,0,0,0,0,0,0,0,0,0,0,0,0,0,0,0,0,0,0,0,0,0,0,0,0,0,0,0,0,0,0,0,0,0,0,0,0,0,0,0,0,0,0,0
21,right,0.12979711592197418,0.44453781843185425,1.1161835118400631e-06,0.21164485812187195,0.41432228684425354,-0.00933128222823143,0.3013944625854492,0.4482366144657135,-0.034314122051000595,0.3655507266521454,0.5063426494598389,-0.056880488991737366,0.41165733337402344,0.550016462802887,-0.07834464311599731,0.3249191343784332,0.4353562891483307,-0.09193926304578781,0.38792580366134644,0.5757502317428589,-0.12679928541183472,0.41564708948135376,0.6539392471313477,-0.14217360317707062,0.4348425567150116,0.7146255373954773,-0.15133629739284515,0.2751471698284149,0.4652758240699768,-0.10537640005350113,0.3512355387210846,0.6183485388755798,-0.14018282294273376,0.38571298122406006,0.7049686312675476,-0.14331841468811035,0.41006606817245483,0.7697941064834595,-0.1472630798816681,0.2233550101518631,0.5074902176856995,-0.11375987529754639,0.283523291349411,0.6567186117172241,-0.13610830903053284,0.2614012062549591,0.6334956288337708,-0.11134598404169083,0.2397879809141159,0.590834379196167,-0.0940796509385109,0.17556214332580566,0.5524593591690063,-0.12321122735738754,0.2292708456516266,0.6632553339004517,-0.13422848284244537,0.2186373472213745,0.6409661173820496,-0.11315883696079254,0.20223331451416016,0.6008398532867432,-0.09668346494436264
21,left,0,0,0,0,0,0,0,0,0,0,0,0,0,0,0,0,0,0,0,0,0,0,0,0,0,0,0,0,0,0,0,0,0,0,0,0,0,0,0,0,0,0,0,0,0,0,0,0,0,0,0,0,0,0,0,0,0,0,0,0,0,0,0
22,right,0.13103432953357697,0.4467361867427826,1.1167298907821532e-06,0.2131875455379486,0.41625356674194336,-0.008775463327765465,0.30309078097343445,0.44804900884628296,-0.03368448093533516,0.3680092692375183,0.5049869418144226,-0.05633123964071274,0.4136177897453308,0.5501492023468018,-0.07762263715267181,0.3256855905056,0.4348182678222656,-0.09041301906108856,0.38924553990364075,0.574377715587616,-0.125320702791214,0.41725486516952515,0.6515679955482483,-0.14024996757507324,0.4365186095237732,0.7114330530166626,-0.14900019764900208,0.27671247720718384,0.46400079131126404,-0.1042829155921936,0.35364830493927,0.6158225536346436,-0.1400635540485382,0.3875775933265686,0.703056275844574,-0.1433899849653244,0.4113632142543793,0.7682150602340698,-0.14697307348251343,0.22561097145080566,0.5056244134902954,-0.113186776638031,0.28444406390190125,0.6543211340904236,-0.1366775631904602,0.26299020648002625,0.6324907541275024,-0.11264403909444809,0.24296928942203522,0.5904893279075623,-0.0954909473657608,0.17786350846290588,0.5507521033287048,-0.12303861230611801,0.22949156165122986,0.6616263389587402,-0.13477970659732819,0.21922120451927185,0.6405022144317627,-0.11444755643606186,0.20453843474388123,0.6009985208511353,-0.0983465313911438
22,left,0,0,0,0,0,0,0,0,0,0,0,0,0,0,0,0,0,0,0,0,0,0,0,0,0,0,0,0,0,0,0,0,0,0,0,0,0,0,0,0,0,0,0,0,0,0,0,0,0,0,0,0,0,0,0,0,0,0,0,0,0,0,0
23,right,0.1329573541879654,0.4436115324497223,1.1161848760821158e-06,0.21536409854888916,0.4141038656234741,-0.008701199665665627,0.3045138120651245,0.44760993123054504,-0.03348918259143829,0.36845555901527405,0.5053481459617615,-0.056138694286346436,0.4127330183982849,0.5499715209007263,-0.07754731178283691,0.32833245396614075,0.43276774883270264,-0.08951741456985474,0.39073264598846436,0.5726988911628723,-0.12457738071680069,0.4190594255924225,0.6498638391494751,-0.14014247059822083,0.4386708736419678,0.7098330855369568,-0.14947445690631866,0.2792948782444,0.46260353922843933,-0.10364954173564911,0.3549538850784302,0.6145130395889282,-0.1390821635723114,0.38915038108825684,0.7012396454811096,-0.1427169144153595,0.4133385419845581,0.7663604021072388,-0.14678531885147095,0.22803860902786255,0.5045119524002075,-0.11293235421180725,0.2863307297229767,0.6528843641281128,-0.1362326294183731,0.26493963599205017,0.6311931014060974,-0.11251149326562881,0.24489766359329224,0.5899780988693237,-0.095760278403759,0.18033549189567566,0.5497575998306274,-0.12322352081537247,0.23236848413944244,0.660570502281189,-0.1349276453256607,0.22203385829925537,0.6394973993301392,-0.11467806994915009,0.20692119002342224,0.6002935767173767,-0.09874569624662399
23,left,0,0,0,0,0,0,0,0,0,0,0,0,0,0,0,0,0,0,0,0,0,0,0,0,0,0,0,0,0,0,0,0,0,0,0,0,0,0,0,0,0,0,0,0,0,0,0,0,0,0,0,0,0,0,0,0,0,0,0,0,0,0,0
24,right,0.13278305530548096,0.44394651055336,1.1171172218382708e-06,0.21493349969387054,0.4140511751174927,-0.009144827723503113,0.304256409406662,0.4468849003314972,-0.03382021561264992,0.36835959553718567,0.5047610998153687,-0.056302063167095184,0.4135354161262512,0.5491119623184204,-0.07748327404260635,0.32817724347114563,0.43154746294021606,-0.08905345946550369,0.3914933204650879,0.570667564868927,-0.12404436618089676,0.41994327306747437,0.6484819650650024,-0.1396598219871521,0.43968188762664795,0.7086939215660095,-0.14888034760951996,0.2798573672771454,0.4621199369430542,-0.10274259746074677,0.3562428057193756,0.6131377220153809,-0.13767844438552856,0.39035341143608093,0.7000096440315247,-0.14119301736354828,0.41405805945396423,0.7649295330047607,-0.1451483517885208,0.22893176972866058,0.5045494437217712,-0.11169680207967758,0.2880699038505554,0.6517378687858582,-0.13458681106567383,0.2664788067340851,0.6297479867935181,-0.11084464192390442,0.24589352309703827,0.5882976651191711,-0.09406495094299316,0.18122819066047668,0.5501015782356262,-0.1217089369893074,0.23355025053024292,0.6595584154129028,-0.13329045474529266,0.22294917702674866,0.6381288766860962,-0.11309468001127243,0.2075670212507248,0.5989933013916016,-0.09712592512369156
24,left,0,0,0,0,0,0,0,0,0,0,0,0,0,0,0,0,0,0,0,0,0,0,0,0,0,0,0,0,0,0,0,0,0,0,0,0,0,0,0,0,0,0,0,0,0,0,0,0,0,0,0,0,0,0,0,0,0,0,0,0,0,0,0
25,right,0.13275820016860962,0.4448551833629608,1.1093941338913282e-06,0.2151014655828476,0.41496312618255615,-0.008288460783660412,0.30439963936805725,0.4481077790260315,-0.032378748059272766,0.36859363317489624,0.5066137909889221,-0.05446494370698929,0.41381728649139404,0.551542341709137,-0.07528601586818695,0.3287241458892822,0.4316455125808716,-0.0875718742609024,0.39279115200042725,0.5697730183601379,-0.12216075509786606,0.4216841161251068,0.6475272178649902,-0.13754267990589142,0.4414988160133362,0.7077701091766357,-0.1465683877468109,0.28123849630355835,0.4624967873096466,-0.10151392221450806,0.3571232557296753,0.6127191781997681,-0.13594579696655273,0.39109402894973755,0.6994045376777649,-0.13939355313777924,0.4146866798400879,0.7642707824707031,-0.14327460527420044,0.23104196786880493,0.5049364566802979,-0.11067333817481995,0.2890706956386566,0.6521511673927307,-0.13307452201843262,0.2668364942073822,0.6306127905845642,-0.10938512533903122,0.24608361721038818,0.5897139310836792,-0.09265608340501785,0.18363703787326813,0.5502081513404846,-0.12085970491170883,0.23479285836219788,0.6599847674369812,-0.13193225860595703,0.22385890781879425,0.6388248205184937,-0.11161703616380692,0.20833006501197815,0.5998768210411072,-0.09555476903915405
25,left,0,0,0,0,0,0,0,0,0,0,0,0,0,0,0,0,0,0,0,0,0,0,0,0,0,0,0,0,0,0,0,0,0,0,0,0,0,0,0,0,0,0,0,0,0,0,0,0,0,0,0,0,0,0,0,0,0,0,0,0,0,0,0
26,right,0.13393902778625488,0.4463220536708832,1.084561745301471e-06,0.21580179035663605,0.4169764518737793,-0.008147327229380608,0.30527445673942566,0.4521273970603943,-0.03152666240930557,0.3695906400680542,0.5108004212379456,-0.05313543230295181,0.4167877733707428,0.5542101860046387,-0.07353293895721436,0.3301544189453125,0.4392036199569702,-0.08538368344306946,0.3925054371356964,0.5769610404968262,-0.11979103088378906,0.42091691493988037,0.6554319858551025,-0.13560621440410614,0.4407274127006531,0.7173970341682434,-0.1452304571866989,0.28258436918258667,0.4697956442832947,-0.09969314932823181,0.356106162071228,0.6201459765434265,-0.1340026706457138,0.3894810676574707,0.7058639526367188,-0.1379280388355255,0.4137447476387024,0.7710206508636475,-0.14231270551681519,0.23158010840415955,0.5115757584571838,-0.10931737720966339,0.2877810299396515,0.6605618000030518,-0.13199931383132935,0.2641281187534332,0.6361472606658936,-0.10785628110170364,0.24288876354694366,0.5934174656867981,-0.09077984094619751,0.18306788802146912,0.5555540323257446,-0.12004178762435913,0.23308178782463074,0.6676034927368164,-0.1312723606824875,0.22142019867897034,0.644839346408844,-0.11040807515382767,0.20528605580329895,0.6047406792640686,-0.09396398812532425
26,left,0,0,0,0,0,0,0,0,0,0,0,0,0,0,0,0,0,0,0,0,0,0,0,0,0,0,0,0,0,0,0,0,0,0,0,0,0,0,0,0,0,0,0,0,0,0,0,0,0,0,0,0,0,0,0,0,0,0,0,0,0,0,0
27,right,0.1345924586057663,0.452290415763855,1.0993297792083467e-06,0.21708503365516663,0.4219454228878021,-0.0077005233615636826,0.3062809109687805,0.4544634521007538,-0.031282249838113785,0.3704235255718231,0.5122765302658081,-0.05304655060172081,0.4166354537010193,0.5590745210647583,-0.07341773808002472,0.3292068839073181,0.444519579410553,-0.08670943975448608,0.39192432165145874,0.582556426525116,-0.12069794535636902,0.42083999514579773,0.6600498557090759,-0.13531675934791565,0.4415358901023865,0.7205408215522766,-0.14392027258872986,0.28158339858055115,0.4733254611492157,-0.10086967051029205,0.3561937212944031,0.6241472363471985,-0.13575327396392822,0.38976651430130005,0.7112733125686646,-0.13927486538887024,0.4140635132789612,0.7768259644508362,-0.14290297031402588,0.23044849932193756,0.5145083665847778,-0.1100529134273529,0.28668317198753357,0.6634389162063599,-0.13331523537635803,0.2636503279209137,0.6409500241279602,-0.10911306738853455,0.2428939938545227,0.5986651182174683,-0.09144057333469391,0.18199321627616882,0.5579756498336792,-0.12014518678188324,0.23112516105175018,0.6698280572891235,-0.13158276677131653,0.2205294966697693,0.6475465297698975,-0.11092469841241837,0.20551365613937378,0.6072181463241577,-0.0943409726023674
27,left,0,0,0,0,0,0,0,0,0,0,0,0,0,0,0,0,0,0,0,0,0,0,0,0,0,0,0,0,0,0,0,0,0,0,0,0,0,0,0,0,0,0,0,0,0,0,0,0,0,0,0,0,0,0,0,0,0,0,0,0,0,0,0
28,right,0.13543762266635895,0.4494750499725342,1.1047073940062546e-06,0.21755650639533997,0.42069461941719055,-0.00865689292550087,0.307269424200058,0.45196402072906494,-0.03313516825437546,0.37269023060798645,0.50876784324646,-0.0552622452378273,0.41794294118881226,0.5587457418441772,-0.07589174807071686,0.3284507393836975,0.44520944356918335,-0.08989541232585907,0.39219969511032104,0.5852916240692139,-0.12412042915821075,0.42043137550354004,0.6628939509391785,-0.1383998841047287,0.4399944245815277,0.7230743169784546,-0.14679059386253357,0.2804379463195801,0.4739319980144501,-0.10341040790081024,0.35613757371902466,0.6262060403823853,-0.13862329721450806,0.3898804187774658,0.7134393453598022,-0.14135682582855225,0.4142417907714844,0.7785013914108276,-0.14444492757320404,0.2295469343662262,0.5149824023246765,-0.11183098703622818,0.2877894341945648,0.6633293032646179,-0.13499031960964203,0.2650188207626343,0.6407493352890015,-0.11007925122976303,0.24403256177902222,0.5984841585159302,-0.09202003479003906,0.1813989281654358,0.558731198310852,-0.1211954727768898,0.23226040601730347,0.668954610824585,-0.13270451128482819,0.22209692001342773,0.6468214988708496,-0.11186321824789047,0.20693033933639526,0.6069735288619995,-0.09515833109617233
28,left,0,0,0,0,0,0,0,0,0,0,0,0,0,0,0,0,0,0,0,0,0,0,0,0,0,0,0,0,0,0,0,0,0,0,0,0,0,0,0,0,0,0,0,0,0,0,0,0,0,0,0,0,0,0,0,0,0,0,0,0,0,0,0
29,right,0.13635161519050598,0.44994810223579407,1.1065097851314931e-06,0.21888995170593262,0.4210074543952942,-0.008247827179729939,0.3087209165096283,0.4535942077636719,-0.032442811876535416,0.3735831379890442,0.5118998289108276,-0.05430962145328522,0.41946208477020264,0.5599445700645447,-0.07472719997167587,0.32978010177612305,0.4437223970890045,-0.08953245729207993,0.3928025960922241,0.5839502811431885,-0.1236647367477417,0.4212501347064972,0.6616771221160889,-0.13753819465637207,0.44085362553596497,0.7217644453048706,-0.14543446898460388,0.2822355329990387,0.47335943579673767,-0.10314667969942093,0.3579808175563812,0.6240743398666382,-0.1386699378490448,0.391270250082016,0.7116590142250061,-0.1413746178150177,0.4147927761077881,0.7772878408432007,-0.14412455260753632,0.23134678602218628,0.5147762298583984,-0.11166181415319443,0.28812628984451294,0.661235511302948,-0.13495489954948425,0.26670339703559875,0.6387200355529785,-0.11034128814935684,0.24672697484493256,0.597461462020874,-0.09228520095348358,0.18260902166366577,0.5587060451507568,-0.12101741880178452,0.23312675952911377,0.6681428551673889,-0.13191279768943787,0.22382351756095886,0.6461971998214722,-0.11091186106204987,0.20917798578739166,0.6073034405708313,-0.09410141408443451
29,left,0,0,0,0,0,0,0,0,0,0,0,0,0,0,0,0,0,0,0,0,0,0,0,0,0,0,0,0,0,0,0,0,0,0,0,0,0,0,0,0,0,0,0,0,0,0,0,0,0,0,0,0,0,0,0,0,0,0,0,0,0,0,0
30,right,0.13494908809661865,0.4479001462459564,1.105015144275967e-06,0.21778874099254608,0.4201010465621948,-0.008941367268562317,0.307152658700943,0.45356452465057373,-0.03349805995821953,0.3716365694999695,0.5120682716369629,-0.055681586265563965,0.41804033517837524,0.5600172877311707,-0.07652074843645096,0.32922452688217163,0.44425567984580994,-0.09000436961650848,0.39153340458869934,0.5836706161499023,-0.12431993335485458,0.41930001974105835,0.6627432107925415,-0.13916955888271332,0.43843257427215576,0.7241407036781311,-0.14789386093616486,0.2809247374534607,0.4732744097709656,-0.10339533537626266,0.3549380898475647,0.6257085800170898,-0.13783682882785797,0.3884037137031555,0.7138898372650146,-0.14097462594509125,0.4121811091899872,0.7795979976654053,-0.1446743756532669,0.22927168011665344,0.51433265209198,-0.11173267662525177,0.286642849445343,0.6631872057914734,-0.13417978584766388,0.26455259323120117,0.6404473185539246,-0.10960010439157486,0.24386811256408691,0.5979934930801392,-0.09210627526044846,0.180647075176239,0.5577714443206787,-0.12106043100357056,0.23154392838478088,0.6680195927619934,-0.13219253718852997,0.22176869213581085,0.6456600427627563,-0.11141343414783478,0.20674240589141846,0.6056700348854065,-0.09492576122283936
30,left,0,0,0,0,0,0,0,0,0,0,0,0,0,0,0,0,0,0,0,0,0,0,0,0,0,0,0,0,0,0,0,0,0,0,0,0,0,0,0,0,0,0,0,0,0,0,0,0,0,0,0,0,0,0,0,0,0,0,0,0,0,0,0
31,right,0.13507667183876038,0.45382845401763916,1.094875415219576e-06,0.21723201870918274,0.4244286119937897,-0.008423058316111565,0.3062017858028412,0.45766496658325195,-0.03239060938358307,0.37010881304740906,0.5165983438491821,-0.05415167659521103,0.416387140750885,0.563065230846405,-0.07458432018756866,0.3278183043003082,0.4484800696372986,-0.08881612122058868,0.3893071115016937,0.5864135026931763,-0.12282152473926544,0.41749364137649536,0.6642422676086426,-0.13724873960018158,0.43752747774124146,0.7249356508255005,-0.14562678337097168,0.28002095222473145,0.4779355227947235,-0.10238856822252274,0.35429006814956665,0.628764271736145,-0.1369038224220276,0.3876912295818329,0.7159820199012756,-0.1398238241672516,0.41158998012542725,0.7813881635665894,-0.14316056668758392,0.22887830436229706,0.5190768241882324,-0.11093278229236603,0.2852714955806732,0.6667060852050781,-0.13386638462543488,0.2626795768737793,0.6431218981742859,-0.109207384288311,0.2418832927942276,0.6004804372787476,-0.09130749106407166,0.1805010437965393,0.5624075531959534,-0.12038758397102356,0.23084089159965515,0.6731158494949341,-0.1317233443260193,0.2202298790216446,0.6504560708999634,-0.1107284277677536,0.20467838644981384,0.6099895238876343,-0.09395081549882889
31,left,0,0,0,0,0,0,0,0,0,0,0,0,0,0,0,0,0,0,0,0,0,0,0,0,0,0,0,0,0,0,0,0,0,0,0,0,0,0,0,0,0,0,0,0,0,0,0,0,0,0,0,0,0,0,0,0,0,0,0,0,0,0,0
32,right,0.1355741322040558,0.4533655345439911,1.1004522093571723e-06,0.21726679801940918,0.42516088485717773,-0.00878359004855156,0.30631959438323975,0.4597402811050415,-0.03308344632387161,0.3704085052013397,0.5195768475532532,-0.0548560656607151,0.4166310727596283,0.5681499242782593,-0.07543734461069107,0.3265465199947357,0.45314550399780273,-0.0916140004992485,0.3891471326351166,0.5917925834655762,-0.12529700994491577,0.4179440438747406,0.6692723631858826,-0.13898520171642303,0.43827077746391296,0.7295857071876526,-0.14688430726528168,0.27834635972976685,0.48227745294570923,-0.10473697632551193,0.3538021445274353,0.6330721974372864,-0.13912995159626007,0.3873830735683441,0.7190688848495483,-0.14129409193992615,0.41119444370269775,0.7836253643035889,-0.1440325230360031,0.22697792947292328,0.5232183933258057,-0.11257722228765488,0.2852213680744171,0.6703919172286987,-0.13490216434001923,0.26322731375694275,0.6459696292877197,-0.10945450514554977,0.24221789836883545,0.6030189394950867,-0.09106888622045517,0.17843210697174072,0.5658292174339294,-0.12131940573453903,0.2305351048707962,0.6757315993309021,-0.13211339712142944,0.22087989747524261,0.652727484703064,-0.11065346002578735,0.20516665279865265,0.6125200390815735,-0.0935240089893341
32,left,0,0,0,0,0,0,0,0,0,0,0,0,0,0,0,0,0,0,0,0,0,0,0,0,0,0,0,0,0,0,0,0,0,0,0,0,0,0,0,0,0,0,0,0,0,0,0,0,0,0,0,0,0,0,0,0,0,0,0,0,0,0,0
33,right,0.1366257220506668,0.45955219864845276,1.1059216831199592e-06,0.21844729781150818,0.43031591176986694,-0.009223999455571175,0.30730390548706055,0.4640529751777649,-0.03368512541055679,0.37175092101097107,0.5237534642219543,-0.05544058978557587,0.4182790219783783,0.5714132189750671,-0.07585041224956512,0.32618504762649536,0.45689886808395386,-0.09213912487030029,0.3895590305328369,0.5953069925308228,-0.12607254087924957,0.41840866208076477,0.6731881499290466,-0.1395910233259201,0.4386438727378845,0.7335364818572998,-0.14716430008411407,0.27873119711875916,0.4869232475757599,-0.10486913472414017,0.3545098304748535,0.6369235515594482,-0.13955917954444885,0.38817331194877625,0.7230817675590515,-0.1416764259338379,0.41207799315452576,0.7872759103775024,-0.14424341917037964,0.22756518423557281,0.5282596945762634,-0.11235366016626358,0.2860613167285919,0.6725293397903442,-0.1352083384990692,0.2650163471698761,0.6470948457717896,-0.11005149781703949,0.24460425972938538,0.6035336852073669,-0.09172216802835464,0.17872707545757294,0.5709223747253418,-0.12068082392215729,0.23026376962661743,0.6798811554908752,-0.1321392059326172,0.22086386382579803,0.6559566855430603,-0.11106570810079575,0.20545756816864014,0.6152610778808594,-0.09407417476177216
33,left,0,0,0,0,0,0,0,0,0,0,0,0,0,0,0,0,0,0,0,0,0,0,0,0,0,0,0,0,0,0,0,0,0,0,0,0,0,0,0,0,0,0,0,0,0,0,0,0,0,0,0,0,0,0,0,0,0,0,0,0,0,0,0
34,right,0.13657750189304352,0.45679163932800293,1.10199766822916e-06,0.21870511770248413,0.42918187379837036,-0.008727728389203548,0.30757036805152893,0.4642001688480377,-0.03348620980978012,0.37265995144844055,0.5245076417922974,-0.05540675297379494,0.42071038484573364,0.5721506476402283,-0.07612895965576172,0.3265754282474518,0.458184152841568,-0.09404502063989639,0.389470636844635,0.5974202752113342,-0.12802261114120483,0.4178633689880371,0.6754807829856873,-0.14147964119911194,0.43754130601882935,0.7359808087348938,-0.14911125600337982,0.27851852774620056,0.4876176118850708,-0.10704390704631805,0.35397881269454956,0.6393154859542847,-0.1419992446899414,0.3871934413909912,0.7256295680999756,-0.14375881850719452,0.4105495810508728,0.7905000448226929,-0.14609061181545258,0.22679978609085083,0.5285476446151733,-0.11455482244491577,0.2866479158401489,0.6736742258071899,-0.1369413286447525,0.2660834491252899,0.6477182507514954,-0.11090581119060516,0.24564893543720245,0.6048489809036255,-0.09215626120567322,0.17732664942741394,0.5710089206695557,-0.12285878509283066,0.23038768768310547,0.6788555383682251,-0.13347245752811432,0.22210386395454407,0.6544722318649292,-0.11161216348409653,0.20662352442741394,0.6146232485771179,-0.09418191015720367
34,left,0,0,0,0,0,0,0,0,0,0,0,0,0,0,0,0,0,0,0,0,0,0,0,0,0,0,0,0,0,0,0,0,0,0,0,0,0,0,0,0,0,0,0,0,0,0,0,0,0,0,0,0,0,0,0,0,0,0,0,0,0,0,0
35,right,0.13751597702503204,0.45841893553733826,1.1075559314122074e-06,0.21871158480644226,0.4311549663543701,-0.010033631697297096,0.30796486139297485,0.4664347767829895,-0.03501412644982338,0.37274664640426636,0.526854932308197,-0.057030659168958664,0.4213465750217438,0.5747659206390381,-0.07766948640346527,0.32650500535964966,0.4570853114128113,-0.09354935586452484,0.38950592279434204,0.5974008440971375,-0.1279020607471466,0.4182806611061096,0.6755461096763611,-0.14119070768356323,0.4385349750518799,0.7360599040985107,-0.14847613871097565,0.2787107825279236,0.48720383644104004,-0.10586211830377579,0.35492855310440063,0.6385545134544373,-0.14140398800373077,0.38912051916122437,0.72468101978302,-0.14359945058822632,0.4135115146636963,0.7893146276473999,-0.14596527814865112,0.22727006673812866,0.5286296010017395,-0.1129637286067009,0.28642538189888,0.6732087731361389,-0.13639597594738007,0.26680803298950195,0.647426962852478,-0.11137261241674423,0.2472836673259735,0.6045916676521301,-0.09295541048049927,0.17802920937538147,0.5719558596611023,-0.1208842322230339,0.23019081354141235,0.6799535751342773,-0.13234442472457886,0.2220831960439682,0.6557623744010925,-0.11136633157730103,0.2074081301689148,0.6161286234855652,-0.09442748129367828
35,left,0,0,0,0,0,0,0,0,0,0,0,0,0,0,0,0,0,0,0,0,0,0,0,0,0,0,0,0,0,0,0,0,0,0,0,0,0,0,0,0,0,0,0,0,0,0,0,0,0,0,0,0,0,0,0,0,0,0,0,0,0,0,0
36,right,0.13756561279296875,0.4591232240200043,1.10473456516047e-06,0.2185956835746765,0.43176567554473877,-0.009841790422797203,0.3074917495250702,0.4678904712200165,-0.034518443048000336,0.3718043565750122,0.5289546847343445,-0.05635961890220642,0.4194950461387634,0.5769022107124329,-0.07676374912261963,0.3272345960140228,0.46011367440223694,-0.0924164429306984,0.38979050517082214,0.5993052124977112,-0.12628783285617828,0.4174860119819641,0.6774699687957764,-0.1398124247789383,0.43670156598091125,0.7380850911140442,-0.1475166529417038,0.2794773280620575,0.4896102547645569,-0.10496536642313004,0.35435280203819275,0.6412907838821411,-0.13998940587043762,0.3873145282268524,0.7283322811126709,-0.14217884838581085,0.41073065996170044,0.7939547300338745,-0.1447078138589859,0.22784367203712463,0.5305539965629578,-0.11232040822505951,0.286538690328598,0.6757209300994873,-0.1352146714925766,0.2650502026081085,0.6494942903518677,-0.1095442920923233,0.24435415863990784,0.6063583493232727,-0.09084928035736084,0.17858923971652985,0.573371171951294,-0.12060678750276566,0.23040184378623962,0.6813408136367798,-0.13186244666576385,0.2211335301399231,0.6566066741943359,-0.11033265292644501,0.20568761229515076,0.6165527701377869,-0.09301836043596268
36,left,0,0,0,0,0,0,0,0,0,0,0,0,0,0,0,0,0,0,0,0,0,0,0,0,0,0,0,0,0,0,0,0,0,0,0,0,0,0,0,0,0,0,0,0,0,0,0,0,0,0,0,0,0,0,0,0,0,0,0,0,0,0,0
