1,right,0,0,0,0,0,0,0,0,0,0,0,0,0,0,0,0,0,0,0,0,0,0,0,0,0,0,0,0,0,0,0,0,0,0,0,0,0,0,0,0,0,0,0,0,0,0,0,0,0,0,0,0,0,0,0,0,0,0,0,0,0,0,0
1,left,0,0,0,0,0,0,0,0,0,0,0,0,0,0,0,0,0,0,0,0,0,0,0,0,0,0,0,0,0,0,0,0,0,0,0,0,0,0,0,0,0,0,0,0,0,0,0,0,0,0,0,0,0,0,0,0,0,0,0,0,0,0,0
2,right,0,0,0,0,0,0,0,0,0,0,0,0,0,0,0,0,0,0,0,0,0,0,0,0,0,0,0,0,0,0,0,0,0,0,0,0,0,0,0,0,0,0,0,0,0,0,0,0,0,0,0,0,0,0,0,0,0,0,0,0,0,0,0
2,left,0,0,0,0,0,0,0,0,0,0,0,0,0,0,0,0,0,0,0,0,0,0,0,0,0,0,0,0,0,0,0,0,0,0,0,0,0,0,0,0,0,0,0,0,0,0,0,0,0,0,0,0,0,0,0,0,0,0,0,0,0,0,0
3,right,0,0,0,0,0,0,0,0,0,0,0,0,0,0,0,0,0,0,0,0,0,0,0,0,0,0,0,0,0,0,0,0,0,0,0,0,0,0,0,0,0,0,0,0,0,0,0,0,0,0,0,0,0,0,0,0,0,0,0,0,0,0,0
3,left,0,0,0,0,0,0,0,0,0,0,0,0,0,0,0,0,0,0,0,0,0,0,0,0,0,0,0,0,0,0,0,0,0,0,0,0,0,0,0,0,0,0,0,0,0,0,0,0,0,0,0,0,0,0,0,0,0,0,0,0,0,0,0
4,right,0,0,0,0,0,0,0,0,0,0,0,0,0,0,0,0,0,0,0,0,0,0,0,0,0,0,0,0,0,0,0,0,0,0,0,0,0,0,0,0,0,0,0,0,0,0,0,0,0,0,0,0,0,0,0,0,0,0,0,0,0,0,0
4,left,0,0,0,0,0,0,0,0,0,0,0,0,0,0,0,0,0,0,0,0,0,0,0,0,0,0,0,0,0,0,0,0,0,0,0,0,0,0,0,0,0,0,0,0,0,0,0,0,0,0,0,0,0,0,0,0,0,0,0,0,0,0,0
5,right,0,0,0,0,0,0,0,0,0,0,0,0,0,0,0,0,0,0,0,0,0,0,0,0,0,0,0,0,0,0,0,0,0,0,0,0,0,0,0,0,0,0,0,0,0,0,0,0,0,0,0,0,0,0,0,0,0,0,0,0,0,0,0
5,left,0,0,0,0,0,0,0,0,0,0,0,0,0,0,0,0,0,0,0,0,0,0,0,0,0,0,0,0,0,0,0,0,0,0,0,0,0,0,0,0,0,0,0,0,0,0,0,0,0,0,0,0,0,0,0,0,0,0,0,0,0,0,0
6,right,0,0,0,0,0,0,0,0,0,0,0,0,0,0,0,0,0,0,0,0,0,0,0,0,0,0,0,0,0,0,0,0,0,0,0,0,0,0,0,0,0,0,0,0,0,0,0,0,0,0,0,0,0,0,0,0,0,0,0,0,0,0,0
6,left,0,0,0,0,0,0,0,0,0,0,0,0,0,0,0,0,0,0,0,0,0,0,0,0,0,0,0,0,0,0,0,0,0,0,0,0,0,0,0,0,0,0,0,0,0,0,0,0,0,0,0,0,0,0,0,0,0,0,0,0,0,0,0
7,right,0,0,0,0,0,0,0,0,0,0,0,0,0,0,0,0,0,0,0,0,0,0,0,0,0,0,0,0,0,0,0,0,0,0,0,0,0,0,0,0,0,0,0,0,0,0,0,0,0,0,0,0,0,0,0,0,0,0,0,0,0,0,0
7,left,0,0,0,0,0,0,0,0,0,0,0,0,0,0,0,0,0,0,0,0,0,0,0,0,0,0,0,0,0,0,0,0,0,0,0,0,0,0,0,0,0,0,0,0,0,0,0,0,0,0,0,0,0,0,0,0,0,0,0,0,0,0,0
8,right,0,0,0,0,0,0,0,0,0,0,0,0,0,0,0,0,0,0,0,0,0,0,0,0,0,0,0,0,0,0,0,0,0,0,0,0,0,0,0,0,0,0,0,0,0,0,0,0,0,0,0,0,0,0,0,0,0,0,0,0,0,0,0
8,left,0,0,0,0,0,0,0,0,0,0,0,0,0,0,0,0,0,0,0,0,0,0,0,0,0,0,0,0,0,0,0,0,0,0,0,0,0,0,0,0,0,0,0,0,0,0,0,0,0,0,0,0,0,0,0,0,0,0,0,0,0,0,0
9,right,0,0,0,0,0,0,0,0,0,0,0,0,0,0,0,0,0,0,0,0,0,0,0,0,0,0,0,0,0,0,0,0,0,0,0,0,0,0,0,0,0,0,0,0,0,0,0,0,0,0,0,0,0,0,0,0,0,0,0,0,0,0,0
9,left,0,0,0,0,0,0,0,0,0,0,0,0,0,0,0,0,0,0,0,0,0,0,0,0,0,0,0,0,0,0,0,0,0,0,0,0,0,0,0,0,0,0,0,0,0,0,0,0,0,0,0,0,0,0,0,0,0,0,0,0,0,0,0
10,right,0,0,0,0,0,0,0,0,0,0,0,0,0,0,0,0,0,0,0,0,0,0,0,0,0,0,0,0,0,0,0,0,0,0,0,0,0,0,0,0,0,0,0,0,0,0,0,0,0,0,0,0,0,0,0,0,0,0,0,0,0,0,0
10,left,0,0,0,0,0,0,0,0,0,0,0,0,0,0,0,0,0,0,0,0,0,0,0,0,0,0,0,0,0,0,0,0,0,0,0,0,0,0,0,0,0,0,0,0,0,0,0,0,0,0,0,0,0,0,0,0,0,0,0,0,0,0,0
11,right,0,0,0,0,0,0,0,0,0,0,0,0,0,0,0,0,0,0,0,0,0,0,0,0,0,0,0,0,0,0,0,0,0,0,0,0,0,0,0,0,0,0,0,0,0,0,0,0,0,0,0,0,0,0,0,0,0,0,0,0,0,0,0
11,left,0,0,0,0,0,0,0,0,0,0,0,0,0,0,0,0,0,0,0,0,0,0,0,0,0,0,0,0,0,0,0,0,0,0,0,0,0,0,0,0,0,0,0,0,0,0,0,0,0,0,0,0,0,0,0,0,0,0,0,0,0,0,0
12,right,0,0,0,0,0,0,0,0,0,0,0,0,0,0,0,0,0,0,0,0,0,0,0,0,0,0,0,0,0,0,0,0,0,0,0,0,0,0,0,0,0,0,0,0,0,0,0,0,0,0,0,0,0,0,0,0,0,0,0,0,0,0,0
12,left,0,0,0,0,0,0,0,0,0,0,0,0,0,0,0,0,0,0,0,0,0,0,0,0,0,0,0,0,0,0,0,0,0,0,0,0,0,0,0,0,0,0,0,0,0,0,0,0,0,0,0,0,0,0,0,0,0,0,0,0,0,0,0
13,right,0.16482815146446228,0.47831958532333374,6.571789299414377e-07,0.24060529470443726,0.5183761119842529,-0.0003726079885382205,0.28298112750053406,0.6100680828094482,-0.01456274650990963,0.2810361087322235,0.7158377766609192,-0.03059324435889721,0.2718331813812256,0.7941619753837585,-0.04417978599667549,0.3325364589691162,0.6037265062332153,-0.034019552171230316,0.356623113155365,0.741110622882843,-0.05438637733459473,0.36256998777389526,0.8180153965950012,-0.062473900616168976,0.36756569147109985,0.872688353061676,-0.06474452465772629,0.29753994941711426,0.62581866979599,-0.04775672405958176,0.3296111524105072,0.7720764875411987,-0.06231360882520676,0.3412453234195709,0.8490312099456787,-0.06486552953720093,0.3484322726726532,0.9002825617790222,-0.06598560512065887,0.2516154944896698,0.6476916670799255,-0.05962517857551575,0.22434090077877045,0.7553529739379883,-0.07086288928985596,0.21082556247711182,0.7201070189476013,-0.0614505298435688,0.21235539019107819,0.6761595010757446,-0.05244043841958046,0.20097267627716064,0.6680101156234741,-0.07217000424861908,0.18113315105438232,0.7376601696014404,-0.06936412304639816,0.17187154293060303,0.7038499712944031,-0.05289557948708534,0.17592626810073853,0.6686104536056519,-0.04039984196424484
13,left,0,0,0,0,0,0,0,0,0,0,0,0,0,0,0,0,0,0,0,0,0,0,0,0,0,0,0,0,0,0,0,0,0,0,0,0,0,0,0,0,0,0,0,0,0,0,0,0,0,0,0,0,0,0,0,0,0,0,0,0,0,0,0
14,right,0.16378256678581238,0.38141557574272156,8.298929969896562e-07,0.23580293357372284,0.41752734780311584,-0.002729336963966489,0.2842177152633667,0.5089859962463379,-0.0176298338919878,0.2853953540325165,0.6097280979156494,-0.03520125523209572,0.28032368421554565,0.678436279296875,-0.04995398968458176,0.34221401810646057,0.4957502484321594,-0.026683133095502853,0.36607635021209717,0.6262205839157104,-0.05061456933617592,0.3754412531852722,0.6987956762313843,-0.06354788690805435,0.3854638636112213,0.7545192837715149,-0.0710003599524498,0.3133945167064667,0.5083324909210205,-0.043036989867687225,0.34233659505844116,0.6536598205566406,-0.06791280210018158,0.35580599308013916,0.7284069061279297,-0.07851272076368332,0.36880141496658325,0.7870010137557983,-0.08493249863386154,0.27222004532814026,0.5240140557289124,-0.05869416147470474,0.2439514696598053,0.6489764451980591,-0.07913024723529816,0.2267400622367859,0.610842764377594,-0.07133249938488007,0.22867247462272644,0.568711519241333,-0.06202748790383339,0.22274520993232727,0.5399553775787354,-0.07569819688796997,0.2036707103252411,0.6339430809020996,-0.08274098485708237,0.1910654455423355,0.6014363765716553,-0.06979837268590927,0.1939142644405365,0.5668973922729492,-0.058449637144804
14,left,0,0,0,0,0,0,0,0,0,0,0,0,0,0,0,0,0,0,0,0,0,0,0,0,0,0,0,0,0,0,0,0,0,0,0,0,0,0,0,0,0,0,0,0,0,0,0,0,0,0,0,0,0,0,0,0,0,0,0,0,0,0,0
15,right,0.22102966904640198,0.2781757116317749,9.487632723903516e-07,0.2805027365684509,0.3089245557785034,-0.005925468634814024,0.32404837012290955,0.382060706615448,-0.025353416800498962,0.3216473460197449,0.4688108265399933,-0.047248177230358124,0.3133157193660736,0.5227165222167969,-0.06901358813047409,0.3832111954689026,0.3739727735519409,-0.04130692407488823,0.4008799195289612,0.5007867217063904,-0.07160387188196182,0.40844112634658813,0.5720626711845398,-0.09287358075380325,0.41705161333084106,0.6281675100326538,-0.10808709263801575,0.3520457446575165,0.3776911795139313,-0.058226656168699265,0.37183496356010437,0.5145061612129211,-0.08818057924509048,0.3824562430381775,0.594193696975708,-0.10451357811689377,0.3974497318267822,0.6590324640274048,-0.11687925457954407,0.30862364172935486,0.3857138752937317,-0.07347666472196579,0.28314709663391113,0.5053073763847351,-0.09488499164581299,0.2613137364387512,0.46982505917549133,-0.0883355513215065,0.2612873613834381,0.42659109830856323,-0.08271483331918716,0.2613116204738617,0.39634203910827637,-0.0905943512916565,0.23902833461761475,0.48269832134246826,-0.10059677809476852,0.22677114605903625,0.45357388257980347,-0.08944720029830933,0.23196128010749817,0.4190090000629425,-0.08090861141681671
15,left,0,0,0,0,0,0,0,0,0,0,0,0,0,0,0,0,0,0,0,0,0,0,0,0,0,0,0,0,0,0,0,0,0,0,0,0,0,0,0,0,0,0,0,0,0,0,0,0,0,0,0,0,0,0,0,0,0,0,0,0,0,0,0
16,right,0.2703804075717926,0.24368582665920258,7.403428980978788e-07,0.3382444381713867,0.2706034481525421,0.001142661552876234,0.3939947187900543,0.3466094136238098,-0.011203058995306492,0.41465118527412415,0.42438820004463196,-0.02650165930390358,0.4301794767379761,0.4720366597175598,-0.0422278456389904,0.44074898958206177,0.35677576065063477,-0.035467565059661865,0.4472038149833679,0.4823407232761383,-0.06609266996383667,0.447544664144516,0.5518593788146973,-0.08738411217927933,0.4493918716907501,0.6073967218399048,-0.10286018997430801,0.41034215688705444,0.35502859950065613,-0.05497143790125847,0.41639283299446106,0.49637430906295776,-0.0832182765007019,0.41976916790008545,0.5615749955177307,-0.09719774127006531,0.43177372217178345,0.6135746240615845,-0.10803922265768051,0.36680731177330017,0.35686254501342773,-0.0726628452539444,0.3329886198043823,0.4814998507499695,-0.09177912771701813,0.31059759855270386,0.44307228922843933,-0.08359657973051071,0.3110494017601013,0.3989700973033905,-0.07732872664928436,0.3171522617340088,0.3592734634876251,-0.09203305840492249,0.2844676673412323,0.4510892927646637,-0.09938261657953262,0.27268606424331665,0.42460310459136963,-0.08838969469070435,0.2775239050388336,0.3892882168292999,-0.0799829438328743
16,left,0,0,0,0,0,0,0,0,0,0,0,0,0,0,0,0,0,0,0,0,0,0,0,0,0,0,0,0,0,0,0,0,0,0,0,0,0,0,0,0,0,0,0,0,0,0,0,0,0,0,0,0,0,0,0,0,0,0,0,0,0,0,0
17,right,0.2628450095653534,0.24412348866462708,9.127680300480279e-07,0.3292095363140106,0.27715349197387695,0.0007154730847105384,0.3751211166381836,0.3527710735797882,-0.014626247808337212,0.37821757793426514,0.43362340331077576,-0.03331318497657776,0.3740646541118622,0.49014532566070557,-0.05121544748544693,0.4323844909667969,0.35554879903793335,-0.0333024263381958,0.45031875371932983,0.47284606099128723,-0.05855027213692665,0.4592662751674652,0.5408680438995361,-0.07466288655996323,0.46641963720321655,0.5946841239929199,-0.08544310927391052,0.4033220708370209,0.357837438583374,-0.05012114346027374,0.4177792966365814,0.4931146800518036,-0.07438357174396515,0.4283420443534851,0.5676989555358887,-0.08645109832286835,0.43832945823669434,0.6288554668426514,-0.09516512602567673,0.3621698021888733,0.3624836504459381,-0.0649264007806778,0.3270569443702698,0.47871658205986023,-0.08168663829565048,0.3117923438549042,0.4448049068450928,-0.07532394677400589,0.31507202982902527,0.40504416823387146,-0.06919118016958237,0.3154371678829193,0.3673717677593231,-0.08080659061670303,0.28672152757644653,0.453400194644928,-0.08673331886529922,0.2781791090965271,0.4303525686264038,-0.07657064497470856,0.2857380211353302,0.40147221088409424,-0.06807395070791245
17,left,0,0,0,0,0,0,0,0,0,0,0,0,0,0,0,0,0,0,0,0,0,0,0,0,0,0,0,0,0,0,0,0,0,0,0,0,0,0,0,0,0,0,0,0,0,0,0,0,0,0,0,0,0,0,0,0,0,0,0,0,0,0,0
18,right,0.33436745405197144,0.2459225058555603,1.1098945833509788e-06,0.3872295022010803,0.2640761733055115,-0.005985844414681196,0.42851758003234863,0.3338165283203125,-0.024944787845015526,0.4311280846595764,0.4205239713191986,-0.04388904944062233,0.4335564076900482,0.48187345266342163,-0.061632536351680756,0.4872775375843048,0.32586610317230225,-0.04849247634410858,0.5008136034011841,0.45341041684150696,-0.0774969831109047,0.5079672932624817,0.5257619023323059,-0.09457110613584518,0.5167421698570251,0.581402063369751,-0.10553401708602905,0.458242267370224,0.3274162709712982,-0.06134631857275963,0.47620946168899536,0.46734750270843506,-0.09715227037668228,0.485693097114563,0.5439022779464722,-0.1144450306892395,0.4973433017730713,0.606001079082489,-0.12503212690353394,0.41863375902175903,0.3352659046649933,-0.07082235813140869,0.3871748149394989,0.4528595209121704,-0.09601714462041855,0.3686433434486389,0.419964075088501,-0.08719746768474579,0.37125903367996216,0.38232743740081787,-0.07760599255561829,0.37586262822151184,0.3446865379810333,-0.0809880942106247,0.3498961627483368,0.42821383476257324,-0.0932028666138649,0.33721593022346497,0.4038771092891693,-0.08043194562196732,0.3446366488933563,0.3741297721862793,-0.0687565878033638
18,left,0,0,0,0,0,0,0,0,0,0,0,0,0,0,0,0,0,0,0,0,0,0,0,0,0,0,0,0,0,0,0,0,0,0,0,0,0,0,0,0,0,0,0,0,0,0,0,0,0,0,0,0,0,0,0,0,0,0,0,0,0,0,0
19,right,0.32084178924560547,0.24905097484588623,9.537790219837916e-07,0.38043349981307983,0.27435100078582764,0.0012451063375920057,0.4227852523326874,0.35196298360824585,-0.013589797541499138,0.4263308644294739,0.43960702419281006,-0.030543534085154533,0.4270104765892029,0.4932324290275574,-0.04672923684120178,0.4823557734489441,0.337985098361969,-0.03655227646231651,0.49987274408340454,0.46737033128738403,-0.060650017112493515,0.5056127905845642,0.5373421311378479,-0.07493473589420319,0.5135122537612915,0.5889049768447876,-0.08465027064085007,0.4551936686038971,0.34218379855155945,-0.05261886864900589,0.4752488136291504,0.47842130064964294,-0.07832515984773636,0.48088058829307556,0.5548084378242493,-0.08978607505559921,0.488882839679718,0.6154810786247253,-0.09766052663326263,0.41737571358680725,0.3502989113330841,-0.06585671752691269,0.3844362199306488,0.45879673957824707,-0.0819408968091011,0.3618793189525604,0.42784976959228516,-0.07220304012298584,0.36128777265548706,0.39092332124710083,-0.06406816095113754,0.37544792890548706,0.3596012592315674,-0.08000079542398453,0.34610703587532043,0.43270543217658997,-0.084287628531456,0.3333577811717987,0.4096565842628479,-0.07094951719045639,0.3393137454986572,0.3818265199661255,-0.06054536625742912
19,left,0,0,0,0,0,0,0,0,0,0,0,0,0,0,0,0,0,0,0,0,0,0,0,0,0,0,0,0,0,0,0,0,0,0,0,0,0,0,0,0,0,0,0,0,0,0,0,0,0,0,0,0,0,0,0,0,0,0,0,0,0,0,0
20,right,0.3109714090824127,0.24131788313388824,9.200385306940007e-07,0.37189343571662903,0.26684021949768066,-0.0021661370992660522,0.4149476885795593,0.3442850708961487,-0.017866410315036774,0.4179551899433136,0.4310527741909027,-0.03573279827833176,0.41838133335113525,0.48554423451423645,-0.05270960181951523,0.4792952835559845,0.33608609437942505,-0.034673161804676056,0.49522241950035095,0.46401411294937134,-0.060126934200525284,0.5004487633705139,0.5346595644950867,-0.07640627026557922,0.5071109533309937,0.587177574634552,-0.08700859546661377,0.45000290870666504,0.3388698399066925,-0.04945238307118416,0.46816694736480713,0.47335752844810486,-0.07561856508255005,0.4759983420372009,0.5478998422622681,-0.08851783722639084,0.4859490394592285,0.6071574687957764,-0.09749384969472885,0.4116750657558441,0.34539175033569336,-0.062251560389995575,0.37982192635536194,0.4533846080303192,-0.08015590161085129,0.35987022519111633,0.4184291660785675,-0.07192888855934143,0.3605305552482605,0.3789639472961426,-0.06426751613616943,0.37009328603744507,0.35186338424682617,-0.07624079287052155,0.34437206387519836,0.4276646673679352,-0.0811876654624939,0.3319423198699951,0.40310224890708923,-0.06782236695289612,0.33684056997299194,0.3746817111968994,-0.0572064034640789
20,left,0,0,0,0,0,0,0,0,0,0,0,0,0,0,0,0,0,0,0,0,0,0,0,0,0,0,0,0,0,0,0,0,0,0,0,0,0,0,0,0,0,0,0,0,0,0,0,0,0,0,0,0,0,0,0,0,0,0,0,0,0,0,0
21,right,0.30952727794647217,0.236586332321167,9.610849929231335e-07,0.3753108084201813,0.26384949684143066,0.004318869207054377,0.4196792244911194,0.3333362638950348,-0.009666028432548046,0.4234545826911926,0.4165424704551697,-0.02686317265033722,0.423527330160141,0.47376900911331177,-0.04273086041212082,0.47996199131011963,0.32219362258911133,-0.032573990523815155,0.5010135769844055,0.44894251227378845,-0.0561557412147522,0.5085107684135437,0.5187199115753174,-0.06988594681024551,0.516527533531189,0.5716700553894043,-0.07844265550374985,0.4523175060749054,0.32518863677978516,-0.04907337948679924,0.47405317425727844,0.4580875635147095,-0.07715032249689102,0.48505517840385437,0.5365241765975952,-0.09065376967191696,0.4958251416683197,0.5981810688972473,-0.0994773805141449,0.41494220495224,0.3341536819934845,-0.06204212084412575,0.38521167635917664,0.4433784782886505,-0.0786680355668068,0.36313197016716003,0.4138631820678711,-0.06742845475673676,0.3603522777557373,0.3766689896583557,-0.05739424377679825,0.3741326928138733,0.3436149060726166,-0.07573293894529343,0.3512499928474426,0.4228439927101135,-0.0777292549610138,0.3376527726650238,0.400068074464798,-0.06119111552834511,0.34005433320999146,0.3708762228488922,-0.048048991709947586
21,left,0,0,0,0,0,0,0,0,0,0,0,0,0,0,0,0,0,0,0,0,0,0,0,0,0,0,0,0,0,0,0,0,0,0,0,0,0,0,0,0,0,0,0,0,0,0,0,0,0,0,0,0,0,0,0,0,0,0,0,0,0,0,0
22,right,0.3086073398590088,0.24820037186145782,9.244413377018645e-07,0.37618768215179443,0.2714616060256958,0.00021147908410057425,0.4226176142692566,0.34522005915641785,-0.01617157831788063,0.42624908685684204,0.43129685521125793,-0.03521756827831268,0.423470139503479,0.4888980984687805,-0.05364350974559784,0.48057234287261963,0.33564361929893494,-0.039208702743053436,0.5002961158752441,0.4654005169868469,-0.06501027941703796,0.5050995349884033,0.5363126397132874,-0.08165676891803741,0.5110461711883545,0.5900746583938599,-0.09306204319000244,0.45190703868865967,0.3396267294883728,-0.055307984352111816,0.4706115424633026,0.47309327125549316,-0.08042635023593903,0.4780825972557068,0.5507243871688843,-0.09178294986486435,0.48634007573127747,0.611626923084259,-0.10039462894201279,0.4135134220123291,0.349080890417099,-0.06883526593446732,0.3825611174106598,0.46291378140449524,-0.08288001269102097,0.3594737648963928,0.433288037776947,-0.07217331975698471,0.3570754826068878,0.3944012224674225,-0.06449279934167862,0.3712354302406311,0.36045002937316895,-0.08384285867214203,0.34442007541656494,0.4369076192378998,-0.08701055496931076,0.3305029273033142,0.4142511785030365,-0.07307091355323792,0.33412203192710876,0.3850908577442169,-0.06259001046419144
22,left,0,0,0,0,0,0,0,0,0,0,0,0,0,0,0,0,0,0,0,0,0,0,0,0,0,0,0,0,0,0,0,0,0,0,0,0,0,0,0,0,0,0,0,0,0,0,0,0,0,0,0,0,0,0,0,0,0,0,0,0,0,0,0
23,right,0.3074682950973511,0.25263792276382446,9.104745686272508e-07,0.3738151788711548,0.2779353857040405,-0.00011751504644053057,0.41864389181137085,0.35523563623428345,-0.016002491116523743,0.42004621028900146,0.44466888904571533,-0.03459154814481735,0.418557345867157,0.500043511390686,-0.05239623785018921,0.47663456201553345,0.3451230823993683,-0.03707283362746239,0.4969883859157562,0.47642087936401367,-0.061824385076761246,0.5008716583251953,0.5468054413795471,-0.07774171233177185,0.5070824027061462,0.6004576683044434,-0.0887465849518776,0.448729932308197,0.34957706928253174,-0.05278586223721504,0.4653249979019165,0.48218971490859985,-0.07883043587207794,0.4738750457763672,0.557529866695404,-0.09157966822385788,0.48437899351119995,0.617917537689209,-0.10096272826194763,0.41146692633628845,0.3580307960510254,-0.06574270874261856,0.37903910875320435,0.46805232763290405,-0.08015014231204987,0.35532882809638977,0.43510887026786804,-0.06889424473047256,0.352525532245636,0.39573991298675537,-0.06057127192616463,0.3702690005302429,0.3679557144641876,-0.08024515956640244,0.34205329418182373,0.4408020079135895,-0.08247337490320206,0.3277960419654846,0.41538798809051514,-0.06724260002374649,0.33131247758865356,0.38606730103492737,-0.05588316544890404
23,left,0,0,0,0,0,0,0,0,0,0,0,0,0,0,0,0,0,0,0,0,0,0,0,0,0,0,0,0,0,0,0,0,0,0,0,0,0,0,0,0,0,0,0,0,0,0,0,0,0,0,0,0,0,0,0,0,0,0,0,0,0,0,0
24,right,0.302952378988266,0.2591824531555176,9.181865721075155e-07,0.36993083357810974,0.28072232007980347,0.0006397808901965618,0.41596201062202454,0.3568485975265503,-0.015297463163733482,0.41891977190971375,0.4465997517108917,-0.03365093842148781,0.41633737087249756,0.5056245923042297,-0.051334772258996964,0.47199922800064087,0.3435507118701935,-0.04062606394290924,0.4929908514022827,0.47582703828811646,-0.06497461348772049,0.49918311834335327,0.5474262237548828,-0.07969310879707336,0.5060106515884399,0.6023621559143066,-0.08939936012029648,0.4418398439884186,0.3520204424858093,-0.05581427738070488,0.46115997433662415,0.48599791526794434,-0.0814298465847969,0.47239792346954346,0.5640541911125183,-0.09267476946115494,0.48416805267333984,0.6250979900360107,-0.10104887932538986,0.40347740054130554,0.3644620180130005,-0.06782854348421097,0.381122350692749,0.4751865863800049,-0.08166703581809998,0.35840028524398804,0.44544675946235657,-0.0692058652639389,0.35345739126205444,0.40685346722602844,-0.05988064408302307,0.3625212609767914,0.37699460983276367,-0.08112560212612152,0.3421230614185333,0.44994819164276123,-0.08218687772750854,0.32820144295692444,0.4280225336551666,-0.06608059257268906,0.32920706272125244,0.4002113938331604,-0.05405663698911667
24,left,0,0,0,0,0,0,0,0,0,0,0,0,0,0,0,0,0,0,0,0,0,0,0,0,0,0,0,0,0,0,0,0,0,0,0,0,0,0,0,0,0,0,0,0,0,0,0,0,0,0,0,0,0,0,0,0,0,0,0,0,0,0,0
25,right,0.29868173599243164,0.2575628161430359,8.675717708683806e-07,0.36521008610725403,0.2751381993293762,0.0008142151637002826,0.41724923253059387,0.34547391533851624,-0.011081274598836899,0.4288264513015747,0.4279319643974304,-0.025884440168738365,0.4310140907764435,0.4820463955402374,-0.03946717083454132,0.4742111563682556,0.3349318206310272,-0.026951700448989868,0.501118004322052,0.4522956907749176,-0.04974672570824623,0.5106713175773621,0.5215817093849182,-0.06337539851665497,0.5174428224563599,0.5754441022872925,-0.07114805281162262,0.4495410621166229,0.34582024812698364,-0.04043610766530037,0.4764104187488556,0.4674948751926422,-0.06158662214875221,0.4909643530845642,0.5408922433853149,-0.07217881083488464,0.5032742619514465,0.5992368459701538,-0.07911449670791626,0.4151301383972168,0.3612181544303894,-0.052262987941503525,0.3892277479171753,0.4708139896392822,-0.06685437262058258,0.36266931891441345,0.4477720856666565,-0.059590354561805725,0.3539693057537079,0.41477885842323303,-0.0517391674220562,0.3755972981452942,0.3775273859500885,-0.06518257409334183,0.3527142107486725,0.45500707626342773,-0.06720626354217529,0.3358989655971527,0.43565651774406433,-0.055124152451753616,0.3343323767185211,0.4096812307834625,-0.044796332716941833
25,left,0,0,0,0,0,0,0,0,0,0,0,0,0,0,0,0,0,0,0,0,0,0,0,0,0,0,0,0,0,0,0,0,0,0,0,0,0,0,0,0,0,0,0,0,0,0,0,0,0,0,0,0,0,0,0,0,0,0,0,0,0,0,0
26,right,0.2984078526496887,0.26358461380004883,8.553593033866491e-07,0.3662799596786499,0.27281683683395386,0.0029266439378261566,0.42247292399406433,0.3357998728752136,-0.0068982127122581005,0.44062748551368713,0.419917494058609,-0.019518308341503143,0.4457862377166748,0.48038801550865173,-0.03012155368924141,0.48160213232040405,0.3132150173187256,-0.017948292195796967,0.5090941786766052,0.4310544431209564,-0.03695526719093323,0.5205285549163818,0.5005253553390503,-0.04917427897453308,0.5303055047988892,0.5535127520561218,-0.05661197379231453,0.459492027759552,0.3324262797832489,-0.031405285000801086,0.489534467458725,0.4491339325904846,-0.0494258776307106,0.5075599551200867,0.518858790397644,-0.059821717441082,0.5248095989227295,0.5728327631950378,-0.06682142615318298,0.4275607466697693,0.3562912344932556,-0.04321756213903427,0.4059560298919678,0.45891478657722473,-0.05457630380988121,0.37820103764533997,0.43754681944847107,-0.046855077147483826,0.3670629858970642,0.4054540991783142,-0.03928050771355629,0.3899480700492859,0.38113629817962646,-0.05612219125032425,0.3659549951553345,0.44737035036087036,-0.05612623691558838,0.3481002151966095,0.42674291133880615,-0.044277507811784744,0.34442558884620667,0.4015665352344513,-0.03428759053349495
26,left,0,0,0,0,0,0,0,0,0,0,0,0,0,0,0,0,0,0,0,0,0,0,0,0,0,0,0,0,0,0,0,0,0,0,0,0,0,0,0,0,0,0,0,0,0,0,0,0,0,0,0,0,0,0,0,0,0,0,0,0,0,0,0
27,right,0.3000568151473999,0.2760744094848633,8.403142146562459e-07,0.37272846698760986,0.2671545743942261,0.0032070213928818703,0.4326815605163574,0.3203648626804352,-0.003860047087073326,0.4568435251712799,0.4037652015686035,-0.013621478341519833,0.4638507068157196,0.46657872200012207,-0.021301165223121643,0.4846538305282593,0.2966604232788086,-0.009781724773347378,0.5224155187606812,0.40561285614967346,-0.022738153114914894,0.540580689907074,0.46677103638648987,-0.03139881789684296,0.5570669174194336,0.5125269293785095,-0.03713543340563774,0.46571290493011475,0.3334260582923889,-0.020797129720449448,0.5012455582618713,0.4370196461677551,-0.0332164466381073,0.5276921391487122,0.49872592091560364,-0.04258482903242111,0.5530718564987183,0.5447056889533997,-0.049322884529829025,0.4376845061779022,0.37101882696151733,-0.030549008399248123,0.4283484220504761,0.45478126406669617,-0.039454612880945206,0.3988373577594757,0.4328804314136505,-0.03521395102143288,0.3827092945575714,0.40091070532798767,-0.029871981590986252,0.40393564105033875,0.40671128034591675,-0.04106707125902176,0.387349933385849,0.4545435905456543,-0.04225049167871475,0.3666561245918274,0.43365585803985596,-0.03412846475839615,0.3575837314128876,0.41055020689964294,-0.026123199611902237
27,left,0,0,0,0,0,0,0,0,0,0,0,0,0,0,0,0,0,0,0,0,0,0,0,0,0,0,0,0,0,0,0,0,0,0,0,0,0,0,0,0,0,0,0,0,0,0,0,0,0,0,0,0,0,0,0,0,0,0,0,0,0,0,0
28,right,0.30006924271583557,0.2686944007873535,8.942505473896745e-07,0.37186869978904724,0.27166590094566345,0.0013704464072361588,0.4307122826576233,0.3354051113128662,-0.009999100118875504,0.45042386651039124,0.4267809987068176,-0.023845035582780838,0.45415353775024414,0.49485254287719727,-0.03665595129132271,0.4838392436504364,0.31406116485595703,-0.02134239673614502,0.5132830739021301,0.4397549331188202,-0.04033033177256584,0.5290873646736145,0.5117640495300293,-0.05350074917078018,0.5431253910064697,0.5635692477226257,-0.06219831109046936,0.4618963599205017,0.3402291536331177,-0.03450438007712364,0.49711304903030396,0.46165767312049866,-0.05222903937101364,0.5179897546768188,0.5352692604064941,-0.06313250958919525,0.5391325950622559,0.5896552205085754,-0.07037151604890823,0.4297846555709839,0.3712836802005768,-0.045749351382255554,0.4121344983577728,0.4684043824672699,-0.05759923905134201,0.38260382413864136,0.44300514459609985,-0.05107475817203522,0.36961397528648376,0.4059014320373535,-0.043946538120508194,0.3928268849849701,0.40364664793014526,-0.05792926624417305,0.3721577227115631,0.46190357208251953,-0.058955397456884384,0.35356825590133667,0.44092702865600586,-0.04702315479516983,0.34885847568511963,0.41598933935165405,-0.036542464047670364
28,left,0,0,0,0,0,0,0,0,0,0,0,0,0,0,0,0,0,0,0,0,0,0,0,0,0,0,0,0,0,0,0,0,0,0,0,0,0,0,0,0,0,0,0,0,0,0,0,0,0,0,0,0,0,0,0,0,0,0,0,0,0,0,0
29,right,0.2874453663825989,0.27401190996170044,5.775885938419378e-07,0.35400545597076416,0.33243629336357117,0.0019257697276771069,0.39778968691825867,0.4168539047241211,-0.021569428965449333,0.3994411528110504,0.496791809797287,-0.04944992810487747,0.3969009220600128,0.5277482271194458,-0.07786159962415695,0.4820004999637604,0.3789080083370209,-0.05405150353908539,0.47891998291015625,0.5172784328460693,-0.08735048025846481,0.4647466838359833,0.5893047451972961,-0.10669954121112823,0.45559412240982056,0.6433590650558472,-0.12137830257415771,0.4451266825199127,0.35528281331062317,-0.07977256923913956,0.4369468688964844,0.5245895385742188,-0.11459963023662567,0.40744179487228394,0.5603241324424744,-0.12130819261074066,0.3935403525829315,0.5755728483200073,-0.12642034888267517,0.3947264552116394,0.34039366245269775,-0.10324445366859436,0.3524775505065918,0.49483805894851685,-0.12484408169984818,0.32533299922943115,0.46644914150238037,-0.11010538041591644,0.32735902070999146,0.42488253116607666,-0.10107169300317764,0.34195590019226074,0.33282309770584106,-0.1282748579978943,0.31088075041770935,0.4567432403564453,-0.13512346148490906,0.29715031385421753,0.44171053171157837,-0.11909689009189606,0.3041183650493622,0.407770037651062,-0.10951435565948486
29,left,0,0,0,0,0,0,0,0,0,0,0,0,0,0,0,0,0,0,0,0,0,0,0,0,0,0,0,0,0,0,0,0,0,0,0,0,0,0,0,0,0,0,0,0,0,0,0,0,0,0,0,0,0,0,0,0,0,0,0,0,0,0,0
30,right,0.30785736441612244,0.25478971004486084,1.0308162927685771e-06,0.3693104684352875,0.28804272413253784,-0.003995134495198727,0.4110650420188904,0.3600209355354309,-0.0251948032528162,0.40427306294441223,0.43920886516571045,-0.050783976912498474,0.39091604948043823,0.48732802271842957,-0.07721717655658722,0.4768967926502228,0.3750438392162323,-0.039990659803152084,0.47929173707962036,0.5013495683670044,-0.07813706248998642,0.47317206859588623,0.5810243487358093,-0.10670185089111328,0.46674472093582153,0.637037992477417,-0.12603215873241425,0.4433515667915344,0.3615764379501343,-0.06140340864658356,0.4494026005268097,0.5069799423217773,-0.10456258058547974,0.44266360998153687,0.5869766473770142,-0.1284412443637848,0.440667062997818,0.6482259631156921,-0.1423492729663849,0.39705967903137207,0.354067862033844,-0.0811723917722702,0.3608771860599518,0.4821239709854126,-0.11046130210161209,0.3362351059913635,0.45205140113830566,-0.10597217082977295,0.3350861072540283,0.4120185375213623,-0.09864013642072678,0.3458937704563141,0.35068854689598083,-0.10277308523654938,0.3191298246383667,0.4506646692752838,-0.11311796307563782,0.30641669034957886,0.4279016852378845,-0.09902849048376083,0.3112608790397644,0.39269405603408813,-0.08723153173923492
30,left,0,0,0,0,0,0,0,0,0,0,0,0,0,0,0,0,0,0,0,0,0,0,0,0,0,0,0,0,0,0,0,0,0,0,0,0,0,0,0,0,0,0,0,0,0,0,0,0,0,0,0,0,0,0,0,0,0,0,0,0,0,0,0
31,right,0.29880964756011963,0.23933789134025574,1.0530352483328898e-06,0.3662908673286438,0.276886910200119,-0.00034510018303990364,0.41041114926338196,0.3441685438156128,-0.02191615290939808,0.4075806438922882,0.4207427203655243,-0.048415426164865494,0.3917672634124756,0.4619711637496948,-0.07626862078905106,0.476152628660202,0.3471240699291229,-0.03915909305214882,0.47835826873779297,0.47371163964271545,-0.0755453109741211,0.48129504919052124,0.5543209314346313,-0.10420960187911987,0.4840879440307617,0.6180216670036316,-0.12490379065275192,0.44120925664901733,0.3301743268966675,-0.06289590895175934,0.44827377796173096,0.47826772928237915,-0.10150869190692902,0.4524833858013153,0.5599948167800903,-0.1239958256483078,0.4628726541996002,0.6233880519866943,-0.13930284976959229,0.39382612705230713,0.32200729846954346,-0.08456651121377945,0.3596061170101166,0.45623305439949036,-0.1098807230591774,0.33846187591552734,0.4310627579689026,-0.1044924408197403,0.3386083245277405,0.3911161422729492,-0.09863392263650894,0.34155336022377014,0.321474552154541,-0.10820306837558746,0.31690388917922974,0.4263696074485779,-0.11679867655038834,0.30643635988235474,0.4103991985321045,-0.10300242155790329,0.31159162521362305,0.37618905305862427,-0.09254442155361176
31,left,0,0,0,0,0,0,0,0,0,0,0,0,0,0,0,0,0,0,0,0,0,0,0,0,0,0,0,0,0,0,0,0,0,0,0,0,0,0,0,0,0,0,0,0,0,0,0,0,0,0,0,0,0,0,0,0,0,0,0,0,0,0,0
32,right,0.3263688385486603,0.24296516180038452,1.0285766620654613e-06,0.38538920879364014,0.2460983544588089,-0.003311467356979847,0.43451184034347534,0.3068140745162964,-0.018984515219926834,0.44554051756858826,0.3901321589946747,-0.03585615009069443,0.44488680362701416,0.4486393928527832,-0.0527428463101387,0.49256423115730286,0.2879793047904968,-0.035381074994802475,0.5099097490310669,0.4046686589717865,-0.06154903769493103,0.521275520324707,0.47653526067733765,-0.07875780761241913,0.5307793617248535,0.5296533107757568,-0.08935977518558502,0.4690893292427063,0.3022456467151642,-0.04889533668756485,0.4987042248249054,0.4273863136768341,-0.07281974703073502,0.5148733258247375,0.5006607174873352,-0.08534346520900726,0.5326788425445557,0.5561524629592896,-0.09289251267910004,0.4338480830192566,0.3222911059856415,-0.060420192778110504,0.4086569547653198,0.4387671947479248,-0.07929130643606186,0.3789161145687103,0.41841959953308105,-0.07317998260259628,0.3701048493385315,0.38419222831726074,-0.06497011333703995,0.3923710286617279,0.3439922034740448,-0.07279448956251144,0.3674662709236145,0.42297443747520447,-0.07972396910190582,0.34741830825805664,0.40668022632598877,-0.06783964484930038,0.34524381160736084,0.38248541951179504,-0.056685760617256165
32,left,0,0,0,0,0,0,0,0,0,0,0,0,0,0,0,0,0,0,0,0,0,0,0,0,0,0,0,0,0,0,0,0,0,0,0,0,0,0,0,0,0,0,0,0,0,0,0,0,0,0,0,0,0,0,0,0,0,0,0,0,0,0,0
33,right,0.32509058713912964,0.2544977366924286,9.713717190606985e-07,0.38508203625679016,0.24584461748600006,0.0016582900425419211,0.4408372938632965,0.29421278834342957,-0.012165527790784836,0.4722691774368286,0.37348026037216187,-0.027148481458425522,0.49063265323638916,0.43548673391342163,-0.04074361175298691,0.4986833930015564,0.26135826110839844,-0.033444587141275406,0.5374335646629333,0.3784497082233429,-0.05622315779328346,0.5570946931838989,0.44301170110702515,-0.06858214735984802,0.5735511779785156,0.48881983757019043,-0.07513319700956345,0.48176515102386475,0.2889667749404907,-0.04760008305311203,0.5284663438796997,0.4065874218940735,-0.06852342188358307,0.5483459234237671,0.4745652377605438,-0.07676784694194794,0.565852165222168,0.5228299498558044,-0.08117756992578506,0.45319652557373047,0.3238571584224701,-0.05893788859248161,0.43930041790008545,0.42745184898376465,-0.07271330058574677,0.40817975997924805,0.4055316150188446,-0.062022075057029724,0.3959846794605255,0.3721770942211151,-0.051926109939813614,0.4180803596973419,0.35830003023147583,-0.07077466696500778,0.39722105860710144,0.42275306582450867,-0.07355844974517822,0.3740532100200653,0.4032725989818573,-0.05927424505352974,0.36849144101142883,0.3778672516345978,-0.04660873860120773
33,left,0,0,0,0,0,0,0,0,0,0,0,0,0,0,0,0,0,0,0,0,0,0,0,0,0,0,0,0,0,0,0,0,0,0,0,0,0,0,0,0,0,0,0,0,0,0,0,0,0,0,0,0,0,0,0,0,0,0,0,0,0,0,0
34,right,0.30993562936782837,0.25176385045051575,8.627369538771745e-07,0.37624791264533997,0.24292901158332825,0.001132160541601479,0.4367638826370239,0.29433444142341614,-0.012628712691366673,0.4675089418888092,0.371942937374115,-0.02849019691348076,0.48387596011161804,0.4354315400123596,-0.04418577998876572,0.4957808554172516,0.27405211329460144,-0.03136012703180313,0.5299919247627258,0.3953671455383301,-0.05309046804904938,0.5510693192481995,0.4649110734462738,-0.0679435208439827,0.5689248442649841,0.5167526006698608,-0.07770904898643494,0.4765286147594452,0.30427438020706177,-0.04554286599159241,0.5137795209884644,0.4229106307029724,-0.06206272542476654,0.5379401445388794,0.4906756281852722,-0.0718267410993576,0.5620739459991455,0.5385105609893799,-0.079464852809906,0.4447028338909149,0.339208722114563,-0.0573282316327095,0.43203747272491455,0.4323444962501526,-0.06810139119625092,0.40226495265960693,0.4125632643699646,-0.06096777692437172,0.38883689045906067,0.3801157772541046,-0.0548517219722271,0.4072739779949188,0.3746986389160156,-0.06995473802089691,0.3894496262073517,0.4296080470085144,-0.0714411661028862,0.3671087622642517,0.41049373149871826,-0.059475675225257874,0.36002230644226074,0.3862132132053375,-0.049360811710357666
34,left,0,0,0,0,0,0,0,0,0,0,0,0,0,0,0,0,0,0,0,0,0,0,0,0,0,0,0,0,0,0,0,0,0,0,0,0,0,0,0,0,0,0,0,0,0,0,0,0,0,0,0,0,0,0,0,0,0,0,0,0,0,0,0
35,right,0.301241934299469,0.2568367123603821,3.4362699352641357e-07,0.3735891580581665,0.2615535855293274,0.0014313363935798407,0.43431568145751953,0.3236665427684784,-0.012387093156576157,0.4559984803199768,0.41144245862960815,-0.02826062962412834,0.4584408402442932,0.48167556524276733,-0.0436752550303936,0.4986165463924408,0.301069438457489,-0.031903523951768875,0.5156058073043823,0.4359336197376251,-0.054084621369838715,0.52286297082901,0.512008011341095,-0.06967221945524216,0.530193030834198,0.5692353248596191,-0.0819932371377945,0.47517630457878113,0.31566157937049866,-0.04519272223114967,0.45797526836395264,0.45137080550193787,-0.06417640298604965,0.4320319890975952,0.4717622697353363,-0.06872504204511642,0.4296693205833435,0.46950089931488037,-0.07401113957166672,0.43907853960990906,0.33927643299102783,-0.05664825811982155,0.40834343433380127,0.45307356119155884,-0.06863216310739517,0.3812563717365265,0.42987555265426636,-0.0593315064907074,0.3796151876449585,0.39152514934539795,-0.054263949394226074,0.39954566955566406,0.36431193351745605,-0.0689113512635231,0.3777867257595062,0.4427275061607361,-0.07141263037919998,0.3569367229938507,0.4222623407840729,-0.06086387112736702,0.35717296600341797,0.3891894519329071,-0.053378887474536896
35,left,0,0,0,0,0,0,0,0,0,0,0,0,0,0,0,0,0,0,0,0,0,0,0,0,0,0,0,0,0,0,0,0,0,0,0,0,0,0,0,0,0,0,0,0,0,0,0,0,0,0,0,0,0,0,0,0,0,0,0,0,0,0,0
36,right,0.27058935165405273,0.2799057364463806,9.537867526887567e-07,0.33363330364227295,0.3320234417915344,-0.006797813344746828,0.3796064853668213,0.39166492223739624,-0.03443010151386261,0.3826353847980499,0.4551985263824463,-0.06547234952449799,0.3870835602283478,0.48392453789711,-0.09647294133901596,0.47290489077568054,0.3600994348526001,-0.05534674972295761,0.4789167046546936,0.48501378297805786,-0.0967058539390564,0.4752252995967865,0.5581091046333313,-0.12662354111671448,0.4721214175224304,0.6178564429283142,-0.1476840078830719,0.43842005729675293,0.3324103057384491,-0.0768391564488411,0.4456857144832611,0.47859179973602295,-0.12353444844484329,0.4394327700138092,0.5629560351371765,-0.14692990481853485,0.43649718165397644,0.6296504735946655,-0.162675678730011,0.3905791938304901,0.3171752393245697,-0.09621327370405197,0.3492002487182617,0.4642944037914276,-0.1275450587272644,0.3192060589790344,0.44609007239341736,-0.1192956492304802,0.3156099319458008,0.41022029519081116,-0.1119769811630249,0.3408171534538269,0.3123779892921448,-0.11791959404945374,0.3101131021976471,0.43093809485435486,-0.13176704943180084,0.29269665479660034,0.4214489758014679,-0.11787089705467224,0.2972019910812378,0.3909991979598999,-0.1075529158115387
36,left,0,0,0,0,0,0,0,0,0,0,0,0,0,0,0,0,0,0,0,0,0,0,0,0,0,0,0,0,0,0,0,0,0,0,0,0,0,0,0,0,0,0,0,0,0,0,0,0,0,0,0,0,0,0,0,0,0,0,0,0,0,0,0
