1,right,0.2528400421142578,0.42415475845336914,5.855430345036439e-07,0.29365837574005127,0.4418063759803772,-0.0073220133781433105,0.32598596811294556,0.4876667261123657,-0.027691826224327087,0.32764342427253723,0.5444023609161377,-0.04915956035256386,0.3182436525821686,0.5775072574615479,-0.0706016793847084,0.3691266179084778,0.45925194025039673,-0.04979878291487694,0.37797316908836365,0.5592135787010193,-0.07593260705471039,0.37402889132499695,0.6117245554924011,-0.09405039995908737,0.3731970489025116,0.6528834700584412,-0.10743530094623566,0.33666089177131653,0.4526921510696411,-0.06177966296672821,0.34208106994628906,0.5672085285186768,-0.08981852233409882,0.3442903459072113,0.6304481029510498,-0.10026939958333969,0.35014399886131287,0.6809443235397339,-0.10990827530622482,0.3015097975730896,0.4554159939289093,-0.07192850857973099,0.29620975255966187,0.558529257774353,-0.08991963416337967,0.28502097725868225,0.5413176417350769,-0.0817544087767601,0.2825375199317932,0.5139322280883789,-0.07739254087209702,0.270332008600235,0.46374303102493286,-0.08381481468677521,0.27004432678222656,0.5446172952651978,-0.09157446771860123,0.26430514454841614,0.5317871570587158,-0.08133053779602051,0.26520538330078125,0.5064377188682556,-0.07529226690530777
1,left,0,0,0,0,0,0,0,0,0,0,0,0,0,0,0,0,0,0,0,0,0,0,0,0,0,0,0,0,0,0,0,0,0,0,0,0,0,0,0,0,0,0,0,0,0,0,0,0,0,0,0,0,0,0,0,0,0,0,0,0,0,0,0
2,right,0.2982670068740845,0.41488686203956604,5.490319381351583e-07,0.3348512649536133,0.436576247215271,-0.016971608623862267,0.36383941769599915,0.48616376519203186,-0.03936862200498581,0.36365050077438354,0.5422902703285217,-0.05908001586794853,0.3565407395362854,0.5735464692115784,-0.0788811519742012,0.3844030499458313,0.4600345194339752,-0.06816337257623672,0.3839457333087921,0.5575529336929321,-0.0959073081612587,0.3770252466201782,0.6058410406112671,-0.1112627238035202,0.375249445438385,0.6446731090545654,-0.12094525992870331,0.3523036241531372,0.4469778835773468,-0.07155817747116089,0.3522760272026062,0.560207724571228,-0.09936189651489258,0.34988874197006226,0.6240115761756897,-0.10558988898992538,0.3478716313838959,0.6733115315437317,-0.11077971756458282,0.31873655319213867,0.4479045867919922,-0.07328967750072479,0.31186166405677795,0.548142671585083,-0.0941426157951355,0.30008047819137573,0.5452010631561279,-0.08664048463106155,0.29182082414627075,0.5292582511901855,-0.07948915660381317,0.28906238079071045,0.45949599146842957,-0.0764126107096672,0.2844752073287964,0.5351513624191284,-0.0868426188826561,0.2787623405456543,0.5318564772605896,-0.0788327306509018,0.2760675549507141,0.5171653628349304,-0.07246233522891998
2,left,0,0,0,0,0,0,0,0,0,0,0,0,0,0,0,0,0,0,0,0,0,0,0,0,0,0,0,0,0,0,0,0,0,0,0,0,0,0,0,0,0,0,0,0,0,0,0,0,0,0,0,0,0,0,0,0,0,0,0,0,0,0,0
3,right,0,0,0,0,0,0,0,0,0,0,0,0,0,0,0,0,0,0,0,0,0,0,0,0,0,0,0,0,0,0,0,0,0,0,0,0,0,0,0,0,0,0,0,0,0,0,0,0,0,0,0,0,0,0,0,0,0,0,0,0,0,0,0
3,left,0,0,0,0,0,0,0,0,0,0,0,0,0,0,0,0,0,0,0,0,0,0,0,0,0,0,0,0,0,0,0,0,0,0,0,0,0,0,0,0,0,0,0,0,0,0,0,0,0,0,0,0,0,0,0,0,0,0,0,0,0,0,0
4,right,0,0,0,0,0,0,0,0,0,0,0,0,0,0,0,0,0,0,0,0,0,0,0,0,0,0,0,0,0,0,0,0,0,0,0,0,0,0,0,0,0,0,0,0,0,0,0,0,0,0,0,0,0,0,0,0,0,0,0,0,0,0,0
4,left,0,0,0,0,0,0,0,0,0,0,0,0,0,0,0,0,0,0,0,0,0,0,0,0,0,0,0,0,0,0,0,0,0,0,0,0,0,0,0,0,0,0,0,0,0,0,0,0,0,0,0,0,0,0,0,0,0,0,0,0,0,0,0
5,right,0.2822679877281189,0.4290348291397095,5.050840172771132e-07,0.32347384095191956,0.4450867772102356,-0.020968569442629814,0.35334697365760803,0.4936920702457428,-0.04525619372725487,0.3482222557067871,0.5492696762084961,-0.06632357835769653,0.34353822469711304,0.5827291011810303,-0.086406409740448,0.380378782749176,0.46559154987335205,-0.07185570150613785,0.3803950548171997,0.5580254197120667,-0.1001354530453682,0.37683188915252686,0.6036624908447266,-0.11658984422683716,0.3776211738586426,0.6423362493515015,-0.12770751118659973,0.34473952651023865,0.453705757856369,-0.07545918971300125,0.3499206304550171,0.5591656565666199,-0.10536228865385056,0.35302138328552246,0.619044840335846,-0.11585816740989685,0.3572833836078644,0.665947675704956,-0.12504710257053375,0.30691659450531006,0.45780783891677856,-0.07720243185758591,0.30363351106643677,0.5589808225631714,-0.10180400311946869,0.2952823340892792,0.546161949634552,-0.09450408071279526,0.2930963635444641,0.5207614898681641,-0.08777254074811935,0.2755851149559021,0.4712175130844116,-0.08049511164426804,0.27396732568740845,0.5456249713897705,-0.09399667382240295,0.26856929063796997,0.5354852080345154,-0.08520028740167618,0.2678821086883545,0.5151036977767944,-0.07848431169986725
5,left,0,0,0,0,0,0,0,0,0,0,0,0,0,0,0,0,0,0,0,0,0,0,0,0,0,0,0,0,0,0,0,0,0,0,0,0,0,0,0,0,0,0,0,0,0,0,0,0,0,0,0,0,0,0,0,0,0,0,0,0,0,0,0
6,right,0.26296916604042053,0.4203530550003052,8.707733627488778e-07,0.30352574586868286,0.43636325001716614,-0.012671666219830513,0.33027398586273193,0.4824565351009369,-0.03666728734970093,0.32250189781188965,0.5384833812713623,-0.05952071398496628,0.3120262920856476,0.5623508095741272,-0.0829399973154068,0.368621826171875,0.4591867923736572,-0.06327737122774124,0.3758333921432495,0.5490695834159851,-0.09283767640590668,0.3771323561668396,0.5996667742729187,-0.11341250687837601,0.3801901936531067,0.6419458389282227,-0.1278316229581833,0.33417463302612305,0.4532638192176819,-0.07202336937189102,0.34569618105888367,0.5603148341178894,-0.10344958305358887,0.3498387336730957,0.6190335750579834,-0.11662901937961578,0.3567085266113281,0.667829692363739,-0.1271146684885025,0.2961903214454651,0.4585414528846741,-0.0779193863272667,0.29528963565826416,0.5610483288764954,-0.09692900627851486,0.28808295726776123,0.541648805141449,-0.08627865463495255,0.2872717082500458,0.5114500522613525,-0.07899569720029831,0.26218655705451965,0.4670703411102295,-0.0855194479227066,0.26743173599243164,0.5489662885665894,-0.09460145235061646,0.2646500766277313,0.5349515676498413,-0.08213922381401062,0.26460129022598267,0.5082346796989441,-0.07312365621328354
6,left,0,0,0,0,0,0,0,0,0,0,0,0,0,0,0,0,0,0,0,0,0,0,0,0,0,0,0,0,0,0,0,0,0,0,0,0,0,0,0,0,0,0,0,0,0,0,0,0,0,0,0,0,0,0,0,0,0,0,0,0,0,0,0
7,right,0.31737464666366577,0.43859952688217163,4.847655645789928e-07,0.3544670045375824,0.45499420166015625,-0.01623290404677391,0.3813974857330322,0.501218855381012,-0.0355718694627285,0.3836783468723297,0.5522714257240295,-0.05179843679070473,0.3821297287940979,0.5836462378501892,-0.06781210750341415,0.3816578984260559,0.47163599729537964,-0.06762894243001938,0.37907418608665466,0.5598655343055725,-0.09313592314720154,0.3783895671367645,0.6072587966918945,-0.10572166740894318,0.3803541660308838,0.6459755897521973,-0.11391427367925644,0.3468964099884033,0.46100398898124695,-0.07169987261295319,0.35174721479415894,0.5629900693893433,-0.0993889793753624,0.35441648960113525,0.6222070455551147,-0.10550885647535324,0.3568544387817383,0.6675310730934143,-0.11124572902917862,0.3124238848686218,0.4629266858100891,-0.07384141534566879,0.30962252616882324,0.556884765625,-0.09730925410985947,0.3038513660430908,0.5508188009262085,-0.08971413969993591,0.3017342686653137,0.5339047312736511,-0.08248557895421982,0.28332990407943726,0.4748808443546295,-0.07679182291030884,0.2827017307281494,0.546689510345459,-0.08949361741542816,0.2800518274307251,0.5437875390052795,-0.08165871351957321,0.2799525260925293,0.5312600135803223,-0.07591534405946732
7,left,0,0,0,0,0,0,0,0,0,0,0,0,0,0,0,0,0,0,0,0,0,0,0,0,0,0,0,0,0,0,0,0,0,0,0,0,0,0,0,0,0,0,0,0,0,0,0,0,0,0,0,0,0,0,0,0,0,0,0,0,0,0,0
8,right,0.2685736119747162,0.42594966292381287,8.612994975010224e-07,0.30621957778930664,0.4427901804447174,-0.017060475423932076,0.3296964466571808,0.49529847502708435,-0.04027864709496498,0.3168184757232666,0.5508403778076172,-0.06062859296798706,0.3025950789451599,0.5802424550056458,-0.0815548300743103,0.3576766848564148,0.4693639874458313,-0.06880944967269897,0.364283949136734,0.5576665997505188,-0.09764538705348969,0.3666091859340668,0.6095503568649292,-0.11630003899335861,0.36940380930900574,0.6535562872886658,-0.12788943946361542,0.32246431708335876,0.46484464406967163,-0.07331766933202744,0.3333674669265747,0.5694867372512817,-0.10230153799057007,0.33936697244644165,0.6289332509040833,-0.1128133162856102,0.3431549370288849,0.6777633428573608,-0.12023157626390457,0.2849360704421997,0.46918922662734985,-0.07513367384672165,0.28827959299087524,0.5688900947570801,-0.09226016700267792,0.28641268610954285,0.5531347990036011,-0.08003799617290497,0.28322774171829224,0.5247848033905029,-0.06983494758605957,0.252417653799057,0.4773845076560974,-0.07892963290214539,0.26245397329330444,0.557951807975769,-0.08536537736654282,0.2642025947570801,0.5483794212341309,-0.07123906910419464,0.2617322504520416,0.5231842398643494,-0.059989094734191895
8,left,0,0,0,0,0,0,0,0,0,0,0,0,0,0,0,0,0,0,0,0,0,0,0,0,0,0,0,0,0,0,0,0,0,0,0,0,0,0,0,0,0,0,0,0,0,0,0,0,0,0,0,0,0,0,0,0,0,0,0,0,0,0,0
9,right,0.2970036566257477,0.44460994005203247,4.823418748856056e-07,0.3402266800403595,0.4658140540122986,-0.013465561904013157,0.3752540349960327,0.5055209398269653,-0.030899329110980034,0.38837915658950806,0.5474518537521362,-0.046373721212148666,0.3947240710258484,0.5651023983955383,-0.061563778668642044,0.37360772490501404,0.47917231917381287,-0.05722961574792862,0.37165918946266174,0.5712516903877258,-0.08073057979345322,0.36487188935279846,0.6185629963874817,-0.09391376376152039,0.36365440487861633,0.6567872166633606,-0.10238654166460037,0.3377469480037689,0.47083303332328796,-0.061278294771909714,0.34074586629867554,0.5742356777191162,-0.0832766517996788,0.3398788273334503,0.6348695755004883,-0.08699686825275421,0.3385528326034546,0.6835498213768005,-0.09128192067146301,0.30296874046325684,0.47371095418930054,-0.0639180988073349,0.29991865158081055,0.5683019757270813,-0.08050435036420822,0.28879857063293457,0.5637168884277344,-0.07044758647680283,0.27977365255355835,0.5475136041641235,-0.06253252923488617,0.2726319432258606,0.48675039410591125,-0.06800141930580139,0.2705395221710205,0.556540310382843,-0.07698268443346024,0.26575714349746704,0.5510314702987671,-0.06817946583032608,0.2638363838195801,0.5348644852638245,-0.061553336679935455
9,left,0,0,0,0,0,0,0,0,0,0,0,0,0,0,0,0,0,0,0,0,0,0,0,0,0,0,0,0,0,0,0,0,0,0,0,0,0,0,0,0,0,0,0,0,0,0,0,0,0,0,0,0,0,0,0,0,0,0,0,0,0,0,0
10,right,0.25098392367362976,0.43696293234825134,7.596369755447085e-07,0.28917813301086426,0.4528089761734009,-0.016471335664391518,0.311445415019989,0.5090675354003906,-0.03941820561885834,0.29537561535835266,0.5703166127204895,-0.06001938506960869,0.27216246724128723,0.6005740165710449,-0.08139479160308838,0.33925414085388184,0.49159082770347595,-0.06348226964473724,0.34508782625198364,0.5861696600914001,-0.08936559408903122,0.3428269922733307,0.6379022598266602,-0.10626993328332901,0.33933594822883606,0.6807166934013367,-0.1173667386174202,0.3036765158176422,0.487978994846344,-0.06869187951087952,0.3133985698223114,0.596674919128418,-0.09373558312654495,0.3165789842605591,0.6461698412895203,-0.1008991226553917,0.3179570138454437,0.6854260563850403,-0.1064067929983139,0.2667013704776764,0.4921497404575348,-0.07190023362636566,0.26791417598724365,0.5877079963684082,-0.08597886562347412,0.2676243484020233,0.5660678148269653,-0.0750381201505661,0.26671409606933594,0.5375376343727112,-0.06704527884721756,0.2333877682685852,0.49911990761756897,-0.07720134407281876,0.24083110690116882,0.5726312398910522,-0.08205461502075195,0.24190644919872284,0.557776153087616,-0.06895413994789124,0.2406017780303955,0.5323939323425293,-0.059333425015211105
10,left,0,0,0,0,0,0,0,0,0,0,0,0,0,0,0,0,0,0,0,0,0,0,0,0,0,0,0,0,0,0,0,0,0,0,0,0,0,0,0,0,0,0,0,0,0,0,0,0,0,0,0,0,0,0,0,0,0,0,0,0,0,0,0
11,right,0.23714758455753326,0.4331929087638855,8.227071930377861e-07,0.28341129422187805,0.4527635872364044,-0.011727885343134403,0.306417852640152,0.5118359327316284,-0.03366438299417496,0.28973588347435,0.5732387900352478,-0.0539952851831913,0.27286213636398315,0.6038379669189453,-0.07487610727548599,0.3374193012714386,0.49739381670951843,-0.06342761963605881,0.33748286962509155,0.5887210965156555,-0.08893933892250061,0.3342534303665161,0.6411204934120178,-0.105888232588768,0.3321327865123749,0.6842341423034668,-0.11764738708734512,0.30040642619132996,0.4895363450050354,-0.07138211280107498,0.3033978044986725,0.5940523147583008,-0.09623043984174728,0.3053762912750244,0.6575213670730591,-0.10530072450637817,0.3059840202331543,0.7088161706924438,-0.11398038268089294,0.26005759835243225,0.49003317952156067,-0.07663504779338837,0.2591041028499603,0.5876629948616028,-0.09118694812059402,0.2585412263870239,0.5647789239883423,-0.07971745729446411,0.25795382261276245,0.5306946039199829,-0.07240688800811768,0.22358909249305725,0.49610835313796997,-0.08348574489355087,0.23313269019126892,0.5746367573738098,-0.09014210850000381,0.23603281378746033,0.5596773028373718,-0.07789399474859238,0.23574282228946686,0.5316139459609985,-0.06939090043306351
11,left,0,0,0,0,0,0,0,0,0,0,0,0,0,0,0,0,0,0,0,0,0,0,0,0,0,0,0,0,0,0,0,0,0,0,0,0,0,0,0,0,0,0,0,0,0,0,0,0,0,0,0,0,0,0,0,0,0,0,0,0,0,0,0
12,right,0.23392462730407715,0.43302878737449646,8.575046877012937e-07,0.28116574883461,0.45003315806388855,-0.01208681520074606,0.30626508593559265,0.505027711391449,-0.03529788926243782,0.29130810499191284,0.565390408039093,-0.05689338967204094,0.2748391330242157,0.5984798073768616,-0.07879875600337982,0.3385432958602905,0.4916108548641205,-0.06460820883512497,0.3413088321685791,0.5863776206970215,-0.09096603840589523,0.3390003442764282,0.6393213272094727,-0.10791321843862534,0.33710992336273193,0.6827582120895386,-0.11957576870918274,0.30213117599487305,0.485162615776062,-0.07248910516500473,0.307378351688385,0.5930761694908142,-0.09858759492635727,0.3078796863555908,0.6552438735961914,-0.10679734498262405,0.3069898784160614,0.7047415375709534,-0.1146467998623848,0.2627295255661011,0.48750418424606323,-0.07775616645812988,0.2628631889820099,0.5870071649551392,-0.0920502319931984,0.2599843740463257,0.5643209218978882,-0.07853925973176956,0.25883743166923523,0.5306624174118042,-0.07020392268896103,0.2268456071615219,0.4945952296257019,-0.08483102172613144,0.23579832911491394,0.5731765627861023,-0.09052704274654388,0.2368188202381134,0.557734489440918,-0.0767529085278511,0.23633649945259094,0.5301340818405151,-0.06739546358585358
12,left,0,0,0,0,0,0,0,0,0,0,0,0,0,0,0,0,0,0,0,0,0,0,0,0,0,0,0,0,0,0,0,0,0,0,0,0,0,0,0,0,0,0,0,0,0,0,0,0,0,0,0,0,0,0,0,0,0,0,0,0,0,0,0
13,right,0.23375020921230316,0.43037542700767517,8.585300861341238e-07,0.28368493914604187,0.44551339745521545,-0.010274377651512623,0.3114318549633026,0.4969611167907715,-0.03270578011870384,0.3009113073348999,0.5578377842903137,-0.05413602665066719,0.28758782148361206,0.5893288850784302,-0.07564771920442581,0.34431979060173035,0.4811633229255676,-0.061362527310848236,0.3501380980014801,0.5755563378334045,-0.08775823563337326,0.3503504991531372,0.6272052526473999,-0.10473273694515228,0.3518640995025635,0.6696304082870483,-0.11657209694385529,0.3078313171863556,0.4768320918083191,-0.07065761834383011,0.3180498480796814,0.5829926133155823,-0.09788835048675537,0.32132530212402344,0.645348846912384,-0.10756958276033401,0.3239193856716156,0.6957128643989563,-0.11635975539684296,0.2685984969139099,0.4815036654472351,-0.07721316814422607,0.27060115337371826,0.5825611352920532,-0.09322823584079742,0.26483941078186035,0.5615307092666626,-0.08036895841360092,0.26292863488197327,0.5289108753204346,-0.07205375283956528,0.23325656354427338,0.49007463455200195,-0.08540927618741989,0.2425161600112915,0.5715173482894897,-0.0922710970044136,0.24183999001979828,0.5571069121360779,-0.078959159553051,0.24125206470489502,0.5295907258987427,-0.06969833374023438
13,left,0,0,0,0,0,0,0,0,0,0,0,0,0,0,0,0,0,0,0,0,0,0,0,0,0,0,0,0,0,0,0,0,0,0,0,0,0,0,0,0,0,0,0,0,0,0,0,0,0,0,0,0,0,0,0,0,0,0,0,0,0,0,0
14,right,0.2506144046783447,0.441511869430542,5.321412572811823e-07,0.2927742898464203,0.4477367401123047,-0.01914163865149021,0.3253670930862427,0.49600815773010254,-0.04367231950163841,0.31829482316970825,0.5565907955169678,-0.06545339524745941,0.30736246705055237,0.5987920761108398,-0.08644483238458633,0.3543359935283661,0.4762380123138428,-0.07089860737323761,0.36266541481018066,0.5750938653945923,-0.09855428338050842,0.36195647716522217,0.6220174431800842,-0.11350444704294205,0.36542361974716187,0.6591622829437256,-0.12332530319690704,0.31818661093711853,0.4720323085784912,-0.07574740797281265,0.33214107155799866,0.5821959376335144,-0.10511454194784164,0.33822447061538696,0.6430626511573792,-0.11400897800922394,0.3447253108024597,0.6900733709335327,-0.12151052802801132,0.2819550633430481,0.4791705906391144,-0.07873725146055222,0.2855707108974457,0.5819413661956787,-0.10241778939962387,0.27853482961654663,0.5663816332817078,-0.0951104387640953,0.2767619490623474,0.5391870737075806,-0.08820346742868423,0.2507873773574829,0.4939206838607788,-0.08306083083152771,0.25815266370773315,0.5722883343696594,-0.09556367993354797,0.2536657750606537,0.5607793927192688,-0.08642325550317764,0.252577006816864,0.5385605692863464,-0.07942674309015274
14,left,0,0,0,0,0,0,0,0,0,0,0,0,0,0,0,0,0,0,0,0,0,0,0,0,0,0,0,0,0,0,0,0,0,0,0,0,0,0,0,0,0,0,0,0,0,0,0,0,0,0,0,0,0,0,0,0,0,0,0,0,0,0,0
15,right,0.24019154906272888,0.4311748445034027,8.635764743303298e-07,0.28646883368492126,0.4409654438495636,-0.011117368936538696,0.31515970826148987,0.49061793088912964,-0.0345250740647316,0.3084357678890228,0.5538749098777771,-0.05667008459568024,0.29710981249809265,0.5844427347183228,-0.0793396383523941,0.349072128534317,0.4676845669746399,-0.06255891174077988,0.36319541931152344,0.5589439272880554,-0.08942567557096481,0.3674854636192322,0.610752522945404,-0.10726813971996307,0.37315064668655396,0.6521913409233093,-0.11973012238740921,0.31371650099754333,0.4714116156101227,-0.0716179758310318,0.33391034603118896,0.5749154686927795,-0.09935782849788666,0.34220847487449646,0.6357619762420654,-0.10994504392147064,0.3514663279056549,0.6851048469543457,-0.119069904088974,0.2758350372314453,0.48345500230789185,-0.07769887894392014,0.28217530250549316,0.5757898092269897,-0.0939006358385086,0.27311646938323975,0.5540546178817749,-0.08162187039852142,0.26923084259033203,0.5228174328804016,-0.07347757369279861,0.2417909950017929,0.4979665279388428,-0.08531470596790314,0.2562642991542816,0.5712087750434875,-0.09096347540616989,0.2526037395000458,0.5557150840759277,-0.07612842321395874,0.24939358234405518,0.529831051826477,-0.06589361280202866
15,left,0,0,0,0,0,0,0,0,0,0,0,0,0,0,0,0,0,0,0,0,0,0,0,0,0,0,0,0,0,0,0,0,0,0,0,0,0,0,0,0,0,0,0,0,0,0,0,0,0,0,0,0,0,0,0,0,0,0,0,0,0,0,0
16,right,0.23314881324768066,0.43598511815071106,8.379641371902835e-07,0.2809833586215973,0.44459643959999084,-0.00907403789460659,0.3118971586227417,0.4906215965747833,-0.03137742355465889,0.3078257143497467,0.5524848103523254,-0.05283964425325394,0.3013147711753845,0.5885989665985107,-0.07425668835639954,0.34757351875305176,0.46751710772514343,-0.06016409769654274,0.36467984318733215,0.559477686882019,-0.08759063482284546,0.36963820457458496,0.6124053597450256,-0.10506956279277802,0.37409478425979614,0.653994083404541,-0.11659771203994751,0.31294360756874084,0.470723032951355,-0.06986887007951736,0.3347248435020447,0.5749499201774597,-0.09857136756181717,0.34404945373535156,0.636358916759491,-0.10902874916791916,0.35170042514801025,0.6842624545097351,-0.11755097657442093,0.2754472494125366,0.48330891132354736,-0.07663215696811676,0.28565749526023865,0.5788760185241699,-0.09417776763439178,0.2753705084323883,0.558677077293396,-0.08113273978233337,0.26922792196273804,0.5270538926124573,-0.07175273448228836,0.24175001680850983,0.49888014793395996,-0.0846671462059021,0.2574756443500519,0.5740963816642761,-0.09177497774362564,0.25340932607650757,0.5599548816680908,-0.07699106633663177,0.24983394145965576,0.5333941578865051,-0.06607455760240555
16,left,0,0,0,0,0,0,0,0,0,0,0,0,0,0,0,0,0,0,0,0,0,0,0,0,0,0,0,0,0,0,0,0,0,0,0,0,0,0,0,0,0,0,0,0,0,0,0,0,0,0,0,0,0,0,0,0,0,0,0,0,0,0,0
17,right,0.2295815646648407,0.43552884459495544,8.348046662831621e-07,0.2787146270275116,0.44312500953674316,-0.009368829429149628,0.31172001361846924,0.49081218242645264,-0.03160329535603523,0.309222936630249,0.5549676418304443,-0.05325224623084068,0.3024435043334961,0.591749906539917,-0.07495822012424469,0.347584068775177,0.4681771993637085,-0.0584544762969017,0.36377930641174316,0.5601849555969238,-0.08613193035125732,0.3693605661392212,0.6130322217941284,-0.10472115874290466,0.37467464804649353,0.6548300981521606,-0.1175931915640831,0.3134114742279053,0.4717060327529907,-0.06864804774522781,0.3343375027179718,0.5759831070899963,-0.09766533225774765,0.34377795457839966,0.637408971786499,-0.10930316895246506,0.3533889651298523,0.6868492960929871,-0.11915707588195801,0.27644020318984985,0.4846416413784027,-0.07608233392238617,0.2853916585445404,0.5798094272613525,-0.09396907687187195,0.27496156096458435,0.5576391220092773,-0.08215051889419556,0.2696232795715332,0.5258015990257263,-0.07425329834222794,0.24273528158664703,0.5003191232681274,-0.08497592061758041,0.25763922929763794,0.5761936902999878,-0.09254032373428345,0.2533303201198578,0.5615490078926086,-0.07872894406318665,0.2502603232860565,0.5354360342025757,-0.06897135078907013
17,left,0,0,0,0,0,0,0,0,0,0,0,0,0,0,0,0,0,0,0,0,0,0,0,0,0,0,0,0,0,0,0,0,0,0,0,0,0,0,0,0,0,0,0,0,0,0,0,0,0,0,0,0,0,0,0,0,0,0,0,0,0,0,0
18,right,0.3255104422569275,0.47609594464302063,3.6163245908937824e-07,0.3550814688205719,0.4788318872451782,-0.019401082769036293,0.37067005038261414,0.5161839723587036,-0.03601156920194626,0.3680080473423004,0.5584527254104614,-0.0498843789100647,0.35871195793151855,0.5899998545646667,-0.06371127814054489,0.3658067584037781,0.4920768439769745,-0.05997062847018242,0.36661407351493835,0.5758281946182251,-0.07986580580472946,0.36523717641830444,0.6198104619979858,-0.08785376697778702,0.36546704173088074,0.6555442214012146,-0.09242130070924759,0.3355380594730377,0.49018973112106323,-0.06041193753480911,0.3402562439441681,0.5797398090362549,-0.08223994821310043,0.34376460313796997,0.635028064250946,-0.08661895245313644,0.3475170135498047,0.6766088008880615,-0.09104538708925247,0.30782604217529297,0.4963529109954834,-0.06001405045390129,0.30282357335090637,0.5685574412345886,-0.08193647861480713,0.294956773519516,0.564116895198822,-0.07941477000713348,0.28868287801742554,0.5532402992248535,-0.07505369186401367,0.28475767374038696,0.5092719793319702,-0.060491159558296204,0.28221553564071655,0.5625206828117371,-0.07228724658489227,0.27529019117355347,0.5627567172050476,-0.06818106770515442,0.2688256502151489,0.5571989417076111,-0.06528723239898682
18,left,0,0,0,0,0,0,0,0,0,0,0,0,0,0,0,0,0,0,0,0,0,0,0,0,0,0,0,0,0,0,0,0,0,0,0,0,0,0,0,0,0,0,0,0,0,0,0,0,0,0,0,0,0,0,0,0,0,0,0,0,0,0,0
19,right,0.24046410620212555,0.43881553411483765,5.801398970106675e-07,0.2824983596801758,0.4500170648097992,-0.018992485478520393,0.31589946150779724,0.49938279390335083,-0.04486582428216934,0.3109733462333679,0.5619623064994812,-0.06837279349565506,0.3000488877296448,0.5984309911727905,-0.09108603745698929,0.34883806109428406,0.4777321219444275,-0.06942039728164673,0.352157860994339,0.5792837738990784,-0.09826798737049103,0.34813106060028076,0.627241313457489,-0.11582480370998383,0.3483743369579315,0.667122483253479,-0.12803831696510315,0.3102687895298004,0.473493754863739,-0.07530904561281204,0.3190308213233948,0.5897420644760132,-0.10481452941894531,0.32158100605010986,0.6498054265975952,-0.11426226794719696,0.3250153660774231,0.69727623462677,-0.12265746295452118,0.2725469768047333,0.48108771443367004,-0.07943707704544067,0.27323588728904724,0.583322286605835,-0.10090312361717224,0.26480990648269653,0.564200758934021,-0.09230197966098785,0.2622276246547699,0.5361984372138977,-0.0861286148428917,0.24132531881332397,0.49618077278137207,-0.08542896807193756,0.24447758495807648,0.5720155835151672,-0.09551568329334259,0.2385939210653305,0.558066725730896,-0.08523532003164291,0.23782165348529816,0.5359926819801331,-0.07845939695835114
19,left,0,0,0,0,0,0,0,0,0,0,0,0,0,0,0,0,0,0,0,0,0,0,0,0,0,0,0,0,0,0,0,0,0,0,0,0,0,0,0,0,0,0,0,0,0,0,0,0,0,0,0,0,0,0,0,0,0,0,0,0,0,0,0
20,right,0.21973031759262085,0.4259732961654663,7.749203518869763e-07,0.2664543688297272,0.4431816339492798,-0.011876247823238373,0.29648610949516296,0.5009206533432007,-0.03482504561543465,0.2862853407859802,0.564292311668396,-0.057104092091321945,0.26778703927993774,0.5890701413154602,-0.08040101826190948,0.33117833733558655,0.48168525099754333,-0.061438485980033875,0.33623406291007996,0.5773488283157349,-0.08822635561227798,0.3330419957637787,0.6294512152671814,-0.10708918422460556,0.32983237504959106,0.6736544966697693,-0.12108708918094635,0.2941870391368866,0.4779641926288605,-0.07115750759840012,0.30043503642082214,0.5872371792793274,-0.09694834798574448,0.3018752634525299,0.6473348140716553,-0.10652405768632889,0.3039529025554657,0.6975082159042358,-0.11614838242530823,0.25453221797943115,0.48189860582351685,-0.07855072617530823,0.2546825408935547,0.5848965644836426,-0.09282036870718002,0.2493194341659546,0.5601609945297241,-0.08168407529592514,0.24768805503845215,0.5282282829284668,-0.07603960484266281,0.21744883060455322,0.4894014000892639,-0.08793801069259644,0.22732418775558472,0.5701009035110474,-0.09377932548522949,0.2259664237499237,0.5535019636154175,-0.08120300620794296,0.22476914525032043,0.5266738533973694,-0.07356051355600357
20,left,0,0,0,0,0,0,0,0,0,0,0,0,0,0,0,0,0,0,0,0,0,0,0,0,0,0,0,0,0,0,0,0,0,0,0,0,0,0,0,0,0,0,0,0,0,0,0,0,0,0,0,0,0,0,0,0,0,0,0,0,0,0,0
21,right,0.21822547912597656,0.42824044823646545,8.345765536432737e-07,0.2680359184741974,0.44286850094795227,-0.01009492389857769,0.2972759008407593,0.4979923665523529,-0.03229206055402756,0.28585976362228394,0.5603761672973633,-0.054009728133678436,0.2698505222797394,0.5932573080062866,-0.07624842971563339,0.33119258284568787,0.4828583300113678,-0.05891579017043114,0.33564919233322144,0.5767317414283752,-0.08531448990106583,0.3329750895500183,0.630137026309967,-0.10330916941165924,0.3306254744529724,0.6750824451446533,-0.11617531627416611,0.2949092984199524,0.4791026711463928,-0.06876829266548157,0.30237215757369995,0.586835503578186,-0.09372229129076004,0.30390113592147827,0.6482245922088623,-0.10237690061330795,0.3045405447483063,0.6976289749145508,-0.11116167157888412,0.2555074095726013,0.48323720693588257,-0.07641878724098206,0.25557756423950195,0.5817403793334961,-0.09035219252109528,0.25154909491539,0.5581913590431213,-0.07860719412565231,0.25050681829452515,0.5250551700592041,-0.07217378169298172,0.21895535290241241,0.49184736609458923,-0.08590111136436462,0.22739160060882568,0.5704781413078308,-0.09141307324171066,0.2266158163547516,0.5543214082717896,-0.07874765247106552,0.22607995569705963,0.5267775058746338,-0.07079391181468964
21,left,0,0,0,0,0,0,0,0,0,0,0,0,0,0,0,0,0,0,0,0,0,0,0,0,0,0,0,0,0,0,0,0,0,0,0,0,0,0,0,0,0,0,0,0,0,0,0,0,0,0,0,0,0,0,0,0,0,0,0,0,0,0,0
22,right,0.21533799171447754,0.4288633167743683,8.629691023998021e-07,0.26734551787376404,0.44607919454574585,-0.010675830766558647,0.29569563269615173,0.5029106736183167,-0.035464443266391754,0.2809859812259674,0.564922571182251,-0.05953982099890709,0.25877830386161804,0.5920911431312561,-0.08449605107307434,0.32780852913856506,0.48578837513923645,-0.066530242562294,0.3292246460914612,0.5828635692596436,-0.09450320154428482,0.323221355676651,0.6362072825431824,-0.11408551782369614,0.31791093945503235,0.6811214685440063,-0.1285245418548584,0.28939715027809143,0.47764551639556885,-0.07714051008224487,0.29400429129600525,0.5908663272857666,-0.1040068194270134,0.2928794026374817,0.6531550288200378,-0.11361589282751083,0.29125910997390747,0.7025636434555054,-0.12352027744054794,0.24817869067192078,0.4798227846622467,-0.08480983972549438,0.24530430138111115,0.5830498933792114,-0.09810078144073486,0.24180789291858673,0.5593211650848389,-0.08508800715208054,0.2411116063594818,0.525127649307251,-0.0787828341126442,0.2117863893508911,0.4874206483364105,-0.09452775120735168,0.21722447872161865,0.5683035254478455,-0.09833191335201263,0.21731948852539062,0.5531750917434692,-0.08398634940385818,0.21739055216312408,0.5261362195014954,-0.07566969096660614
22,left,0,0,0,0,0,0,0,0,0,0,0,0,0,0,0,0,0,0,0,0,0,0,0,0,0,0,0,0,0,0,0,0,0,0,0,0,0,0,0,0,0,0,0,0,0,0,0,0,0,0,0,0,0,0,0,0,0,0,0,0,0,0,0
23,right,0.21894937753677368,0.42355877161026,8.634818868813454e-07,0.26863476634025574,0.4420033395290375,-0.011585847474634647,0.2967967391014099,0.4983205795288086,-0.03538705036044121,0.2829248309135437,0.5605554580688477,-0.05850205942988396,0.26358282566070557,0.590731143951416,-0.08210629969835281,0.3291403353214264,0.4816303253173828,-0.06201526150107384,0.33254677057266235,0.5771269202232361,-0.08963430672883987,0.32983776926994324,0.630633533000946,-0.1090693399310112,0.3279183506965637,0.6756481528282166,-0.12306458503007889,0.2927747368812561,0.4740331172943115,-0.07160820811986923,0.29911357164382935,0.5835595726966858,-0.09852294623851776,0.2997405529022217,0.6453880071640015,-0.10843493044376373,0.29994234442710876,0.6955956220626831,-0.1179443746805191,0.25298893451690674,0.47697508335113525,-0.07888767868280411,0.25158238410949707,0.5817527174949646,-0.09315020591020584,0.24754755198955536,0.5604082345962524,-0.08121880888938904,0.2469814568758011,0.527492344379425,-0.07480722665786743,0.21691098809242249,0.4857620894908905,-0.08829006552696228,0.2240431159734726,0.5702555775642395,-0.09359785169363022,0.22451940178871155,0.5559953451156616,-0.08073592931032181,0.2252536118030548,0.5285636782646179,-0.07280775904655457
23,left,0,0,0,0,0,0,0,0,0,0,0,0,0,0,0,0,0,0,0,0,0,0,0,0,0,0,0,0,0,0,0,0,0,0,0,0,0,0,0,0,0,0,0,0,0,0,0,0,0,0,0,0,0,0,0,0,0,0,0,0,0,0,0
24,right,0.21730980277061462,0.4264816641807556,8.47699766381993e-07,0.26658695936203003,0.4413927495479584,-0.010767750442028046,0.2955150306224823,0.4939473271369934,-0.03343686833977699,0.28396785259246826,0.5564048290252686,-0.05537029355764389,0.2691865563392639,0.5881659984588623,-0.07762035727500916,0.3306492567062378,0.47718513011932373,-0.06052720546722412,0.33641451597213745,0.5716068744659424,-0.08711274713277817,0.33673760294914246,0.6239773631095886,-0.10538602620363235,0.33832788467407227,0.6671023964881897,-0.11838462203741074,0.2946810722351074,0.4714251756668091,-0.06993100792169571,0.3034306764602661,0.5782489776611328,-0.0966942235827446,0.30685752630233765,0.6416921019554138,-0.10727716982364655,0.3096369206905365,0.6925256252288818,-0.11712758243083954,0.25519970059394836,0.47624528408050537,-0.07673414796590805,0.2555789351463318,0.5786868929862976,-0.0917675793170929,0.24996696412563324,0.5584400296211243,-0.07983113825321198,0.24829375743865967,0.5256837606430054,-0.07285964488983154,0.21931596100330353,0.4861711859703064,-0.08534543961286545,0.22797060012817383,0.568469762802124,-0.09172564744949341,0.2269221991300583,0.5541194081306458,-0.07872788608074188,0.22634544968605042,0.5264387130737305,-0.0701444074511528
24,left,0,0,0,0,0,0,0,0,0,0,0,0,0,0,0,0,0,0,0,0,0,0,0,0,0,0,0,0,0,0,0,0,0,0,0,0,0,0,0,0,0,0,0,0,0,0,0,0,0,0,0,0,0,0,0,0,0,0,0,0,0,0,0
25,right,0.22017934918403625,0.42699065804481506,8.790871675046219e-07,0.27102553844451904,0.4378995895385742,-0.010374443605542183,0.3022405505180359,0.4858705401420593,-0.033544473350048065,0.2961961328983307,0.5488982796669006,-0.055663421750068665,0.28476813435554504,0.5796055197715759,-0.07763978093862534,0.3357483148574829,0.4657233953475952,-0.06232491880655289,0.3474319875240326,0.5583968162536621,-0.09029290825128555,0.35118332505226135,0.6094281673431396,-0.10886647552251816,0.35576149821281433,0.652305006980896,-0.12202475965023041,0.2993288040161133,0.4661211669445038,-0.07210411876440048,0.31584489345550537,0.5703529715538025,-0.10252978652715683,0.32364729046821594,0.6319261789321899,-0.11488743871450424,0.32994961738586426,0.683266282081604,-0.12542667984962463,0.260254442691803,0.47632959485054016,-0.0787581205368042,0.2663939297199249,0.5773140788078308,-0.09627605229616165,0.258745014667511,0.5546231269836426,-0.08334247767925262,0.2547729015350342,0.5223321914672852,-0.07498069852590561,0.22549372911453247,0.49003341794013977,-0.08709070831537247,0.23741337656974792,0.5692337155342102,-0.09412115812301636,0.23503823578357697,0.5535264015197754,-0.0801534503698349,0.23355798423290253,0.5268279910087585,-0.07050689309835434
25,left,0,0,0,0,0,0,0,0,0,0,0,0,0,0,0,0,0,0,0,0,0,0,0,0,0,0,0,0,0,0,0,0,0,0,0,0,0,0,0,0,0,0,0,0,0,0,0,0,0,0,0,0,0,0,0,0,0,0,0,0,0,0,0
26,right,0.22037938237190247,0.42749613523483276,8.716501156413869e-07,0.27068716287612915,0.43715307116508484,-0.008726108819246292,0.30305835604667664,0.484762966632843,-0.030709080398082733,0.2983483374118805,0.5483850240707397,-0.052285756915807724,0.28757232427597046,0.5807894468307495,-0.0738414078950882,0.33789005875587463,0.45952045917510986,-0.05724070593714714,0.3532921373844147,0.5524587631225586,-0.08402536064386368,0.35814327001571655,0.6050739288330078,-0.1021709069609642,0.36272451281547546,0.6482817530632019,-0.11498606950044632,0.3018367886543274,0.4621582627296448,-0.06777782738208771,0.32223573327064514,0.565839409828186,-0.09713221341371536,0.33145904541015625,0.6290156841278076,-0.10935696214437485,0.33916398882865906,0.6801037788391113,-0.11961092054843903,0.2634807527065277,0.4744509756565094,-0.07536619156599045,0.27344226837158203,0.5749119520187378,-0.09291372448205948,0.2632977366447449,0.5553920269012451,-0.0805530995130539,0.2580053210258484,0.5238417387008667,-0.07225969433784485,0.22942997515201569,0.4903377294540405,-0.08444187790155411,0.24483191967010498,0.5685334205627441,-0.09174910187721252,0.24070116877555847,0.554955005645752,-0.07773605734109879,0.23850372433662415,0.5291200876235962,-0.06781566888093948
26,left,0,0,0,0,0,0,0,0,0,0,0,0,0,0,0,0,0,0,0,0,0,0,0,0,0,0,0,0,0,0,0,0,0,0,0,0,0,0,0,0,0,0,0,0,0,0,0,0,0,0,0,0,0,0,0,0,0,0,0,0,0,0,0
27,right,0.22140726447105408,0.42631056904792786,8.730021363589913e-07,0.2725767493247986,0.4350013732910156,-0.009310027584433556,0.3057355582714081,0.4801954925060272,-0.03278687596321106,0.30290982127189636,0.543644905090332,-0.055677782744169235,0.2933465242385864,0.576950192451477,-0.07854962348937988,0.34120064973831177,0.45403853058815,-0.060922376811504364,0.3574950695037842,0.5459920167922974,-0.0895041897892952,0.3635752201080322,0.5991497039794922,-0.109198197722435,0.3694824278354645,0.6424556374549866,-0.12299556285142899,0.3054252862930298,0.4566667675971985,-0.07163660228252411,0.3263430893421173,0.5603349804878235,-0.10284537076950073,0.3365788459777832,0.6236103177070618,-0.11598605662584305,0.3455680012702942,0.6741811633110046,-0.12683722376823425,0.26715269684791565,0.47062554955482483,-0.07920056581497192,0.27738404273986816,0.5716952681541443,-0.09748086333274841,0.2670013904571533,0.5526854395866394,-0.08508353680372238,0.2611868977546692,0.5212644934654236,-0.07681898772716522,0.2336367815732956,0.4881611764431,-0.08832013607025146,0.24888551235198975,0.5668262839317322,-0.09558133780956268,0.24462980031967163,0.5533443093299866,-0.08125779032707214,0.2418861985206604,0.5271009802818298,-0.0711439996957779
27,left,0,0,0,0,0,0,0,0,0,0,0,0,0,0,0,0,0,0,0,0,0,0,0,0,0,0,0,0,0,0,0,0,0,0,0,0,0,0,0,0,0,0,0,0,0,0,0,0,0,0,0,0,0,0,0,0,0,0,0,0,0,0,0
28,right,0.3140064775943756,0.44781494140625,4.113467468869203e-07,0.3377380669116974,0.45822739601135254,-0.01983010210096836,0.3547327518463135,0.5007493495941162,-0.04005226865410805,0.3495232164859772,0.5489253997802734,-0.0565960593521595,0.33892837166786194,0.5833979845046997,-0.07300982624292374,0.3580915927886963,0.4755605459213257,-0.06780818104743958,0.3628777265548706,0.5618618726730347,-0.09125403314828873,0.36292681097984314,0.6075783967971802,-0.10119940340518951,0.3639701008796692,0.6447572112083435,-0.10679836571216583,0.33280622959136963,0.47466638684272766,-0.06742674112319946,0.34226202964782715,0.5675135254859924,-0.09121190756559372,0.3447496294975281,0.6210591197013855,-0.09430243074893951,0.34585055708885193,0.6608340740203857,-0.09742771834135056,0.30918970704078674,0.48264724016189575,-0.06572039425373077,0.311801016330719,0.5613054633140564,-0.08503963053226471,0.3034190535545349,0.5597041249275208,-0.07793518155813217,0.2959465980529785,0.5515859127044678,-0.07112624496221542,0.2899295687675476,0.49762850999832153,-0.06515827775001526,0.29441678524017334,0.5556069016456604,-0.07322824746370316,0.2893659174442291,0.5592173933982849,-0.06610521674156189,0.28337159752845764,0.5580419301986694,-0.061354268342256546
28,left,0,0,0,0,0,0,0,0,0,0,0,0,0,0,0,0,0,0,0,0,0,0,0,0,0,0,0,0,0,0,0,0,0,0,0,0,0,0,0,0,0,0,0,0,0,0,0,0,0,0,0,0,0,0,0,0,0,0,0,0,0,0,0
29,right,0.2461657077074051,0.43944573402404785,5.58413375983946e-07,0.28842878341674805,0.4494033455848694,-0.02126743085682392,0.3218013346195221,0.4972146451473236,-0.04671694338321686,0.3172306418418884,0.5555738210678101,-0.06824088841676712,0.3096007704734802,0.5932892560958862,-0.08889029920101166,0.34478989243507385,0.4697408378124237,-0.07879842817783356,0.3497981131076813,0.5666649341583252,-0.10886330902576447,0.3487919569015503,0.6168867349624634,-0.12622897326946259,0.3516908586025238,0.6575456261634827,-0.13765335083007812,0.3068419396877289,0.46172621846199036,-0.0823390856385231,0.320616751909256,0.5768764615058899,-0.11285950988531113,0.3255026340484619,0.6396085619926453,-0.12247219681739807,0.3294318914413452,0.6868460774421692,-0.13069474697113037,0.2689456045627594,0.4703502058982849,-0.08357741683721542,0.2743092477321625,0.5804290771484375,-0.10799168050289154,0.2676490247249603,0.5695763826370239,-0.10065926611423492,0.26445603370666504,0.5441573858261108,-0.09398048371076584,0.23848265409469604,0.490202397108078,-0.08617527037858963,0.24300049245357513,0.5704778432846069,-0.09864988923072815,0.23761038482189178,0.5610870122909546,-0.08937447518110275,0.2357637584209442,0.5417355895042419,-0.08252926915884018
29,left,0,0,0,0,0,0,0,0,0,0,0,0,0,0,0,0,0,0,0,0,0,0,0,0,0,0,0,0,0,0,0,0,0,0,0,0,0,0,0,0,0,0,0,0,0,0,0,0,0,0,0,0,0,0,0,0,0,0,0,0,0,0,0
30,right,0.2181534320116043,0.4217956066131592,8.875334174263116e-07,0.2616472840309143,0.4394610822200775,-0.014209918677806854,0.29172104597091675,0.49545830488204956,-0.038946375250816345,0.2811196446418762,0.5579968690872192,-0.06285062432289124,0.2604070007801056,0.5895832777023315,-0.08797279000282288,0.3248092234134674,0.4760444462299347,-0.06571850925683975,0.3326970338821411,0.5709215998649597,-0.09714171290397644,0.3316759765148163,0.6242550611495972,-0.11923645436763763,0.3303964138031006,0.6719774007797241,-0.13473054766654968,0.2883758544921875,0.4714432656764984,-0.07528815418481827,0.29887211322784424,0.5829943418502808,-0.10679799318313599,0.3020193874835968,0.6406557559967041,-0.11913291364908218,0.3057686984539032,0.6918970346450806,-0.12907728552818298,0.24898329377174377,0.47552722692489624,-0.08246130496263504,0.2528991103172302,0.5813872814178467,-0.10080335289239883,0.24699658155441284,0.5540481209754944,-0.0898853987455368,0.24392515420913696,0.5217831134796143,-0.08268123865127563,0.21194937825202942,0.48174723982810974,-0.09187289327383041,0.22214515507221222,0.5646457076072693,-0.10014846920967102,0.22098314762115479,0.5474163293838501,-0.08720390498638153,0.2190360724925995,0.5202592015266418,-0.07786652445793152
30,left,0,0,0,0,0,0,0,0,0,0,0,0,0,0,0,0,0,0,0,0,0,0,0,0,0,0,0,0,0,0,0,0,0,0,0,0,0,0,0,0,0,0,0,0,0,0,0,0,0,0,0,0,0,0,0,0,0,0,0,0,0,0,0
31,right,0.2065943479537964,0.43031829595565796,8.290394930554612e-07,0.25797536969184875,0.4464395046234131,-0.013382263481616974,0.2888960838317871,0.5012872815132141,-0.038009755313396454,0.2761281132698059,0.5632798671722412,-0.06139678508043289,0.25613459944725037,0.5917870402336121,-0.0853564515709877,0.32081812620162964,0.4829902946949005,-0.06601561605930328,0.32255396246910095,0.5772050619125366,-0.09365791082382202,0.31880760192871094,0.6288028955459595,-0.11273550987243652,0.3160277307033539,0.6727973818778992,-0.12661141157150269,0.28222882747650146,0.4729551076889038,-0.07510751485824585,0.28834068775177,0.585347592830658,-0.1019606739282608,0.28979918360710144,0.644791305065155,-0.11145105957984924,0.2899073362350464,0.6918859481811523,-0.12083753198385239,0.24088260531425476,0.4743335247039795,-0.08179768919944763,0.23919373750686646,0.5833982825279236,-0.09678128361701965,0.2371440827846527,0.5606821775436401,-0.08527101576328278,0.23675638437271118,0.526174008846283,-0.07905122637748718,0.2040162980556488,0.4826970100402832,-0.0905635878443718,0.2113894671201706,0.5688585638999939,-0.0966750904917717,0.2125813513994217,0.5534611940383911,-0.08423415571451187,0.21271228790283203,0.5244676470756531,-0.0766337588429451
31,left,0,0,0,0,0,0,0,0,0,0,0,0,0,0,0,0,0,0,0,0,0,0,0,0,0,0,0,0,0,0,0,0,0,0,0,0,0,0,0,0,0,0,0,0,0,0,0,0,0,0,0,0,0,0,0,0,0,0,0,0,0,0,0
32,right,0.2063109576702118,0.4278799891471863,8.653546501591336e-07,0.2566947042942047,0.445029616355896,-0.01170218177139759,0.28614306449890137,0.5013188123703003,-0.036328766494989395,0.27399617433547974,0.5636825561523438,-0.06030875816941261,0.2542474567890167,0.5951523780822754,-0.08531887084245682,0.3186167776584625,0.4858749210834503,-0.06410859525203705,0.32063359022140503,0.5816388726234436,-0.09244797378778458,0.3164606988430023,0.6356258988380432,-0.11275684833526611,0.31262272596359253,0.6814029812812805,-0.1277930587530136,0.2812064588069916,0.4777836799621582,-0.07461942732334137,0.2854709327220917,0.5916652083396912,-0.10160807520151138,0.2840772867202759,0.6523957252502441,-0.11149615049362183,0.2830889821052551,0.7020071148872375,-0.12152350693941116,0.24066239595413208,0.47973987460136414,-0.08272316306829453,0.2378203272819519,0.5863663554191589,-0.0973675549030304,0.23388664424419403,0.5615955591201782,-0.08568980544805527,0.23380832374095917,0.5281283855438232,-0.08003102988004684,0.20380835235118866,0.4868761897087097,-0.09290249645709991,0.20961588621139526,0.5702268481254578,-0.0987190380692482,0.20995782315731049,0.5537385940551758,-0.08585064113140106,0.210794135928154,0.5257375240325928,-0.07823972404003143
32,left,0,0,0,0,0,0,0,0,0,0,0,0,0,0,0,0,0,0,0,0,0,0,0,0,0,0,0,0,0,0,0,0,0,0,0,0,0,0,0,0,0,0,0,0,0,0,0,0,0,0,0,0,0,0,0,0,0,0,0,0,0,0,0
33,right,0.20919623970985413,0.42969605326652527,8.655779311084189e-07,0.25953930616378784,0.44805654883384705,-0.009768913500010967,0.2882029116153717,0.5005504488945007,-0.03371826931834221,0.2761247456073761,0.5617256164550781,-0.05712999776005745,0.2595394253730774,0.5944250226020813,-0.08104806393384933,0.32287290692329407,0.48399049043655396,-0.0644596666097641,0.32723358273506165,0.5782808065414429,-0.09243621677160263,0.32544225454330444,0.6312239766120911,-0.11159174144268036,0.32478222250938416,0.6748108863830566,-0.12500779330730438,0.28542599081993103,0.4724308252334595,-0.07478542625904083,0.2925492823123932,0.5857518315315247,-0.10232632607221603,0.29370298981666565,0.6468228101730347,-0.11165088415145874,0.2933078110218048,0.6942330598831177,-0.12043960392475128,0.24400664865970612,0.4742719531059265,-0.08229689300060272,0.2452041506767273,0.5849723815917969,-0.09691817313432693,0.24155554175376892,0.5661454796791077,-0.08389721810817719,0.23981943726539612,0.5319583415985107,-0.07627298682928085,0.20768190920352936,0.48329514265060425,-0.09158399701118469,0.2168855220079422,0.5710139870643616,-0.09686279296875,0.21758459508419037,0.558590829372406,-0.08295202255249023,0.21700435876846313,0.5302959680557251,-0.07377582788467407
33,left,0,0,0,0,0,0,0,0,0,0,0,0,0,0,0,0,0,0,0,0,0,0,0,0,0,0,0,0,0,0,0,0,0,0,0,0,0,0,0,0,0,0,0,0,0,0,0,0,0,0,0,0,0,0,0,0,0,0,0,0,0,0,0
34,right,0.21180129051208496,0.429660439491272,8.98312919161981e-07,0.2619004249572754,0.444531112909317,-0.011244806461036205,0.29246336221694946,0.4942491948604584,-0.03557908907532692,0.28496116399765015,0.5572798252105713,-0.05886099860072136,0.2734977602958679,0.5902100801467896,-0.08217229694128036,0.32723724842071533,0.47208261489868164,-0.06478410959243774,0.3370175361633301,0.5677708387374878,-0.09377222508192062,0.3394581377506256,0.6198397278785706,-0.11293599754571915,0.3432624936103821,0.662655770778656,-0.12647396326065063,0.2902749180793762,0.4677025377750397,-0.07479877769947052,0.3041752576828003,0.5775830745697021,-0.10590993613004684,0.30919358134269714,0.6420398354530334,-0.1174226701259613,0.3132514953613281,0.6945172548294067,-0.12733721733093262,0.25038668513298035,0.47503289580345154,-0.08195013552904129,0.25461626052856445,0.5831523537635803,-0.09948024153709412,0.247791588306427,0.5627508759498596,-0.0859518051147461,0.24502642452716827,0.5296034812927246,-0.07748213410377502,0.21479737758636475,0.48746198415756226,-0.09097916632890701,0.22614026069641113,0.5716370344161987,-0.09832021594047546,0.2246386706829071,0.5571985244750977,-0.08427184075117111,0.22415687143802643,0.5293580889701843,-0.07471197843551636
34,left,0,0,0,0,0,0,0,0,0,0,0,0,0,0,0,0,0,0,0,0,0,0,0,0,0,0,0,0,0,0,0,0,0,0,0,0,0,0,0,0,0,0,0,0,0,0,0,0,0,0,0,0,0,0,0,0,0,0,0,0,0,0,0
35,right,0.21362566947937012,0.4271787703037262,8.54441736919398e-07,0.2641327381134033,0.4376310706138611,-0.010441072285175323,0.29758742451667786,0.4856003522872925,-0.032456789165735245,0.29627490043640137,0.5498552322387695,-0.05348523333668709,0.28935468196868896,0.5828673243522644,-0.074199378490448,0.33022555708885193,0.4593018889427185,-0.0588400699198246,0.34711727499961853,0.5513550639152527,-0.08568728715181351,0.3536756932735443,0.6018211841583252,-0.10332375764846802,0.3598545491695404,0.6438339948654175,-0.11572527140378952,0.2941572368144989,0.4633960723876953,-0.06828231364488602,0.3166685700416565,0.5649968981742859,-0.09716964513063431,0.3280891180038452,0.6247771978378296,-0.1090768426656723,0.3374272584915161,0.6741551160812378,-0.11934376507997513,0.2561381161212921,0.4766194224357605,-0.07494599372148514,0.2688680589199066,0.5763217210769653,-0.09233830124139786,0.25982925295829773,0.5542830228805542,-0.08014387637376785,0.25409722328186035,0.5224610567092896,-0.07209892570972443,0.22261928021907806,0.49282416701316833,-0.0832277461886406,0.23924216628074646,0.5697560906410217,-0.09074375778436661,0.23585553467273712,0.5543232560157776,-0.07752148061990738,0.2330988645553589,0.5282463431358337,-0.0682312399148941
35,left,0,0,0,0,0,0,0,0,0,0,0,0,0,0,0,0,0,0,0,0,0,0,0,0,0,0,0,0,0,0,0,0,0,0,0,0,0,0,0,0,0,0,0,0,0,0,0,0,0,0,0,0,0,0,0,0,0,0,0,0,0,0,0
36,right,0.21289290487766266,0.4293801486492157,8.286164074888802e-07,0.2614327073097229,0.4391859471797943,-0.010768763720989227,0.29480814933776855,0.48714131116867065,-0.032612528651952744,0.2931240200996399,0.5515715479850769,-0.05373739078640938,0.28647860884666443,0.5862058997154236,-0.07464846968650818,0.33034035563468933,0.4600958228111267,-0.05616357922554016,0.34642288088798523,0.552649974822998,-0.08298256993293762,0.3524980843067169,0.605255663394928,-0.10090715438127518,0.3584973216056824,0.6471462249755859,-0.11335849016904831,0.2957424521446228,0.46370068192481995,-0.06575486063957214,0.3172321617603302,0.5670422315597534,-0.09357128292322159,0.32743942737579346,0.6294259428977966,-0.10454723238945007,0.3366507291793823,0.6793698072433472,-0.11393154412508011,0.2591322362422943,0.476771742105484,-0.07313844561576843,0.2684286832809448,0.574035108089447,-0.09054215252399445,0.25769364833831787,0.5532781481742859,-0.07907641679048538,0.2522338032722473,0.5218828320503235,-0.07139134407043457,0.22582104802131653,0.4939797520637512,-0.08220325410366058,0.24049431085586548,0.5686275959014893,-0.0897303894162178,0.23547162115573883,0.5537369251251221,-0.07658963650465012,0.23223216831684113,0.52820885181427,-0.06741490960121155
36,left,0,0,0,0,0,0,0,0,0,0,0,0,0,0,0,0,0,0,0,0,0,0,0,0,0,0,0,0,0,0,0,0,0,0,0,0,0,0,0,0,0,0,0,0,0,0,0,0,0,0,0,0,0,0,0,0,0,0,0,0,0,0,0
