1,right,0,0,0,0,0,0,0,0,0,0,0,0,0,0,0,0,0,0,0,0,0,0,0,0,0,0,0,0,0,0,0,0,0,0,0,0,0,0,0,0,0,0,0,0,0,0,0,0,0,0,0,0,0,0,0,0,0,0,0,0,0,0,0
1,left,0,0,0,0,0,0,0,0,0,0,0,0,0,0,0,0,0,0,0,0,0,0,0,0,0,0,0,0,0,0,0,0,0,0,0,0,0,0,0,0,0,0,0,0,0,0,0,0,0,0,0,0,0,0,0,0,0,0,0,0,0,0,0
2,right,0,0,0,0,0,0,0,0,0,0,0,0,0,0,0,0,0,0,0,0,0,0,0,0,0,0,0,0,0,0,0,0,0,0,0,0,0,0,0,0,0,0,0,0,0,0,0,0,0,0,0,0,0,0,0,0,0,0,0,0,0,0,0
2,left,0,0,0,0,0,0,0,0,0,0,0,0,0,0,0,0,0,0,0,0,0,0,0,0,0,0,0,0,0,0,0,0,0,0,0,0,0,0,0,0,0,0,0,0,0,0,0,0,0,0,0,0,0,0,0,0,0,0,0,0,0,0,0
3,right,0,0,0,0,0,0,0,0,0,0,0,0,0,0,0,0,0,0,0,0,0,0,0,0,0,0,0,0,0,0,0,0,0,0,0,0,0,0,0,0,0,0,0,0,0,0,0,0,0,0,0,0,0,0,0,0,0,0,0,0,0,0,0
3,left,0,0,0,0,0,0,0,0,0,0,0,0,0,0,0,0,0,0,0,0,0,0,0,0,0,0,0,0,0,0,0,0,0,0,0,0,0,0,0,0,0,0,0,0,0,0,0,0,0,0,0,0,0,0,0,0,0,0,0,0,0,0,0
4,right,0,0,0,0,0,0,0,0,0,0,0,0,0,0,0,0,0,0,0,0,0,0,0,0,0,0,0,0,0,0,0,0,0,0,0,0,0,0,0,0,0,0,0,0,0,0,0,0,0,0,0,0,0,0,0,0,0,0,0,0,0,0,0
4,left,0,0,0,0,0,0,0,0,0,0,0,0,0,0,0,0,0,0,0,0,0,0,0,0,0,0,0,0,0,0,0,0,0,0,0,0,0,0,0,0,0,0,0,0,0,0,0,0,0,0,0,0,0,0,0,0,0,0,0,0,0,0,0
5,right,0,0,0,0,0,0,0,0,0,0,0,0,0,0,0,0,0,0,0,0,0,0,0,0,0,0,0,0,0,0,0,0,0,0,0,0,0,0,0,0,0,0,0,0,0,0,0,0,0,0,0,0,0,0,0,0,0,0,0,0,0,0,0
5,left,0,0,0,0,0,0,0,0,0,0,0,0,0,0,0,0,0,0,0,0,0,0,0,0,0,0,0,0,0,0,0,0,0,0,0,0,0,0,0,0,0,0,0,0,0,0,0,0,0,0,0,0,0,0,0,0,0,0,0,0,0,0,0
6,right,0.2133045345544815,0.8946641683578491,-2.187490366623024e-07,0.2418985217809677,0.8885279297828674,-0.024024270474910736,0.26235195994377136,0.8989478349685669,-0.04853818565607071,0.2666773796081543,0.9258111715316772,-0.07252875715494156,0.2661975026130676,0.9551643133163452,-0.09735159575939178,0.2539818286895752,0.805308997631073,-0.043439172208309174,0.2656046450138092,0.8760645389556885,-0.0834629237651825,0.2708445191383362,0.9334685802459717,-0.10980867594480515,0.278346449136734,0.9760267734527588,-0.12195200473070145,0.21104036271572113,0.8097552061080933,-0.04470565915107727,0.2205827385187149,0.8836522698402405,-0.08024092763662338,0.23085136711597443,0.9469162225723267,-0.09074427932500839,0.2396237850189209,0.9898842573165894,-0.09173795580863953,0.17480924725532532,0.830898642539978,-0.04852499067783356,0.18350525200366974,0.901187539100647,-0.08075793087482452,0.19878505170345306,0.9526591300964355,-0.08105599135160446,0.21081998944282532,0.9849778413772583,-0.07300063967704773,0.1498362272977829,0.8591642379760742,-0.054161280393600464,0.1571691334247589,0.9166963696479797,-0.07417131215333939,0.17255091667175293,0.9540844559669495,-0.0715641900897026,0.1862112581729889,0.9775383472442627,-0.0635293498635292
6,left,0,0,0,0,0,0,0,0,0,0,0,0,0,0,0,0,0,0,0,0,0,0,0,0,0,0,0,0,0,0,0,0,0,0,0,0,0,0,0,0,0,0,0,0,0,0,0,0,0,0,0,0,0,0,0,0,0,0,0,0,0,0,0
7,right,0,0,0,0,0,0,0,0,0,0,0,0,0,0,0,0,0,0,0,0,0,0,0,0,0,0,0,0,0,0,0,0,0,0,0,0,0,0,0,0,0,0,0,0,0,0,0,0,0,0,0,0,0,0,0,0,0,0,0,0,0,0,0
7,left,0,0,0,0,0,0,0,0,0,0,0,0,0,0,0,0,0,0,0,0,0,0,0,0,0,0,0,0,0,0,0,0,0,0,0,0,0,0,0,0,0,0,0,0,0,0,0,0,0,0,0,0,0,0,0,0,0,0,0,0,0,0,0
8,right,0,0,0,0,0,0,0,0,0,0,0,0,0,0,0,0,0,0,0,0,0,0,0,0,0,0,0,0,0,0,0,0,0,0,0,0,0,0,0,0,0,0,0,0,0,0,0,0,0,0,0,0,0,0,0,0,0,0,0,0,0,0,0
8,left,0,0,0,0,0,0,0,0,0,0,0,0,0,0,0,0,0,0,0,0,0,0,0,0,0,0,0,0,0,0,0,0,0,0,0,0,0,0,0,0,0,0,0,0,0,0,0,0,0,0,0,0,0,0,0,0,0,0,0,0,0,0,0
9,right,0.21351587772369385,0.7516592144966125,4.3183607090213627e-07,0.26636525988578796,0.7481036186218262,-0.02322297915816307,0.29824209213256836,0.7575360536575317,-0.049546584486961365,0.30858686566352844,0.7890701293945312,-0.07441714406013489,0.30834418535232544,0.8206077218055725,-0.09871519356966019,0.31927379965782166,0.677472710609436,-0.04923923686146736,0.33392199873924255,0.7754708528518677,-0.08787216991186142,0.33265823125839233,0.8402448892593384,-0.11494698375463486,0.33507484197616577,0.8867517709732056,-0.1315387636423111,0.27683696150779724,0.6746096014976501,-0.05476311221718788,0.29135861992836,0.7873403429985046,-0.09845612198114395,0.29763543605804443,0.8676881790161133,-0.1160038411617279,0.3070044219493866,0.9244712591171265,-0.12386621534824371,0.23377066850662231,0.6891696453094482,-0.06194538250565529,0.24948997795581818,0.7974464297294617,-0.09497895836830139,0.2602759301662445,0.8391492962837219,-0.09503116458654404,0.2656887173652649,0.854601263999939,-0.09053424745798111,0.19846871495246887,0.7148213982582092,-0.0715843141078949,0.21080031991004944,0.790572464466095,-0.09008941799402237,0.22202087938785553,0.8084768056869507,-0.08843827247619629,0.22878921031951904,0.8037603497505188,-0.08467454463243484
9,left,0,0,0,0,0,0,0,0,0,0,0,0,0,0,0,0,0,0,0,0,0,0,0,0,0,0,0,0,0,0,0,0,0,0,0,0,0,0,0,0,0,0,0,0,0,0,0,0,0,0,0,0,0,0,0,0,0,0,0,0,0,0,0
10,right,0,0,0,0,0,0,0,0,0,0,0,0,0,0,0,0,0,0,0,0,0,0,0,0,0,0,0,0,0,0,0,0,0,0,0,0,0,0,0,0,0,0,0,0,0,0,0,0,0,0,0,0,0,0,0,0,0,0,0,0,0,0,0
10,left,0,0,0,0,0,0,0,0,0,0,0,0,0,0,0,0,0,0,0,0,0,0,0,0,0,0,0,0,0,0,0,0,0,0,0,0,0,0,0,0,0,0,0,0,0,0,0,0,0,0,0,0,0,0,0,0,0,0,0,0,0,0,0
11,right,0,0,0,0,0,0,0,0,0,0,0,0,0,0,0,0,0,0,0,0,0,0,0,0,0,0,0,0,0,0,0,0,0,0,0,0,0,0,0,0,0,0,0,0,0,0,0,0,0,0,0,0,0,0,0,0,0,0,0,0,0,0,0
11,left,0,0,0,0,0,0,0,0,0,0,0,0,0,0,0,0,0,0,0,0,0,0,0,0,0,0,0,0,0,0,0,0,0,0,0,0,0,0,0,0,0,0,0,0,0,0,0,0,0,0,0,0,0,0,0,0,0,0,0,0,0,0,0
12,right,0.21515771746635437,0.7181187868118286,-2.7452608719613636e-07,0.2573396563529968,0.740463376045227,-0.030450686812400818,0.28589552640914917,0.765058696269989,-0.059488993138074875,0.2913626432418823,0.7976016998291016,-0.08705244213342667,0.27894315123558044,0.823120653629303,-0.11456446349620819,0.3091224730014801,0.6547642350196838,-0.05620979145169258,0.29817503690719604,0.7684434652328491,-0.1019473448395729,0.2790181636810303,0.8444026112556458,-0.13337139785289764,0.2685590088367462,0.8972517251968384,-0.14719757437705994,0.2645646333694458,0.6355465054512024,-0.05486350879073143,0.2530374825000763,0.7747815847396851,-0.09054425358772278,0.24801428616046906,0.8521360158920288,-0.09785173088312149,0.24656003713607788,0.9048431515693665,-0.0963652953505516,0.2183454930782318,0.6399848461151123,-0.05682669207453728,0.21259793639183044,0.7704931497573853,-0.08316973596811295,0.22446030378341675,0.8186167478561401,-0.07558152079582214,0.23559258878231049,0.8422754406929016,-0.062291622161865234,0.1779460906982422,0.6555124521255493,-0.06243323162198067,0.18004441261291504,0.7427836060523987,-0.07112960517406464,0.19103355705738068,0.7703009843826294,-0.06111353635787964,0.19811390340328217,0.7779768109321594,-0.04883475601673126
12,left,0,0,0,0,0,0,0,0,0,0,0,0,0,0,0,0,0,0,0,0,0,0,0,0,0,0,0,0,0,0,0,0,0,0,0,0,0,0,0,0,0,0,0,0,0,0,0,0,0,0,0,0,0,0,0,0,0,0,0,0,0,0,0
13,right,0.21536166965961456,0.6779059767723083,-5.4269854388167005e-08,0.2513393461704254,0.6994039416313171,-0.02924705296754837,0.258052796125412,0.7294443845748901,-0.06381839513778687,0.23696944117546082,0.761486291885376,-0.09681850671768188,0.20709730684757233,0.7770431637763977,-0.12991461157798767,0.2970229983329773,0.6538267731666565,-0.07156211137771606,0.2731640338897705,0.7650781869888306,-0.12315376847982407,0.2502685785293579,0.8387488722801208,-0.1570347100496292,0.23900294303894043,0.8894661068916321,-0.1728217899799347,0.250847727060318,0.638590931892395,-0.07496924698352814,0.22330158948898315,0.7654884457588196,-0.11794448643922806,0.2157905101776123,0.844650387763977,-0.1236179769039154,0.21215742826461792,0.8912215232849121,-0.12065278738737106,0.20364868640899658,0.6387024521827698,-0.08084384351968765,0.18645483255386353,0.7538567781448364,-0.10893510282039642,0.19503554701805115,0.7957234382629395,-0.09252592921257019,0.20283059775829315,0.8073214292526245,-0.0737151950597763,0.1657080352306366,0.6497380137443542,-0.0907355323433876,0.16009673476219177,0.7279661893844604,-0.10082905739545822,0.17599236965179443,0.7510587573051453,-0.08430099487304688,0.1884567141532898,0.7528719902038574,-0.06717873364686966
13,left,0,0,0,0,0,0,0,0,0,0,0,0,0,0,0,0,0,0,0,0,0,0,0,0,0,0,0,0,0,0,0,0,0,0,0,0,0,0,0,0,0,0,0,0,0,0,0,0,0,0,0,0,0,0,0,0,0,0,0,0,0,0,0
14,right,0.20282992720603943,0.6736818552017212,4.93906568976854e-08,0.24320687353610992,0.6894754767417908,-0.02840941771864891,0.2580520808696747,0.7187701463699341,-0.06156136468052864,0.25064539909362793,0.7593391537666321,-0.09343700855970383,0.23224538564682007,0.7965782880783081,-0.12534356117248535,0.2909127473831177,0.6472276449203491,-0.06863439828157425,0.25747451186180115,0.7613720297813416,-0.11855406314134598,0.2328512817621231,0.8302794694900513,-0.1512623280286789,0.21976017951965332,0.8771692514419556,-0.16790923476219177,0.24247200787067413,0.6286681890487671,-0.07412786781787872,0.20790517330169678,0.7524147629737854,-0.12067576497793198,0.19600620865821838,0.833676278591156,-0.13083875179290771,0.19154466688632965,0.8835816979408264,-0.132303386926651,0.1944849193096161,0.6267862319946289,-0.08190818876028061,0.16932658851146698,0.7431743741035461,-0.1154516413807869,0.17026205360889435,0.7915138602256775,-0.10611040890216827,0.17326155304908752,0.8091750144958496,-0.0930996686220169,0.1553378701210022,0.638700008392334,-0.09338631480932236,0.1458120346069336,0.7192729711532593,-0.10736577212810516,0.15827088057994843,0.7463715672492981,-0.09643401950597763,0.16900460422039032,0.7521936893463135,-0.08506898581981659
14,left,0,0,0,0,0,0,0,0,0,0,0,0,0,0,0,0,0,0,0,0,0,0,0,0,0,0,0,0,0,0,0,0,0,0,0,0,0,0,0,0,0,0,0,0,0,0,0,0,0,0,0,0,0,0,0,0,0,0,0,0,0,0,0
15,right,0.19995857775211334,0.6661180257797241,1.0680633977244725e-07,0.24048791825771332,0.6768720746040344,-0.025127440690994263,0.255867063999176,0.7005862593650818,-0.05675965175032616,0.24986019730567932,0.7362210154533386,-0.08822422474622726,0.23424236476421356,0.7689715623855591,-0.11989497393369675,0.29105889797210693,0.6307504773139954,-0.06255228817462921,0.26358723640441895,0.7414664030075073,-0.11284459382295609,0.24130091071128845,0.8116729855537415,-0.14679165184497833,0.2290499210357666,0.862443745136261,-0.16429723799228668,0.24328012764453888,0.6123263835906982,-0.06972911953926086,0.21321386098861694,0.7359795570373535,-0.11509976536035538,0.20367121696472168,0.8178616762161255,-0.12659460306167603,0.20058955252170563,0.8697061538696289,-0.12928639352321625,0.19479487836360931,0.6108480095863342,-0.07932136207818985,0.17399877309799194,0.7172746062278748,-0.11176611483097076,0.17670169472694397,0.7608989477157593,-0.10427728295326233,0.18094737827777863,0.7789294719696045,-0.09315366297960281,0.1545858383178711,0.62245774269104,-0.09236904978752136,0.14615529775619507,0.6995676755905151,-0.10698332637548447,0.15736255049705505,0.7328368425369263,-0.09739946573972702,0.16655543446540833,0.7499343752861023,-0.08685221523046494
15,left,0,0,0,0,0,0,0,0,0,0,0,0,0,0,0,0,0,0,0,0,0,0,0,0,0,0,0,0,0,0,0,0,0,0,0,0,0,0,0,0,0,0,0,0,0,0,0,0,0,0,0,0,0,0,0,0,0,0,0,0,0,0,0
16,right,0.1983603835105896,0.6679216027259827,1.4258792191412795e-07,0.24272114038467407,0.6745761036872864,-0.02645764872431755,0.2597617506980896,0.6964842677116394,-0.05882170796394348,0.251868337392807,0.7293825745582581,-0.09044509381055832,0.23418918251991272,0.7604656219482422,-0.12219364196062088,0.29238420724868774,0.6213452816009521,-0.064092718064785,0.2731534242630005,0.7335852980613708,-0.11313536018133163,0.2542683184146881,0.8038057684898376,-0.14535146951675415,0.24551810324192047,0.8534554839134216,-0.1619529277086258,0.2441004067659378,0.6069273948669434,-0.07044988870620728,0.22297069430351257,0.7357643842697144,-0.11564373970031738,0.2170356959104538,0.819817304611206,-0.12676943838596344,0.21759718656539917,0.872161865234375,-0.1293346881866455,0.19555455446243286,0.6100815534591675,-0.07913215458393097,0.18115919828414917,0.7207862138748169,-0.11248981207609177,0.18522539734840393,0.7662234306335449,-0.10540921241044998,0.18945083022117615,0.7840620875358582,-0.09452331066131592,0.15555454790592194,0.6250873804092407,-0.09117306768894196,0.15169470012187958,0.7038258910179138,-0.10752010345458984,0.16586583852767944,0.7370652556419373,-0.0990142971277237,0.17705832421779633,0.7521657347679138,-0.08899107575416565
16,left,0,0,0,0,0,0,0,0,0,0,0,0,0,0,0,0,0,0,0,0,0,0,0,0,0,0,0,0,0,0,0,0,0,0,0,0,0,0,0,0,0,0,0,0,0,0,0,0,0,0,0,0,0,0,0,0,0,0,0,0,0,0,0
17,right,0.18558908998966217,0.6703248620033264,2.1200132493959245e-07,0.23675142228603363,0.6687180995941162,-0.021583762019872665,0.2674005627632141,0.6827234625816345,-0.04865174740552902,0.27399495244026184,0.7140818238258362,-0.07598112523555756,0.2703452706336975,0.7498602867126465,-0.10408123582601547,0.28965091705322266,0.6018688082695007,-0.049920454621315,0.2906928062438965,0.7183011770248413,-0.09322453290224075,0.2854471802711487,0.7882033586502075,-0.12432350963354111,0.28464701771736145,0.8396449089050293,-0.1417037397623062,0.23947520554065704,0.5932749509811401,-0.05775853246450424,0.24096541106700897,0.7244932651519775,-0.10002608597278595,0.245632603764534,0.8077313899993896,-0.11505181342363358,0.25431349873542786,0.864149808883667,-0.12133577466011047,0.19118104875087738,0.6035892963409424,-0.06763201951980591,0.1972018927335739,0.7210264205932617,-0.10097171366214752,0.209394633769989,0.7756146788597107,-0.1019107922911644,0.21880869567394257,0.8049943447113037,-0.09697844088077545,0.15189066529273987,0.6257908344268799,-0.08000999689102173,0.1615029126405716,0.7087341547012329,-0.09765588492155075,0.17714178562164307,0.7414647340774536,-0.09403274953365326,0.18882034718990326,0.7571309804916382,-0.08824946731328964
17,left,0,0,0,0,0,0,0,0,0,0,0,0,0,0,0,0,0,0,0,0,0,0,0,0,0,0,0,0,0,0,0,0,0,0,0,0,0,0,0,0,0,0,0,0,0,0,0,0,0,0,0,0,0,0,0,0,0,0,0,0,0,0,0
18,right,0.1868736296892166,0.6725677251815796,2.4533997589060164e-07,0.23994475603103638,0.6648499965667725,-0.019465316087007523,0.2734614610671997,0.6698978543281555,-0.04534120485186577,0.28086310625076294,0.6919856667518616,-0.07143222540616989,0.2761405408382416,0.7223436832427979,-0.0983501598238945,0.28909027576446533,0.5961600542068481,-0.047524768859148026,0.29729321599006653,0.7136879563331604,-0.08872455358505249,0.2957482635974884,0.7821230888366699,-0.11902269721031189,0.2971689701080322,0.8340847492218018,-0.1366640329360962,0.23783144354820251,0.5921706557273865,-0.05625955015420914,0.2484813630580902,0.7240052223205566,-0.09657968580722809,0.256727397441864,0.801931619644165,-0.1109037846326828,0.266435831785202,0.8543716669082642,-0.1174592599272728,0.18884100019931793,0.6060490012168884,-0.06671949476003647,0.20268699526786804,0.7206240892410278,-0.09647168964147568,0.21071484684944153,0.7557191252708435,-0.0953141525387764,0.21504119038581848,0.7669386863708496,-0.09048614650964737,0.14904850721359253,0.6314895153045654,-0.079814113676548,0.16600513458251953,0.7152153253555298,-0.09503433108329773,0.18202394247055054,0.7363632917404175,-0.0900636538863182,0.1914963722229004,0.7394831776618958,-0.08430832624435425
18,left,0,0,0,0,0,0,0,0,0,0,0,0,0,0,0,0,0,0,0,0,0,0,0,0,0,0,0,0,0,0,0,0,0,0,0,0,0,0,0,0,0,0,0,0,0,0,0,0,0,0,0,0,0,0,0,0,0,0,0,0,0,0,0
19,right,0.18432694673538208,0.6604949831962585,4.0841769077815115e-07,0.23786821961402893,0.6550495028495789,-0.022873753681778908,0.2686166763305664,0.6666674613952637,-0.05398548021912575,0.2719872295856476,0.6985155344009399,-0.0847189873456955,0.2642505168914795,0.7293860912322998,-0.1155209019780159,0.287559449672699,0.5839383006095886,-0.05443788692355156,0.307584673166275,0.6945839524269104,-0.10083073377609253,0.315907746553421,0.762523889541626,-0.13640230894088745,0.3267798125743866,0.8114834427833557,-0.15842807292938232,0.23560073971748352,0.5874814987182617,-0.06360958516597748,0.25873124599456787,0.7138413190841675,-0.10819640755653381,0.27258607745170593,0.786040186882019,-0.12384811788797379,0.2866048216819763,0.8312640190124512,-0.13139601051807404,0.18718981742858887,0.6097507476806641,-0.07477112859487534,0.21306723356246948,0.7272029519081116,-0.1034555584192276,0.2190675288438797,0.7378861904144287,-0.09651408344507217,0.2186022698879242,0.7225769758224487,-0.08849267661571503,0.14905881881713867,0.6412175297737122,-0.08970118314027786,0.17591607570648193,0.7336205840110779,-0.1034884825348854,0.1919834017753601,0.7348874807357788,-0.09489498287439346,0.1977466344833374,0.7142457365989685,-0.08674643933773041
19,left,0,0,0,0,0,0,0,0,0,0,0,0,0,0,0,0,0,0,0,0,0,0,0,0,0,0,0,0,0,0,0,0,0,0,0,0,0,0,0,0,0,0,0,0,0,0,0,0,0,0,0,0,0,0,0,0,0,0,0,0,0,0,0
20,right,0.17630437016487122,0.6486842036247253,5.354539780455525e-07,0.23268544673919678,0.642450749874115,-0.01866547204554081,0.2651795446872711,0.6566564440727234,-0.04807526618242264,0.27253761887550354,0.6928655505180359,-0.07803622633218765,0.26980167627334595,0.7268985509872437,-0.1081877201795578,0.28481653332710266,0.5795358419418335,-0.051456935703754425,0.3111429214477539,0.6837717294692993,-0.09368106722831726,0.32274094223976135,0.7506576180458069,-0.12806013226509094,0.3353736400604248,0.7993788123130798,-0.1508144736289978,0.23344768583774567,0.5852853059768677,-0.062291767448186874,0.26800456643104553,0.7096052169799805,-0.10345327854156494,0.2865084409713745,0.7762417793273926,-0.12172725051641464,0.3053711950778961,0.819671630859375,-0.1337052881717682,0.1865721195936203,0.6080169677734375,-0.07399997860193253,0.21921376883983612,0.7242407202720642,-0.09893891215324402,0.22297582030296326,0.7294602394104004,-0.09343075752258301,0.2196175903081894,0.7118845582008362,-0.08856076747179031,0.15043765306472778,0.637927770614624,-0.08928760886192322,0.18297210335731506,0.72917640209198,-0.100932776927948,0.19748416543006897,0.7264302968978882,-0.0923844650387764,0.20042985677719116,0.7026948928833008,-0.08574315905570984
20,left,0,0,0,0,0,0,0,0,0,0,0,0,0,0,0,0,0,0,0,0,0,0,0,0,0,0,0,0,0,0,0,0,0,0,0,0,0,0,0,0,0,0,0,0,0,0,0,0,0,0,0,0,0,0,0,0,0,0,0,0,0,0,0
21,right,0.16462713479995728,0.7468404173851013,-1.2157796902556584e-07,0.22976328432559967,0.7189396619796753,-0.02066943608224392,0.27316170930862427,0.6815217137336731,-0.04000692442059517,0.2893367111682892,0.670234203338623,-0.05866789445281029,0.29959920048713684,0.6653540134429932,-0.07400670647621155,0.26439327001571655,0.5570910573005676,-0.03461334481835365,0.30933699011802673,0.6686478853225708,-0.07745552808046341,0.3262482285499573,0.7450880408287048,-0.10727765411138535,0.34187594056129456,0.7984725832939148,-0.12084609270095825,0.21887987852096558,0.5642320513725281,-0.037684597074985504,0.2727714776992798,0.7144802212715149,-0.07410924881696701,0.2998391389846802,0.7847131490707397,-0.07952320575714111,0.32071882486343384,0.8362524509429932,-0.07516752183437347,0.17769822478294373,0.5946027040481567,-0.044794581830501556,0.23267075419425964,0.7309343814849854,-0.06557050347328186,0.2448524385690689,0.7509888410568237,-0.05271654203534126,0.2513240873813629,0.7541870474815369,-0.03722779452800751,0.1460009217262268,0.639298677444458,-0.056442465633153915,0.19296543300151825,0.7449432611465454,-0.0653516948223114,0.20773977041244507,0.7547895312309265,-0.05842284858226776,0.2120300680398941,0.7452943325042725,-0.047316376119852066
21,left,0,0,0,0,0,0,0,0,0,0,0,0,0,0,0,0,0,0,0,0,0,0,0,0,0,0,0,0,0,0,0,0,0,0,0,0,0,0,0,0,0,0,0,0,0,0,0,0,0,0,0,0,0,0,0,0,0,0,0,0,0,0,0
22,right,0.1827160269021988,0.6828627586364746,1.2220708001109415e-08,0.23415042459964752,0.6688759922981262,-0.021330013871192932,0.27040061354637146,0.6762732863426208,-0.04784310981631279,0.2850748300552368,0.7021017074584961,-0.07500983029603958,0.29013705253601074,0.7319412231445312,-0.10186346620321274,0.2779982089996338,0.5766098499298096,-0.04548770561814308,0.306304007768631,0.6935084462165833,-0.0935622975230217,0.3154695928096771,0.7680380940437317,-0.12944935262203217,0.3246005177497864,0.820425271987915,-0.14870956540107727,0.22675521671772003,0.585161030292511,-0.05248933658003807,0.2553027272224426,0.7264102101325989,-0.0943707600235939,0.2782827615737915,0.79801344871521,-0.10649203509092331,0.2960219383239746,0.8411452174186707,-0.10950687527656555,0.18042394518852234,0.6147331595420837,-0.06241844594478607,0.21517066657543182,0.744393527507782,-0.08832830935716629,0.22882091999053955,0.7614328861236572,-0.07851724326610565,0.23281052708625793,0.7546537518501282,-0.06639787554740906,0.14518171548843384,0.6526710987091064,-0.0763896256685257,0.1782313585281372,0.7490559220314026,-0.08688771724700928,0.19633184373378754,0.7544047236442566,-0.07622317969799042,0.20330876111984253,0.7399113774299622,-0.06443469971418381
22,left,0,0,0,0,0,0,0,0,0,0,0,0,0,0,0,0,0,0,0,0,0,0,0,0,0,0,0,0,0,0,0,0,0,0,0,0,0,0,0,0,0,0,0,0,0,0,0,0,0,0,0,0,0,0,0,0,0,0,0,0,0,0,0
23,right,0.17615967988967896,0.6819006204605103,-4.7260773072821394e-08,0.22530622780323029,0.6821204423904419,-0.022863691672682762,0.26036179065704346,0.698214590549469,-0.04898901283740997,0.2788431942462921,0.7303273677825928,-0.0756981372833252,0.2840522229671478,0.7646571397781372,-0.10267942398786545,0.2783297300338745,0.6050788164138794,-0.049827057868242264,0.28239768743515015,0.7206620573997498,-0.09423595666885376,0.2783738374710083,0.7954893112182617,-0.1249697208404541,0.2776342034339905,0.8501699566841125,-0.13999205827713013,0.22916719317436218,0.5967832207679749,-0.05558622628450394,0.2307494878768921,0.7310687303543091,-0.09536575525999069,0.23974037170410156,0.8101725578308105,-0.106987863779068,0.24751883745193481,0.8647211194038391,-0.10928888618946075,0.18142305314540863,0.6066232919692993,-0.0637618750333786,0.1867913156747818,0.7280781269073486,-0.09138282388448715,0.19914117455482483,0.7721728086471558,-0.08731774240732193,0.20607471466064453,0.7948398590087891,-0.07822433859109879,0.1420372724533081,0.6274751424789429,-0.07541843503713608,0.1521744281053543,0.7147138714790344,-0.08808087557554245,0.16867047548294067,0.7440465092658997,-0.08109666407108307,0.1797013282775879,0.758117139339447,-0.07153995335102081
23,left,0,0,0,0,0,0,0,0,0,0,0,0,0,0,0,0,0,0,0,0,0,0,0,0,0,0,0,0,0,0,0,0,0,0,0,0,0,0,0,0,0,0,0,0,0,0,0,0,0,0,0,0,0,0,0,0,0,0,0,0,0,0,0
24,right,0.18207043409347534,0.6680967211723328,3.439872742205807e-08,0.2287394106388092,0.6720529794692993,-0.027361145243048668,0.25199300050735474,0.6958271861076355,-0.059143513441085815,0.25386708974838257,0.7326120138168335,-0.09066241979598999,0.24826906621456146,0.7684516310691833,-0.1227852925658226,0.27363190054893494,0.6153218150138855,-0.0651019737124443,0.26845648884773254,0.7386751174926758,-0.11598768830299377,0.2573452293872833,0.814640998840332,-0.14994020760059357,0.2540130019187927,0.8662421703338623,-0.16681985557079315,0.2236422747373581,0.6066322922706604,-0.07052949070930481,0.2167608141899109,0.7473700642585754,-0.11621658504009247,0.21906913816928864,0.8317317962646484,-0.12803226709365845,0.22506573796272278,0.8830883502960205,-0.13097429275512695,0.1766151487827301,0.6165117621421814,-0.0783936008810997,0.17361149191856384,0.7416837811470032,-0.11408621817827225,0.18618528544902802,0.798477292060852,-0.10985147953033447,0.19648492336273193,0.8266760110855103,-0.09962662309408188,0.1390804499387741,0.6372644901275635,-0.08946620672941208,0.14336760342121124,0.7227173447608948,-0.10597860813140869,0.1610971987247467,0.7528101801872253,-0.09859343618154526,0.1744166910648346,0.7661406397819519,-0.08903709053993225
24,left,0,0,0,0,0,0,0,0,0,0,0,0,0,0,0,0,0,0,0,0,0,0,0,0,0,0,0,0,0,0,0,0,0,0,0,0,0,0,0,0,0,0,0,0,0,0,0,0,0,0,0,0,0,0,0,0,0,0,0,0,0,0,0
25,right,0.17764310538768768,0.6728386282920837,5.4513403568989816e-08,0.2236543893814087,0.6785183548927307,-0.028183864429593086,0.24671009182929993,0.6999921798706055,-0.060188572853803635,0.24745723605155945,0.7354350686073303,-0.09138905256986618,0.23817071318626404,0.7713715434074402,-0.12293925136327744,0.2703166604042053,0.6212309002876282,-0.06561507284641266,0.2601461112499237,0.7417027950286865,-0.11608488112688065,0.24414992332458496,0.8170368671417236,-0.14879655838012695,0.23673579096794128,0.8689573407173157,-0.16459587216377258,0.22079628705978394,0.6091006994247437,-0.07011273503303528,0.20726549625396729,0.7450951933860779,-0.11663215607404709,0.20404326915740967,0.8313729763031006,-0.12882138788700104,0.20673386752605438,0.8855726718902588,-0.13164380192756653,0.17378206551074982,0.6137977242469788,-0.07699279487133026,0.16601429879665375,0.7334298491477966,-0.11396118998527527,0.17418986558914185,0.7960984706878662,-0.1107269823551178,0.1821286380290985,0.830601155757904,-0.10093477368354797,0.13639582693576813,0.6296830177307129,-0.08692760765552521,0.13872140645980835,0.7092493772506714,-0.10447616875171661,0.1525903344154358,0.7473844885826111,-0.09743155539035797,0.1640288233757019,0.7694839239120483,-0.08791272342205048
25,left,0,0,0,0,0,0,0,0,0,0,0,0,0,0,0,0,0,0,0,0,0,0,0,0,0,0,0,0,0,0,0,0,0,0,0,0,0,0,0,0,0,0,0,0,0,0,0,0,0,0,0,0,0,0,0,0,0,0,0,0,0,0,0
26,right,0.17762213945388794,0.668857753276825,7.716204208918498e-08,0.22303153574466705,0.6751651763916016,-0.030229907482862473,0.2436864674091339,0.6993594169616699,-0.06391217559576035,0.2412107288837433,0.7380906939506531,-0.09633505344390869,0.2300906777381897,0.7763913869857788,-0.12886197865009308,0.2663112282752991,0.6181614995002747,-0.07080893963575363,0.2552300989627838,0.7415334582328796,-0.12403488904237747,0.2396281510591507,0.8181384801864624,-0.15797947347164154,0.23342713713645935,0.8700121641159058,-0.1744682937860489,0.21615847945213318,0.6088426113128662,-0.07546880841255188,0.20310093462467194,0.746156632900238,-0.12464600801467896,0.2010217010974884,0.8334906101226807,-0.1367228776216507,0.20494967699050903,0.8863575458526611,-0.13920475542545319,0.16873599588871002,0.6169481873512268,-0.08270050585269928,0.16080671548843384,0.7374489903450012,-0.1220557764172554,0.1698278784751892,0.7994594573974609,-0.11785712838172913,0.17886780202388763,0.8305960893630981,-0.10695017874240875,0.13144297897815704,0.6362138986587524,-0.0930965393781662,0.13267113268375397,0.7178258299827576,-0.11208859831094742,0.14779141545295715,0.7531933784484863,-0.10480009764432907,0.16006413102149963,0.7703803181648254,-0.09497678279876709
26,left,0,0,0,0,0,0,0,0,0,0,0,0,0,0,0,0,0,0,0,0,0,0,0,0,0,0,0,0,0,0,0,0,0,0,0,0,0,0,0,0,0,0,0,0,0,0,0,0,0,0,0,0,0,0,0,0,0,0,0,0,0,0,0
27,right,0.1796381175518036,0.674204409122467,7.578751137771178e-08,0.22525930404663086,0.6798779368400574,-0.031731631606817245,0.24618251621723175,0.7006874084472656,-0.0656927078962326,0.2437404990196228,0.7362402677536011,-0.09793971478939056,0.23254846036434174,0.772201418876648,-0.13027112185955048,0.2671724259853363,0.6158051490783691,-0.07321176677942276,0.2534635365009308,0.7401412725448608,-0.12717853486537933,0.23768267035484314,0.817039430141449,-0.16091829538345337,0.23153872787952423,0.869378387928009,-0.17708216607570648,0.21599242091178894,0.6062096953392029,-0.0769575834274292,0.20127099752426147,0.7412652969360352,-0.12756560742855072,0.19972124695777893,0.8292862772941589,-0.1394699066877365,0.2032242864370346,0.8844097852706909,-0.14135567843914032,0.1684461086988449,0.6148058772087097,-0.08329476416110992,0.15926846861839294,0.734857976436615,-0.12396248430013657,0.1678350567817688,0.7990636825561523,-0.11952681839466095,0.17639730870723724,0.8331564664840698,-0.10799290239810944,0.13107649981975555,0.6339755058288574,-0.09287261962890625,0.13083776831626892,0.7169954776763916,-0.11303253471851349,0.14627671241760254,0.7551161646842957,-0.10639456659555435,0.15922078490257263,0.7748771905899048,-0.09674395620822906
27,left,0,0,0,0,0,0,0,0,0,0,0,0,0,0,0,0,0,0,0,0,0,0,0,0,0,0,0,0,0,0,0,0,0,0,0,0,0,0,0,0,0,0,0,0,0,0,0,0,0,0,0,0,0,0,0,0,0,0,0,0,0,0,0
28,right,0.17947028577327728,0.6695788502693176,3.498497846976534e-08,0.22226865589618683,0.6754399538040161,-0.03210197761654854,0.24217714369297028,0.6984305381774902,-0.06698015332221985,0.23927949368953705,0.7359704971313477,-0.10029585659503937,0.2296248972415924,0.7727269530296326,-0.13367317616939545,0.2662234902381897,0.6144840717315674,-0.0745433121919632,0.25193989276885986,0.7394730448722839,-0.1304014027118683,0.237897127866745,0.8160098791122437,-0.16579492390155792,0.23424704372882843,0.865714967250824,-0.18291081488132477,0.21533018350601196,0.6051912903785706,-0.07836808264255524,0.19948652386665344,0.7448132634162903,-0.12850886583328247,0.200560063123703,0.8281682133674622,-0.13913147151470184,0.20484736561775208,0.8762295842170715,-0.14024347066879272,0.1675182580947876,0.615246593952179,-0.0850566104054451,0.1578155755996704,0.7436830997467041,-0.12431902438402176,0.1692664474248886,0.8022716045379639,-0.11651788651943207,0.17897538840770721,0.8292108774185181,-0.10268871486186981,0.12977957725524902,0.6357269883155823,-0.09544716030359268,0.1299721598625183,0.7252371311187744,-0.11481686681509018,0.1481017917394638,0.7602835297584534,-0.10636454820632935,0.16328927874565125,0.7755562663078308,-0.09500367194414139
28,left,0,0,0,0,0,0,0,0,0,0,0,0,0,0,0,0,0,0,0,0,0,0,0,0,0,0,0,0,0,0,0,0,0,0,0,0,0,0,0,0,0,0,0,0,0,0,0,0,0,0,0,0,0,0,0,0,0,0,0,0,0,0,0
29,right,0.17691412568092346,0.6741578578948975,2.929686715447133e-08,0.22213691473007202,0.6801714897155762,-0.03074209950864315,0.2441064715385437,0.7006164193153381,-0.06446956098079681,0.24341470003128052,0.7375646829605103,-0.09694793075323105,0.23569101095199585,0.7733049988746643,-0.1296086460351944,0.26593369245529175,0.6144198179244995,-0.0704147219657898,0.25484079122543335,0.7386370897293091,-0.12549740076065063,0.24012228846549988,0.8159177303314209,-0.1609940528869629,0.23547910153865814,0.8660629987716675,-0.17825224995613098,0.21366553008556366,0.6048192977905273,-0.07465500384569168,0.20053496956825256,0.7427828907966614,-0.12468411028385162,0.20095771551132202,0.8283661007881165,-0.13602633774280548,0.20530563592910767,0.878748893737793,-0.1374223232269287,0.1652442216873169,0.6149917244911194,-0.08183027058839798,0.15844236314296722,0.7416442632675171,-0.12072275578975677,0.1697230041027069,0.7981598377227783,-0.11422819644212723,0.18008868396282196,0.8224263191223145,-0.10149947553873062,0.127101331949234,0.6359811425209045,-0.09251142293214798,0.12937477231025696,0.7248413562774658,-0.1114039421081543,0.1475156843662262,0.759827196598053,-0.1034553200006485,0.16289903223514557,0.7748636603355408,-0.0926864743232727
29,left,0,0,0,0,0,0,0,0,0,0,0,0,0,0,0,0,0,0,0,0,0,0,0,0,0,0,0,0,0,0,0,0,0,0,0,0,0,0,0,0,0,0,0,0,0,0,0,0,0,0,0,0,0,0,0,0,0,0,0,0,0,0,0
30,right,0.17732924222946167,0.6755878925323486,6.032053079252364e-09,0.22277005016803741,0.6786104440689087,-0.029392020776867867,0.245377317070961,0.697890043258667,-0.06179158017039299,0.24572166800498962,0.7316470742225647,-0.09332577139139175,0.23839804530143738,0.7665222883224487,-0.12529362738132477,0.2669878602027893,0.6105542778968811,-0.0672062560915947,0.2557123899459839,0.7355911135673523,-0.12126656621694565,0.24239903688430786,0.8138771653175354,-0.15608961880207062,0.23902060091495514,0.8651212453842163,-0.17268241941928864,0.21521657705307007,0.6035383343696594,-0.07157181948423386,0.20264649391174316,0.7411195039749146,-0.12093618512153625,0.20341609418392181,0.8273050785064697,-0.13279254734516144,0.2080729454755783,0.8786309957504272,-0.13452526926994324,0.16668911278247833,0.6150771975517273,-0.07871419936418533,0.15993481874465942,0.7369455695152283,-0.11743635684251785,0.17039328813552856,0.7972531914710999,-0.11212034523487091,0.17990560829639435,0.827757716178894,-0.09995632618665695,0.12823665142059326,0.6369697451591492,-0.0891028642654419,0.12971128523349762,0.7203391790390015,-0.10722890496253967,0.14694662392139435,0.7550192475318909,-0.09963787347078323,0.16170910000801086,0.7719913125038147,-0.08913540095090866
30,left,0,0,0,0,0,0,0,0,0,0,0,0,0,0,0,0,0,0,0,0,0,0,0,0,0,0,0,0,0,0,0,0,0,0,0,0,0,0,0,0,0,0,0,0,0,0,0,0,0,0,0,0,0,0,0,0,0,0,0,0,0,0,0
31,right,0.18037894368171692,0.6743653416633606,8.912781623848787e-09,0.22511409223079681,0.6768416166305542,-0.028921915218234062,0.24748283624649048,0.6960287094116211,-0.060931600630283356,0.24803650379180908,0.7312623262405396,-0.09227839857339859,0.2396969199180603,0.7663183212280273,-0.12383077293634415,0.26833733916282654,0.6083024740219116,-0.06602258235216141,0.258978933095932,0.7309795022010803,-0.12028844654560089,0.24642783403396606,0.8092302083969116,-0.15506677329540253,0.2433154284954071,0.8609068393707275,-0.17153184115886688,0.21747522056102753,0.6008458733558655,-0.070765420794487,0.20625068247318268,0.7380183935165405,-0.12032584100961685,0.20831863582134247,0.8246201276779175,-0.13192029297351837,0.21411265432834625,0.8755972981452942,-0.13320177793502808,0.16951243579387665,0.6127633452415466,-0.07846469432115555,0.16347995400428772,0.7356664538383484,-0.11757305264472961,0.17563995718955994,0.7965694665908813,-0.11230750381946564,0.18652908504009247,0.8264809846878052,-0.09990227222442627,0.13182929158210754,0.6351853013038635,-0.08938951790332794,0.13413211703300476,0.7198230028152466,-0.10799958556890488,0.15143071115016937,0.7546992301940918,-0.10058620572090149,0.1659354567527771,0.7712157964706421,-0.08999450504779816
31,left,0,0,0,0,0,0,0,0,0,0,0,0,0,0,0,0,0,0,0,0,0,0,0,0,0,0,0,0,0,0,0,0,0,0,0,0,0,0,0,0,0,0,0,0,0,0,0,0,0,0,0,0,0,0,0,0,0,0,0,0,0,0,0
32,right,0.17892740666866302,0.6784541010856628,3.952308272325844e-11,0.2228424996137619,0.6810316443443298,-0.03125367686152458,0.2445419728755951,0.6996760368347168,-0.06428657472133636,0.24564126133918762,0.7349053621292114,-0.09605100005865097,0.23966911435127258,0.7718069553375244,-0.1279858946800232,0.2683280408382416,0.6126017570495605,-0.06925328820943832,0.2595628499984741,0.7342768311500549,-0.12308293581008911,0.24730432033538818,0.8113962411880493,-0.15678073465824127,0.24477025866508484,0.8620890378952026,-0.17244477570056915,0.21820390224456787,0.6058478355407715,-0.07286711037158966,0.20702818036079407,0.7398754954338074,-0.12290655821561813,0.20980630815029144,0.8255382180213928,-0.1345224529504776,0.21586911380290985,0.8771641254425049,-0.13552279770374298,0.17063845694065094,0.6162543892860413,-0.07937060296535492,0.16368085145950317,0.7382368445396423,-0.12059444934129715,0.1771787852048874,0.8043152689933777,-0.11642806231975555,0.18927431106567383,0.8397249579429626,-0.10392262786626816,0.13308028876781464,0.6363129615783691,-0.0890258178114891,0.13411496579647064,0.7178874611854553,-0.11002359539270401,0.1517079770565033,0.7576088905334473,-0.10354791581630707,0.16723617911338806,0.7793830037117004,-0.09295785427093506
32,left,0,0,0,0,0,0,0,0,0,0,0,0,0,0,0,0,0,0,0,0,0,0,0,0,0,0,0,0,0,0,0,0,0,0,0,0,0,0,0,0,0,0,0,0,0,0,0,0,0,0,0,0,0,0,0,0,0,0,0,0,0,0,0
33,right,0.17771287262439728,0.6821911931037903,3.216886312884526e-08,0.22274939715862274,0.6842466592788696,-0.032039206475019455,0.2451159656047821,0.7037093043327332,-0.0662202462553978,0.24595385789871216,0.7394663095474243,-0.09892705827951431,0.2382766604423523,0.7764033079147339,-0.13158464431762695,0.26745960116386414,0.6141700744628906,-0.07132434099912643,0.260168194770813,0.737591564655304,-0.12558577954769135,0.24746453762054443,0.8151372671127319,-0.1593426913022995,0.24465304613113403,0.8658549785614014,-0.17519336938858032,0.2161991447210312,0.6077625155448914,-0.07497023046016693,0.20740914344787598,0.7456294298171997,-0.1255217045545578,0.20905373990535736,0.8324914574623108,-0.13661089539527893,0.21439708769321442,0.8841879963874817,-0.13730104267597198,0.1681206077337265,0.6201971769332886,-0.08151829242706299,0.1646164506673813,0.7452427744865417,-0.12235517054796219,0.17596067488193512,0.8100006580352783,-0.11659172922372818,0.18573704361915588,0.842457115650177,-0.10328078269958496,0.1307651698589325,0.6431213021278381,-0.09137878566980362,0.13476261496543884,0.7280566692352295,-0.11120162904262543,0.1519049108028412,0.7626466155052185,-0.10367749631404877,0.16555126011371613,0.777481198310852,-0.0926622748374939
33,left,0,0,0,0,0,0,0,0,0,0,0,0,0,0,0,0,0,0,0,0,0,0,0,0,0,0,0,0,0,0,0,0,0,0,0,0,0,0,0,0,0,0,0,0,0,0,0,0,0,0,0,0,0,0,0,0,0,0,0,0,0,0,0
34,right,0.18256233632564545,0.6817983984947205,3.624851885319913e-08,0.22822816669940948,0.6811713576316833,-0.02928147278726101,0.24932701885700226,0.7000495195388794,-0.06313369423151016,0.2475883960723877,0.7355588674545288,-0.09620475769042969,0.23779664933681488,0.7728587985038757,-0.1296774297952652,0.2715595066547394,0.6136550307273865,-0.07096842676401138,0.2638554573059082,0.738953173160553,-0.12524232268333435,0.25092703104019165,0.8181710839271545,-0.15914484858512878,0.24773626029491425,0.8702105283737183,-0.17522664368152618,0.2187889814376831,0.608657717704773,-0.07637585699558258,0.21047911047935486,0.7454628348350525,-0.1271533966064453,0.21321818232536316,0.8334546089172363,-0.13877269625663757,0.21897833049297333,0.8854876160621643,-0.14015065133571625,0.16984273493289948,0.6216918230056763,-0.08420463651418686,0.1656336933374405,0.745136022567749,-0.12495414167642593,0.17809295654296875,0.8113275766372681,-0.11920783668756485,0.1890678107738495,0.8451159596443176,-0.10621900111436844,0.13167041540145874,0.6445215344429016,-0.09508480876684189,0.1361803412437439,0.7280362248420715,-0.11417979747056961,0.15510886907577515,0.7661212682723999,-0.10566575080156326,0.17058801651000977,0.7854236364364624,-0.0943857952952385
34,left,0,0,0,0,0,0,0,0,0,0,0,0,0,0,0,0,0,0,0,0,0,0,0,0,0,0,0,0,0,0,0,0,0,0,0,0,0,0,0,0,0,0,0,0,0,0,0,0,0,0,0,0,0,0,0,0,0,0,0,0,0,0,0
35,right,0.18302303552627563,0.6878823041915894,1.6606744424052522e-08,0.22871850430965424,0.689282238483429,-0.030693599954247475,0.2503449320793152,0.7077139019966125,-0.06448203325271606,0.24998196959495544,0.7435548305511475,-0.0974271297454834,0.24172064661979675,0.7789285182952881,-0.13054655492305756,0.2734139561653137,0.6168032884597778,-0.0699400007724762,0.2637326419353485,0.7400476932525635,-0.1254538744688034,0.25183895230293274,0.8189994692802429,-0.16075514256954193,0.24992996454238892,0.8709352016448975,-0.17756769061088562,0.22229011356830597,0.610133945941925,-0.07472608983516693,0.21223485469818115,0.7476664781570435,-0.12541542947292328,0.21588708460330963,0.8342735171318054,-0.136556476354599,0.2222072184085846,0.8861390352249146,-0.1371157020330429,0.1732768416404724,0.6223936676979065,-0.08254797011613846,0.16850998997688293,0.746073842048645,-0.12305904179811478,0.18186283111572266,0.8065513372421265,-0.11636943370103836,0.193735271692276,0.8360856771469116,-0.10243207961320877,0.13439702987670898,0.6456156373023987,-0.09379512816667557,0.13733607530593872,0.7301525473594666,-0.11392515897750854,0.15678770840168,0.7660140991210938,-0.10584251582622528,0.1735897809267044,0.7837597131729126,-0.0941472128033638
35,left,0,0,0,0,0,0,0,0,0,0,0,0,0,0,0,0,0,0,0,0,0,0,0,0,0,0,0,0,0,0,0,0,0,0,0,0,0,0,0,0,0,0,0,0,0,0,0,0,0,0,0,0,0,0,0,0,0,0,0,0,0,0,0
36,right,0.18347366154193878,0.6891560554504395,6.963175991359094e-08,0.2293829619884491,0.6926647424697876,-0.03366153687238693,0.25029343366622925,0.714275062084198,-0.06986068189144135,0.2455003261566162,0.7531880140304565,-0.10430144518613815,0.2326032817363739,0.7932071685791016,-0.13886071741580963,0.2741619348526001,0.6233267784118652,-0.07590989768505096,0.2682383358478546,0.7482656240463257,-0.13058294355869293,0.2563214898109436,0.8267068862915039,-0.16396573185920715,0.2540666162967682,0.8778617978096008,-0.17989517748355865,0.22273032367229462,0.6164140701293945,-0.07976830750703812,0.2155914306640625,0.7540981769561768,-0.13117077946662903,0.2191426008939743,0.8417176008224487,-0.14161667227745056,0.2258271723985672,0.8931791186332703,-0.14166966080665588,0.17404477298259735,0.6288174390792847,-0.08646943420171738,0.17064693570137024,0.7552799582481384,-0.12732689082622528,0.18425849080085754,0.8146780133247375,-0.12010428309440613,0.19626736640930176,0.8407770395278931,-0.1058899387717247,0.1360715627670288,0.6512791514396667,-0.0967487320303917,0.14202269911766052,0.7371485233306885,-0.11721505224704742,0.16298089921474457,0.7749649286270142,-0.10852908343076706,0.18031162023544312,0.7933272123336792,-0.09653450548648834
36,left,0,0,0,0,0,0,0,0,0,0,0,0,0,0,0,0,0,0,0,0,0,0,0,0,0,0,0,0,0,0,0,0,0,0,0,0,0,0,0,0,0,0,0,0,0,0,0,0,0,0,0,0,0,0,0,0,0,0,0,0,0,0,0
