1,right,0,0,0,0,0,0,0,0,0,0,0,0,0,0,0,0,0,0,0,0,0,0,0,0,0,0,0,0,0,0,0,0,0,0,0,0,0,0,0,0,0,0,0,0,0,0,0,0,0,0,0,0,0,0,0,0,0,0,0,0,0,0,0
1,left,0,0,0,0,0,0,0,0,0,0,0,0,0,0,0,0,0,0,0,0,0,0,0,0,0,0,0,0,0,0,0,0,0,0,0,0,0,0,0,0,0,0,0,0,0,0,0,0,0,0,0,0,0,0,0,0,0,0,0,0,0,0,0
2,right,0,0,0,0,0,0,0,0,0,0,0,0,0,0,0,0,0,0,0,0,0,0,0,0,0,0,0,0,0,0,0,0,0,0,0,0,0,0,0,0,0,0,0,0,0,0,0,0,0,0,0,0,0,0,0,0,0,0,0,0,0,0,0
2,left,0,0,0,0,0,0,0,0,0,0,0,0,0,0,0,0,0,0,0,0,0,0,0,0,0,0,0,0,0,0,0,0,0,0,0,0,0,0,0,0,0,0,0,0,0,0,0,0,0,0,0,0,0,0,0,0,0,0,0,0,0,0,0
3,right,0,0,0,0,0,0,0,0,0,0,0,0,0,0,0,0,0,0,0,0,0,0,0,0,0,0,0,0,0,0,0,0,0,0,0,0,0,0,0,0,0,0,0,0,0,0,0,0,0,0,0,0,0,0,0,0,0,0,0,0,0,0,0
3,left,0,0,0,0,0,0,0,0,0,0,0,0,0,0,0,0,0,0,0,0,0,0,0,0,0,0,0,0,0,0,0,0,0,0,0,0,0,0,0,0,0,0,0,0,0,0,0,0,0,0,0,0,0,0,0,0,0,0,0,0,0,0,0
4,right,0,0,0,0,0,0,0,0,0,0,0,0,0,0,0,0,0,0,0,0,0,0,0,0,0,0,0,0,0,0,0,0,0,0,0,0,0,0,0,0,0,0,0,0,0,0,0,0,0,0,0,0,0,0,0,0,0,0,0,0,0,0,0
4,left,0,0,0,0,0,0,0,0,0,0,0,0,0,0,0,0,0,0,0,0,0,0,0,0,0,0,0,0,0,0,0,0,0,0,0,0,0,0,0,0,0,0,0,0,0,0,0,0,0,0,0,0,0,0,0,0,0,0,0,0,0,0,0
5,right,0,0,0,0,0,0,0,0,0,0,0,0,0,0,0,0,0,0,0,0,0,0,0,0,0,0,0,0,0,0,0,0,0,0,0,0,0,0,0,0,0,0,0,0,0,0,0,0,0,0,0,0,0,0,0,0,0,0,0,0,0,0,0
5,left,0,0,0,0,0,0,0,0,0,0,0,0,0,0,0,0,0,0,0,0,0,0,0,0,0,0,0,0,0,0,0,0,0,0,0,0,0,0,0,0,0,0,0,0,0,0,0,0,0,0,0,0,0,0,0,0,0,0,0,0,0,0,0
6,right,0,0,0,0,0,0,0,0,0,0,0,0,0,0,0,0,0,0,0,0,0,0,0,0,0,0,0,0,0,0,0,0,0,0,0,0,0,0,0,0,0,0,0,0,0,0,0,0,0,0,0,0,0,0,0,0,0,0,0,0,0,0,0
6,left,0,0,0,0,0,0,0,0,0,0,0,0,0,0,0,0,0,0,0,0,0,0,0,0,0,0,0,0,0,0,0,0,0,0,0,0,0,0,0,0,0,0,0,0,0,0,0,0,0,0,0,0,0,0,0,0,0,0,0,0,0,0,0
7,right,0,0,0,0,0,0,0,0,0,0,0,0,0,0,0,0,0,0,0,0,0,0,0,0,0,0,0,0,0,0,0,0,0,0,0,0,0,0,0,0,0,0,0,0,0,0,0,0,0,0,0,0,0,0,0,0,0,0,0,0,0,0,0
7,left,0,0,0,0,0,0,0,0,0,0,0,0,0,0,0,0,0,0,0,0,0,0,0,0,0,0,0,0,0,0,0,0,0,0,0,0,0,0,0,0,0,0,0,0,0,0,0,0,0,0,0,0,0,0,0,0,0,0,0,0,0,0,0
8,right,0.2080155313014984,0.6635357141494751,-2.166393784364118e-07,0.26116251945495605,0.6841263175010681,-0.02826293185353279,0.2849825620651245,0.744974672794342,-0.06686130911111832,0.27905037999153137,0.8159992694854736,-0.10217614471912384,0.2616301476955414,0.8717796802520752,-0.13830050826072693,0.29692280292510986,0.7028061151504517,-0.09164075553417206,0.3167194128036499,0.8397704362869263,-0.14379233121871948,0.317571759223938,0.913429856300354,-0.1798115372657776,0.32180193066596985,0.9606539607048035,-0.19856680929660797,0.2449541538953781,0.7045835852622986,-0.09502453356981277,0.2672717571258545,0.8631120920181274,-0.1369592696428299,0.27942782640457153,0.9252942800521851,-0.13567860424518585,0.29015523195266724,0.9646114110946655,-0.1293402910232544,0.19521372020244598,0.7225438952445984,-0.09882298111915588,0.22176125645637512,0.8570361137390137,-0.12074018269777298,0.23320940136909485,0.8346999287605286,-0.09689315408468246,0.23763279616832733,0.7967027425765991,-0.0773795023560524,0.15651552379131317,0.7473317980766296,-0.10686910152435303,0.18673576414585114,0.8553842306137085,-0.11427441984415054,0.20234434306621552,0.8396966457366943,-0.09251800924539566,0.2049039900302887,0.8036420941352844,-0.07444334030151367
8,left,0,0,0,0,0,0,0,0,0,0,0,0,0,0,0,0,0,0,0,0,0,0,0,0,0,0,0,0,0,0,0,0,0,0,0,0,0,0,0,0,0,0,0,0,0,0,0,0,0,0,0,0,0,0,0,0,0,0,0,0,0,0,0
9,right,0.21704398095607758,0.6730844974517822,-1.505506190824235e-07,0.2678113281726837,0.6833326816558838,-0.026951301842927933,0.2862565815448761,0.7301327586174011,-0.06491795182228088,0.27052465081214905,0.7995431423187256,-0.09996724873781204,0.24859702587127686,0.8530176877975464,-0.13575266301631927,0.29480892419815063,0.6763597130775452,-0.09066326916217804,0.3113679587841034,0.8175160884857178,-0.1438598781824112,0.31156426668167114,0.9005832076072693,-0.17836642265319824,0.315634161233902,0.9525066614151001,-0.19564896821975708,0.24485917389392853,0.6817229986190796,-0.09518580138683319,0.2623961865901947,0.8426899313926697,-0.138583242893219,0.27482783794403076,0.9154219627380371,-0.13635195791721344,0.28583598136901855,0.9565819501876831,-0.128609299659729,0.19707831740379333,0.7038305997848511,-0.1004444882273674,0.2190467119216919,0.8354637026786804,-0.12390022724866867,0.23063531517982483,0.81707763671875,-0.0996558666229248,0.23485030233860016,0.7774370312690735,-0.07914657890796661,0.15940383076667786,0.7321226596832275,-0.1097811833024025,0.18441027402877808,0.8379502892494202,-0.11710190027952194,0.20122702419757843,0.8271183371543884,-0.09488454461097717,0.20570707321166992,0.7918292880058289,-0.07617064565420151
9,left,0,0,0,0,0,0,0,0,0,0,0,0,0,0,0,0,0,0,0,0,0,0,0,0,0,0,0,0,0,0,0,0,0,0,0,0,0,0,0,0,0,0,0,0,0,0,0,0,0,0,0,0,0,0,0,0,0,0,0,0,0,0,0
10,right,0.16760723292827606,0.7479482889175415,1.0223457991287432e-07,0.23872080445289612,0.7422631978988647,-0.014448919333517551,0.2774210274219513,0.7457838654518127,-0.03879709914326668,0.281598299741745,0.7689028978347778,-0.06431330740451813,0.2775099575519562,0.7948150038719177,-0.08933429419994354,0.30023393034935,0.6500568985939026,-0.038861874490976334,0.30964571237564087,0.7868502736091614,-0.08366814255714417,0.30514073371887207,0.8709567189216614,-0.11718463152647018,0.30685049295425415,0.9267953634262085,-0.13518063724040985,0.24817809462547302,0.6457904577255249,-0.04786063730716705,0.2613537609577179,0.8084629774093628,-0.08724251389503479,0.26936250925064087,0.8868019580841064,-0.09384523332118988,0.2753816843032837,0.9339758157730103,-0.09206773340702057,0.195285364985466,0.6646468639373779,-0.05931224301457405,0.21420486271381378,0.8086768984794617,-0.08146241307258606,0.21680700778961182,0.8135096430778503,-0.06606873124837875,0.2121930569410324,0.7927473187446594,-0.05006325989961624,0.15126629173755646,0.6949222087860107,-0.07448804378509521,0.17287425696849823,0.8091253638267517,-0.08285245299339294,0.1844119280576706,0.8127402663230896,-0.06885522603988647,0.1846674084663391,0.7898595929145813,-0.054043032228946686
10,left,0,0,0,0,0,0,0,0,0,0,0,0,0,0,0,0,0,0,0,0,0,0,0,0,0,0,0,0,0,0,0,0,0,0,0,0,0,0,0,0,0,0,0,0,0,0,0,0,0,0,0,0,0,0,0,0,0,0,0,0,0,0,0
11,right,0.16091148555278778,0.7427610754966736,3.243879831416052e-08,0.22993505001068115,0.741405725479126,-0.012641970999538898,0.2704673111438751,0.7489437460899353,-0.035552915185689926,0.278106689453125,0.772244930267334,-0.06024343892931938,0.27943238615989685,0.7982409000396729,-0.08423309773206711,0.30196985602378845,0.6511109471321106,-0.032069724053144455,0.3069514334201813,0.7833409905433655,-0.07614357769489288,0.29935911297798157,0.8662660717964172,-0.10974322259426117,0.2990427017211914,0.9208707213401794,-0.12740713357925415,0.25202110409736633,0.6437336802482605,-0.04167468473315239,0.2586509585380554,0.8026798367500305,-0.07933412492275238,0.2624969780445099,0.8802846074104309,-0.08592425286769867,0.26574063301086426,0.9258668422698975,-0.08359301835298538,0.19945693016052246,0.6572813987731934,-0.05415651202201843,0.21211548149585724,0.797063410282135,-0.07464433461427689,0.2159721702337265,0.8032515645027161,-0.05959641933441162,0.2138233482837677,0.7820591330528259,-0.043792255222797394,0.15413475036621094,0.6829124689102173,-0.07030124217271805,0.1707954704761505,0.7956048846244812,-0.07689156383275986,0.1816415786743164,0.8038277626037598,-0.06199334189295769,0.1835312843322754,0.7826635241508484,-0.046367183327674866
11,left,0,0,0,0,0,0,0,0,0,0,0,0,0,0,0,0,0,0,0,0,0,0,0,0,0,0,0,0,0,0,0,0,0,0,0,0,0,0,0,0,0,0,0,0,0,0,0,0,0,0,0,0,0,0,0,0,0,0,0,0,0,0,0
12,right,0.17938318848609924,0.7220299243927002,1.4019801142239885e-07,0.23859459161758423,0.7330637574195862,-0.015070895664393902,0.2729720175266266,0.7558212280273438,-0.040228549391031265,0.2803919315338135,0.7920689582824707,-0.06636638194322586,0.274751216173172,0.8353164792060852,-0.09298326075077057,0.30270302295684814,0.6569275856018066,-0.04228433594107628,0.29223498702049255,0.7917681932449341,-0.08550553023815155,0.2742607891559601,0.8719662427902222,-0.11890359967947006,0.26037153601646423,0.9321692585945129,-0.13705672323703766,0.252299427986145,0.6392245888710022,-0.05217038467526436,0.24067425727844238,0.7883936762809753,-0.09054624289274216,0.2362237125635147,0.8704245686531067,-0.10297303646802902,0.2328360229730606,0.9258636832237244,-0.10694786161184311,0.19957002997398376,0.6382671594619751,-0.06371943652629852,0.19853973388671875,0.7706303596496582,-0.08791282773017883,0.2047393023967743,0.803114652633667,-0.08105754107236862,0.20691028237342834,0.8108742833137512,-0.07166975736618042,0.1537109911441803,0.6498742699623108,-0.07815806567668915,0.1560840755701065,0.7552666664123535,-0.08751234412193298,0.1691877394914627,0.7820190191268921,-0.07652977854013443,0.17834258079528809,0.7843954563140869,-0.06487152725458145
12,left,0,0,0,0,0,0,0,0,0,0,0,0,0,0,0,0,0,0,0,0,0,0,0,0,0,0,0,0,0,0,0,0,0,0,0,0,0,0,0,0,0,0,0,0,0,0,0,0,0,0,0,0,0,0,0,0,0,0,0,0,0,0,0
13,right,0.1958824098110199,0.6874411106109619,4.687252541657472e-08,0.24828258156776428,0.7087932825088501,-0.02449153922498226,0.2731505334377289,0.7486078143119812,-0.05721799656748772,0.27057087421417236,0.7887557744979858,-0.09016941487789154,0.2549141049385071,0.8242647051811218,-0.12387813627719879,0.2996174097061157,0.6669248342514038,-0.06386368721723557,0.2780424952507019,0.8067123293876648,-0.11722373217344284,0.2531367540359497,0.8897931575775146,-0.15512774884700775,0.23951230943202972,0.9467148184776306,-0.17470981180667877,0.24560432136058807,0.648179829120636,-0.07198590040206909,0.22422780096530914,0.8042857050895691,-0.11753477901220322,0.21540366113185883,0.8918160200119019,-0.12691976130008698,0.21286410093307495,0.9430809020996094,-0.1279708296060562,0.192301407456398,0.6456891894340515,-0.08249794691801071,0.1836913824081421,0.7843443751335144,-0.11337888985872269,0.19116510450839996,0.8247900009155273,-0.10081198811531067,0.19716894626617432,0.8327893614768982,-0.08600900322198868,0.14793626964092255,0.6548905372619629,-0.09676031768321991,0.14709725975990295,0.758475124835968,-0.10849065333604813,0.16209332644939423,0.784153401851654,-0.092897929251194,0.1718241274356842,0.7843165993690491,-0.07751639932394028
13,left,0,0,0,0,0,0,0,0,0,0,0,0,0,0,0,0,0,0,0,0,0,0,0,0,0,0,0,0,0,0,0,0,0,0,0,0,0,0,0,0,0,0,0,0,0,0,0,0,0,0,0,0,0,0,0,0,0,0,0,0,0,0,0
14,right,0.23634839057922363,0.6038796901702881,-4.6237349238253955e-07,0.28061380982398987,0.6566774249076843,-0.025016682222485542,0.2754790782928467,0.7315838932991028,-0.06732041388750076,0.24266237020492554,0.8033864498138428,-0.1069493219256401,0.20267167687416077,0.8520503640174866,-0.14875957369804382,0.29109758138656616,0.6847319602966309,-0.09784737229347229,0.25503069162368774,0.8139912486076355,-0.15083417296409607,0.22002016007900238,0.8878229856491089,-0.18908774852752686,0.19701436161994934,0.9370087385177612,-0.2102413922548294,0.24225498735904694,0.6574418544769287,-0.10295242816209793,0.19787195324897766,0.8037245273590088,-0.1472175568342209,0.18112421035766602,0.8878649473190308,-0.14954064786434174,0.17367416620254517,0.9454969167709351,-0.14512433111667633,0.1901375651359558,0.6491174697875977,-0.10659485310316086,0.16163694858551025,0.7799715399742126,-0.12588898837566376,0.17640572786331177,0.7805793285369873,-0.10270359367132187,0.19226747751235962,0.7567294239997864,-0.08501344174146652,0.14550727605819702,0.652514636516571,-0.11385232955217361,0.13502393662929535,0.7666696310043335,-0.11398381739854813,0.15343323349952698,0.7725843191146851,-0.087706558406353,0.16854168474674225,0.750346302986145,-0.06847061961889267
14,left,0,0,0,0,0,0,0,0,0,0,0,0,0,0,0,0,0,0,0,0,0,0,0,0,0,0,0,0,0,0,0,0,0,0,0,0,0,0,0,0,0,0,0,0,0,0,0,0,0,0,0,0,0,0,0,0,0,0,0,0,0,0,0
15,right,0.23494166135787964,0.592673659324646,-4.877791752733174e-07,0.2779538631439209,0.6546438336372375,-0.02892572619020939,0.2775965631008148,0.7389431595802307,-0.07270652055740356,0.255376935005188,0.8154034614562988,-0.11436039954423904,0.22767043113708496,0.8689203262329102,-0.15874187648296356,0.28604254126548767,0.6793760657310486,-0.10377781093120575,0.24975399672985077,0.8051548600196838,-0.15801678597927094,0.21337176859378815,0.8760164976119995,-0.1959570348262787,0.18739096820354462,0.9247245192527771,-0.2162976861000061,0.23685558140277863,0.6491304636001587,-0.10775967687368393,0.18914863467216492,0.7945194840431213,-0.1537398248910904,0.166791632771492,0.8761063814163208,-0.15657112002372742,0.1535325050354004,0.9316311478614807,-0.15279418230056763,0.1861291229724884,0.6389455795288086,-0.11055386811494827,0.1512673795223236,0.7702117562294006,-0.13295741379261017,0.16478241980075836,0.7821773886680603,-0.11191130429506302,0.18018868565559387,0.7691149711608887,-0.09501655399799347,0.14374324679374695,0.6400820016860962,-0.11735238879919052,0.12323565781116486,0.7531520128250122,-0.11973913758993149,0.1363334357738495,0.76669842004776,-0.09588997811079025,0.14739450812339783,0.7545868158340454,-0.07820472121238708
15,left,0,0,0,0,0,0,0,0,0,0,0,0,0,0,0,0,0,0,0,0,0,0,0,0,0,0,0,0,0,0,0,0,0,0,0,0,0,0,0,0,0,0,0,0,0,0,0,0,0,0,0,0,0,0,0,0,0,0,0,0,0,0,0
16,right,0.23477080464363098,0.5944796204566956,-4.1997745370281336e-07,0.27630382776260376,0.6532295346260071,-0.02537398785352707,0.27060389518737793,0.7289080023765564,-0.06798059493303299,0.23240694403648376,0.7983556985855103,-0.10879454016685486,0.1874796748161316,0.8370350003242493,-0.15178191661834717,0.2866012454032898,0.669015109539032,-0.09429696202278137,0.2561895251274109,0.803396999835968,-0.14755339920520782,0.21992696821689606,0.8792716860771179,-0.18658055365085602,0.19466984272003174,0.9308050870895386,-0.20762281119823456,0.23844385147094727,0.6443769931793213,-0.10041894763708115,0.2041400969028473,0.7922441363334656,-0.14347900450229645,0.19026784598827362,0.8775390386581421,-0.14498291909694672,0.18115131556987762,0.9347622990608215,-0.13974927365779877,0.18712691962718964,0.6372763514518738,-0.10573747754096985,0.1656402200460434,0.76801598072052,-0.12413523346185684,0.18345008790493011,0.7711212635040283,-0.0983559712767601,0.20044870674610138,0.747210681438446,-0.07821283489465714,0.14434126019477844,0.6417460441589355,-0.11525842547416687,0.13460209965705872,0.7564738988876343,-0.11457180976867676,0.15464524924755096,0.7648026943206787,-0.08666512370109558,0.169876828789711,0.7445335984230042,-0.06581943482160568
16,left,0,0,0,0,0,0,0,0,0,0,0,0,0,0,0,0,0,0,0,0,0,0,0,0,0,0,0,0,0,0,0,0,0,0,0,0,0,0,0,0,0,0,0,0,0,0,0,0,0,0,0,0,0,0,0,0,0,0,0,0,0,0,0
17,right,0.21052081882953644,0.6122211217880249,-5.538183813769137e-07,0.2625753879547119,0.6477134823799133,-0.02613978274166584,0.2896824777126312,0.7161281704902649,-0.06827960163354874,0.2925226092338562,0.7929115295410156,-0.10785406082868576,0.2746930420398712,0.851722776889801,-0.1487816572189331,0.2977742552757263,0.6453232765197754,-0.09996397793292999,0.2858743667602539,0.7917457818984985,-0.15453800559043884,0.2675629258155823,0.8706750869750977,-0.19191275537014008,0.2585337162017822,0.9212801456451416,-0.2114545851945877,0.2418409287929535,0.6303951144218445,-0.10473781079053879,0.23937323689460754,0.8044200539588928,-0.1490667164325714,0.24264001846313477,0.874940812587738,-0.15074504911899567,0.24705564975738525,0.9184743165969849,-0.14593081176280975,0.18704219162464142,0.6348735690116882,-0.108309306204319,0.19413729012012482,0.7837613224983215,-0.13036514818668365,0.20581653714179993,0.7715760469436646,-0.10566192865371704,0.2131403088569641,0.7335543632507324,-0.0857541635632515,0.1399553120136261,0.649204432964325,-0.11585734784603119,0.15557913482189178,0.7676631212234497,-0.12066968530416489,0.17142465710639954,0.7627254128456116,-0.09541551023721695,0.18033672869205475,0.729130208492279,-0.07470375299453735
17,left,0,0,0,0,0,0,0,0,0,0,0,0,0,0,0,0,0,0,0,0,0,0,0,0,0,0,0,0,0,0,0,0,0,0,0,0,0,0,0,0,0,0,0,0,0,0,0,0,0,0,0,0,0,0,0,0,0,0,0,0,0,0,0
18,right,0.20252050459384918,0.6856933832168579,-2.8826559628214454e-07,0.2511873245239258,0.69352126121521,-0.028700171038508415,0.2754002511501312,0.7221953868865967,-0.06142072007060051,0.26859399676322937,0.7749882936477661,-0.09204501658678055,0.2505669593811035,0.8102430105209351,-0.12178821116685867,0.29311469197273254,0.6117141842842102,-0.06717368960380554,0.3027580678462982,0.7485860586166382,-0.1157161220908165,0.30152541399002075,0.8284847736358643,-0.14884185791015625,0.3082919716835022,0.8758341073989868,-0.1652582436800003,0.24466459453105927,0.6049930453300476,-0.06965740025043488,0.2580637037754059,0.7698648571968079,-0.10764489322900772,0.2679029703140259,0.8292717933654785,-0.110464908182621,0.2783743739128113,0.8549135327339172,-0.10570041835308075,0.19528639316558838,0.6221343278884888,-0.07457607239484787,0.20996715128421783,0.7591060400009155,-0.0975344330072403,0.21521376073360443,0.7531021237373352,-0.0781671553850174,0.21746791899204254,0.7213078141212463,-0.058965012431144714,0.15300045907497406,0.649880588054657,-0.08408011496067047,0.17169195413589478,0.7540813684463501,-0.09580197185277939,0.18521016836166382,0.7507117390632629,-0.07909778505563736,0.19063834846019745,0.7220133543014526,-0.06074263155460358
18,left,0,0,0,0,0,0,0,0,0,0,0,0,0,0,0,0,0,0,0,0,0,0,0,0,0,0,0,0,0,0,0,0,0,0,0,0,0,0,0,0,0,0,0,0,0,0,0,0,0,0,0,0,0,0,0,0,0,0,0,0,0,0,0
19,right,0.1595730036497116,0.6704009771347046,5.611938149741036e-07,0.22551323473453522,0.645192563533783,-0.012602732516825199,0.27218249440193176,0.6463415622711182,-0.03685031458735466,0.2948346734046936,0.6816307902336121,-0.061640407890081406,0.3060131072998047,0.7185479998588562,-0.08610305935144424,0.2784934341907501,0.569258451461792,-0.04980769008398056,0.31775039434432983,0.6541152596473694,-0.08955090492963791,0.3354434370994568,0.7217966914176941,-0.11832405626773834,0.34603673219680786,0.7686560750007629,-0.13534636795520782,0.23486623167991638,0.5801400542259216,-0.06034668907523155,0.27896782755851746,0.6984931230545044,-0.09842102974653244,0.30417492985725403,0.7704627513885498,-0.1094563826918602,0.3202655613422394,0.8195430040359497,-0.11409314721822739,0.1940099000930786,0.613466739654541,-0.07106591016054153,0.241896390914917,0.7420972585678101,-0.09249237924814224,0.24552156031131744,0.7661237716674805,-0.0779077485203743,0.23574133217334747,0.763854444026947,-0.06544000655412674,0.1639224886894226,0.6552265286445618,-0.08483768254518509,0.2035398632287979,0.7557523250579834,-0.09304866194725037,0.21188655495643616,0.7638155817985535,-0.07864220440387726,0.20880934596061707,0.7497041821479797,-0.06598526984453201
19,left,0,0,0,0,0,0,0,0,0,0,0,0,0,0,0,0,0,0,0,0,0,0,0,0,0,0,0,0,0,0,0,0,0,0,0,0,0,0,0,0,0,0,0,0,0,0,0,0,0,0,0,0,0,0,0,0,0,0,0,0,0,0,0
20,right,0.16421689093112946,0.6009693741798401,7.600756362080574e-07,0.20840807259082794,0.5730907917022705,-0.01061940472573042,0.2557860314846039,0.6010841727256775,-0.03475691378116608,0.27620092034339905,0.6709340810775757,-0.05834007263183594,0.2804468870162964,0.7270103096961975,-0.0841902419924736,0.2628379762172699,0.5707437992095947,-0.06519517302513123,0.30836206674575806,0.6556742191314697,-0.09666541963815689,0.3286064565181732,0.7045531272888184,-0.117989182472229,0.34190934896469116,0.733585000038147,-0.13294968008995056,0.23468290269374847,0.5980998277664185,-0.07619379460811615,0.2867841124534607,0.6843563914299011,-0.10482265055179596,0.3066713213920593,0.7258013486862183,-0.11518164724111557,0.3217243254184723,0.7482181191444397,-0.12512721121311188,0.20701269805431366,0.6332173943519592,-0.08465917408466339,0.25540995597839355,0.724118709564209,-0.10176500678062439,0.2508842945098877,0.7340779900550842,-0.09030339866876602,0.24011874198913574,0.7206855416297913,-0.08411020785570145,0.1835615187883377,0.6693059802055359,-0.09465806186199188,0.22299115359783173,0.7358285188674927,-0.10352261364459991,0.22787883877754211,0.7458481788635254,-0.09128396213054657,0.22435878217220306,0.7385326623916626,-0.08329714834690094
20,left,0,0,0,0,0,0,0,0,0,0,0,0,0,0,0,0,0,0,0,0,0,0,0,0,0,0,0,0,0,0,0,0,0,0,0,0,0,0,0,0,0,0,0,0,0,0,0,0,0,0,0,0,0,0,0,0,0,0,0,0,0,0,0
21,right,0.18961969017982483,0.575240969657898,1.268408936994092e-06,0.24730636179447174,0.5627310276031494,-0.018763253465294838,0.29523923993110657,0.6182509064674377,-0.05034444108605385,0.29371199011802673,0.7013459205627441,-0.07978124916553497,0.27551156282424927,0.7524036169052124,-0.11099299043416977,0.31686389446258545,0.5928329229354858,-0.08545625954866409,0.34788161516189575,0.7031182050704956,-0.11928210407495499,0.36334899067878723,0.7676535248756409,-0.14563420414924622,0.3767681419849396,0.8217492699623108,-0.16574276983737946,0.27188923954963684,0.6142116785049438,-0.09553325176239014,0.31440019607543945,0.7405799031257629,-0.1308123767375946,0.3360944390296936,0.8034127354621887,-0.14675648510456085,0.35570740699768066,0.8548328876495361,-0.1613556295633316,0.22577586770057678,0.6442373991012573,-0.10163604468107224,0.26951441168785095,0.750171422958374,-0.11848986148834229,0.26166343688964844,0.7225245237350464,-0.10251174122095108,0.2494649440050125,0.6843454837799072,-0.09398780763149261,0.18583951890468597,0.6685788631439209,-0.11069062352180481,0.23057587444782257,0.7507335543632507,-0.11576642096042633,0.23181280493736267,0.7326346039772034,-0.09748010337352753,0.22209244966506958,0.7024800777435303,-0.08630985766649246
21,left,0,0,0,0,0,0,0,0,0,0,0,0,0,0,0,0,0,0,0,0,0,0,0,0,0,0,0,0,0,0,0,0,0,0,0,0,0,0,0,0,0,0,0,0,0,0,0,0,0,0,0,0,0,0,0,0,0,0,0,0,0,0,0
22,right,0.17317894101142883,0.7083200216293335,5.031930641052895e-07,0.24072659015655518,0.707310140132904,-0.020597731694579124,0.28533750772476196,0.7088257670402527,-0.04964758828282356,0.29581114649772644,0.7209105491638184,-0.07713722437620163,0.3003181219100952,0.7357922792434692,-0.103478342294693,0.3115079998970032,0.6027244925498962,-0.05915909260511398,0.3392881453037262,0.7238752841949463,-0.10374325513839722,0.3446391820907593,0.8038763403892517,-0.13656139373779297,0.35016828775405884,0.8580479621887207,-0.1562531441450119,0.25804322957992554,0.5978649854660034,-0.06663830578327179,0.2851157784461975,0.7332205176353455,-0.10886671394109726,0.29853785037994385,0.8060523867607117,-0.12325844913721085,0.30966320633888245,0.8486018180847168,-0.13048124313354492,0.2054743617773056,0.6159321069717407,-0.07461169362068176,0.23564541339874268,0.7397454977035522,-0.100526362657547,0.2342250645160675,0.7623008489608765,-0.089005246758461,0.22383609414100647,0.753691554069519,-0.07799701392650604,0.16292515397071838,0.6418083906173706,-0.08591493219137192,0.19625303149223328,0.7473992705345154,-0.09611953794956207,0.20371755957603455,0.7644784450531006,-0.08254511654376984,0.20028765499591827,0.7533479928970337,-0.07007644325494766
22,left,0,0,0,0,0,0,0,0,0,0,0,0,0,0,0,0,0,0,0,0,0,0,0,0,0,0,0,0,0,0,0,0,0,0,0,0,0,0,0,0,0,0,0,0,0,0,0,0,0,0,0,0,0,0,0,0,0,0,0,0,0,0,0
23,right,0.16038081049919128,0.7214428186416626,7.80654048071483e-08,0.22619754076004028,0.7320654392242432,-0.017661482095718384,0.272411048412323,0.7419577836990356,-0.04165184870362282,0.2881907522678375,0.7685133814811707,-0.06650469452142715,0.2906087040901184,0.8005493879318237,-0.09048950672149658,0.30489587783813477,0.6263607144355774,-0.03483916074037552,0.3072998523712158,0.755105197429657,-0.07872754335403442,0.29953718185424805,0.8257333040237427,-0.11262118816375732,0.29777881503105164,0.8737107515335083,-0.13157311081886292,0.25611963868141174,0.6082574129104614,-0.04256899654865265,0.2510419189929962,0.7624980211257935,-0.08097859472036362,0.2510547637939453,0.8299075961112976,-0.09124358743429184,0.2561444342136383,0.8700323104858398,-0.09291071444749832,0.20324164628982544,0.6122668385505676,-0.05354435369372368,0.20355142652988434,0.7543262243270874,-0.07525210082530975,0.20245343446731567,0.7513096332550049,-0.06597024202346802,0.20389334857463837,0.7238219380378723,-0.05550766363739967,0.15516157448291779,0.6305632591247559,-0.06853987276554108,0.16224145889282227,0.743249773979187,-0.07783865183591843,0.16764560341835022,0.7454915642738342,-0.06842285394668579,0.1710873544216156,0.7202093005180359,-0.057759109884500504
23,left,0,0,0,0,0,0,0,0,0,0,0,0,0,0,0,0,0,0,0,0,0,0,0,0,0,0,0,0,0,0,0,0,0,0,0,0,0,0,0,0,0,0,0,0,0,0,0,0,0,0,0,0,0,0,0,0,0,0,0,0,0,0,0
24,right,0.1876460462808609,0.6598248481750488,-1.7140497732270887e-07,0.2414461374282837,0.6796714663505554,-0.02588169276714325,0.2710016369819641,0.7133675813674927,-0.05736704170703888,0.2712627947330475,0.7554104328155518,-0.08813841640949249,0.2616477608680725,0.7924368977546692,-0.11880963295698166,0.28890204429626465,0.6339913606643677,-0.06281528621912003,0.2752963900566101,0.7783572673797607,-0.11501768976449966,0.2542697787284851,0.857815146446228,-0.1513614058494568,0.24511350691318512,0.9094681143760681,-0.1695224493741989,0.23389293253421783,0.6192725300788879,-0.06701087951660156,0.21989621222019196,0.7817935943603516,-0.1099558025598526,0.2186969518661499,0.8593064546585083,-0.11289847642183304,0.22058983147144318,0.9059385657310486,-0.10800052434206009,0.1811509132385254,0.6251248121261597,-0.0741361677646637,0.18197891116142273,0.7710318565368652,-0.09867379814386368,0.19286835193634033,0.7778061032295227,-0.07952408492565155,0.19928310811519623,0.7571136951446533,-0.06066499277949333,0.1372193843126297,0.6438015103340149,-0.08594609797000885,0.1441856026649475,0.7561048269271851,-0.09627098590135574,0.16059423983097076,0.7588304281234741,-0.08026584982872009,0.16907024383544922,0.7330332398414612,-0.0639721229672432
24,left,0,0,0,0,0,0,0,0,0,0,0,0,0,0,0,0,0,0,0,0,0,0,0,0,0,0,0,0,0,0,0,0,0,0,0,0,0,0,0,0,0,0,0,0,0,0,0,0,0,0,0,0,0,0,0,0,0,0,0,0,0,0,0
25,right,0.21097762882709503,0.5922696590423584,-2.7687568149303843e-07,0.25652432441711426,0.6348771452903748,-0.023746928200125694,0.2517884373664856,0.6980468034744263,-0.06300002336502075,0.21465562283992767,0.7686412334442139,-0.09900020807981491,0.17238813638687134,0.8179909586906433,-0.1369325965642929,0.2809913456439972,0.6560933589935303,-0.08854766935110092,0.25496166944503784,0.7878298163414001,-0.1341974139213562,0.2266533076763153,0.8700977563858032,-0.1674187183380127,0.20881344377994537,0.9248702526092529,-0.18616396188735962,0.23251324892044067,0.635749101638794,-0.09350372850894928,0.20189303159713745,0.7850430607795715,-0.13117295503616333,0.19370871782302856,0.8700132966041565,-0.13279564678668976,0.19329169392585754,0.9208856821060181,-0.1292870044708252,0.17638331651687622,0.6342592835426331,-0.0970342829823494,0.1610555648803711,0.7624853849411011,-0.11456369608640671,0.1806231141090393,0.7623693943023682,-0.09305653721094131,0.19985191524028778,0.733849048614502,-0.07696433365345001,0.12681308388710022,0.6417767405509949,-0.10328157246112823,0.12750181555747986,0.7508757710456848,-0.10423905402421951,0.15021926164627075,0.7599289417266846,-0.07828876376152039,0.16778500378131866,0.7374602556228638,-0.05904732644557953
25,left,0,0,0,0,0,0,0,0,0,0,0,0,0,0,0,0,0,0,0,0,0,0,0,0,0,0,0,0,0,0,0,0,0,0,0,0,0,0,0,0,0,0,0,0,0,0,0,0,0,0,0,0,0,0,0,0,0,0,0,0,0,0,0
26,right,0.1950833797454834,0.6269630193710327,-2.3613880273387622e-07,0.2436780035495758,0.6563903093338013,-0.024545909836888313,0.2514666020870209,0.7091841101646423,-0.061775315552949905,0.2273639589548111,0.7747812271118164,-0.09726319462060928,0.19377678632736206,0.8231396079063416,-0.1339188665151596,0.2774543762207031,0.6444426774978638,-0.07593665271997452,0.26771366596221924,0.778872013092041,-0.12658445537090302,0.24764537811279297,0.8632091283798218,-0.16417697072029114,0.23795565962791443,0.922049343585968,-0.18402528762817383,0.22769908607006073,0.6311936378479004,-0.08113138377666473,0.2160862535238266,0.7906328439712524,-0.12275705486536026,0.21227231621742249,0.8753941059112549,-0.12713998556137085,0.21294087171554565,0.9278687238693237,-0.12376540899276733,0.17299696803092957,0.6356428861618042,-0.08729273080825806,0.17010051012039185,0.7712806463241577,-0.1086912602186203,0.18356770277023315,0.7690087556838989,-0.0920313149690628,0.19396328926086426,0.7398141026496887,-0.07699840515851974,0.12522298097610474,0.6499859094619751,-0.0969431921839714,0.13409531116485596,0.7618660926818848,-0.1005130410194397,0.15174007415771484,0.7665711045265198,-0.07979113608598709,0.16192354261875153,0.7406623363494873,-0.06290774047374725
26,left,0,0,0,0,0,0,0,0,0,0,0,0,0,0,0,0,0,0,0,0,0,0,0,0,0,0,0,0,0,0,0,0,0,0,0,0,0,0,0,0,0,0,0,0,0,0,0,0,0,0,0,0,0,0,0,0,0,0,0,0,0,0,0
27,right,0.17639727890491486,0.6928800344467163,-1.5245126405716292e-07,0.23467731475830078,0.6877958178520203,-0.024282492697238922,0.26735755801200867,0.7031911611557007,-0.05361080542206764,0.2723950743675232,0.7414295077323914,-0.08153371512889862,0.2724420428276062,0.777849555015564,-0.10872115194797516,0.27906036376953125,0.6124936938285828,-0.06150468438863754,0.28291743993759155,0.7531193494796753,-0.1115284338593483,0.2778817415237427,0.8328640460968018,-0.14541621506214142,0.28225189447402954,0.8805288672447205,-0.16218237578868866,0.22390401363372803,0.6119691133499146,-0.0654938742518425,0.23042723536491394,0.7780470252037048,-0.1067790612578392,0.24128910899162292,0.8480841517448425,-0.10767247527837753,0.25219297409057617,0.8866795301437378,-0.1007852703332901,0.17066624760627747,0.6338512301445007,-0.07225514948368073,0.18513961136341095,0.7749916315078735,-0.09724092483520508,0.1983071267604828,0.7707984447479248,-0.07703441381454468,0.20459766685962677,0.7426957488059998,-0.05679065361618996,0.12831073999404907,0.6653732657432556,-0.0833078995347023,0.14786936342716217,0.7738507390022278,-0.09594787657260895,0.1661042720079422,0.7670364379882812,-0.08030649274587631,0.1745871752500534,0.7336673736572266,-0.06285358220338821
27,left,0,0,0,0,0,0,0,0,0,0,0,0,0,0,0,0,0,0,0,0,0,0,0,0,0,0,0,0,0,0,0,0,0,0,0,0,0,0,0,0,0,0,0,0,0,0,0,0,0,0,0,0,0,0,0,0,0,0,0,0,0,0,0
28,right,0.14336615800857544,0.6797822713851929,4.81655263229186e-07,0.208786278963089,0.6652274131774902,-0.014994517900049686,0.25410160422325134,0.6652104258537292,-0.03923221677541733,0.276073694229126,0.6935169696807861,-0.0632806122303009,0.28906679153442383,0.7201016545295715,-0.08690732717514038,0.26800382137298584,0.5816034078598022,-0.05312402546405792,0.3000817894935608,0.6721405982971191,-0.09402797371149063,0.3092246651649475,0.7407047748565674,-0.12282737344503403,0.315548837184906,0.7855945229530334,-0.1398400217294693,0.22377078235149384,0.5906767845153809,-0.06259886920452118,0.25414013862609863,0.7199115753173828,-0.1008419543504715,0.2726230025291443,0.7883520722389221,-0.1130407303571701,0.2872084975242615,0.8312130570411682,-0.11983277648687363,0.17993593215942383,0.6204066872596741,-0.07259726524353027,0.21513277292251587,0.7556233406066895,-0.09669339656829834,0.22007320821285248,0.7841909527778625,-0.08662862330675125,0.2139606773853302,0.7838249206542969,-0.07775698602199554,0.14561359584331512,0.6599663496017456,-0.08538025617599487,0.1762918382883072,0.7670243382453918,-0.09823837876319885,0.1880468875169754,0.7811614871025085,-0.08851317316293716,0.19003064930438995,0.7689315676689148,-0.07899808138608932
28,left,0,0,0,0,0,0,0,0,0,0,0,0,0,0,0,0,0,0,0,0,0,0,0,0,0,0,0,0,0,0,0,0,0,0,0,0,0,0,0,0,0,0,0,0,0,0,0,0,0,0,0,0,0,0,0,0,0,0,0,0,0,0,0
29,right,0.16058588027954102,0.6083371639251709,1.0202832072536694e-06,0.2202644944190979,0.5926967263221741,-0.015932977199554443,0.2752054035663605,0.6392411589622498,-0.049897778779268265,0.29400327801704407,0.7207627296447754,-0.08335421979427338,0.29939019680023193,0.772852897644043,-0.11858124285936356,0.29637762904167175,0.6092613935470581,-0.08374342322349548,0.3239917755126953,0.7264052629470825,-0.12409359961748123,0.3336183428764343,0.7958616018295288,-0.1522318422794342,0.34374117851257324,0.847071647644043,-0.17157115042209625,0.24865879118442535,0.6262451410293579,-0.09748426824808121,0.2863531708717346,0.7587137818336487,-0.13774676620960236,0.306639701128006,0.8230408430099487,-0.15178422629833221,0.32562020421028137,0.8681455254554749,-0.16286839544773102,0.20162786543369293,0.6534310579299927,-0.10828869789838791,0.24178975820541382,0.7674202919006348,-0.13131549954414368,0.23614966869354248,0.7687736749649048,-0.112823486328125,0.22540946304798126,0.7509048581123352,-0.1002514436841011,0.16269329190254211,0.6813241243362427,-0.12185455113649368,0.20220744609832764,0.7680753469467163,-0.13210168480873108,0.21053394675254822,0.7698789238929749,-0.11374545097351074,0.20972053706645966,0.7547482252120972,-0.10006067901849747
29,left,0,0,0,0,0,0,0,0,0,0,0,0,0,0,0,0,0,0,0,0,0,0,0,0,0,0,0,0,0,0,0,0,0,0,0,0,0,0,0,0,0,0,0,0,0,0,0,0,0,0,0,0,0,0,0,0,0,0,0,0,0,0,0
30,right,0.16217774152755737,0.6051676273345947,1.1071725793954101e-06,0.22076652944087982,0.5883941054344177,-0.01554704550653696,0.2719346284866333,0.6421078443527222,-0.051230765879154205,0.28320086002349854,0.7306247353553772,-0.08604764938354492,0.2805628478527069,0.7870497703552246,-0.12276910245418549,0.29810160398483276,0.6120756268501282,-0.09055330604314804,0.32921046018600464,0.7343797087669373,-0.13156163692474365,0.33745625615119934,0.8072220683097839,-0.16072624921798706,0.3481087386608124,0.8647177219390869,-0.1812799572944641,0.25079458951950073,0.629677951335907,-0.10451255738735199,0.2910756468772888,0.7727076411247253,-0.14676648378372192,0.31011778116226196,0.8415066599845886,-0.16157500445842743,0.3284367322921753,0.8921273946762085,-0.17333243787288666,0.20362968742847443,0.6601918339729309,-0.11460905522108078,0.24529185891151428,0.7783547043800354,-0.13641925156116486,0.23558206856250763,0.7708824276924133,-0.11598094552755356,0.2227066159248352,0.7454890012741089,-0.10280478000640869,0.16561418771743774,0.6876174211502075,-0.12758710980415344,0.20660300552845,0.7766461372375488,-0.13602754473686218,0.210251122713089,0.7701901793479919,-0.11577624082565308,0.2060755044221878,0.7478078007698059,-0.10143058747053146
30,left,0,0,0,0,0,0,0,0,0,0,0,0,0,0,0,0,0,0,0,0,0,0,0,0,0,0,0,0,0,0,0,0,0,0,0,0,0,0,0,0,0,0,0,0,0,0,0,0,0,0,0,0,0,0,0,0,0,0,0,0,0,0,0
31,right,0.1483030617237091,0.6531069278717041,6.681598279101308e-07,0.2205505073070526,0.6605717539787292,-0.01750853657722473,0.26744094491004944,0.6976915001869202,-0.0504765585064888,0.2759823799133301,0.7597063183784485,-0.08403162658214569,0.27028852701187134,0.8130105137825012,-0.11770793050527573,0.2942286729812622,0.619779646396637,-0.061482809484004974,0.31752321124076843,0.7486653327941895,-0.10755254328250885,0.3212894797325134,0.8235288858413696,-0.14414358139038086,0.3265824615955353,0.8744165897369385,-0.1679898351430893,0.24101245403289795,0.625288188457489,-0.07462678104639053,0.2666492164134979,0.768334150314331,-0.11441659927368164,0.2783872187137604,0.8188817501068115,-0.12968602776527405,0.2952713966369629,0.8449474573135376,-0.14126574993133545,0.1897406280040741,0.6504113078117371,-0.08785935491323471,0.21995112299919128,0.7887442111968994,-0.1090700626373291,0.2111474871635437,0.7787699699401855,-0.09454095363616943,0.2005305290222168,0.7447335124015808,-0.08485949784517288,0.14895561337471008,0.6785064339637756,-0.10507971048355103,0.1777813881635666,0.7886034846305847,-0.11382510513067245,0.17758587002754211,0.7736294865608215,-0.0984387993812561,0.17279791831970215,0.7384490966796875,-0.08688472956418991
31,left,0,0,0,0,0,0,0,0,0,0,0,0,0,0,0,0,0,0,0,0,0,0,0,0,0,0,0,0,0,0,0,0,0,0,0,0,0,0,0,0,0,0,0,0,0,0,0,0,0,0,0,0,0,0,0,0,0,0,0,0,0,0,0
32,right,0.1832326054573059,0.6626821160316467,2.9658608013960475e-07,0.2317012995481491,0.6681002974510193,-0.019487418234348297,0.2603904902935028,0.7069563269615173,-0.05170748755335808,0.26589909195899963,0.7660701274871826,-0.08554338663816452,0.2587112784385681,0.8221123218536377,-0.12008292227983475,0.2769239544868469,0.6336623430252075,-0.061270762234926224,0.2897058129310608,0.7313073873519897,-0.11249979585409164,0.28845712542533875,0.8009496927261353,-0.14812158048152924,0.285990834236145,0.8458055257797241,-0.1680603176355362,0.227845698595047,0.6308584213256836,-0.0731441080570221,0.23793339729309082,0.7562640309333801,-0.11930444836616516,0.2439645528793335,0.8149086236953735,-0.1303980052471161,0.2469126284122467,0.8384121656417847,-0.1347968727350235,0.17854434251785278,0.6425625085830688,-0.08684636652469635,0.1927531212568283,0.7773829102516174,-0.1179155558347702,0.19747447967529297,0.8043531179428101,-0.10298467427492142,0.1954803168773651,0.7962798476219177,-0.0885695070028305,0.1382392793893814,0.6637749671936035,-0.10415610671043396,0.15009939670562744,0.7734072208404541,-0.11829078942537308,0.164425790309906,0.7934620976448059,-0.10318771004676819,0.17106565833091736,0.7827541828155518,-0.08944234251976013
32,left,0,0,0,0,0,0,0,0,0,0,0,0,0,0,0,0,0,0,0,0,0,0,0,0,0,0,0,0,0,0,0,0,0,0,0,0,0,0,0,0,0,0,0,0,0,0,0,0,0,0,0,0,0,0,0,0,0,0,0,0,0,0,0
33,right,0.20253120362758636,0.6024526357650757,-5.362848014556221e-07,0.25936707854270935,0.6409767270088196,-0.022254951298236847,0.2772713899612427,0.7160258889198303,-0.06354828178882599,0.2590394616127014,0.7937031388282776,-0.10181213915348053,0.2264450639486313,0.8503648638725281,-0.14327865839004517,0.2806004285812378,0.6846092939376831,-0.10641519725322723,0.26504790782928467,0.8244959712028503,-0.15975186228752136,0.24782691895961761,0.8981857895851135,-0.19530902802944183,0.23991525173187256,0.9470130801200867,-0.21408064663410187,0.22800970077514648,0.6708534955978394,-0.11185801029205322,0.20994538068771362,0.8303240537643433,-0.1570301353931427,0.20852577686309814,0.9067779779434204,-0.157450333237648,0.2121625691652298,0.9543416500091553,-0.15253059566020966,0.1749599575996399,0.6702285408973694,-0.11470114439725876,0.16841751337051392,0.8012501001358032,-0.13716915249824524,0.18362921476364136,0.7954726815223694,-0.11220024526119232,0.19715599715709686,0.7643392086029053,-0.0931626558303833,0.129789799451828,0.6768085360527039,-0.12031162530183792,0.13233748078346252,0.788212239742279,-0.1252131462097168,0.14974850416183472,0.7850320339202881,-0.09987708926200867,0.16281387209892273,0.7539588212966919,-0.08048777282238007
33,left,0,0,0,0,0,0,0,0,0,0,0,0,0,0,0,0,0,0,0,0,0,0,0,0,0,0,0,0,0,0,0,0,0,0,0,0,0,0,0,0,0,0,0,0,0,0,0,0,0,0,0,0,0,0,0,0,0,0,0,0,0,0,0
34,right,0.19586001336574554,0.5947096347808838,-5.092497303849086e-07,0.25269201397895813,0.6461402773857117,-0.026007873937487602,0.2655952572822571,0.7277325987815857,-0.06849587708711624,0.24282708764076233,0.8094154596328735,-0.1079513356089592,0.2064686417579651,0.8613511323928833,-0.14996759593486786,0.2651243805885315,0.6881032586097717,-0.10642926394939423,0.25050443410873413,0.8269679546356201,-0.16279302537441254,0.23125432431697845,0.9044666290283203,-0.20167094469070435,0.2181200087070465,0.9562300443649292,-0.22192341089248657,0.21195048093795776,0.6681570410728455,-0.11084406822919846,0.1906154900789261,0.8322485685348511,-0.1570509970188141,0.18796955049037933,0.9120507836341858,-0.1560772955417633,0.18911510705947876,0.9650962352752686,-0.14889878034591675,0.15664350986480713,0.6652157306671143,-0.11369821429252625,0.14746178686618805,0.8069480657577515,-0.1352958381175995,0.16670602560043335,0.8046039938926697,-0.10584820061922073,0.18428753316402435,0.7785207629203796,-0.08241309970617294,0.10974468290805817,0.6710488796234131,-0.12053881585597992,0.10894396901130676,0.7897968292236328,-0.1260625272989273,0.1279914230108261,0.788172721862793,-0.09872307628393173,0.14235177636146545,0.7592381834983826,-0.07637284696102142
34,left,0,0,0,0,0,0,0,0,0,0,0,0,0,0,0,0,0,0,0,0,0,0,0,0,0,0,0,0,0,0,0,0,0,0,0,0,0,0,0,0,0,0,0,0,0,0,0,0,0,0,0,0,0,0,0,0,0,0,0,0,0,0,0
35,right,0.19791826605796814,0.6056135296821594,-5.045931175118312e-07,0.2514026165008545,0.6490344405174255,-0.02246231772005558,0.2548166811466217,0.7212123274803162,-0.06371498852968216,0.21984896063804626,0.7974695563316345,-0.10215901583433151,0.17728734016418457,0.8511356711387634,-0.14302660524845123,0.26234519481658936,0.6883714199066162,-0.10198157280683517,0.25054487586021423,0.8266867399215698,-0.15750479698181152,0.22939565777778625,0.9070117473602295,-0.19522620737552643,0.21544280648231506,0.9615769386291504,-0.21429018676280975,0.20990687608718872,0.6699182391166687,-0.10666602849960327,0.18947014212608337,0.8306512832641602,-0.1499532163143158,0.18979792296886444,0.9076637625694275,-0.1478813737630844,0.193142831325531,0.9586608409881592,-0.1403343826532364,0.1555216908454895,0.6667024493217468,-0.10958825796842575,0.14529159665107727,0.8029731512069702,-0.12845908105373383,0.1669175624847412,0.8010463714599609,-0.09905673563480377,0.18580135703086853,0.7739195227622986,-0.07624161243438721,0.10987304896116257,0.6726335883140564,-0.11594729125499725,0.11187756806612015,0.7874424457550049,-0.11762002110481262,0.13223537802696228,0.7880620956420898,-0.08889163285493851,0.14703193306922913,0.761206328868866,-0.06604897230863571
35,left,0,0,0,0,0,0,0,0,0,0,0,0,0,0,0,0,0,0,0,0,0,0,0,0,0,0,0,0,0,0,0,0,0,0,0,0,0,0,0,0,0,0,0,0,0,0,0,0,0,0,0,0,0,0,0,0,0,0,0,0,0,0,0
36,right,0.19321301579475403,0.6002666354179382,-5.035431058786344e-07,0.24971607327461243,0.6420555114746094,-0.022369438782334328,0.26375216245651245,0.7167969346046448,-0.06333800405263901,0.24476955831050873,0.7995532751083374,-0.10141438990831375,0.21345475316047668,0.8570385575294495,-0.1418151557445526,0.2678409218788147,0.6839438080787659,-0.10452684760093689,0.2549508810043335,0.8268038630485535,-0.1590985655784607,0.2351524531841278,0.9066564440727234,-0.19658944010734558,0.22197648882865906,0.9609498977661133,-0.21614673733711243,0.21577824652194977,0.6702160835266113,-0.11000102758407593,0.19883853197097778,0.833095371723175,-0.15511393547058105,0.19966477155685425,0.9129303693771362,-0.15327014029026031,0.20491205155849457,0.9646849632263184,-0.1459122896194458,0.16081050038337708,0.6716190576553345,-0.11347775906324387,0.15431271493434906,0.8084725737571716,-0.13337315618991852,0.17403823137283325,0.8011324405670166,-0.10337875783443451,0.19194935262203217,0.7698819637298584,-0.08043692260980606,0.1129581406712532,0.6792833805084229,-0.12050759047269821,0.11384765803813934,0.794360339641571,-0.12442170083522797,0.13301420211791992,0.7893936634063721,-0.0963660404086113,0.14708708226680756,0.7564414739608765,-0.07428967207670212
36,left,0,0,0,0,0,0,0,0,0,0,0,0,0,0,0,0,0,0,0,0,0,0,0,0,0,0,0,0,0,0,0,0,0,0,0,0,0,0,0,0,0,0,0,0,0,0,0,0,0,0,0,0,0,0,0,0,0,0,0,0,0,0,0
