1,right,0,0,0,0,0,0,0,0,0,0,0,0,0,0,0,0,0,0,0,0,0,0,0,0,0,0,0,0,0,0,0,0,0,0,0,0,0,0,0,0,0,0,0,0,0,0,0,0,0,0,0,0,0,0,0,0,0,0,0,0,0,0,0
1,left,0,0,0,0,0,0,0,0,0,0,0,0,0,0,0,0,0,0,0,0,0,0,0,0,0,0,0,0,0,0,0,0,0,0,0,0,0,0,0,0,0,0,0,0,0,0,0,0,0,0,0,0,0,0,0,0,0,0,0,0,0,0,0
2,right,0,0,0,0,0,0,0,0,0,0,0,0,0,0,0,0,0,0,0,0,0,0,0,0,0,0,0,0,0,0,0,0,0,0,0,0,0,0,0,0,0,0,0,0,0,0,0,0,0,0,0,0,0,0,0,0,0,0,0,0,0,0,0
2,left,0,0,0,0,0,0,0,0,0,0,0,0,0,0,0,0,0,0,0,0,0,0,0,0,0,0,0,0,0,0,0,0,0,0,0,0,0,0,0,0,0,0,0,0,0,0,0,0,0,0,0,0,0,0,0,0,0,0,0,0,0,0,0
3,right,0,0,0,0,0,0,0,0,0,0,0,0,0,0,0,0,0,0,0,0,0,0,0,0,0,0,0,0,0,0,0,0,0,0,0,0,0,0,0,0,0,0,0,0,0,0,0,0,0,0,0,0,0,0,0,0,0,0,0,0,0,0,0
3,left,0,0,0,0,0,0,0,0,0,0,0,0,0,0,0,0,0,0,0,0,0,0,0,0,0,0,0,0,0,0,0,0,0,0,0,0,0,0,0,0,0,0,0,0,0,0,0,0,0,0,0,0,0,0,0,0,0,0,0,0,0,0,0
4,right,0,0,0,0,0,0,0,0,0,0,0,0,0,0,0,0,0,0,0,0,0,0,0,0,0,0,0,0,0,0,0,0,0,0,0,0,0,0,0,0,0,0,0,0,0,0,0,0,0,0,0,0,0,0,0,0,0,0,0,0,0,0,0
4,left,0,0,0,0,0,0,0,0,0,0,0,0,0,0,0,0,0,0,0,0,0,0,0,0,0,0,0,0,0,0,0,0,0,0,0,0,0,0,0,0,0,0,0,0,0,0,0,0,0,0,0,0,0,0,0,0,0,0,0,0,0,0,0
5,right,0,0,0,0,0,0,0,0,0,0,0,0,0,0,0,0,0,0,0,0,0,0,0,0,0,0,0,0,0,0,0,0,0,0,0,0,0,0,0,0,0,0,0,0,0,0,0,0,0,0,0,0,0,0,0,0,0,0,0,0,0,0,0
5,left,0,0,0,0,0,0,0,0,0,0,0,0,0,0,0,0,0,0,0,0,0,0,0,0,0,0,0,0,0,0,0,0,0,0,0,0,0,0,0,0,0,0,0,0,0,0,0,0,0,0,0,0,0,0,0,0,0,0,0,0,0,0,0
6,right,0,0,0,0,0,0,0,0,0,0,0,0,0,0,0,0,0,0,0,0,0,0,0,0,0,0,0,0,0,0,0,0,0,0,0,0,0,0,0,0,0,0,0,0,0,0,0,0,0,0,0,0,0,0,0,0,0,0,0,0,0,0,0
6,left,0,0,0,0,0,0,0,0,0,0,0,0,0,0,0,0,0,0,0,0,0,0,0,0,0,0,0,0,0,0,0,0,0,0,0,0,0,0,0,0,0,0,0,0,0,0,0,0,0,0,0,0,0,0,0,0,0,0,0,0,0,0,0
7,right,0,0,0,0,0,0,0,0,0,0,0,0,0,0,0,0,0,0,0,0,0,0,0,0,0,0,0,0,0,0,0,0,0,0,0,0,0,0,0,0,0,0,0,0,0,0,0,0,0,0,0,0,0,0,0,0,0,0,0,0,0,0,0
7,left,0,0,0,0,0,0,0,0,0,0,0,0,0,0,0,0,0,0,0,0,0,0,0,0,0,0,0,0,0,0,0,0,0,0,0,0,0,0,0,0,0,0,0,0,0,0,0,0,0,0,0,0,0,0,0,0,0,0,0,0,0,0,0
8,right,0,0,0,0,0,0,0,0,0,0,0,0,0,0,0,0,0,0,0,0,0,0,0,0,0,0,0,0,0,0,0,0,0,0,0,0,0,0,0,0,0,0,0,0,0,0,0,0,0,0,0,0,0,0,0,0,0,0,0,0,0,0,0
8,left,0,0,0,0,0,0,0,0,0,0,0,0,0,0,0,0,0,0,0,0,0,0,0,0,0,0,0,0,0,0,0,0,0,0,0,0,0,0,0,0,0,0,0,0,0,0,0,0,0,0,0,0,0,0,0,0,0,0,0,0,0,0,0
9,right,0.12843391299247742,0.7918516397476196,6.931895768502727e-07,0.19623619318008423,0.8069447875022888,-0.021149875596165657,0.25394904613494873,0.8519246578216553,-0.04784057289361954,0.2797861099243164,0.9205957055091858,-0.07353879511356354,0.29151132702827454,0.9865446090698242,-0.10170689970254898,0.26324138045310974,0.8104758858680725,-0.06744103878736496,0.2960043251514435,0.947077214717865,-0.10760194063186646,0.30371880531311035,1.0295976400375366,-0.13477514684200287,0.30395370721817017,1.0888562202453613,-0.15122169256210327,0.21365973353385925,0.8045056462287903,-0.07595203816890717,0.24735677242279053,0.9718322157859802,-0.11097735166549683,0.25700390338897705,1.0578008890151978,-0.12172103673219681,0.25986966490745544,1.1128026247024536,-0.12920832633972168,0.16617539525032043,0.8106423616409302,-0.08522923290729523,0.194394052028656,0.9747850298881531,-0.11361895501613617,0.2118617296218872,1.0373127460479736,-0.11202222853899002,0.21989089250564575,1.0693336725234985,-0.10893584042787552,0.123326376080513,0.8249025344848633,-0.09647666662931442,0.13961918652057648,0.9455063939094543,-0.11438300460577011,0.15452197194099426,0.9922059178352356,-0.10938458144664764,0.16266262531280518,1.0148309469223022,-0.10415887087583542
9,left,0,0,0,0,0,0,0,0,0,0,0,0,0,0,0,0,0,0,0,0,0,0,0,0,0,0,0,0,0,0,0,0,0,0,0,0,0,0,0,0,0,0,0,0,0,0,0,0,0,0,0,0,0,0,0,0,0,0,0,0,0,0,0
10,right,0,0,0,0,0,0,0,0,0,0,0,0,0,0,0,0,0,0,0,0,0,0,0,0,0,0,0,0,0,0,0,0,0,0,0,0,0,0,0,0,0,0,0,0,0,0,0,0,0,0,0,0,0,0,0,0,0,0,0,0,0,0,0
10,left,0,0,0,0,0,0,0,0,0,0,0,0,0,0,0,0,0,0,0,0,0,0,0,0,0,0,0,0,0,0,0,0,0,0,0,0,0,0,0,0,0,0,0,0,0,0,0,0,0,0,0,0,0,0,0,0,0,0,0,0,0,0,0
11,right,0,0,0,0,0,0,0,0,0,0,0,0,0,0,0,0,0,0,0,0,0,0,0,0,0,0,0,0,0,0,0,0,0,0,0,0,0,0,0,0,0,0,0,0,0,0,0,0,0,0,0,0,0,0,0,0,0,0,0,0,0,0,0
11,left,0,0,0,0,0,0,0,0,0,0,0,0,0,0,0,0,0,0,0,0,0,0,0,0,0,0,0,0,0,0,0,0,0,0,0,0,0,0,0,0,0,0,0,0,0,0,0,0,0,0,0,0,0,0,0,0,0,0,0,0,0,0,0
12,right,0.16083070635795593,0.6909276843070984,7.313354331017763e-07,0.19370359182357788,0.6620661020278931,-0.028177382424473763,0.22174569964408875,0.6780437231063843,-0.06300264596939087,0.23360289633274078,0.7490136623382568,-0.09443523734807968,0.23181471228599548,0.8200419545173645,-0.127017542719841,0.20984657108783722,0.6538874506950378,-0.08204464614391327,0.25380462408065796,0.7476040124893188,-0.1194205954670906,0.2704622745513916,0.8028421401977539,-0.14444470405578613,0.2766686975955963,0.8356544375419617,-0.16048882901668549,0.1789381206035614,0.6900449395179749,-0.08557026833295822,0.22704939544200897,0.7946996688842773,-0.11958129703998566,0.24286934733390808,0.8516181111335754,-0.12895499169826508,0.2510193884372711,0.8825092315673828,-0.13640224933624268,0.15421928465366364,0.7296125888824463,-0.08850232511758804,0.19939637184143066,0.8375298380851746,-0.11083350330591202,0.2069980651140213,0.8656414747238159,-0.10024518519639969,0.2036936730146408,0.867185652256012,-0.09280961006879807,0.13667163252830505,0.7662819623947144,-0.094556525349617,0.17292794585227966,0.8423530459403992,-0.10451659560203552,0.18333348631858826,0.8619734644889832,-0.0919066071510315,0.18084336817264557,0.8615714311599731,-0.08354330062866211
12,left,0,0,0,0,0,0,0,0,0,0,0,0,0,0,0,0,0,0,0,0,0,0,0,0,0,0,0,0,0,0,0,0,0,0,0,0,0,0,0,0,0,0,0,0,0,0,0,0,0,0,0,0,0,0,0,0,0,0,0,0,0,0,0
13,right,0.15515121817588806,0.6384276151657104,1.1422855550335953e-06,0.21309788525104523,0.6340869665145874,-0.013557560741901398,0.25474849343299866,0.694695770740509,-0.04117497429251671,0.2506825923919678,0.779574453830719,-0.06942162662744522,0.23340079188346863,0.8373163938522339,-0.09881006926298141,0.2884443700313568,0.6875672340393066,-0.06261256337165833,0.3034287989139557,0.8090981841087341,-0.09326118230819702,0.30635711550712585,0.8741390109062195,-0.1181296706199646,0.3086129426956177,0.9247419834136963,-0.13708919286727905,0.24594618380069733,0.6965450644493103,-0.07574109733104706,0.26833638548851013,0.8368813395500183,-0.10689529776573181,0.28117823600769043,0.8997920155525208,-0.12375748157501221,0.2952874004840851,0.9494352340698242,-0.1391351968050003,0.2002371847629547,0.7143355011940002,-0.08609317988157272,0.2216135859489441,0.8381603956222534,-0.10350687801837921,0.21072456240653992,0.8100897073745728,-0.09222821146249771,0.2034079134464264,0.7706789374351501,-0.08649607002735138,0.15817922353744507,0.7287535667419434,-0.09898437559604645,0.1833152025938034,0.8268879652023315,-0.10615751147270203,0.18023528158664703,0.8077231049537659,-0.09071417897939682,0.17343175411224365,0.7754746675491333,-0.08084425330162048
13,left,0,0,0,0,0,0,0,0,0,0,0,0,0,0,0,0,0,0,0,0,0,0,0,0,0,0,0,0,0,0,0,0,0,0,0,0,0,0,0,0,0,0,0,0,0,0,0,0,0,0,0,0,0,0,0,0,0,0,0,0,0,0,0
14,right,0.1773240864276886,0.63673335313797,6.991021450630797e-07,0.22068871557712555,0.6367912888526917,-0.017028681933879852,0.2502092123031616,0.6797007322311401,-0.044076625257730484,0.2500253915786743,0.7493335008621216,-0.06920619308948517,0.24113240838050842,0.8043245673179626,-0.0960879772901535,0.2559191882610321,0.6535294055938721,-0.07005804032087326,0.27348214387893677,0.7497299313545227,-0.10319796949625015,0.27700188755989075,0.806228518486023,-0.12411565333604813,0.2776801586151123,0.8464453816413879,-0.13800840079784393,0.2217104434967041,0.6592794060707092,-0.07801288366317749,0.24267953634262085,0.7610012888908386,-0.11035258322954178,0.24291284382343292,0.8181987404823303,-0.11887705326080322,0.243503600358963,0.8550468683242798,-0.12488345056772232,0.1872304081916809,0.6740655303001404,-0.08452879637479782,0.20547237992286682,0.7745044827461243,-0.10627400130033493,0.20508961379528046,0.8065766096115112,-0.09495745599269867,0.20236504077911377,0.8157230019569397,-0.08624361455440521,0.15664337575435638,0.6947507262229919,-0.09284958243370056,0.172414630651474,0.7697127461433411,-0.10332024097442627,0.18255150318145752,0.7948941588401794,-0.09171552211046219,0.18758924305438995,0.8012857437133789,-0.08306944370269775
14,left,0,0,0,0,0,0,0,0,0,0,0,0,0,0,0,0,0,0,0,0,0,0,0,0,0,0,0,0,0,0,0,0,0,0,0,0,0,0,0,0,0,0,0,0,0,0,0,0,0,0,0,0,0,0,0,0,0,0,0,0,0,0,0
15,right,0.17674006521701813,0.6506009101867676,3.247858160193573e-07,0.22569426894187927,0.6593984961509705,-0.011987640522420406,0.2591552138328552,0.6848176121711731,-0.03403851017355919,0.2695165276527405,0.7275156378746033,-0.058773864060640335,0.2695048451423645,0.7712361812591553,-0.08362708985805511,0.28674644231796265,0.6260621547698975,-0.0412614643573761,0.30412644147872925,0.6969221234321594,-0.08159536123275757,0.3003188669681549,0.7611650228500366,-0.10876546800136566,0.29956677556037903,0.8074631690979004,-0.12342985719442368,0.24564069509506226,0.6123460531234741,-0.05263461545109749,0.25195562839508057,0.7320727109909058,-0.09077340364456177,0.2552933990955353,0.7975893020629883,-0.1006806269288063,0.2630980610847473,0.83669114112854,-0.10354873538017273,0.20051446557044983,0.613139808177948,-0.06575667858123779,0.2035680115222931,0.7485259771347046,-0.09233689308166504,0.20572751760482788,0.7810976505279541,-0.08395108580589294,0.2089163213968277,0.7836695313453674,-0.07350097596645355,0.16055357456207275,0.625294029712677,-0.0813695564866066,0.16382955014705658,0.7328046560287476,-0.09265930950641632,0.17103470861911774,0.7501872181892395,-0.08212462067604065,0.17686085402965546,0.7423800826072693,-0.07123890519142151
15,left,0,0,0,0,0,0,0,0,0,0,0,0,0,0,0,0,0,0,0,0,0,0,0,0,0,0,0,0,0,0,0,0,0,0,0,0,0,0,0,0,0,0,0,0,0,0,0,0,0,0,0,0,0,0,0,0,0,0,0,0,0,0,0
16,right,0.190189391374588,0.6174635887145996,4.890923719358398e-07,0.24003510177135468,0.6523556113243103,-0.01703088916838169,0.26214659214019775,0.7045454978942871,-0.046322859823703766,0.25931477546691895,0.7610145807266235,-0.076639823615551,0.248715341091156,0.8056153059005737,-0.1089867651462555,0.2909250557422638,0.6481205821037292,-0.05809929594397545,0.2786250412464142,0.7662917971611023,-0.10069578886032104,0.26685643196105957,0.832105278968811,-0.13400430977344513,0.26067614555358887,0.8775237798690796,-0.15533290803432465,0.24608170986175537,0.6196810007095337,-0.06975862383842468,0.2324315458536148,0.7537782192230225,-0.10561534762382507,0.23418214917182922,0.8268740177154541,-0.11854904890060425,0.23634447157382965,0.8720690011978149,-0.12791453301906586,0.19759529829025269,0.606231689453125,-0.08192354440689087,0.18728280067443848,0.7423281073570251,-0.10526875406503677,0.1929931342601776,0.7702112197875977,-0.09524305909872055,0.19470982253551483,0.7642212510108948,-0.08744467049837112,0.15529297292232513,0.6060920357704163,-0.09724534302949905,0.14809207618236542,0.717031717300415,-0.10932452976703644,0.16053907573223114,0.7403312921524048,-0.0970524325966835,0.16784167289733887,0.7336295247077942,-0.0868656262755394
16,left,0,0,0,0,0,0,0,0,0,0,0,0,0,0,0,0,0,0,0,0,0,0,0,0,0,0,0,0,0,0,0,0,0,0,0,0,0,0,0,0,0,0,0,0,0,0,0,0,0,0,0,0,0,0,0,0,0,0,0,0,0,0,0
17,right,0.22233721613883972,0.5518476963043213,-2.233473423984833e-07,0.2674444019794464,0.5932619571685791,-0.025958964601159096,0.2760835886001587,0.663963258266449,-0.06286546587944031,0.24402779340744019,0.7321861386299133,-0.09637081623077393,0.20769305527210236,0.7765407562255859,-0.13179369270801544,0.2846262454986572,0.6471135020256042,-0.09586062282323837,0.26157936453819275,0.7804491519927979,-0.14481320977210999,0.2427891194820404,0.8416783213615417,-0.17741812765598297,0.23739953339099884,0.8811531662940979,-0.19425906240940094,0.2331414520740509,0.6349326968193054,-0.09883542358875275,0.21075111627578735,0.7858641743659973,-0.13980704545974731,0.20701730251312256,0.8409261107444763,-0.13936235010623932,0.20819416642189026,0.8695031404495239,-0.13478200137615204,0.1843530237674713,0.6289342045783997,-0.1007855087518692,0.1730327308177948,0.7557310461997986,-0.12225440889596939,0.19030900299549103,0.7400829792022705,-0.10038086771965027,0.20526252686977386,0.7051598429679871,-0.08287205547094345,0.14724421501159668,0.6275593638420105,-0.10631639510393143,0.14224445819854736,0.7317156195640564,-0.1141216978430748,0.16213659942150116,0.7224838733673096,-0.09449612349271774,0.1769445538520813,0.687313973903656,-0.07845627516508102
17,left,0,0,0,0,0,0,0,0,0,0,0,0,0,0,0,0,0,0,0,0,0,0,0,0,0,0,0,0,0,0,0,0,0,0,0,0,0,0,0,0,0,0,0,0,0,0,0,0,0,0,0,0,0,0,0,0,0,0,0,0,0,0,0
18,right,0.21726800501346588,0.549699068069458,-4.6959007704572286e-07,0.2674732804298401,0.5973035097122192,-0.022046517580747604,0.281423419713974,0.6694576740264893,-0.059848081320524216,0.2592034339904785,0.7375752925872803,-0.09462059289216995,0.2221977859735489,0.7822860479354858,-0.1318463832139969,0.29157987236976624,0.6492775678634644,-0.09815549850463867,0.26808756589889526,0.7826340794563293,-0.1470041424036026,0.2428000420331955,0.8542086482048035,-0.17979590594768524,0.2287420928478241,0.9007682800292969,-0.1965206116437912,0.24159099161624908,0.6318058967590332,-0.10293533653020859,0.21575169265270233,0.7815439701080322,-0.14222246408462524,0.2075732797384262,0.8538855910301208,-0.13873298466205597,0.20602527260780334,0.8999366760253906,-0.13118615746498108,0.18999525904655457,0.62594074010849,-0.10581567138433456,0.17888489365577698,0.7493466734886169,-0.1230541542172432,0.19449028372764587,0.7364448308944702,-0.09509482979774475,0.20891910791397095,0.7017912864685059,-0.07427278161048889,0.14701932668685913,0.6275515556335449,-0.11199289560317993,0.1457841694355011,0.7339496612548828,-0.11337926983833313,0.1662459671497345,0.7276648283004761,-0.0860026478767395,0.18116936087608337,0.6953698396682739,-0.06523944437503815
18,left,0,0,0,0,0,0,0,0,0,0,0,0,0,0,0,0,0,0,0,0,0,0,0,0,0,0,0,0,0,0,0,0,0,0,0,0,0,0,0,0,0,0,0,0,0,0,0,0,0,0,0,0,0,0,0,0,0,0,0,0,0,0,0
19,right,0.2052658647298813,0.5562841892242432,-6.004846682117204e-07,0.26000887155532837,0.5955968499183655,-0.023464033380150795,0.270885169506073,0.6667507290840149,-0.06484594196081161,0.24650529026985168,0.7366016507148743,-0.1017509400844574,0.2104392945766449,0.7871459722518921,-0.1411641389131546,0.2901865243911743,0.6451519131660461,-0.10728847235441208,0.2806882858276367,0.7821938991546631,-0.15549872815608978,0.2638465166091919,0.8546799421310425,-0.18799296021461487,0.25593170523643494,0.9000051021575928,-0.20584724843502045,0.24347713589668274,0.6331712603569031,-0.11109539866447449,0.22852885723114014,0.7915104627609253,-0.1519218236207962,0.22657467424869537,0.8643983006477356,-0.15165415406227112,0.23121154308319092,0.9059375524520874,-0.14795348048210144,0.1918870061635971,0.6321920156478882,-0.11171206831932068,0.1846257895231247,0.7584801912307739,-0.1301030069589615,0.19398073852062225,0.7460559010505676,-0.10541640967130661,0.20218785107135773,0.7072417736053467,-0.08890514820814133,0.14477336406707764,0.6372034549713135,-0.11495912820100784,0.1489802449941635,0.7444077134132385,-0.1179639995098114,0.1642497330904007,0.7364158034324646,-0.09279812127351761,0.1734488308429718,0.6997520327568054,-0.07495997101068497
19,left,0,0,0,0,0,0,0,0,0,0,0,0,0,0,0,0,0,0,0,0,0,0,0,0,0,0,0,0,0,0,0,0,0,0,0,0,0,0,0,0,0,0,0,0,0,0,0,0,0,0,0,0,0,0,0,0,0,0,0,0,0,0,0
20,right,0.18999674916267395,0.5673516988754272,-2.4916352003856446e-07,0.24014149606227875,0.5954313278198242,-0.03291456773877144,0.2648102343082428,0.6605061888694763,-0.07343525439500809,0.24756303429603577,0.7359419465065002,-0.10741084814071655,0.22586287558078766,0.7872845530509949,-0.14289525151252747,0.2807682156562805,0.6240283846855164,-0.11013893038034439,0.2879015803337097,0.7567453384399414,-0.15783654153347015,0.28040266036987305,0.8124088644981384,-0.18833881616592407,0.28123050928115845,0.8426038026809692,-0.20533053576946259,0.2282288670539856,0.6249064207077026,-0.10872400552034378,0.24298954010009766,0.7760229110717773,-0.14667749404907227,0.24404726922512054,0.8082372546195984,-0.14718681573867798,0.24699681997299194,0.8090406656265259,-0.14625640213489532,0.17632316052913666,0.6346104741096497,-0.10542815178632736,0.1912284791469574,0.7624111175537109,-0.12422052025794983,0.1993362009525299,0.7398308515548706,-0.10200738161802292,0.20530426502227783,0.695516049861908,-0.087105892598629,0.1307758241891861,0.6474518775939941,-0.10606847703456879,0.15086627006530762,0.7524685263633728,-0.11614533513784409,0.1651703119277954,0.7372991442680359,-0.098257876932621,0.171181321144104,0.6969232559204102,-0.08391503244638443
20,left,0,0,0,0,0,0,0,0,0,0,0,0,0,0,0,0,0,0,0,0,0,0,0,0,0,0,0,0,0,0,0,0,0,0,0,0,0,0,0,0,0,0,0,0,0,0,0,0,0,0,0,0,0,0,0,0,0,0,0,0,0,0,0
21,right,0.1707172691822052,0.5932976603507996,2.431653172152437e-07,0.199179008603096,0.598863422870636,-0.021555980667471886,0.2221289575099945,0.6328145861625671,-0.05166975036263466,0.23838335275650024,0.6886711120605469,-0.08036624640226364,0.24489878118038177,0.7395540475845337,-0.1101791113615036,0.2152600735425949,0.5966469645500183,-0.07347679883241653,0.24867676198482513,0.6520341038703918,-0.11562664806842804,0.2620765268802643,0.7007564306259155,-0.14147785305976868,0.268104612827301,0.7328602075576782,-0.15591812133789062,0.18205475807189941,0.6068931221961975,-0.08099742233753204,0.22248594462871552,0.6964858770370483,-0.12037236243486404,0.23383112251758575,0.7516912221908569,-0.12796014547348022,0.23835021257400513,0.7783337831497192,-0.13125182688236237,0.15409250557422638,0.6279892325401306,-0.08867354691028595,0.197051540017128,0.7271523475646973,-0.11841265857219696,0.20597907900810242,0.7615962624549866,-0.10762239247560501,0.20471954345703125,0.7709874510765076,-0.09723855555057526,0.13202078640460968,0.6519684791564941,-0.0985381081700325,0.1630564033985138,0.7260775566101074,-0.11483083665370941,0.17629502713680267,0.7562456130981445,-0.10304772853851318,0.1807432621717453,0.7655321359634399,-0.09307533502578735
21,left,0,0,0,0,0,0,0,0,0,0,0,0,0,0,0,0,0,0,0,0,0,0,0,0,0,0,0,0,0,0,0,0,0,0,0,0,0,0,0,0,0,0,0,0,0,0,0,0,0,0,0,0,0,0,0,0,0,0,0,0,0,0,0
22,right,0,0,0,0,0,0,0,0,0,0,0,0,0,0,0,0,0,0,0,0,0,0,0,0,0,0,0,0,0,0,0,0,0,0,0,0,0,0,0,0,0,0,0,0,0,0,0,0,0,0,0,0,0,0,0,0,0,0,0,0,0,0,0
22,left,0,0,0,0,0,0,0,0,0,0,0,0,0,0,0,0,0,0,0,0,0,0,0,0,0,0,0,0,0,0,0,0,0,0,0,0,0,0,0,0,0,0,0,0,0,0,0,0,0,0,0,0,0,0,0,0,0,0,0,0,0,0,0
23,right,0.15266521275043488,0.6453912854194641,2.54644589858799e-07,0.19752903282642365,0.6363797187805176,-0.03022800013422966,0.232387974858284,0.6550850868225098,-0.0666845515370369,0.2517332136631012,0.6984607577323914,-0.1015772745013237,0.26147913932800293,0.7382354736328125,-0.13669385015964508,0.24687954783439636,0.5632706880569458,-0.07944778352975845,0.27959585189819336,0.6392803192138672,-0.1335255354642868,0.2904117703437805,0.714257001876831,-0.1680554449558258,0.2948598265647888,0.7650602459907532,-0.18663927912712097,0.20152612030506134,0.5735728740692139,-0.08625362813472748,0.23878423869609833,0.6862682700157166,-0.13760997354984283,0.25090593099594116,0.7565498352050781,-0.15050168335437775,0.254628986120224,0.7939728498458862,-0.1541956067085266,0.1595650315284729,0.6079735159873962,-0.0950893834233284,0.20307834446430206,0.7278130054473877,-0.132631316781044,0.21607783436775208,0.769722044467926,-0.120659738779068,0.2158777117729187,0.7807815670967102,-0.10636697709560394,0.1261909306049347,0.6476601362228394,-0.10729990154504776,0.16320666670799255,0.7417576909065247,-0.1277042031288147,0.18242084980010986,0.7699015736579895,-0.11552279442548752,0.19042499363422394,0.7719589471817017,-0.10216815024614334
23,left,0,0,0,0,0,0,0,0,0,0,0,0,0,0,0,0,0,0,0,0,0,0,0,0,0,0,0,0,0,0,0,0,0,0,0,0,0,0,0,0,0,0,0,0,0,0,0,0,0,0,0,0,0,0,0,0,0,0,0,0,0,0,0
24,right,0.16489078104496002,0.6193760633468628,3.689024481445813e-07,0.2221105992794037,0.6336305141448975,-0.02829441986978054,0.25654512643814087,0.6729086637496948,-0.06333465129137039,0.263621062040329,0.7274842858314514,-0.0970061719417572,0.2570899724960327,0.7746946215629578,-0.13015995919704437,0.2666061818599701,0.5944017171859741,-0.0734269991517067,0.27932390570640564,0.7265163660049438,-0.1294548660516739,0.2785126268863678,0.7991553544998169,-0.1690332293510437,0.2783730924129486,0.8469279408454895,-0.19166085124015808,0.21416804194450378,0.5875990390777588,-0.08063711225986481,0.22478307783603668,0.7421491146087646,-0.12778791785240173,0.23365403711795807,0.7857990264892578,-0.13759981095790863,0.24359601736068726,0.7974194288253784,-0.14204208552837372,0.16397854685783386,0.6013646721839905,-0.09035176038742065,0.17993003129959106,0.7535865306854248,-0.12076802551746368,0.1826304793357849,0.7531283497810364,-0.10252545773983002,0.18101610243320465,0.7237573266029358,-0.08666983991861343,0.12266843765974045,0.6223779916763306,-0.10508053749799728,0.13842231035232544,0.7449814677238464,-0.12333854287862778,0.15201443433761597,0.7421069145202637,-0.1094820648431778,0.15730968117713928,0.7121220231056213,-0.09553909301757812
24,left,0,0,0,0,0,0,0,0,0,0,0,0,0,0,0,0,0,0,0,0,0,0,0,0,0,0,0,0,0,0,0,0,0,0,0,0,0,0,0,0,0,0,0,0,0,0,0,0,0,0,0,0,0,0,0,0,0,0,0,0,0,0,0
25,right,0.19180655479431152,0.5550225377082825,-4.388840579849784e-07,0.2476271390914917,0.5997655391693115,-0.026086386293172836,0.2664901912212372,0.6713826656341553,-0.06697891652584076,0.2465709149837494,0.7389426231384277,-0.10481934994459152,0.2096846103668213,0.7849627733230591,-0.14566658437252045,0.26255014538764954,0.6336250901222229,-0.10508439689874649,0.24943308532238007,0.77295982837677,-0.16002531349658966,0.22999070584774017,0.8498671650886536,-0.1974024772644043,0.21740329265594482,0.9014996290206909,-0.21690724790096283,0.20904359221458435,0.6148010492324829,-0.11020857840776443,0.19334205985069275,0.7756649255752563,-0.1561717540025711,0.19168785214424133,0.8571200966835022,-0.1570025235414505,0.19446678459644318,0.913332998752594,-0.1517927199602127,0.15530845522880554,0.6114560961723328,-0.11396197229623795,0.14807119965553284,0.7491773962974548,-0.13793611526489258,0.16772101819515228,0.7462072968482971,-0.115273118019104,0.18609409034252167,0.720851480960846,-0.09745823591947556,0.11101612448692322,0.6181427240371704,-0.12112938612699509,0.11358735710382462,0.735086977481842,-0.1261264979839325,0.1340409219264984,0.737096905708313,-0.10159621387720108,0.1491594910621643,0.7126809358596802,-0.08307970315217972
25,left,0,0,0,0,0,0,0,0,0,0,0,0,0,0,0,0,0,0,0,0,0,0,0,0,0,0,0,0,0,0,0,0,0,0,0,0,0,0,0,0,0,0,0,0,0,0,0,0,0,0,0,0,0,0,0,0,0,0,0,0,0,0,0
26,right,0.1839160919189453,0.5492668747901917,-5.611645974568091e-07,0.2367752641439438,0.6068283319473267,-0.028218241408467293,0.2459820657968521,0.6922758221626282,-0.07300839573144913,0.22251741588115692,0.7745925188064575,-0.11364748328924179,0.18299245834350586,0.832712709903717,-0.15692999958992004,0.25241920351982117,0.6553651690483093,-0.11609016358852386,0.2334175854921341,0.7942615151405334,-0.1711452454328537,0.20925696194171906,0.8733245134353638,-0.20809216797351837,0.19286587834358215,0.9280970096588135,-0.22721338272094727,0.20262271165847778,0.6295409798622131,-0.11839067935943604,0.17090922594070435,0.7927653789520264,-0.1628560721874237,0.1629267930984497,0.8769126534461975,-0.16170836985111237,0.1623392403125763,0.9347745180130005,-0.15582998096942902,0.14938445389270782,0.6195237040519714,-0.11832419037818909,0.1288640797138214,0.7579646706581116,-0.138509601354599,0.14610376954078674,0.7580776810646057,-0.11202581971883774,0.16305875778198242,0.7363175749778748,-0.09225594252347946,0.1025594174861908,0.6193708181381226,-0.12185022234916687,0.09693533182144165,0.7332949042320251,-0.12542477250099182,0.11495891958475113,0.7356162667274475,-0.09934114664793015,0.1280527412891388,0.7128463983535767,-0.079557403922081
26,left,0,0,0,0,0,0,0,0,0,0,0,0,0,0,0,0,0,0,0,0,0,0,0,0,0,0,0,0,0,0,0,0,0,0,0,0,0,0,0,0,0,0,0,0,0,0,0,0,0,0,0,0,0,0,0,0,0,0,0,0,0,0,0
27,right,0.18647602200508118,0.5426145195960999,-4.3973102492600447e-07,0.23795436322689056,0.6052103042602539,-0.02734256163239479,0.24459457397460938,0.6946855187416077,-0.07306130230426788,0.21217116713523865,0.7758345007896423,-0.1149977445602417,0.17015627026557922,0.8334934115409851,-0.1593303233385086,0.2505853772163391,0.6515265703201294,-0.1130719929933548,0.23067869246006012,0.7854192852973938,-0.1693023145198822,0.20634862780570984,0.8685154914855957,-0.2065218836069107,0.19225439429283142,0.9250990152359009,-0.2254500538110733,0.20008006691932678,0.6285238265991211,-0.1174229308962822,0.1757105141878128,0.7877071499824524,-0.16508445143699646,0.16755078732967377,0.8738468289375305,-0.1637786626815796,0.16711962223052979,0.9326515197753906,-0.15624873340129852,0.14729014039039612,0.620888352394104,-0.12003135681152344,0.1341335028409958,0.7567048072814941,-0.14270983636379242,0.15534430742263794,0.7526087164878845,-0.11639489978551865,0.17635540664196014,0.7261390686035156,-0.09563728421926498,0.10231955349445343,0.6220508217811584,-0.1261332780122757,0.09949734807014465,0.7364170551300049,-0.13030117750167847,0.11946980655193329,0.7378120422363281,-0.1038571298122406,0.13449975848197937,0.7114832997322083,-0.08352907001972198
27,left,0,0,0,0,0,0,0,0,0,0,0,0,0,0,0,0,0,0,0,0,0,0,0,0,0,0,0,0,0,0,0,0,0,0,0,0,0,0,0,0,0,0,0,0,0,0,0,0,0,0,0,0,0,0,0,0,0,0,0,0,0,0,0
28,right,0.19110165536403656,0.546934187412262,-3.4420793326717103e-07,0.2424018234014511,0.6054628491401672,-0.02878546342253685,0.24996039271354675,0.6913977861404419,-0.07264228165149689,0.2193925827741623,0.7722374796867371,-0.1131972000002861,0.17778891324996948,0.8285079002380371,-0.1558394432067871,0.2559124231338501,0.6432998776435852,-0.10482608526945114,0.2354068011045456,0.7810252904891968,-0.16217464208602905,0.21232573688030243,0.862311601638794,-0.20051488280296326,0.19787943363189697,0.9173612594604492,-0.21955399215221405,0.20273469388484955,0.6189561486244202,-0.10840905457735062,0.17665937542915344,0.7846754789352417,-0.15604406595230103,0.1709376871585846,0.8698784708976746,-0.15574447810649872,0.17060193419456482,0.925391435623169,-0.14813371002674103,0.1481848508119583,0.6116045713424683,-0.11131194233894348,0.1315479278564453,0.7568649649620056,-0.135404571890831,0.15331852436065674,0.7580972909927368,-0.10898539423942566,0.17455166578292847,0.7335778474807739,-0.0864303857088089,0.10366074740886688,0.6140139102935791,-0.11807017028331757,0.09743863344192505,0.7328119874000549,-0.12396447360515594,0.11885251104831696,0.7360369563102722,-0.09781712293624878,0.13558045029640198,0.7103619575500488,-0.07596580684185028
28,left,0,0,0,0,0,0,0,0,0,0,0,0,0,0,0,0,0,0,0,0,0,0,0,0,0,0,0,0,0,0,0,0,0,0,0,0,0,0,0,0,0,0,0,0,0,0,0,0,0,0,0,0,0,0,0,0,0,0,0,0,0,0,0
29,right,0.19020578265190125,0.5619595050811768,-5.536268190553528e-07,0.24262972176074982,0.6041838526725769,-0.0251215361058712,0.26693904399871826,0.6825810074806213,-0.06796493381261826,0.26566022634506226,0.7666195631027222,-0.10813716053962708,0.2437671273946762,0.8303508162498474,-0.15071216225624084,0.2731723189353943,0.6247040033340454,-0.10215500742197037,0.2634134590625763,0.7727386355400085,-0.1567128747701645,0.2458377182483673,0.8499287366867065,-0.19471687078475952,0.23771890997886658,0.9002904891967773,-0.21534106135368347,0.21788321435451508,0.608629047870636,-0.10790713876485825,0.20874468982219696,0.7816742062568665,-0.15278121829032898,0.20999589562416077,0.8568302989006042,-0.15542693436145782,0.2148025780916214,0.9021767973899841,-0.15239007771015167,0.1622544378042221,0.6094702482223511,-0.11216002702713013,0.1620008498430252,0.7564831972122192,-0.13449828326702118,0.17379438877105713,0.7461816072463989,-0.11242321878671646,0.1826983541250229,0.7086738348007202,-0.09601420909166336,0.11485117673873901,0.6199474930763245,-0.1199166476726532,0.12339557707309723,0.7404547929763794,-0.12531107664108276,0.13991127908229828,0.7375956177711487,-0.10191376507282257,0.14998482167720795,0.7040565609931946,-0.08426736295223236
29,left,0,0,0,0,0,0,0,0,0,0,0,0,0,0,0,0,0,0,0,0,0,0,0,0,0,0,0,0,0,0,0,0,0,0,0,0,0,0,0,0,0,0,0,0,0,0,0,0,0,0,0,0,0,0,0,0,0,0,0,0,0,0,0
30,right,0.17771278321743011,0.6105568408966064,-1.6102947597573802e-07,0.21381905674934387,0.6276867985725403,-0.029941588640213013,0.2368890345096588,0.6752972602844238,-0.06435810774564743,0.2265118509531021,0.732481837272644,-0.09604791551828384,0.20967544615268707,0.7742102146148682,-0.12742136418819427,0.26250046491622925,0.5987759828567505,-0.07180295884609222,0.27350249886512756,0.7178690433502197,-0.11896071583032608,0.26905304193496704,0.7759957909584045,-0.15150944888591766,0.2724992036819458,0.8105573654174805,-0.16939358413219452,0.21486341953277588,0.5971797704696655,-0.07393945008516312,0.22616013884544373,0.7469630837440491,-0.11349786818027496,0.2239992767572403,0.7946394085884094,-0.11951076984405518,0.22494173049926758,0.8083513975143433,-0.11967046558856964,0.16643081605434418,0.6110799908638,-0.07810408622026443,0.17878183722496033,0.7395862936973572,-0.10455778986215591,0.17855636775493622,0.7292615175247192,-0.09152323007583618,0.17595453560352325,0.6923161745071411,-0.07920632511377335,0.12145736068487167,0.6304851770401001,-0.08600956201553345,0.13790516555309296,0.7351727485656738,-0.10211528092622757,0.14557179808616638,0.7305311560630798,-0.09088851511478424,0.14746692776679993,0.6982158422470093,-0.07893647253513336
30,left,0,0,0,0,0,0,0,0,0,0,0,0,0,0,0,0,0,0,0,0,0,0,0,0,0,0,0,0,0,0,0,0,0,0,0,0,0,0,0,0,0,0,0,0,0,0,0,0,0,0,0,0,0,0,0,0,0,0,0,0,0,0,0
31,right,0.18560826778411865,0.5897138118743896,-1.4360753652908897e-07,0.22985228896141052,0.6145408153533936,-0.03305262327194214,0.25496211647987366,0.667226254940033,-0.06994429230690002,0.24666254222393036,0.7305079102516174,-0.10274594277143478,0.2257494479417801,0.775117814540863,-0.13626891374588013,0.27119359374046326,0.6066613793373108,-0.08837123215198517,0.28355199098587036,0.7333102226257324,-0.1359679400920868,0.2815834581851959,0.7913307547569275,-0.16887205839157104,0.28680622577667236,0.8237361907958984,-0.18772004544734955,0.22077859938144684,0.6064711809158325,-0.09022372215986252,0.23738640546798706,0.7621350884437561,-0.12938037514686584,0.2404128760099411,0.8031812310218811,-0.13354423642158508,0.24513521790504456,0.8149567246437073,-0.1339138001203537,0.17122621834278107,0.6204816102981567,-0.0929797887802124,0.1886032670736313,0.7513071298599243,-0.11653678864240646,0.19223783910274506,0.7312114238739014,-0.09969232976436615,0.19230256974697113,0.6913450956344604,-0.086527019739151,0.12885881960391998,0.6412583589553833,-0.1001022681593895,0.1486322581768036,0.7455868721008301,-0.11306305974721909,0.16123268008232117,0.7334230542182922,-0.0985335260629654,0.16421853005886078,0.698093056678772,-0.08568956702947617
31,left,0,0,0,0,0,0,0,0,0,0,0,0,0,0,0,0,0,0,0,0,0,0,0,0,0,0,0,0,0,0,0,0,0,0,0,0,0,0,0,0,0,0,0,0,0,0,0,0,0,0,0,0,0,0,0,0,0,0,0,0,0,0,0
32,right,0.16531193256378174,0.6110978126525879,1.4692201943944383e-07,0.20249463617801666,0.6134624481201172,-0.026694204658269882,0.22898608446121216,0.6540367007255554,-0.06453483551740646,0.23614822328090668,0.7111860513687134,-0.10106184333562851,0.23395945131778717,0.7605723142623901,-0.13748390972614288,0.24828505516052246,0.5801310539245605,-0.08449316769838333,0.2798190712928772,0.6520313620567322,-0.13601338863372803,0.2909427881240845,0.7172713279724121,-0.16776780784130096,0.2969563603401184,0.7637114524841309,-0.18504370748996735,0.20622852444648743,0.5886061787605286,-0.09182446449995041,0.24083630740642548,0.7040346264839172,-0.1445833444595337,0.2514231503009796,0.7690568566322327,-0.15613433718681335,0.25590312480926514,0.8042924404144287,-0.15854544937610626,0.16459274291992188,0.6157985329627991,-0.09973300993442535,0.20214979350566864,0.7336471676826477,-0.13439160585403442,0.2155534029006958,0.7555414438247681,-0.12160446494817734,0.21927344799041748,0.748838484287262,-0.1078195869922638,0.12962965667247772,0.6459845304489136,-0.11074036359786987,0.16282416880130768,0.7403613328933716,-0.1279970109462738,0.1795932948589325,0.7526201009750366,-0.11594632267951965,0.1867973357439041,0.7376644611358643,-0.10410437732934952
32,left,0,0,0,0,0,0,0,0,0,0,0,0,0,0,0,0,0,0,0,0,0,0,0,0,0,0,0,0,0,0,0,0,0,0,0,0,0,0,0,0,0,0,0,0,0,0,0,0,0,0,0,0,0,0,0,0,0,0,0,0,0,0,0
33,right,0.17041124403476715,0.60307776927948,-1.3373383467296662e-07,0.21377696096897125,0.6231096386909485,-0.029386073350906372,0.24512270092964172,0.6738858819007874,-0.06312419474124908,0.24597588181495667,0.7318841814994812,-0.09362684190273285,0.23328393697738647,0.7751308083534241,-0.12441984564065933,0.26159822940826416,0.6080954074859619,-0.07743487507104874,0.2782992124557495,0.7369897365570068,-0.12303360551595688,0.2757611870765686,0.7926688194274902,-0.1553012728691101,0.2806248664855957,0.8239845037460327,-0.17392663657665253,0.21142028272151947,0.6118847131729126,-0.07973324507474899,0.23237238824367523,0.7679173350334167,-0.1157231256365776,0.2340306043624878,0.8016564846038818,-0.12035596370697021,0.2366504967212677,0.8041205406188965,-0.12230944633483887,0.16218610107898712,0.6288127899169922,-0.0832715630531311,0.18519775569438934,0.7597352862358093,-0.10571666061878204,0.18467749655246735,0.7465230226516724,-0.0898444801568985,0.18001434206962585,0.7109354138374329,-0.07750736176967621,0.12029839307069778,0.6501374244689941,-0.09098010510206223,0.14521998167037964,0.7514578700065613,-0.10555091500282288,0.15372003614902496,0.7388858795166016,-0.09382797032594681,0.15179458260536194,0.7029653191566467,-0.08260096609592438
33,left,0,0,0,0,0,0,0,0,0,0,0,0,0,0,0,0,0,0,0,0,0,0,0,0,0,0,0,0,0,0,0,0,0,0,0,0,0,0,0,0,0,0,0,0,0,0,0,0,0,0,0,0,0,0,0,0,0,0,0,0,0,0,0
34,right,0.17621172964572906,0.5692328810691833,-4.856518671658705e-07,0.2341056764125824,0.6009235978126526,-0.022457607090473175,0.25564277172088623,0.6708851456642151,-0.06211583688855171,0.2441260814666748,0.746862530708313,-0.09801391512155533,0.21776235103607178,0.806239128112793,-0.13608944416046143,0.26460912823677063,0.6458696722984314,-0.09954682737588882,0.2608771324157715,0.7971409559249878,-0.14775386452674866,0.24490542709827423,0.8669292330741882,-0.18119917809963226,0.23907195031642914,0.9095137119293213,-0.1998957395553589,0.2127377986907959,0.6381182670593262,-0.10337050259113312,0.21048997342586517,0.806909441947937,-0.14389503002166748,0.20687636733055115,0.8594412803649902,-0.1461937129497528,0.2092421054840088,0.8855507373809814,-0.14485526084899902,0.15634839236736298,0.6409051418304443,-0.10452739894390106,0.15699951350688934,0.7757053375244141,-0.12318547815084457,0.1641252487897873,0.7582266926765442,-0.10039791464805603,0.1717471480369568,0.7193610668182373,-0.08455715328454971,0.10552703589200974,0.6470907926559448,-0.10859358310699463,0.11427786946296692,0.7557210922241211,-0.11474914103746414,0.12792661786079407,0.7444060444831848,-0.09291061013936996,0.13737818598747253,0.7079350352287292,-0.07634411007165909
34,left,0,0,0,0,0,0,0,0,0,0,0,0,0,0,0,0,0,0,0,0,0,0,0,0,0,0,0,0,0,0,0,0,0,0,0,0,0,0,0,0,0,0,0,0,0,0,0,0,0,0,0,0,0,0,0,0,0,0,0,0,0,0,0
35,right,0.16829755902290344,0.5552390217781067,-6.52042160709243e-07,0.22172653675079346,0.6125093102455139,-0.0337199829518795,0.24126139283180237,0.7024534940719604,-0.07987256348133087,0.22717353701591492,0.7809746265411377,-0.12124278396368027,0.19540216028690338,0.8392782211303711,-0.16596725583076477,0.233336940407753,0.6605532169342041,-0.1291903704404831,0.21573379635810852,0.8050699234008789,-0.1840377300977707,0.19550307095050812,0.8880180716514587,-0.2185770869255066,0.18001127243041992,0.9451658725738525,-0.23625972867012024,0.1788211315870285,0.6390886902809143,-0.12992046773433685,0.15791842341423035,0.8164249062538147,-0.17876295745372772,0.14803862571716309,0.9123579859733582,-0.18367721140384674,0.14267417788505554,0.972978413105011,-0.18506215512752533,0.12726262211799622,0.6297706961631775,-0.12736596167087555,0.11347557604312897,0.7973394989967346,-0.15731006860733032,0.12428875267505646,0.8513838052749634,-0.14261390268802643,0.13549208641052246,0.8751087784767151,-0.1306675374507904,0.08528204262256622,0.6295680999755859,-0.12798982858657837,0.0836399644613266,0.7433892488479614,-0.1360802948474884,0.10014256834983826,0.7686866521835327,-0.11769400537014008,0.11088696867227554,0.7712682485580444,-0.10540506988763809
35,left,0,0,0,0,0,0,0,0,0,0,0,0,0,0,0,0,0,0,0,0,0,0,0,0,0,0,0,0,0,0,0,0,0,0,0,0,0,0,0,0,0,0,0,0,0,0,0,0,0,0,0,0,0,0,0,0,0,0,0,0,0,0,0
36,right,0.16397935152053833,0.5618109107017517,-7.739417924312875e-07,0.21762771904468536,0.6146289706230164,-0.03612526133656502,0.23152492940425873,0.6977655291557312,-0.08208933472633362,0.20960451662540436,0.7609988451004028,-0.12083389610052109,0.17703837156295776,0.8020830750465393,-0.16238297522068024,0.2238265722990036,0.6751711964607239,-0.13997696340084076,0.20167101919651031,0.8224197030067444,-0.18978041410446167,0.1843739151954651,0.9001033306121826,-0.21716319024562836,0.17164209485054016,0.9530313014984131,-0.23141339421272278,0.17232269048690796,0.6566072106361389,-0.1378580927848816,0.14455848932266235,0.8280998468399048,-0.1808764934539795,0.1339443475008011,0.9161663055419922,-0.18275073170661926,0.12820793688297272,0.9713313579559326,-0.18497854471206665,0.12272781133651733,0.6462156772613525,-0.13068950176239014,0.10405810177326202,0.807772159576416,-0.15624457597732544,0.10731878131628036,0.8707966804504395,-0.13897064328193665,0.11165963113307953,0.9033584594726562,-0.12867513298988342,0.08215750753879547,0.6439986228942871,-0.1267583817243576,0.07910802960395813,0.7643308639526367,-0.1370442658662796,0.09145855158567429,0.799701988697052,-0.12066217511892319,0.09906692057847977,0.8117282390594482,-0.11031939089298248
36,left,0,0,0,0,0,0,0,0,0,0,0,0,0,0,0,0,0,0,0,0,0,0,0,0,0,0,0,0,0,0,0,0,0,0,0,0,0,0,0,0,0,0,0,0,0,0,0,0,0,0,0,0,0,0,0,0,0,0,0,0,0,0,0
