1,right,0,0,0,0,0,0,0,0,0,0,0,0,0,0,0,0,0,0,0,0,0,0,0,0,0,0,0,0,0,0,0,0,0,0,0,0,0,0,0,0,0,0,0,0,0,0,0,0,0,0,0,0,0,0,0,0,0,0,0,0,0,0,0
1,left,0,0,0,0,0,0,0,0,0,0,0,0,0,0,0,0,0,0,0,0,0,0,0,0,0,0,0,0,0,0,0,0,0,0,0,0,0,0,0,0,0,0,0,0,0,0,0,0,0,0,0,0,0,0,0,0,0,0,0,0,0,0,0
2,right,0,0,0,0,0,0,0,0,0,0,0,0,0,0,0,0,0,0,0,0,0,0,0,0,0,0,0,0,0,0,0,0,0,0,0,0,0,0,0,0,0,0,0,0,0,0,0,0,0,0,0,0,0,0,0,0,0,0,0,0,0,0,0
2,left,0,0,0,0,0,0,0,0,0,0,0,0,0,0,0,0,0,0,0,0,0,0,0,0,0,0,0,0,0,0,0,0,0,0,0,0,0,0,0,0,0,0,0,0,0,0,0,0,0,0,0,0,0,0,0,0,0,0,0,0,0,0,0
3,right,0,0,0,0,0,0,0,0,0,0,0,0,0,0,0,0,0,0,0,0,0,0,0,0,0,0,0,0,0,0,0,0,0,0,0,0,0,0,0,0,0,0,0,0,0,0,0,0,0,0,0,0,0,0,0,0,0,0,0,0,0,0,0
3,left,0,0,0,0,0,0,0,0,0,0,0,0,0,0,0,0,0,0,0,0,0,0,0,0,0,0,0,0,0,0,0,0,0,0,0,0,0,0,0,0,0,0,0,0,0,0,0,0,0,0,0,0,0,0,0,0,0,0,0,0,0,0,0
4,right,0,0,0,0,0,0,0,0,0,0,0,0,0,0,0,0,0,0,0,0,0,0,0,0,0,0,0,0,0,0,0,0,0,0,0,0,0,0,0,0,0,0,0,0,0,0,0,0,0,0,0,0,0,0,0,0,0,0,0,0,0,0,0
4,left,0,0,0,0,0,0,0,0,0,0,0,0,0,0,0,0,0,0,0,0,0,0,0,0,0,0,0,0,0,0,0,0,0,0,0,0,0,0,0,0,0,0,0,0,0,0,0,0,0,0,0,0,0,0,0,0,0,0,0,0,0,0,0
5,right,0,0,0,0,0,0,0,0,0,0,0,0,0,0,0,0,0,0,0,0,0,0,0,0,0,0,0,0,0,0,0,0,0,0,0,0,0,0,0,0,0,0,0,0,0,0,0,0,0,0,0,0,0,0,0,0,0,0,0,0,0,0,0
5,left,0,0,0,0,0,0,0,0,0,0,0,0,0,0,0,0,0,0,0,0,0,0,0,0,0,0,0,0,0,0,0,0,0,0,0,0,0,0,0,0,0,0,0,0,0,0,0,0,0,0,0,0,0,0,0,0,0,0,0,0,0,0,0
6,right,0,0,0,0,0,0,0,0,0,0,0,0,0,0,0,0,0,0,0,0,0,0,0,0,0,0,0,0,0,0,0,0,0,0,0,0,0,0,0,0,0,0,0,0,0,0,0,0,0,0,0,0,0,0,0,0,0,0,0,0,0,0,0
6,left,0,0,0,0,0,0,0,0,0,0,0,0,0,0,0,0,0,0,0,0,0,0,0,0,0,0,0,0,0,0,0,0,0,0,0,0,0,0,0,0,0,0,0,0,0,0,0,0,0,0,0,0,0,0,0,0,0,0,0,0,0,0,0
7,right,0.19336222112178802,0.7843685746192932,-6.046488465472066e-08,0.25130200386047363,0.8002028465270996,-0.014019140042364597,0.28110867738723755,0.8786976933479309,-0.02870178036391735,0.27405017614364624,0.963756263256073,-0.038645725697278976,0.25164997577667236,1.0232042074203491,-0.04805786535143852,0.27486199140548706,0.8765767812728882,-0.059182263910770416,0.2981952428817749,0.9816497564315796,-0.07687082886695862,0.3045881390571594,1.0191848278045654,-0.07981369644403458,0.30430784821510315,1.0337343215942383,-0.07933744043111801,0.2315024733543396,0.8981361985206604,-0.05840097367763519,0.254989355802536,1.0052845478057861,-0.0710594430565834,0.2583513557910919,1.0191428661346436,-0.06775930523872375,0.2531803846359253,1.0067776441574097,-0.06555470079183578,0.18694716691970825,0.9154380559921265,-0.05530757084488869,0.20962944626808167,1.0085853338241577,-0.06386777758598328,0.2183624804019928,0.9995690584182739,-0.05293986201286316,0.21631893515586853,0.9716562032699585,-0.04541081562638283,0.14765803515911102,0.9318348169326782,-0.05224224925041199,0.17398740351200104,0.9991764426231384,-0.05417253449559212,0.18360549211502075,0.9866477251052856,-0.043065473437309265,0.18300843238830566,0.9615569710731506,-0.035023875534534454
7,left,0,0,0,0,0,0,0,0,0,0,0,0,0,0,0,0,0,0,0,0,0,0,0,0,0,0,0,0,0,0,0,0,0,0,0,0,0,0,0,0,0,0,0,0,0,0,0,0,0,0,0,0,0,0,0,0,0,0,0,0,0,0,0
8,right,0,0,0,0,0,0,0,0,0,0,0,0,0,0,0,0,0,0,0,0,0,0,0,0,0,0,0,0,0,0,0,0,0,0,0,0,0,0,0,0,0,0,0,0,0,0,0,0,0,0,0,0,0,0,0,0,0,0,0,0,0,0,0
8,left,0,0,0,0,0,0,0,0,0,0,0,0,0,0,0,0,0,0,0,0,0,0,0,0,0,0,0,0,0,0,0,0,0,0,0,0,0,0,0,0,0,0,0,0,0,0,0,0,0,0,0,0,0,0,0,0,0,0,0,0,0,0,0
9,right,0.15152165293693542,0.7131821513175964,6.967838999116793e-07,0.21814310550689697,0.7143020629882812,-0.010319005697965622,0.28193899989128113,0.7159573435783386,-0.029755668714642525,0.3119463324546814,0.7406479120254517,-0.05067291110754013,0.33237409591674805,0.7780230641365051,-0.07188617438077927,0.31772729754447937,0.62718665599823,-0.03791101276874542,0.3437967002391815,0.7315512895584106,-0.07524930685758591,0.35373836755752563,0.8007211685180664,-0.10501693934202194,0.3659706115722656,0.8598747253417969,-0.12520185112953186,0.27253952622413635,0.6119421124458313,-0.051828522235155106,0.3015328049659729,0.7353635430335999,-0.08732804656028748,0.30817997455596924,0.8018154501914978,-0.10374389588832855,0.32019180059432983,0.845295786857605,-0.11480066925287247,0.22287623584270477,0.6132829785346985,-0.06627626717090607,0.2497914880514145,0.7412530779838562,-0.09300899505615234,0.22771981358528137,0.7643526792526245,-0.08537208288908005,0.21268418431282043,0.7561637163162231,-0.07791644334793091,0.17547377943992615,0.6250540018081665,-0.08300674706697464,0.20136421918869019,0.7284981608390808,-0.09594810009002686,0.19107474386692047,0.7523318529129028,-0.08326321095228195,0.18325114250183105,0.7456638813018799,-0.07215780019760132
9,left,0,0,0,0,0,0,0,0,0,0,0,0,0,0,0,0,0,0,0,0,0,0,0,0,0,0,0,0,0,0,0,0,0,0,0,0,0,0,0,0,0,0,0,0,0,0,0,0,0,0,0,0,0,0,0,0,0,0,0,0,0,0,0
10,right,0.17053626477718353,0.5792626738548279,8.982397616819071e-07,0.2389417290687561,0.5622267127037048,-0.009556559845805168,0.2945238947868347,0.5791931748390198,-0.03554452955722809,0.31693875789642334,0.6257269382476807,-0.06373167037963867,0.3198842704296112,0.661870539188385,-0.09239783883094788,0.3189154863357544,0.5387158989906311,-0.05110185220837593,0.3528418242931366,0.646960973739624,-0.08829661458730698,0.3689717948436737,0.7176392674446106,-0.11862467974424362,0.384914755821228,0.776530921459198,-0.14098843932151794,0.2717960476875305,0.5441595315933228,-0.06779463589191437,0.3129856586456299,0.6735106110572815,-0.10525672137737274,0.33769744634628296,0.7395731210708618,-0.1238585039973259,0.36326560378074646,0.790298342704773,-0.13889941573143005,0.22683076560497284,0.562018871307373,-0.08329247683286667,0.26333728432655334,0.6894611120223999,-0.10466369241476059,0.24611017107963562,0.6786377429962158,-0.09443328529596329,0.23269957304000854,0.6483213901519775,-0.08900580555200577,0.19080469012260437,0.5848740935325623,-0.10201723128557205,0.2233874797821045,0.6931467056274414,-0.1117287427186966,0.21676971018314362,0.6845028400421143,-0.09874553978443146,0.20738467574119568,0.6549444198608398,-0.08997011184692383
10,left,0,0,0,0,0,0,0,0,0,0,0,0,0,0,0,0,0,0,0,0,0,0,0,0,0,0,0,0,0,0,0,0,0,0,0,0,0,0,0,0,0,0,0,0,0,0,0,0,0,0,0,0,0,0,0,0,0,0,0,0,0,0,0
11,right,0.18259677290916443,0.5189273357391357,1.1641153605523868e-06,0.24521206319332123,0.4983481466770172,-0.012512958608567715,0.2921418845653534,0.5444948077201843,-0.04652052000164986,0.29264527559280396,0.6275667548179626,-0.08049387484788895,0.27489548921585083,0.6799069046974182,-0.1164802834391594,0.3210494816303253,0.514448344707489,-0.0844011902809143,0.35784077644348145,0.6256920695304871,-0.123529352247715,0.3730866312980652,0.6950064301490784,-0.15456314384937286,0.3860742449760437,0.7548341155052185,-0.17782734334468842,0.27364376187324524,0.5326533913612366,-0.0991649478673935,0.3179585039615631,0.6633636951446533,-0.14185823500156403,0.34097516536712646,0.734315037727356,-0.1626618653535843,0.36475658416748047,0.791266679763794,-0.18070490658283234,0.22934645414352417,0.5649495124816895,-0.10913336277008057,0.26787304878234863,0.6820558309555054,-0.1288795918226242,0.25328880548477173,0.6636812686920166,-0.11358503997325897,0.23993654549121857,0.6322431564331055,-0.1062643975019455,0.19387635588645935,0.5938844680786133,-0.12196896970272064,0.23325593769550323,0.6852476000785828,-0.12483491748571396,0.22950080037117004,0.670223593711853,-0.1038990169763565,0.22082993388175964,0.6420719027519226,-0.09177697449922562
11,left,0,0,0,0,0,0,0,0,0,0,0,0,0,0,0,0,0,0,0,0,0,0,0,0,0,0,0,0,0,0,0,0,0,0,0,0,0,0,0,0,0,0,0,0,0,0,0,0,0,0,0,0,0,0,0,0,0,0,0,0,0,0,0
12,right,0.18589535355567932,0.515809953212738,1.0938651939795818e-06,0.25044751167297363,0.5149881839752197,-0.015561873093247414,0.2903052866458893,0.5705055594444275,-0.049816448241472244,0.27942636609077454,0.6526984572410583,-0.0831415131688118,0.25590819120407104,0.6970514059066772,-0.11805418133735657,0.3229980170726776,0.5436400771141052,-0.08760656416416168,0.3445903956890106,0.6611468195915222,-0.1254553496837616,0.351357638835907,0.7287144660949707,-0.1535353660583496,0.3571777641773224,0.7867608070373535,-0.17461280524730682,0.27193722128868103,0.5473057627677917,-0.10094553977251053,0.30076006054878235,0.6816270351409912,-0.13963672518730164,0.31365370750427246,0.7549172639846802,-0.155049130320549,0.32493114471435547,0.8162459135055542,-0.16960635781288147,0.22196148335933685,0.5647631287574768,-0.1103992760181427,0.2446340024471283,0.6913958787918091,-0.12852175533771515,0.240417942404747,0.6684106588363647,-0.11128436774015427,0.23464202880859375,0.632996678352356,-0.1029895693063736,0.18121856451034546,0.586676836013794,-0.12294237315654755,0.20706284046173096,0.6846396923065186,-0.1278655081987381,0.2088509500026703,0.6685061454772949,-0.10874603688716888,0.2050407975912094,0.6372525095939636,-0.097670778632164
12,left,0,0,0,0,0,0,0,0,0,0,0,0,0,0,0,0,0,0,0,0,0,0,0,0,0,0,0,0,0,0,0,0,0,0,0,0,0,0,0,0,0,0,0,0,0,0,0,0,0,0,0,0,0,0,0,0,0,0,0,0,0,0,0
13,right,0.1790400743484497,0.6349642276763916,3.094861256158765e-07,0.2360696643590927,0.6480051875114441,-0.014667400158941746,0.27307605743408203,0.683661937713623,-0.04443591460585594,0.2813814878463745,0.7335358262062073,-0.07594561576843262,0.27813589572906494,0.7752110362052917,-0.10923735052347183,0.30881744623184204,0.5654267072677612,-0.053815923631191254,0.30341893434524536,0.69990473985672,-0.09754946827888489,0.29753077030181885,0.7742979526519775,-0.13330522179603577,0.29650193452835083,0.8276915550231934,-0.1557191014289856,0.25840622186660767,0.5442002415657043,-0.0654832124710083,0.2518719732761383,0.6897476315498352,-0.0992913693189621,0.25746533274650574,0.7450193762779236,-0.11388210207223892,0.26141947507858276,0.7763041257858276,-0.12537594139575958,0.20313400030136108,0.5393682718276978,-0.07792334258556366,0.20112015306949615,0.671434223651886,-0.09931167960166931,0.202567920088768,0.697048544883728,-0.09411241114139557,0.1997850239276886,0.6974549293518066,-0.0903577208518982,0.15391123294830322,0.5486154556274414,-0.09331861883401871,0.1572767049074173,0.6545397043228149,-0.10336325317621231,0.16964299976825714,0.678322434425354,-0.09459856152534485,0.1762542724609375,0.6764006614685059,-0.08758684247732162
13,left,0,0,0,0,0,0,0,0,0,0,0,0,0,0,0,0,0,0,0,0,0,0,0,0,0,0,0,0,0,0,0,0,0,0,0,0,0,0,0,0,0,0,0,0,0,0,0,0,0,0,0,0,0,0,0,0,0,0,0,0,0,0,0
14,right,0.18223153054714203,0.6025799512863159,2.1788792992083472e-07,0.23589453101158142,0.6177117824554443,-0.020098207518458366,0.261703759431839,0.6505324840545654,-0.04934136942028999,0.26257026195526123,0.6894080638885498,-0.0791652500629425,0.25436723232269287,0.7263724207878113,-0.11034571379423141,0.3016359806060791,0.5703350901603699,-0.05446501821279526,0.28980332612991333,0.704835057258606,-0.10148122906684875,0.268949419260025,0.7796614766120911,-0.13509339094161987,0.2574606239795685,0.8323933482170105,-0.1537310779094696,0.2526699900627136,0.5463806390762329,-0.06417208164930344,0.23867999017238617,0.688279390335083,-0.10516222566366196,0.23386722803115845,0.7749842405319214,-0.11715386062860489,0.23176248371601105,0.8311157822608948,-0.12151370942592621,0.19905957579612732,0.5378158092498779,-0.07587666809558868,0.19128277897834778,0.6648135781288147,-0.10587462782859802,0.19440394639968872,0.7109371423721313,-0.10002712905406952,0.1948097050189972,0.7269904613494873,-0.0913386195898056,0.15196670591831207,0.5438249707221985,-0.09042323380708694,0.14904487133026123,0.644870936870575,-0.10632079839706421,0.15941911935806274,0.6858752369880676,-0.09715260565280914,0.16515186429023743,0.702562153339386,-0.08680123835802078
14,left,0,0,0,0,0,0,0,0,0,0,0,0,0,0,0,0,0,0,0,0,0,0,0,0,0,0,0,0,0,0,0,0,0,0,0,0,0,0,0,0,0,0,0,0,0,0,0,0,0,0,0,0,0,0,0,0,0,0,0,0,0,0,0
15,right,0.20239302515983582,0.5615168809890747,2.3343210386883584e-07,0.25093919038772583,0.6007512807846069,-0.032001420855522156,0.2627723813056946,0.6495318412780762,-0.07257518917322159,0.24939541518688202,0.6943885087966919,-0.11073325574398041,0.2270422875881195,0.7249466776847839,-0.15001988410949707,0.2856348156929016,0.5742975473403931,-0.09015762805938721,0.25982803106307983,0.7131034135818481,-0.1470721811056137,0.2338181436061859,0.7939119338989258,-0.18647457659244537,0.2167321890592575,0.8487355709075928,-0.20835068821907043,0.2342851310968399,0.5494924187660217,-0.09633543342351913,0.20709672570228577,0.701448917388916,-0.14643646776676178,0.19535382091999054,0.7928677201271057,-0.1581922471523285,0.19063761830329895,0.8509003520011902,-0.1632969081401825,0.18473486602306366,0.5415369272232056,-0.10365524888038635,0.1682751178741455,0.6737802028656006,-0.1365262120962143,0.17716777324676514,0.7164165377616882,-0.12448827177286148,0.18559765815734863,0.7315868139266968,-0.11297157406806946,0.14487114548683167,0.5475544929504395,-0.11519744247198105,0.13607239723205566,0.6429725289344788,-0.12991999089717865,0.15206535160541534,0.675427258014679,-0.11604981124401093,0.1645766794681549,0.6859757304191589,-0.10415977239608765
15,left,0,0,0,0,0,0,0,0,0,0,0,0,0,0,0,0,0,0,0,0,0,0,0,0,0,0,0,0,0,0,0,0,0,0,0,0,0,0,0,0,0,0,0,0,0,0,0,0,0,0,0,0,0,0,0,0,0,0,0,0,0,0,0
16,right,0.2134036421775818,0.5188726782798767,-4.1283408336312277e-07,0.2607195973396301,0.5724291205406189,-0.02850591391324997,0.25447458028793335,0.6411088109016418,-0.07084394991397858,0.2102208137512207,0.6965627670288086,-0.1105509027838707,0.16188187897205353,0.7209063768386841,-0.1523212492465973,0.27452731132507324,0.5661873817443848,-0.09381435066461563,0.2533876597881317,0.7111473679542542,-0.14676402509212494,0.2253422737121582,0.7952412962913513,-0.18594464659690857,0.20456171035766602,0.8518785238265991,-0.20644214749336243,0.2262340486049652,0.5484918355941772,-0.09827151149511337,0.20056967437267303,0.7044369578361511,-0.1377941220998764,0.19520781934261322,0.7945706844329834,-0.14014528691768646,0.19117505848407745,0.8549417853355408,-0.13681167364120483,0.17476050555706024,0.549335241317749,-0.10234785079956055,0.15849721431732178,0.683733344078064,-0.11994440853595734,0.18024498224258423,0.6987124681472778,-0.09568068385124207,0.19770032167434692,0.6875427961349487,-0.07667786628007889,0.13066092133522034,0.5608062744140625,-0.110757015645504,0.12441005557775497,0.6710000038146973,-0.10807427018880844,0.1460198014974594,0.6861268281936646,-0.07895354181528091,0.15933865308761597,0.6776068210601807,-0.057354774326086044
16,left,0,0,0,0,0,0,0,0,0,0,0,0,0,0,0,0,0,0,0,0,0,0,0,0,0,0,0,0,0,0,0,0,0,0,0,0,0,0,0,0,0,0,0,0,0,0,0,0,0,0,0,0,0,0,0,0,0,0,0,0,0,0,0
17,right,0.18260642886161804,0.5958085060119629,-4.0190593608713243e-07,0.2412382960319519,0.6327495574951172,-0.026941504329442978,0.2624317705631256,0.6754906177520752,-0.061137791723012924,0.2448326200246811,0.7264377474784851,-0.09379743039608002,0.20735231041908264,0.7581964135169983,-0.12645016610622406,0.2803265452384949,0.554503321647644,-0.06596918404102325,0.2775309383869171,0.6894580721855164,-0.1140994057059288,0.2548370063304901,0.7779669761657715,-0.15002596378326416,0.23951734602451324,0.8381249308586121,-0.16855667531490326,0.2317439168691635,0.5319403409957886,-0.0705220028758049,0.221149742603302,0.6945852637290955,-0.10752244293689728,0.22288240492343903,0.7846012115478516,-0.11261271685361862,0.2259730100631714,0.8434610962867737,-0.10929468274116516,0.17878086864948273,0.5389619469642639,-0.07717239856719971,0.176527738571167,0.6755024194717407,-0.09520252794027328,0.19423431158065796,0.6770880222320557,-0.08003031462430954,0.20616649091243744,0.6519770622253418,-0.06595701724290848,0.1315722018480301,0.5631484389305115,-0.08814584463834763,0.13862848281860352,0.673265278339386,-0.09065058827400208,0.15722426772117615,0.6823391914367676,-0.07105455547571182,0.16607001423835754,0.6654783487319946,-0.05411263182759285
17,left,0,0,0,0,0,0,0,0,0,0,0,0,0,0,0,0,0,0,0,0,0,0,0,0,0,0,0,0,0,0,0,0,0,0,0,0,0,0,0,0,0,0,0,0,0,0,0,0,0,0,0,0,0,0,0,0,0,0,0,0,0,0,0
18,right,0.1749240756034851,0.5932831764221191,3.890708057951997e-07,0.23242783546447754,0.5939077734947205,-0.016814803704619408,0.2642745077610016,0.6174947023391724,-0.049273617565631866,0.2643924355506897,0.655953586101532,-0.0822719931602478,0.25468653440475464,0.6939379572868347,-0.11736081540584564,0.29100334644317627,0.5347920656204224,-0.06507668644189835,0.29720908403396606,0.6674392819404602,-0.11366094648838043,0.294402539730072,0.7463405728340149,-0.14919529855251312,0.29507943987846375,0.801055908203125,-0.17001785337924957,0.2370430827140808,0.5261960029602051,-0.07646800577640533,0.2472536563873291,0.6672961711883545,-0.11907605081796646,0.2560044825077057,0.7526702284812927,-0.13185466825962067,0.2621310353279114,0.8069040775299072,-0.13884475827217102,0.18251726031303406,0.5340070724487305,-0.08838167786598206,0.19797855615615845,0.6545363664627075,-0.11688877642154694,0.209957093000412,0.7012214660644531,-0.10993172973394394,0.21411047875881195,0.7199169993400574,-0.10217561572790146,0.13755635917186737,0.5531187057495117,-0.10256285220384598,0.1540369689464569,0.6418009996414185,-0.1143987700343132,0.1717098504304886,0.6716226935386658,-0.10349157452583313,0.1820146143436432,0.6821962594985962,-0.09416422247886658
18,left,0,0,0,0,0,0,0,0,0,0,0,0,0,0,0,0,0,0,0,0,0,0,0,0,0,0,0,0,0,0,0,0,0,0,0,0,0,0,0,0,0,0,0,0,0,0,0,0,0,0,0,0,0,0,0,0,0,0,0,0,0,0,0
19,right,0.17000865936279297,0.5567126870155334,6.256518076952489e-07,0.2324310839176178,0.5599302053451538,-0.015253686346113682,0.26609519124031067,0.5909603834152222,-0.047171901911497116,0.26813599467277527,0.64595627784729,-0.08102308958768845,0.26011034846305847,0.6949002146720886,-0.11608028411865234,0.2940266728401184,0.5271961688995361,-0.059839021414518356,0.3105475902557373,0.6461073160171509,-0.10505776107311249,0.3161506652832031,0.7204976081848145,-0.1404871940612793,0.32523852586746216,0.7705900073051453,-0.16372625529766083,0.2387092113494873,0.5225561261177063,-0.07437463104724884,0.26244592666625977,0.6577309966087341,-0.11685756593942642,0.27938711643218994,0.728776752948761,-0.13301149010658264,0.2948947250843048,0.7703276872634888,-0.14321430027484894,0.18583175539970398,0.5374752283096313,-0.08877384662628174,0.2093145251274109,0.66119784116745,-0.11469101905822754,0.21295690536499023,0.6698745489120483,-0.10244850069284439,0.20639841258525848,0.6464366316795349,-0.09185148775577545,0.14546018838882446,0.5594901442527771,-0.10662553459405899,0.1698746681213379,0.6612472534179688,-0.11857757717370987,0.1845930516719818,0.6661248803138733,-0.1036219596862793,0.1860044151544571,0.643034815788269,-0.09106839448213577
19,left,0,0,0,0,0,0,0,0,0,0,0,0,0,0,0,0,0,0,0,0,0,0,0,0,0,0,0,0,0,0,0,0,0,0,0,0,0,0,0,0,0,0,0,0,0,0,0,0,0,0,0,0,0,0,0,0,0,0,0,0,0,0,0
20,right,0.1255490481853485,0.7031521201133728,-5.9449003941836054e-08,0.20370939373970032,0.6949872374534607,-0.021232668310403824,0.26155558228492737,0.6670925617218018,-0.044961679726839066,0.28673121333122253,0.6426992416381836,-0.06820761412382126,0.3039942979812622,0.6216753125190735,-0.08791203051805496,0.2763279378414154,0.5018942952156067,-0.04012060537934303,0.317691445350647,0.6014561653137207,-0.08816362917423248,0.3305281102657318,0.6964911818504333,-0.12304458022117615,0.3379688262939453,0.7647450566291809,-0.14091768860816956,0.23033848404884338,0.4948398470878601,-0.04685053601861,0.273537814617157,0.6350035071372986,-0.09280918538570404,0.2962374687194824,0.7261188626289368,-0.10836063325405121,0.3083175718784332,0.7936245203018188,-0.11113052070140839,0.18236525356769562,0.516289234161377,-0.056892648339271545,0.2269466370344162,0.6353701949119568,-0.08579157292842865,0.2354399859905243,0.6668989062309265,-0.08040915429592133,0.23336674273014069,0.6798781156539917,-0.07045115530490875,0.141808420419693,0.5564714670181274,-0.07082460820674896,0.18948644399642944,0.6558870673179626,-0.08553997427225113,0.20102915167808533,0.6733540296554565,-0.07996561378240585,0.19953174889087677,0.6719586849212646,-0.07008607685565948
20,left,0,0,0,0,0,0,0,0,0,0,0,0,0,0,0,0,0,0,0,0,0,0,0,0,0,0,0,0,0,0,0,0,0,0,0,0,0,0,0,0,0,0,0,0,0,0,0,0,0,0,0,0,0,0,0,0,0,0,0,0,0,0,0
21,right,0.16568171977996826,0.6326330900192261,1.5097776895345305e-07,0.2304193675518036,0.6416523456573486,-0.024190492928028107,0.2808411121368408,0.6552338600158691,-0.05330900475382805,0.29968518018722534,0.6872386336326599,-0.08176126331090927,0.30531081557273865,0.7112607359886169,-0.10933001339435577,0.29760104417800903,0.5133410692214966,-0.055104661732912064,0.31999826431274414,0.63997882604599,-0.10628660023212433,0.3250772953033447,0.7233072519302368,-0.14360862970352173,0.33268970251083374,0.7835665941238403,-0.16323725879192352,0.24741171300411224,0.5051746368408203,-0.06039094179868698,0.2744659185409546,0.6719018220901489,-0.10389526188373566,0.2812969386577606,0.7370495200157166,-0.116556316614151,0.2892078161239624,0.7744109630584717,-0.12045489251613617,0.19542457163333893,0.5190736055374146,-0.06853519380092621,0.2249324470758438,0.6716691255569458,-0.09623672813177109,0.2187713384628296,0.6801321506500244,-0.08803887665271759,0.2116539180278778,0.6641616225242615,-0.07734781503677368,0.15104909241199493,0.5451808571815491,-0.08084755390882492,0.1815798580646515,0.6683218479156494,-0.0932706966996193,0.18728086352348328,0.6746790409088135,-0.08447469025850296,0.18627244234085083,0.6557274460792542,-0.07372663170099258
21,left,0,0,0,0,0,0,0,0,0,0,0,0,0,0,0,0,0,0,0,0,0,0,0,0,0,0,0,0,0,0,0,0,0,0,0,0,0,0,0,0,0,0,0,0,0,0,0,0,0,0,0,0,0,0,0,0,0,0,0,0,0,0,0
22,right,0.17848840355873108,0.5925945043563843,2.198181903168006e-07,0.2362469732761383,0.6003158092498779,-0.023998936638236046,0.2758544683456421,0.62663733959198,-0.05611785873770714,0.28723153471946716,0.6707847118377686,-0.088371142745018,0.28344279527664185,0.7136475443840027,-0.12199996411800385,0.29099225997924805,0.5297781825065613,-0.061346832662820816,0.309327632188797,0.6600629091262817,-0.10991491377353668,0.3116864860057831,0.7369716167449951,-0.146448016166687,0.31190046668052673,0.7936629056930542,-0.1674446165561676,0.2382981777191162,0.5225586295127869,-0.0694059506058693,0.253637433052063,0.6662365794181824,-0.11021778732538223,0.26402097940444946,0.7369667291641235,-0.12332657724618912,0.26922062039375305,0.7798831462860107,-0.1299731582403183,0.1850721538066864,0.5341459512710571,-0.07925494760274887,0.20309238135814667,0.6632113456726074,-0.10411623865365982,0.2130465805530548,0.6834384202957153,-0.09503091871738434,0.21445713937282562,0.677986204624176,-0.08590725064277649,0.14118315279483795,0.5560453534126282,-0.0930558517575264,0.1598178595304489,0.6526767015457153,-0.10232594609260559,0.17697450518608093,0.6630403399467468,-0.08994241058826447,0.18488147854804993,0.6523261070251465,-0.0791943222284317
22,left,0,0,0,0,0,0,0,0,0,0,0,0,0,0,0,0,0,0,0,0,0,0,0,0,0,0,0,0,0,0,0,0,0,0,0,0,0,0,0,0,0,0,0,0,0,0,0,0,0,0,0,0,0,0,0,0,0,0,0,0,0,0,0
23,right,0.17719821631908417,0.5646290183067322,1.3724609004839294e-07,0.22866491973400116,0.5859931111335754,-0.02104290947318077,0.2531917691230774,0.6258913278579712,-0.052059322595596313,0.2508344352245331,0.6697806119918823,-0.08416587859392166,0.24205568432807922,0.7111422419548035,-0.11871522665023804,0.2764006555080414,0.5470432639122009,-0.06419289112091064,0.26171955466270447,0.6784259080886841,-0.10883984714746475,0.2424960881471634,0.758472204208374,-0.14110009372234344,0.23411919176578522,0.8120198249816895,-0.1602335125207901,0.2252371609210968,0.526903510093689,-0.07427225261926651,0.21234405040740967,0.6674705147743225,-0.11374343186616898,0.2100842297077179,0.7593392133712769,-0.12620577216148376,0.2115514874458313,0.81810462474823,-0.13355553150177002,0.17339444160461426,0.5217065811157227,-0.08502878248691559,0.16493646800518036,0.636863112449646,-0.11396677792072296,0.16829483211040497,0.6952853202819824,-0.10765013843774796,0.16971172392368317,0.7258120775222778,-0.10056237876415253,0.1301431953907013,0.5297269821166992,-0.09871872514486313,0.1276819109916687,0.6129273772239685,-0.11281874030828476,0.13953840732574463,0.6550595164299011,-0.10202906280755997,0.14593671262264252,0.6784070134162903,-0.09261304140090942
23,left,0,0,0,0,0,0,0,0,0,0,0,0,0,0,0,0,0,0,0,0,0,0,0,0,0,0,0,0,0,0,0,0,0,0,0,0,0,0,0,0,0,0,0,0,0,0,0,0,0,0,0,0,0,0,0,0,0,0,0,0,0,0,0
24,right,0.19167648255825043,0.4809064567089081,-6.703371582261752e-07,0.23372583091259003,0.5283082723617554,-0.030129922553896904,0.23527123034000397,0.6145886778831482,-0.0732838585972786,0.21143732964992523,0.6937109231948853,-0.1122235655784607,0.17721012234687805,0.7464209794998169,-0.1529517024755478,0.25136077404022217,0.5507650375366211,-0.11359941959381104,0.23195862770080566,0.6855529546737671,-0.1622140258550644,0.2082018256187439,0.764268159866333,-0.19427160918712616,0.18920882046222687,0.8218430280685425,-0.21109870076179504,0.20572365820407867,0.5336460471153259,-0.11504131555557251,0.17517240345478058,0.6956445574760437,-0.15389694273471832,0.16483154892921448,0.7789456248283386,-0.1549295037984848,0.15886333584785461,0.8367152214050293,-0.15243859589099884,0.15953409671783447,0.5355951189994812,-0.11382890492677689,0.13743537664413452,0.687048077583313,-0.13116130232810974,0.14683403074741364,0.7099595665931702,-0.1099749505519867,0.15575292706489563,0.706934928894043,-0.09532707929611206,0.11756723374128342,0.5472612977027893,-0.11657457798719406,0.10897678881883621,0.6661306619644165,-0.11724654585123062,0.12036095559597015,0.6871579885482788,-0.09353367239236832,0.12736961245536804,0.6873577833175659,-0.07694140076637268
24,left,0,0,0,0,0,0,0,0,0,0,0,0,0,0,0,0,0,0,0,0,0,0,0,0,0,0,0,0,0,0,0,0,0,0,0,0,0,0,0,0,0,0,0,0,0,0,0,0,0,0,0,0,0,0,0,0,0,0,0,0,0,0,0
25,right,0.1939229965209961,0.4789193868637085,-4.807652089766634e-07,0.2399541735649109,0.5358640551567078,-0.027606386691331863,0.232945054769516,0.6180897951126099,-0.0719841942191124,0.1943526268005371,0.6907958388328552,-0.11353317648172379,0.15239307284355164,0.7307906746864319,-0.15735116600990295,0.2550886273384094,0.5543447136878967,-0.10163284093141556,0.23823529481887817,0.687089204788208,-0.15454675257205963,0.2113851010799408,0.7703137397766113,-0.19391058385372162,0.18843254446983337,0.8298097848892212,-0.21565702557563782,0.20899763703346252,0.5341848731040955,-0.10600326955318451,0.1802002191543579,0.6831744313240051,-0.14561209082603455,0.16936920583248138,0.7736927270889282,-0.1478845477104187,0.16247284412384033,0.8322850465774536,-0.1461571604013443,0.15852990746498108,0.5345296859741211,-0.10905411094427109,0.1411626935005188,0.6652970910072327,-0.1251973807811737,0.1575671136379242,0.6828610897064209,-0.10117056965827942,0.17123520374298096,0.6709777116775513,-0.08506356924772263,0.11404936760663986,0.544377326965332,-0.11604977399110794,0.1099921315908432,0.6583949327468872,-0.11423614621162415,0.1269485056400299,0.6761564016342163,-0.08641880005598068,0.13654613494873047,0.6673354506492615,-0.0674004778265953
25,left,0,0,0,0,0,0,0,0,0,0,0,0,0,0,0,0,0,0,0,0,0,0,0,0,0,0,0,0,0,0,0,0,0,0,0,0,0,0,0,0,0,0,0,0,0,0,0,0,0,0,0,0,0,0,0,0,0,0,0,0,0,0,0
26,right,0.18830066919326782,0.5382868051528931,-4.263503114998457e-07,0.23715004324913025,0.5859376788139343,-0.026052270084619522,0.24156589806079865,0.6524298787117004,-0.06447093933820724,0.2114107608795166,0.7203490734100342,-0.10083796828985214,0.1732061803340912,0.7618733644485474,-0.1388685554265976,0.2575756311416626,0.57111656665802,-0.08578582108020782,0.2412087321281433,0.708270788192749,-0.13597522675991058,0.21564163267612457,0.7924730181694031,-0.1717434972524643,0.19643205404281616,0.8511514067649841,-0.1897299438714981,0.20754073560237885,0.5510604381561279,-0.08978750556707382,0.18459613621234894,0.707251787185669,-0.12668576836585999,0.18195641040802002,0.7915927767753601,-0.12780003249645233,0.17901009321212769,0.847341775894165,-0.12300713360309601,0.15584874153137207,0.5527706742286682,-0.0938829854130745,0.14332926273345947,0.6984153389930725,-0.11168396472930908,0.16252772510051727,0.7110415101051331,-0.09024268388748169,0.17637629806995392,0.6948007941246033,-0.07215815782546997,0.11269940435886383,0.565011739730835,-0.10196062922477722,0.11380259692668915,0.6833796501159668,-0.1015997901558876,0.13255652785301208,0.7008659839630127,-0.07613739371299744,0.14190712571144104,0.6909674406051636,-0.05601973086595535
26,left,0,0,0,0,0,0,0,0,0,0,0,0,0,0,0,0,0,0,0,0,0,0,0,0,0,0,0,0,0,0,0,0,0,0,0,0,0,0,0,0,0,0,0,0,0,0,0,0,0,0,0,0,0,0,0,0,0,0,0,0,0,0,0
27,right,0.1417076587677002,0.7186519503593445,-3.9082902958398336e-07,0.19264964759349823,0.7286084294319153,-0.028163602575659752,0.22360274195671082,0.7434058785438538,-0.058754511177539825,0.22621360421180725,0.777861475944519,-0.08721701800823212,0.21809984743595123,0.8102974891662598,-0.11321070045232773,0.26225948333740234,0.6131871938705444,-0.05167417973279953,0.2562171220779419,0.7459853887557983,-0.09885397553443909,0.23821406066417694,0.8260459899902344,-0.1324911266565323,0.2325180470943451,0.8753793835639954,-0.14991545677185059,0.21215946972370148,0.5956802368164062,-0.054872240871191025,0.20556432008743286,0.7609490156173706,-0.09447485953569412,0.2042248249053955,0.8352079391479492,-0.1000370904803276,0.20803320407867432,0.8792199492454529,-0.0961732417345047,0.1568945348262787,0.609289824962616,-0.06175301969051361,0.15622304379940033,0.7574515342712402,-0.08663094788789749,0.1621110886335373,0.7591826915740967,-0.07321398705244064,0.16538643836975098,0.7329089641571045,-0.058032091706991196,0.10429223626852036,0.6371862888336182,-0.07281985133886337,0.11434771120548248,0.7520228028297424,-0.08432680368423462,0.1263519525527954,0.7563567161560059,-0.0714271068572998,0.13066092133522034,0.7270441651344299,-0.05658857524394989
27,left,0,0,0,0,0,0,0,0,0,0,0,0,0,0,0,0,0,0,0,0,0,0,0,0,0,0,0,0,0,0,0,0,0,0,0,0,0,0,0,0,0,0,0,0,0,0,0,0,0,0,0,0,0,0,0,0,0,0,0,0,0,0,0
28,right,0,0,0,0,0,0,0,0,0,0,0,0,0,0,0,0,0,0,0,0,0,0,0,0,0,0,0,0,0,0,0,0,0,0,0,0,0,0,0,0,0,0,0,0,0,0,0,0,0,0,0,0,0,0,0,0,0,0,0,0,0,0,0
28,left,0,0,0,0,0,0,0,0,0,0,0,0,0,0,0,0,0,0,0,0,0,0,0,0,0,0,0,0,0,0,0,0,0,0,0,0,0,0,0,0,0,0,0,0,0,0,0,0,0,0,0,0,0,0,0,0,0,0,0,0,0,0,0
29,right,0,0,0,0,0,0,0,0,0,0,0,0,0,0,0,0,0,0,0,0,0,0,0,0,0,0,0,0,0,0,0,0,0,0,0,0,0,0,0,0,0,0,0,0,0,0,0,0,0,0,0,0,0,0,0,0,0,0,0,0,0,0,0
29,left,0,0,0,0,0,0,0,0,0,0,0,0,0,0,0,0,0,0,0,0,0,0,0,0,0,0,0,0,0,0,0,0,0,0,0,0,0,0,0,0,0,0,0,0,0,0,0,0,0,0,0,0,0,0,0,0,0,0,0,0,0,0,0
30,right,0,0,0,0,0,0,0,0,0,0,0,0,0,0,0,0,0,0,0,0,0,0,0,0,0,0,0,0,0,0,0,0,0,0,0,0,0,0,0,0,0,0,0,0,0,0,0,0,0,0,0,0,0,0,0,0,0,0,0,0,0,0,0
30,left,0,0,0,0,0,0,0,0,0,0,0,0,0,0,0,0,0,0,0,0,0,0,0,0,0,0,0,0,0,0,0,0,0,0,0,0,0,0,0,0,0,0,0,0,0,0,0,0,0,0,0,0,0,0,0,0,0,0,0,0,0,0,0
31,right,0,0,0,0,0,0,0,0,0,0,0,0,0,0,0,0,0,0,0,0,0,0,0,0,0,0,0,0,0,0,0,0,0,0,0,0,0,0,0,0,0,0,0,0,0,0,0,0,0,0,0,0,0,0,0,0,0,0,0,0,0,0,0
31,left,0,0,0,0,0,0,0,0,0,0,0,0,0,0,0,0,0,0,0,0,0,0,0,0,0,0,0,0,0,0,0,0,0,0,0,0,0,0,0,0,0,0,0,0,0,0,0,0,0,0,0,0,0,0,0,0,0,0,0,0,0,0,0
32,right,0,0,0,0,0,0,0,0,0,0,0,0,0,0,0,0,0,0,0,0,0,0,0,0,0,0,0,0,0,0,0,0,0,0,0,0,0,0,0,0,0,0,0,0,0,0,0,0,0,0,0,0,0,0,0,0,0,0,0,0,0,0,0
32,left,0,0,0,0,0,0,0,0,0,0,0,0,0,0,0,0,0,0,0,0,0,0,0,0,0,0,0,0,0,0,0,0,0,0,0,0,0,0,0,0,0,0,0,0,0,0,0,0,0,0,0,0,0,0,0,0,0,0,0,0,0,0,0
33,right,0,0,0,0,0,0,0,0,0,0,0,0,0,0,0,0,0,0,0,0,0,0,0,0,0,0,0,0,0,0,0,0,0,0,0,0,0,0,0,0,0,0,0,0,0,0,0,0,0,0,0,0,0,0,0,0,0,0,0,0,0,0,0
33,left,0,0,0,0,0,0,0,0,0,0,0,0,0,0,0,0,0,0,0,0,0,0,0,0,0,0,0,0,0,0,0,0,0,0,0,0,0,0,0,0,0,0,0,0,0,0,0,0,0,0,0,0,0,0,0,0,0,0,0,0,0,0,0
34,right,0,0,0,0,0,0,0,0,0,0,0,0,0,0,0,0,0,0,0,0,0,0,0,0,0,0,0,0,0,0,0,0,0,0,0,0,0,0,0,0,0,0,0,0,0,0,0,0,0,0,0,0,0,0,0,0,0,0,0,0,0,0,0
34,left,0,0,0,0,0,0,0,0,0,0,0,0,0,0,0,0,0,0,0,0,0,0,0,0,0,0,0,0,0,0,0,0,0,0,0,0,0,0,0,0,0,0,0,0,0,0,0,0,0,0,0,0,0,0,0,0,0,0,0,0,0,0,0
35,right,0,0,0,0,0,0,0,0,0,0,0,0,0,0,0,0,0,0,0,0,0,0,0,0,0,0,0,0,0,0,0,0,0,0,0,0,0,0,0,0,0,0,0,0,0,0,0,0,0,0,0,0,0,0,0,0,0,0,0,0,0,0,0
35,left,0,0,0,0,0,0,0,0,0,0,0,0,0,0,0,0,0,0,0,0,0,0,0,0,0,0,0,0,0,0,0,0,0,0,0,0,0,0,0,0,0,0,0,0,0,0,0,0,0,0,0,0,0,0,0,0,0,0,0,0,0,0,0
36,right,0,0,0,0,0,0,0,0,0,0,0,0,0,0,0,0,0,0,0,0,0,0,0,0,0,0,0,0,0,0,0,0,0,0,0,0,0,0,0,0,0,0,0,0,0,0,0,0,0,0,0,0,0,0,0,0,0,0,0,0,0,0,0
36,left,0,0,0,0,0,0,0,0,0,0,0,0,0,0,0,0,0,0,0,0,0,0,0,0,0,0,0,0,0,0,0,0,0,0,0,0,0,0,0,0,0,0,0,0,0,0,0,0,0,0,0,0,0,0,0,0,0,0,0,0,0,0,0
