0.7618831396102905,0.7053059339523315,-0.09416072815656662,0.3911364674568176,0.6996181011199951,-0.3104821443557739
0.7612330913543701,0.7044538259506226,-0.0672949030995369,0.39110761880874634,0.6995713710784912,-0.2607899010181427
0.761008620262146,0.7033113241195679,-0.07165080308914185,0.3911643624305725,0.6997172236442566,-0.26465973258018494
0.7608649134635925,0.7032114863395691,-0.07246271520853043,0.39061275124549866,0.7018339037895203,-0.3234661817550659
0.7603909373283386,0.7013500332832336,-0.08759759366512299,0.3988361954689026,0.6960569620132446,-0.24283500015735626
0.7614421248435974,0.7068673372268677,-0.047328460961580276,0.3929370641708374,0.6972124576568604,-0.23738327622413635
0.7615636587142944,0.7063179612159729,-0.04999380186200142,0.3915422558784485,0.6972517371177673,-0.20640118420124054
0.7614489793777466,0.7037280797958374,-0.0564410574734211,0.392289400100708,0.6917104721069336,-0.20499300956726074
0.7611249089241028,0.7037237286567688,-0.07608367502689362,0.39236971735954285,0.6891700625419617,-0.29212042689323425
0.7610737085342407,0.7036697268486023,-0.07642285525798798,0.3924340605735779,0.6869598627090454,-0.28947216272354126
0.7636651396751404,0.7040984034538269,-0.12510398030281067,0.3923901915550232,0.6870976090431213,-0.28890281915664673
0.7647260427474976,0.7042683362960815,-0.13703785836696625,0.39186498522758484,0.6871938109397888,-0.28939300775527954
0.765263557434082,0.7042734026908875,-0.13647964596748352,0.3911760449409485,0.6870927810668945,-0.2958632707595825
0.765778660774231,0.7048921585083008,-0.13557419180870056,0.3898906707763672,0.6871249079704285,-0.2723977863788605
0.7669181227684021,0.70643150806427,-0.18087753653526306,0.38864845037460327,0.6877185702323914,-0.3067065179347992
0.7688008546829224,0.7064356207847595,-0.20918560028076172,0.388654887676239,0.686968982219696,-0.31274324655532837
0.7692904472351074,0.7063860297203064,-0.20351815223693848,0.3885360360145569,0.6867820620536804,-0.310420960187912
0.7704988718032837,0.705656111240387,-0.19323153793811798,0.3884568214416504,0.6868224740028381,-0.29841378331184387
0.7704707980155945,0.7053993344306946,-0.18034309148788452,0.38666173815727234,0.6868309378623962,-0.2924174666404724
0.7703632116317749,0.7054258584976196,-0.11623726040124893,0.38548898696899414,0.6865976452827454,-0.2285410463809967
0.7700971961021423,0.7054408192634583,-0.10815461724996567,0.3848543167114258,0.6863327026367188,-0.223588228225708
0.76923668384552,0.7056052088737488,-0.11379152536392212,0.3816315531730652,0.6876502633094788,-0.2383970022201538
0.7692173719406128,0.7058485746383667,-0.1676371842622757,0.38055163621902466,0.6878909468650818,-0.2784641683101654
0.7691948413848877,0.7058492302894592,-0.17638136446475983,0.38081488013267517,0.6876661777496338,-0.2796589732170105
0.7691260576248169,0.706024706363678,-0.17916446924209595,0.38124915957450867,0.6876742243766785,-0.2780587673187256
0.7690309882164001,0.7066430449485779,-0.17137278616428375,0.3815079927444458,0.6878750920295715,-0.25019025802612305
0.7685476541519165,0.7065946459770203,-0.13080228865146637,0.3817782700061798,0.6881611943244934,-0.22652170062065125
0.7683262228965759,0.7065978646278381,-0.1516830325126648,0.3822488784790039,0.6882379055023193,-0.2435350865125656
0.7681173086166382,0.7067162990570068,-0.1236443743109703,0.38324597477912903,0.6882372498512268,-0.21904250979423523
0.7680894732475281,0.7067992687225342,-0.11422139406204224,0.38361960649490356,0.6882367730140686,-0.21768155694007874
0.7678645253181458,0.7067335844039917,-0.08298765867948532,0.383811891078949,0.6880467534065247,-0.20101669430732727
0.7678437232971191,0.7064810395240784,-0.09305573999881744,0.3844015896320343,0.6877583265304565,-0.21201685070991516
0.7677913904190063,0.7064438462257385,-0.10676795244216919,0.38461917638778687,0.6874491572380066,-0.2252194881439209
0.7677702903747559,0.7065512537956238,-0.11039779335260391,0.38464903831481934,0.6873177289962769,-0.22752130031585693
0.7677149176597595,0.706385612487793,-0.07408066093921661,0.3849491477012634,0.6873141527175903,-0.19036389887332916
0.7676924467086792,0.7062639594078064,-0.07917193323373795,0.3866553008556366,0.6868485808372498,-0.19397945702075958
