0.771737277507782,0.737634003162384,-0.2591800093650818,0.38257622718811035,0.6912573575973511,-0.1731419861316681
0.7659528255462646,0.7395747900009155,-0.2589935064315796,0.3728224039077759,0.6914194822311401,-0.17991861701011658
0.7587026953697205,0.7398949861526489,-0.24264630675315857,0.3623289465904236,0.6915110349655151,-0.18622949719429016
0.7528592348098755,0.7402324676513672,-0.2378813922405243,0.3566369414329529,0.6915214657783508,-0.18668891489505768
0.7517809271812439,0.7401934862136841,-0.2411227524280548,0.3547813892364502,0.691414475440979,-0.18986690044403076
0.7508238554000854,0.7392370700836182,-0.22453883290290833,0.35396119952201843,0.6909210085868835,-0.1754089891910553
0.7501491904258728,0.7391618490219116,-0.19187255203723907,0.353922575712204,0.6909765005111694,-0.15465864539146423
0.7500430941581726,0.7400403618812561,-0.20416276156902313,0.3530293107032776,0.6917544603347778,-0.18793725967407227
0.7502381205558777,0.7419787049293518,-0.21297192573547363,0.35266372561454773,0.691784679889679,-0.20456604659557343
0.7511020302772522,0.7429452538490295,-0.21938519179821014,0.35250478982925415,0.6925065517425537,-0.2058776617050171
0.7521809935569763,0.7436978816986084,-0.2466808259487152,0.3499583601951599,0.6934138536453247,-0.20972669124603271
0.752639889717102,0.7438831925392151,-0.24580569565296173,0.34965354204177856,0.6936417818069458,-0.21260826289653778
0.7528187036514282,0.7439043521881104,-0.23459994792938232,0.34973424673080444,0.6942445635795593,-0.21841499209403992
0.7528337240219116,0.743910014629364,-0.22444455325603485,0.3497505784034729,0.6942688226699829,-0.23320087790489197
0.7527692914009094,0.7428311705589294,-0.19167526066303253,0.34979957342147827,0.6935616135597229,-0.2558548152446747
0.752560019493103,0.7415580749511719,-0.17276939749717712,0.3498394787311554,0.6929839253425598,-0.264072060585022
0.7521042227745056,0.7398009896278381,-0.1655084490776062,0.34916314482688904,0.6927385330200195,-0.2532727122306824
0.751347005367279,0.7389561533927917,-0.17039762437343597,0.3476088345050812,0.694922149181366,-0.23599186539649963
0.7509452104568481,0.738969087600708,-0.1737413853406906,0.34303876757621765,0.7029363512992859,-0.22701986134052277
0.7498041391372681,0.738955557346344,-0.14998647570610046,0.33852291107177734,0.7087613344192505,-0.1970062255859375
0.7480553388595581,0.7384679913520813,-0.1455206722021103,0.3376438319683075,0.7119556069374084,-0.1781720221042633
0.7472516298294067,0.73846834897995,-0.14519238471984863,0.33610257506370544,0.714275598526001,-0.18352875113487244
0.747098445892334,0.7388438582420349,-0.14275862276554108,0.33473342657089233,0.7181140184402466,-0.18300184607505798
0.7467758655548096,0.7398830652236938,-0.12983831763267517,0.33362245559692383,0.7199355959892273,-0.1846133917570114
0.74643874168396,0.7400324940681458,-0.1315121054649353,0.33365172147750854,0.7204980254173279,-0.1729625165462494
0.7463916540145874,0.7403309941291809,-0.1309967190027237,0.3337547481060028,0.7203674912452698,-0.17246033251285553
0.7462612986564636,0.7404186129570007,-0.1341973841190338,0.3338225483894348,0.7206286191940308,-0.17488697171211243
0.7457712888717651,0.7403978705406189,-0.1365562379360199,0.3338308036327362,0.720605731010437,-0.2070854902267456
0.7453609704971313,0.74040287733078,-0.13721343874931335,0.33368581533432007,0.7205824255943298,-0.21078936755657196
0.7452454566955566,0.7404099702835083,-0.13857775926589966,0.3337191939353943,0.7205683588981628,-0.20998737215995789
0.7447736859321594,0.7403919696807861,-0.1498735100030899,0.33352094888687134,0.7207123637199402,-0.20947150886058807
0.744520902633667,0.7404064536094666,-0.14929096400737762,0.3338206112384796,0.7205954194068909,-0.20886854827404022
0.7444489598274231,0.7407522201538086,-0.14935408532619476,0.3347334563732147,0.720565140247345,-0.19564709067344666
0.7444556951522827,0.7410985827445984,-0.14711320400238037,0.33505716919898987,0.7205947041511536,-0.19482532143592834
0.7444514036178589,0.7411454319953918,-0.14448145031929016,0.33579665422439575,0.7205697894096375,-0.19086100161075592
0.7447808980941772,0.7413856983184814,-0.14592403173446655,0.33713269233703613,0.7207372188568115,-0.19090405106544495
