0.7482299208641052,0.7391522526741028,-0.21350529789924622,0.36262446641921997,0.6908208131790161,-0.15218868851661682
0.7478361129760742,0.7381851077079773,-0.19662591814994812,0.36242473125457764,0.6908847093582153,-0.15304240584373474
0.7472872734069824,0.737099826335907,-0.181218221783638,0.3623778820037842,0.690835177898407,-0.12803350389003754
0.7468773126602173,0.7352953553199768,-0.17097440361976624,0.3617810010910034,0.6906736493110657,-0.12892606854438782
0.7463599443435669,0.7324750423431396,-0.1521112024784088,0.36163362860679626,0.6896300911903381,-0.13747647404670715
0.7459233403205872,0.7272850871086121,-0.1577381193637848,0.3615870773792267,0.6895083785057068,-0.1470794677734375
0.7458504438400269,0.7266752123832703,-0.1608186513185501,0.36155661940574646,0.6895362734794617,-0.16868050396442413
0.7454549670219421,0.7263847589492798,-0.14829112589359283,0.36140355467796326,0.6899959444999695,-0.1969299614429474
0.7454538941383362,0.7265068888664246,-0.15001633763313293,0.36069753766059875,0.6921528577804565,-0.2201889455318451
0.7455459833145142,0.727243185043335,-0.1518961638212204,0.35947734117507935,0.6938728094100952,-0.2260345220565796
0.7455687522888184,0.7276327610015869,-0.1514178067445755,0.35894858837127686,0.6952716112136841,-0.22383730113506317
0.7455819249153137,0.7281094789505005,-0.1528226137161255,0.3578096926212311,0.6957066655158997,-0.22850684821605682
0.745547354221344,0.7281614542007446,-0.15150049328804016,0.355978786945343,0.6962891221046448,-0.22521483898162842
0.7455941438674927,0.7281743884086609,-0.14808768033981323,0.3558686673641205,0.696574866771698,-0.2240760624408722
0.7458119988441467,0.7282068133354187,-0.15460331737995148,0.35585978627204895,0.6965765357017517,-0.21426546573638916
0.7458134889602661,0.7282025218009949,-0.17018327116966248,0.35437706112861633,0.6964708566665649,-0.21855385601520538
0.74576735496521,0.7277876138687134,-0.1479577124118805,0.35446760058403015,0.6949840784072876,-0.1938936561346054
0.7454464435577393,0.7271870374679565,-0.14467617869377136,0.3537861108779907,0.6949713230133057,-0.1881970763206482
0.7453184127807617,0.7271944284439087,-0.12901097536087036,0.35180190205574036,0.6949313282966614,-0.17982718348503113
0.7444618344306946,0.7270029187202454,-0.12577155232429504,0.34830889105796814,0.6944075226783752,-0.17743833363056183
0.7432522773742676,0.7264631986618042,-0.11620930582284927,0.34103986620903015,0.6953368782997131,-0.1771635264158249
0.7417512536048889,0.7265704274177551,-0.1098804920911789,0.3312460780143738,0.6975311040878296,-0.17833468317985535
0.7412241697311401,0.7270715832710266,-0.12803593277931213,0.3280488848686218,0.7009724974632263,-0.1809248924255371
0.7411207556724548,0.7283095121383667,-0.13640394806861877,0.3271181285381317,0.7040785551071167,-0.18511565029621124
0.7406934499740601,0.7306895852088928,-0.13472536206245422,0.3246043920516968,0.7114140391349792,-0.18522633612155914
0.7406623959541321,0.7319139838218689,-0.13378338515758514,0.3224875032901764,0.7174621224403381,-0.1841094195842743
0.740738034248352,0.7333402037620544,-0.12869514524936676,0.3218267261981964,0.7260076403617859,-0.15217538177967072
0.741613507270813,0.7349655628204346,-0.12978282570838928,0.32194310426712036,0.7280992269515991,-0.15304532647132874
0.7419610619544983,0.7364168167114258,-0.1298476904630661,0.32208219170570374,0.7302799820899963,-0.15364494919776917
0.7422351837158203,0.7376617193222046,-0.12964558601379395,0.32254844903945923,0.732453465461731,-0.14998582005500793
0.7422340512275696,0.7376587390899658,-0.13111688196659088,0.3224978446960449,0.7341123819351196,-0.1519002765417099
0.7421403527259827,0.7377408146858215,-0.13221995532512665,0.3221818804740906,0.7353917956352234,-0.17399190366268158
0.7417012453079224,0.7365646958351135,-0.12335000932216644,0.3223903179168701,0.7362633347511292,-0.15775340795516968
0.7406980991363525,0.7350921034812927,-0.12429386377334595,0.32249462604522705,0.7364202737808228,-0.16348254680633545
0.740362286567688,0.734098494052887,-0.12475023418664932,0.322691410779953,0.7372500896453857,-0.16472259163856506
0.7401955723762512,0.7335649728775024,-0.12565219402313232,0.323350191116333,0.7372719645500183,-0.17015931010246277
