0.7320576906204224,0.7186408638954163,-0.14502540230751038,0.3559960424900055,0.6911090016365051,-0.16636863350868225
0.732017993927002,0.7181833982467651,-0.1452704817056656,0.3553803861141205,0.6911816000938416,-0.17118588089942932
0.73171067237854,0.7167686820030212,-0.14489611983299255,0.35459548234939575,0.6910521388053894,-0.17471863329410553
0.7313636541366577,0.716488778591156,-0.1378655731678009,0.3532772362232208,0.6912374496459961,-0.17637011408805847
0.7311428785324097,0.7162559032440186,-0.1396770477294922,0.35118481516838074,0.6912727355957031,-0.17746612429618835
0.73089200258255,0.7155644297599792,-0.12879875302314758,0.3501589000225067,0.692228376865387,-0.1696937382221222
0.7305030822753906,0.7154319882392883,-0.09964517503976822,0.3491988778114319,0.6947653889656067,-0.1695181131362915
0.7302467226982117,0.715453028678894,-0.10245154798030853,0.3473900556564331,0.6969748735427856,-0.1778295636177063
0.7301031351089478,0.715705156326294,-0.10335632413625717,0.34658029675483704,0.7007305026054382,-0.18194040656089783
0.7300212383270264,0.7163482904434204,-0.10792605578899384,0.34567248821258545,0.7048433423042297,-0.19305166602134705
0.7299277782440186,0.7169363498687744,-0.11338925361633301,0.34359079599380493,0.7064335346221924,-0.19895313680171967
0.7299928665161133,0.7169778347015381,-0.11626315116882324,0.34351080656051636,0.7084618210792542,-0.19886307418346405
0.7301188111305237,0.7170875072479248,-0.12699861824512482,0.3439876437187195,0.7113199830055237,-0.1983921080827713
0.7307764291763306,0.7173559069633484,-0.12641587853431702,0.3442605137825012,0.7130334377288818,-0.1873289793729782
0.7307736873626709,0.717443585395813,-0.12636996805667877,0.34427693486213684,0.7132565975189209,-0.18030108511447906
0.7306973338127136,0.7173169851303101,-0.1113390177488327,0.34372833371162415,0.7123518586158752,-0.17661534249782562
0.7303051352500916,0.7168274521827698,-0.08016040921211243,0.3424720764160156,0.7123937010765076,-0.158842995762825
0.7302959561347961,0.7158219218254089,-0.07799912244081497,0.34125059843063354,0.7123697996139526,-0.14942359924316406
0.7297802567481995,0.7139087319374084,-0.07587406039237976,0.3388773798942566,0.7123337388038635,-0.15180756151676178
0.7295199632644653,0.7129987478256226,-0.07931653410196304,0.3372648358345032,0.7126561999320984,-0.15696462988853455
0.7296344041824341,0.7131478786468506,-0.09951040893793106,0.33730995655059814,0.7154292464256287,-0.15806595981121063
0.7297578454017639,0.7131392955780029,-0.10745030641555786,0.33732253313064575,0.7166328430175781,-0.1582852303981781
0.7303081750869751,0.7143257260322571,-0.11559878289699554,0.33618035912513733,0.7168620228767395,-0.16865792870521545
0.7316664457321167,0.7151901721954346,-0.16349934041500092,0.33613666892051697,0.7165953516960144,-0.1898919641971588
0.7324879765510559,0.7154520153999329,-0.18089830875396729,0.33697497844696045,0.7164783477783203,-0.19405874609947205
0.7326310873031616,0.7162936329841614,-0.17362329363822937,0.33698996901512146,0.7165513634681702,-0.19545230269432068
0.7327424883842468,0.7168027758598328,-0.1704293042421341,0.33715224266052246,0.7170403003692627,-0.19451910257339478
0.732782244682312,0.7171828746795654,-0.17710764706134796,0.3372541069984436,0.7171236872673035,-0.20228362083435059
0.732803225517273,0.7175352573394775,-0.17459753155708313,0.3374090790748596,0.717211127281189,-0.20163841545581818
0.7326725125312805,0.7175885438919067,-0.17163264751434326,0.3374299705028534,0.717265248298645,-0.20132920145988464
0.7326444387435913,0.7176118493080139,-0.17013302445411682,0.3376508355140686,0.717275083065033,-0.20326323807239532
0.7326430082321167,0.7176351547241211,-0.1689278781414032,0.33766841888427734,0.7173917293548584,-0.20433226227760315
0.7326362729072571,0.7176685929298401,-0.17124280333518982,0.3376845717430115,0.7174002528190613,-0.20921039581298828
0.7326580286026001,0.7176884412765503,-0.16801919043064117,0.3377668857574463,0.7174647450447083,-0.20868782699108124
0.7326454520225525,0.7176895141601562,-0.16771402955055237,0.3380277752876282,0.7174675464630127,-0.20879454910755157
0.732634425163269,0.7177032828330994,-0.167982816696167,0.3382113575935364,0.717472493648529,-0.20985147356987
