0.7294250130653381,0.7337861657142639,-0.2506404519081116,0.33339282870292664,0.6998786330223083,-0.2439887523651123
0.7298938035964966,0.7343881130218506,-0.22498202323913574,0.3334120810031891,0.6965809464454651,-0.2534435987472534
0.7299147844314575,0.7343325018882751,-0.22149571776390076,0.33354753255844116,0.6953107118606567,-0.2543465793132782
0.729885458946228,0.7334941029548645,-0.20966756343841553,0.33393582701683044,0.6940969824790955,-0.24623067677021027
0.7298697233200073,0.7318629622459412,-0.2078523188829422,0.33448436856269836,0.693838894367218,-0.23010151088237762
0.7296332716941833,0.7306337952613831,-0.2114066183567047,0.33445343375205994,0.69364333152771,-0.23478297889232635
0.7291554808616638,0.7290635704994202,-0.21507246792316437,0.3344249725341797,0.6928762793540955,-0.24423499405384064
0.7280608415603638,0.7290374040603638,-0.21553495526313782,0.3341403603553772,0.6933003067970276,-0.245494082570076
0.7276768684387207,0.729165256023407,-0.21179012954235077,0.3339530825614929,0.6940106749534607,-0.24929916858673096
0.7268675565719604,0.7293908596038818,-0.21382956206798553,0.3287845849990845,0.7001348733901978,-0.2576442062854767
0.7265810966491699,0.7280148267745972,-0.20717474818229675,0.32950928807258606,0.7005532383918762,-0.24609608948230743
0.7264505624771118,0.7260774374008179,-0.20335356891155243,0.3300809860229492,0.7026641368865967,-0.22070834040641785
0.7264357805252075,0.7251987457275391,-0.1828683465719223,0.33222532272338867,0.7063800096511841,-0.2116326093673706
0.7277399301528931,0.7251512408256531,-0.17066577076911926,0.3342253267765045,0.7064496278762817,-0.1765289157629013
0.7298677563667297,0.7251605987548828,-0.1909276247024536,0.34558770060539246,0.7071816325187683,-0.18207886815071106
0.7313580513000488,0.7251716256141663,-0.1938595324754715,0.35207411646842957,0.7079679369926453,-0.16624411940574646
0.7313283085823059,0.7246838212013245,-0.21256108582019806,0.35235321521759033,0.7136760950088501,-0.17337623238563538
0.7312904596328735,0.724689781665802,-0.23120296001434326,0.35198354721069336,0.7229434251785278,-0.17335788905620575
0.7312353849411011,0.7247100472450256,-0.2504825294017792,0.35414689779281616,0.7311635613441467,-0.17791405320167542
0.7295858860015869,0.7224551439285278,-0.2605099081993103,0.3552321195602417,0.737311065196991,-0.19230490922927856
0.7289465069770813,0.7219823002815247,-0.25712189078330994,0.35656994581222534,0.7412917017936707,-0.2030647248029709
0.7289327383041382,0.7239608764648438,-0.33265915513038635,0.35624441504478455,0.7474660873413086,-0.26519477367401123
0.7289610505104065,0.7258698344230652,-0.3308425843715668,0.35586005449295044,0.7504923343658447,-0.25486308336257935
0.7288614511489868,0.7268479466438293,-0.38159701228141785,0.35558122396469116,0.7497214078903198,-0.3036361336708069
0.7287473678588867,0.7269356846809387,-0.352546751499176,0.355390727519989,0.7492990493774414,-0.285470187664032
0.7285870313644409,0.7271319627761841,-0.34348997473716736,0.3551991581916809,0.7494779229164124,-0.2761688232421875
0.7285724878311157,0.7278314828872681,-0.3429034650325775,0.3550718426704407,0.7520371079444885,-0.2782459557056427
0.7285693287849426,0.7282439470291138,-0.3351859748363495,0.3549501895904541,0.7531113028526306,-0.26874443888664246
0.7285509705543518,0.7285075783729553,-0.3218372166156769,0.35488468408584595,0.7528254389762878,-0.26148879528045654
0.7285270690917969,0.7287747263908386,-0.2950933277606964,0.35465866327285767,0.7526273131370544,-0.2568480372428894
0.7284520864486694,0.7289302945137024,-0.2881374955177307,0.35442763566970825,0.7520063519477844,-0.2535399794578552
0.728351354598999,0.7290483713150024,-0.2884061932563782,0.3541159927845001,0.7518006563186646,-0.2530525028705597
0.7283010482788086,0.7295787334442139,-0.2811078131198883,0.3538057506084442,0.7516329884529114,-0.2527849078178406
0.7281163334846497,0.7297393679618835,-0.2796918749809265,0.3534664511680603,0.7514488697052002,-0.2524465322494507
0.7280829548835754,0.7299960255622864,-0.27864202857017517,0.3533657193183899,0.7513082027435303,-0.24881680309772491
0.7280644774436951,0.7297899723052979,-0.27833259105682373,0.35331571102142334,0.7499964237213135,-0.24256999790668488
