0.7250441908836365,0.7219769954681396,-0.257079541683197,0.32998955249786377,0.7046398520469666,-0.25384148955345154
0.7246301770210266,0.722163200378418,-0.2574034333229065,0.32786160707473755,0.7054921984672546,-0.2497590035200119
0.7245988249778748,0.7227804064750671,-0.2576166093349457,0.3270518183708191,0.7069530487060547,-0.24538223445415497
0.7241603136062622,0.7229360938072205,-0.258247435092926,0.32501333951950073,0.7075417637825012,-0.23867161571979523
0.7241494059562683,0.7230103015899658,-0.2682854235172272,0.32496434450149536,0.7078568339347839,-0.24898941814899445
0.7242156863212585,0.7230757474899292,-0.25971293449401855,0.3246598243713379,0.7082235217094421,-0.27136585116386414
0.7244057655334473,0.7232062220573425,-0.25844457745552063,0.32467982172966003,0.7079766988754272,-0.30927515029907227
0.7244442701339722,0.723758339881897,-0.29453009366989136,0.32471176981925964,0.7036897540092468,-0.32804256677627563
0.7246036529541016,0.7244543433189392,-0.30283814668655396,0.32322871685028076,0.7038813233375549,-0.31792744994163513
0.725334107875824,0.7279025912284851,-0.3101879060268402,0.32312843203544617,0.7043294906616211,-0.2623252272605896
0.7252815961837769,0.7293055057525635,-0.2915164828300476,0.31793978810310364,0.7152271270751953,-0.24496619403362274
0.7251397371292114,0.7301320433616638,-0.27869099378585815,0.3165435492992401,0.7167145013809204,-0.22327089309692383
0.7251524329185486,0.7302159070968628,-0.23488955199718475,0.31642046570777893,0.7172518372535706,-0.2255411148071289
0.725150465965271,0.7302107214927673,-0.22253823280334473,0.3165033459663391,0.7179178595542908,-0.22131463885307312
0.7252249121665955,0.7301146984100342,-0.20850571990013123,0.3203737139701843,0.7179120779037476,-0.20289623737335205
0.725166916847229,0.7300522923469543,-0.20785367488861084,0.3234320282936096,0.7181548476219177,-0.1902533620595932
0.7251632213592529,0.7300444841384888,-0.19282998144626617,0.32424959540367126,0.7224982976913452,-0.1885179728269577
0.724997878074646,0.7289925813674927,-0.19309517741203308,0.32439932227134705,0.7233242392539978,-0.19171637296676636
0.7249286770820618,0.7279037833213806,-0.19490645825862885,0.324572890996933,0.7233179211616516,-0.18919317424297333
0.7251966595649719,0.7257270812988281,-0.23428082466125488,0.3311834931373596,0.7232915759086609,-0.17516252398490906
0.7254847884178162,0.7243576049804688,-0.28928786516189575,0.3374887704849243,0.7233594655990601,-0.17942103743553162
0.7255803346633911,0.7243166565895081,-0.29608154296875,0.34101730585098267,0.725028932094574,-0.1823263019323349
0.725150465965271,0.7241620421409607,-0.28705576062202454,0.34301725029945374,0.7268810868263245,-0.18931522965431213
0.7237495183944702,0.7241438031196594,-0.2862439453601837,0.3462337851524353,0.72835773229599,-0.26649603247642517
0.723280668258667,0.7240341901779175,-0.26898059248924255,0.34880396723747253,0.7285723090171814,-0.2525428533554077
0.7230015993118286,0.7239068746566772,-0.23583081364631653,0.3515812158584595,0.7284033894538879,-0.23444566130638123
0.7231298685073853,0.7238048315048218,-0.23278267681598663,0.3563764989376068,0.7288464307785034,-0.20110782980918884
0.7230667471885681,0.7238233089447021,-0.24084267020225525,0.3588489592075348,0.7285258173942566,-0.22009173035621643
0.7229424118995667,0.7238234281539917,-0.28344929218292236,0.35841986536979675,0.7292034029960632,-0.22466059029102325
0.7226147055625916,0.7238247394561768,-0.2476622313261032,0.35785555839538574,0.7304161190986633,-0.1979767233133316
0.721915066242218,0.7233182787895203,-0.21415166556835175,0.35749292373657227,0.7314420342445374,-0.16943471133708954
0.7214213609695435,0.7229539752006531,-0.21133947372436523,0.3571946918964386,0.7316818237304688,-0.16991254687309265
0.7214137315750122,0.7231793999671936,-0.21393537521362305,0.3569622337818146,0.7331818342208862,-0.17093561589717865
0.7221059799194336,0.7249129414558411,-0.21377559006214142,0.3573271632194519,0.7331279516220093,-0.17535066604614258
0.7235124707221985,0.7269490957260132,-0.2142321765422821,0.3571867048740387,0.7339088320732117,-0.1870216578245163
0.7237881422042847,0.7269614934921265,-0.22654616832733154,0.35707664489746094,0.7349673509597778,-0.2225411832332611
