0.7258023023605347,0.7249594926834106,-0.28786858916282654,0.33555322885513306,0.7001312375068665,-0.23144781589508057
0.7260839939117432,0.7248550057411194,-0.27941325306892395,0.33585554361343384,0.7004423141479492,-0.23485586047172546
0.7260929346084595,0.7247604727745056,-0.27992650866508484,0.3358544707298279,0.7018284201622009,-0.23282453417778015
0.7260745763778687,0.724239706993103,-0.281108021736145,0.33587509393692017,0.7020204067230225,-0.2314111888408661
0.7258397340774536,0.7222108244895935,-0.2775876820087433,0.33587461709976196,0.7028772234916687,-0.2105172574520111
0.7255895733833313,0.7205349206924438,-0.24630913138389587,0.3359232246875763,0.7036336064338684,-0.18362365663051605
0.7249206900596619,0.7192159295082092,-0.23301509022712708,0.33582693338394165,0.7055220007896423,-0.15947529673576355
0.72480309009552,0.7177738547325134,-0.22347800433635712,0.3358423709869385,0.7090070843696594,-0.1389234960079193
0.7247675657272339,0.7176218628883362,-0.21797101199626923,0.33662229776382446,0.7104212045669556,-0.12096452713012695
0.724713921546936,0.7176663279533386,-0.19636446237564087,0.33776718378067017,0.7107619643211365,-0.10301452875137329
0.7247377038002014,0.7176621556282043,-0.19426175951957703,0.3380959928035736,0.7124760150909424,-0.12026550620794296
0.7254165410995483,0.7182508707046509,-0.20168308913707733,0.3380335867404938,0.7181436419487,-0.15631073713302612
0.72653728723526,0.7190059423446655,-0.21020671725273132,0.3379403352737427,0.721800684928894,-0.15705068409442902
0.7283773422241211,0.7195671796798706,-0.22328439354896545,0.33845314383506775,0.7236353754997253,-0.15533271431922913
0.7304016351699829,0.7202421426773071,-0.22254709899425507,0.34125858545303345,0.7229693531990051,-0.13378174602985382
0.7309977412223816,0.7205505967140198,-0.22289320826530457,0.3419279456138611,0.7221686840057373,-0.13413026928901672
0.7310729026794434,0.7206643223762512,-0.2188737839460373,0.3425362706184387,0.7202540040016174,-0.13550978899002075
0.731040358543396,0.7210597991943359,-0.1971220076084137,0.34256261587142944,0.718917727470398,-0.13755014538764954
0.7314505577087402,0.7223475575447083,-0.19756020605564117,0.342753529548645,0.7191001176834106,-0.14371399581432343
0.7314882278442383,0.7233123183250427,-0.19790160655975342,0.3427371382713318,0.720319926738739,-0.15591147541999817
0.7312432527542114,0.7239023447036743,-0.19611361622810364,0.3419203758239746,0.7246772050857544,-0.1540956348180771
0.729223906993866,0.7242048978805542,-0.19613415002822876,0.3411789834499359,0.730839729309082,-0.14307339489459991
0.7286437749862671,0.7242166996002197,-0.23356764018535614,0.3413454294204712,0.7389504909515381,-0.14351984858512878
0.7280253767967224,0.7237785458564758,-0.2317425012588501,0.3413906693458557,0.7428483963012695,-0.1114732176065445
0.7278537154197693,0.7236684560775757,-0.2297382354736328,0.34191393852233887,0.7436850666999817,-0.10842321068048477
0.7277785539627075,0.7234280705451965,-0.22943568229675293,0.34222811460494995,0.7437289953231812,-0.10309575498104095
0.7276715040206909,0.7229917645454407,-0.24870748817920685,0.3426438868045807,0.7433339953422546,-0.11866793781518936
0.7277022004127502,0.7228811383247375,-0.25580933690071106,0.3451160490512848,0.7422317862510681,-0.12646709382534027
0.7277044057846069,0.7222482562065125,-0.26789194345474243,0.34599795937538147,0.7416659593582153,-0.13901671767234802
0.7276792526245117,0.7222068309783936,-0.28312182426452637,0.3463450074195862,0.7415391206741333,-0.14529767632484436
0.7276604175567627,0.7221425771713257,-0.2867431044578552,0.3466990888118744,0.7413632869720459,-0.14613477885723114
0.7274011969566345,0.721615731716156,-0.28055912256240845,0.3478337228298187,0.7412500381469727,-0.14296123385429382
0.727401077747345,0.7216064929962158,-0.31399157643318176,0.3483867049217224,0.7425402402877808,-0.14659053087234497
0.7273805737495422,0.7216489911079407,-0.31228598952293396,0.34975528717041016,0.742380678653717,-0.1556069254875183
0.7273685336112976,0.7216376066207886,-0.30581921339035034,0.35070672631263733,0.7427791953086853,-0.15653829276561737
0.7269536256790161,0.7213919162750244,-0.2787579298019409,0.3513856530189514,0.7421223521232605,-0.13390985131263733
