0.7256649732589722,0.7263833284378052,-0.28233975172042847,0.3367988169193268,0.70113605260849,-0.24580714106559753
0.7255042791366577,0.7258455753326416,-0.28212493658065796,0.33733218908309937,0.6988388299942017,-0.2438720166683197
0.7253232598304749,0.7253522872924805,-0.2818942070007324,0.3373764157295227,0.6962157487869263,-0.24378511309623718
0.7247580289840698,0.7253485321998596,-0.2803414463996887,0.336151659488678,0.6963736414909363,-0.23097774386405945
0.7232890725135803,0.7246847152709961,-0.27908241748809814,0.3356553614139557,0.6982428431510925,-0.22045385837554932
0.7225394248962402,0.7228972315788269,-0.2707430422306061,0.3357173204421997,0.698823869228363,-0.207461878657341
0.722234845161438,0.7219531536102295,-0.26905712485313416,0.3357499837875366,0.7005206346511841,-0.20593476295471191
0.7215291261672974,0.7214227914810181,-0.26327216625213623,0.335798442363739,0.7051622271537781,-0.19385740160942078
0.7208467721939087,0.7201878428459167,-0.2505263686180115,0.33576181530952454,0.7063960433006287,-0.16802950203418732
0.7208398580551147,0.7196279764175415,-0.2339322865009308,0.33900773525238037,0.7070338726043701,-0.12460748851299286
0.7211054563522339,0.7198410034179688,-0.22443170845508575,0.33983248472213745,0.7109997272491455,-0.11996489763259888
0.7215496897697449,0.7206429243087769,-0.22907307744026184,0.34062498807907104,0.7183371186256409,-0.13123008608818054
0.7220476865768433,0.7210347652435303,-0.27164286375045776,0.34355002641677856,0.7188371419906616,-0.14637893438339233
0.7230644822120667,0.7212121486663818,-0.2786928415298462,0.3461056053638458,0.7185041904449463,-0.18994201719760895
0.725163996219635,0.7234041094779968,-0.26940062642097473,0.34768009185791016,0.7190473079681396,-0.18906208872795105
0.7259207367897034,0.7237579226493835,-0.25830525159835815,0.3479858636856079,0.718970537185669,-0.17329832911491394
0.7263323068618774,0.7240870594978333,-0.23651643097400665,0.3478306233882904,0.7186324000358582,-0.16094239056110382
0.7264899015426636,0.7240097522735596,-0.23836934566497803,0.34813207387924194,0.7186391949653625,-0.1686982959508896
0.7264987230300903,0.7239925861358643,-0.23734769225120544,0.34810423851013184,0.7186153531074524,-0.16620542109012604
0.7265177965164185,0.7238423228263855,-0.22941534221172333,0.34939366579055786,0.7183670401573181,-0.15789087116718292
0.7265307307243347,0.7237102389335632,-0.22075478732585907,0.3512442708015442,0.718377411365509,-0.1506933867931366
0.7262954115867615,0.7236144542694092,-0.22173409163951874,0.3512125313282013,0.7180249691009521,-0.15131478011608124
0.7259052395820618,0.7236267328262329,-0.22442367672920227,0.35139158368110657,0.7180043458938599,-0.15588164329528809
0.725206732749939,0.7236544489860535,-0.22193296253681183,0.3510937988758087,0.7181520462036133,-0.1560918092727661
0.7246825695037842,0.7237460613250732,-0.21387538313865662,0.3510569930076599,0.7181354761123657,-0.15051954984664917
0.7239952683448792,0.7237434983253479,-0.21530620753765106,0.35103490948677063,0.7182748913764954,-0.15934500098228455
0.723721981048584,0.7235987186431885,-0.2014685571193695,0.3510182201862335,0.720964789390564,-0.1571396291255951
0.7227509021759033,0.7235886454582214,-0.19896964728832245,0.34890836477279663,0.7249593138694763,-0.15901173651218414
0.7227321863174438,0.7239487171173096,-0.2058919370174408,0.3485286235809326,0.7283096313476562,-0.17457646131515503
0.7227287292480469,0.7239354252815247,-0.20726485550403595,0.34886282682418823,0.7296310663223267,-0.18164876103401184
0.7228963375091553,0.7239739298820496,-0.2137461006641388,0.34940215945243835,0.7322498559951782,-0.18784141540527344
0.7230110764503479,0.7241450548171997,-0.2309424877166748,0.349884033203125,0.7355253100395203,-0.18799260258674622
0.7231723666191101,0.7252545952796936,-0.2561568319797516,0.3498998284339905,0.7367227673530579,-0.20302896201610565
0.7232561707496643,0.7262030243873596,-0.2806175649166107,0.3486957550048828,0.739120602607727,-0.22081050276756287
0.7238534688949585,0.7263975739479065,-0.28154751658439636,0.350361168384552,0.7389919757843018,-0.1854207068681717
0.7242997288703918,0.7264894843101501,-0.27712172269821167,0.3509378135204315,0.74027419090271,-0.17891360819339752
