0.7229443192481995,0.7206605076789856,-0.2562928795814514,0.3351268172264099,0.6995362043380737,-0.178034707903862
0.7229768633842468,0.7209494709968567,-0.26417073607444763,0.3351411521434784,0.6986415386199951,-0.18623915314674377
0.7228786945343018,0.7211412787437439,-0.265010267496109,0.33505889773368835,0.6988233923912048,-0.19145412743091583
0.722895622253418,0.7224843502044678,-0.283145010471344,0.33503955602645874,0.6989889144897461,-0.19202807545661926
0.7221372723579407,0.7228214144706726,-0.28947848081588745,0.33485421538352966,0.6991516351699829,-0.1987610012292862
0.7214397192001343,0.7230856418609619,-0.311819851398468,0.3344508409500122,0.7031630277633667,-0.19433733820915222
0.7208351492881775,0.7228250503540039,-0.3102022409439087,0.33455348014831543,0.7052015662193298,-0.19162574410438538
0.7205009460449219,0.7226230502128601,-0.3088380694389343,0.3347725570201874,0.7063310742378235,-0.18872231245040894
0.7203341722488403,0.7225397229194641,-0.27479681372642517,0.3347771167755127,0.711222767829895,-0.18527701497077942
0.7203298211097717,0.7227800488471985,-0.22254443168640137,0.3344658315181732,0.7119867205619812,-0.15121008455753326
0.7204303741455078,0.7234218120574951,-0.2195626199245453,0.33277401328086853,0.7153913974761963,-0.14527256786823273
0.7208179831504822,0.7243620753288269,-0.25049763917922974,0.3311631381511688,0.716465950012207,-0.1849120855331421
0.7207058072090149,0.7252995371818542,-0.26710769534111023,0.3262610137462616,0.71705162525177,-0.21915018558502197
0.7207061648368835,0.7250508069992065,-0.24683845043182373,0.32588058710098267,0.7180836200714111,-0.1997179239988327
0.7213912010192871,0.7254095673561096,-0.22768628597259521,0.3293328583240509,0.7220839858055115,-0.17609627544879913
0.7217660546302795,0.7244628667831421,-0.22840502858161926,0.3308700919151306,0.7236825823783875,-0.17616763710975647
0.7221251726150513,0.7244693636894226,-0.23261192440986633,0.3327968716621399,0.7236874103546143,-0.18567624688148499
0.722536027431488,0.7242765426635742,-0.2547557055950165,0.33465155959129333,0.7237117290496826,-0.21840104460716248
0.7233648896217346,0.7231598496437073,-0.2843380570411682,0.3390694260597229,0.7242180705070496,-0.22763068974018097
0.7240161299705505,0.7227981090545654,-0.3114311695098877,0.33957749605178833,0.7246138453483582,-0.23372630774974823
0.7251740097999573,0.7230035066604614,-0.33861035108566284,0.34138697385787964,0.7271394729614258,-0.24356475472450256
0.7255109548568726,0.7230027914047241,-0.3317479193210602,0.341689795255661,0.7299986481666565,-0.22636647522449493
0.7259665131568909,0.7230255603790283,-0.3193645775318146,0.34802407026290894,0.7329103946685791,-0.21635723114013672
0.72592693567276,0.7230089902877808,-0.2943428158760071,0.34923285245895386,0.7345847487449646,-0.22070086002349854
0.7260199785232544,0.7232183218002319,-0.2497934103012085,0.3561999797821045,0.7345413565635681,-0.1883045881986618
0.7266501188278198,0.7247794270515442,-0.2512672543525696,0.3600267767906189,0.7345535159111023,-0.16995470225811005
0.7273142337799072,0.7252683639526367,-0.24784398078918457,0.36311548948287964,0.7351710796356201,-0.16002017259597778
0.7273546457290649,0.7253764867782593,-0.27527526021003723,0.3626498281955719,0.736054539680481,-0.1784219592809677
0.7273069620132446,0.7254489660263062,-0.2671436667442322,0.362617164850235,0.7385708093643188,-0.1693437546491623
0.7272075414657593,0.7254527807235718,-0.23231518268585205,0.36220988631248474,0.7387435436248779,-0.16831675171852112
0.727151095867157,0.7254279851913452,-0.22766724228858948,0.3627302050590515,0.7387188673019409,-0.16198094189167023
0.727100670337677,0.7254393100738525,-0.21677544713020325,0.3639545440673828,0.7386007308959961,-0.15997906029224396
0.727014422416687,0.7256932854652405,-0.21509210765361786,0.36382412910461426,0.7389150857925415,-0.15738032758235931
0.7270634770393372,0.7259901762008667,-0.21633405983448029,0.363685667514801,0.7390349507331848,-0.15706542134284973
0.7268575429916382,0.7261045575141907,-0.2011219710111618,0.3636015057563782,0.7392802834510803,-0.15389975905418396
0.7268072962760925,0.7262662053108215,-0.20277981460094452,0.36352041363716125,0.7396596074104309,-0.15109340846538544
