0.7263468503952026,0.7291802763938904,-0.310378760099411,0.3419136106967926,0.7012749910354614,-0.22686922550201416
0.7259334325790405,0.7291821241378784,-0.3050791621208191,0.3408299386501312,0.7012041211128235,-0.2271723449230194
0.7252150774002075,0.728719174861908,-0.30384358763694763,0.34057337045669556,0.7011063098907471,-0.2253711223602295
0.7247440218925476,0.7278463840484619,-0.30922284722328186,0.3402901291847229,0.6993395686149597,-0.2306559532880783
0.7236860394477844,0.7273020148277283,-0.2916514575481415,0.3389422297477722,0.6995808482170105,-0.21096257865428925
0.7230193018913269,0.7268169522285461,-0.2807541489601135,0.3385699689388275,0.699654757976532,-0.20490217208862305
0.7224076986312866,0.7264366149902344,-0.25939732789993286,0.33788299560546875,0.7033151388168335,-0.19661101698875427
0.7223260998725891,0.7262446284294128,-0.25235214829444885,0.3382270038127899,0.7063183188438416,-0.17834211885929108
0.7223197221755981,0.7260964512825012,-0.24848368763923645,0.33927661180496216,0.7064720988273621,-0.16956858336925507
0.7223141193389893,0.7260826230049133,-0.2265758067369461,0.3405553698539734,0.709688127040863,-0.1576434224843979
0.7229033708572388,0.7260706424713135,-0.22311227023601532,0.3419755697250366,0.7143251895904541,-0.15436048805713654
0.7240779995918274,0.7259576320648193,-0.22817495465278625,0.3427743911743164,0.7177648544311523,-0.15847145020961761
0.726742148399353,0.7264756560325623,-0.23420116305351257,0.34280291199684143,0.7193292379379272,-0.16346332430839539
0.7293606996536255,0.7272917032241821,-0.23193076252937317,0.34331145882606506,0.720113217830658,-0.15542574226856232
0.7310546636581421,0.7273156046867371,-0.22943878173828125,0.34642812609672546,0.7189328074455261,-0.13787665963172913
0.7321966290473938,0.7278093695640564,-0.23028609156608582,0.3464195132255554,0.7200947999954224,-0.1411767303943634
0.7328405976295471,0.7284983396530151,-0.23252010345458984,0.34666603803634644,0.7201472520828247,-0.14122429490089417
0.7331869602203369,0.7288452982902527,-0.24863874912261963,0.34608590602874756,0.7209339141845703,-0.14350268244743347
0.7331582307815552,0.7288922667503357,-0.24644391238689423,0.3459511697292328,0.7209163308143616,-0.14459910988807678
0.7330431938171387,0.7296817898750305,-0.26072248816490173,0.34550637006759644,0.7236982583999634,-0.14565294981002808
0.7324861288070679,0.7300613522529602,-0.25800222158432007,0.3454969525337219,0.7273194193840027,-0.1420384645462036
0.7322106957435608,0.7304141521453857,-0.25743022561073303,0.34542447328567505,0.7308123111724854,-0.14224271476268768
0.7321094870567322,0.7309859991073608,-0.26651114225387573,0.34522324800491333,0.7354455590248108,-0.15090936422348022
0.7315422296524048,0.7310503721237183,-0.25699377059936523,0.34579581022262573,0.7370892763137817,-0.15086351335048676
0.7316190600395203,0.7309780716896057,-0.25674107670783997,0.3491862416267395,0.7397962212562561,-0.12737007439136505
0.7316423654556274,0.7309873104095459,-0.3029956519603729,0.3516697287559509,0.7419752478599548,-0.14556972682476044
0.7315731644630432,0.7302324175834656,-0.2936452627182007,0.35475829243659973,0.7423993945121765,-0.14797432720661163
0.7315143942832947,0.7290838360786438,-0.27839383482933044,0.35765859484672546,0.7422786355018616,-0.13776607811450958
0.7312038540840149,0.7287641763687134,-0.2766847014427185,0.35836488008499146,0.7425490021705627,-0.13993476331233978
0.7303511500358582,0.7271652817726135,-0.27805450558662415,0.35939913988113403,0.7423899173736572,-0.1400708258152008
0.7299256324768066,0.7271586060523987,-0.2646309435367584,0.3598872423171997,0.7423020601272583,-0.14520353078842163
0.7291908860206604,0.7267736792564392,-0.26574259996414185,0.36017462611198425,0.7422211766242981,-0.1444825977087021
0.7289090752601624,0.7267829179763794,-0.2783799171447754,0.36009669303894043,0.7423623204231262,-0.1546410173177719
0.7283556461334229,0.7268646955490112,-0.27143794298171997,0.3600274324417114,0.7427284717559814,-0.15459802746772766
0.7282114624977112,0.7273470163345337,-0.27165767550468445,0.3597624599933624,0.7442260980606079,-0.15285682678222656
0.7280293107032776,0.7279727458953857,-0.26865220069885254,0.3591735064983368,0.7447761297225952,-0.1526857316493988
