0.723726212978363,0.7305357456207275,-0.2656753361225128,0.3385031223297119,0.7088500261306763,-0.16424043476581573
0.7236981987953186,0.7303033471107483,-0.2650878131389618,0.3385069966316223,0.7090507745742798,-0.16470186412334442
0.7236825823783875,0.7300871014595032,-0.27218788862228394,0.3390040695667267,0.7092767357826233,-0.1662859320640564
0.7236648797988892,0.729954183101654,-0.27761027216911316,0.33933132886886597,0.709446132183075,-0.1675778329372406
0.7236508727073669,0.7299004793167114,-0.27834996581077576,0.3387443423271179,0.7095052599906921,-0.1746571958065033
0.7235944867134094,0.7298406362533569,-0.23882505297660828,0.3387000262737274,0.7101135849952698,-0.17475362122058868
0.7235779762268066,0.7298386096954346,-0.22530777752399445,0.3386569023132324,0.7117769718170166,-0.17452360689640045
0.7238286733627319,0.7298361659049988,-0.1865428388118744,0.33938807249069214,0.714530348777771,-0.14535659551620483
0.7253767251968384,0.7303038239479065,-0.19885016977787018,0.34165167808532715,0.7195367217063904,-0.14689254760742188
0.7261389493942261,0.7307149767875671,-0.20075631141662598,0.34491032361984253,0.7212641835212708,-0.13628509640693665
0.726332426071167,0.7310892343521118,-0.20666582882404327,0.34636467695236206,0.7219104766845703,-0.13175566494464874
0.7270694971084595,0.7320685982704163,-0.27086734771728516,0.34826546907424927,0.7240773439407349,-0.1266283243894577
0.7275173664093018,0.7330241799354553,-0.2675204277038574,0.35037854313850403,0.725066065788269,-0.040269605815410614
0.7275152802467346,0.7337992191314697,-0.26361674070358276,0.35015642642974854,0.7286136150360107,-0.06881920248270035
0.7274970412254333,0.7343303561210632,-0.26811838150024414,0.3488999605178833,0.7349300384521484,-0.08122830092906952
0.7272613644599915,0.734908401966095,-0.2766147255897522,0.34451180696487427,0.739953339099884,-0.08931940793991089
0.7270885109901428,0.7366582751274109,-0.3246402442455292,0.3394272029399872,0.7444972991943359,-0.12447027117013931
0.7254282832145691,0.7367229461669922,-0.29066500067710876,0.3382185101509094,0.7551093697547913,0.005422309041023254
0.7232891321182251,0.7348934412002563,-0.28984135389328003,0.33826518058776855,0.7603209614753723,0.004417310003191233
0.7235698699951172,0.7349008917808533,-0.31028515100479126,0.3392079174518585,0.7670124769210815,-0.05408160760998726
0.7235724329948425,0.7360995411872864,-0.35780104994773865,0.33869415521621704,0.7707046866416931,-0.17813056707382202
0.7238491773605347,0.7362324595451355,-0.33770185708999634,0.33872953057289124,0.7702398300170898,-0.1632940173149109
0.7238568067550659,0.736687421798706,-0.3056982755661011,0.338576078414917,0.7699382901191711,-0.16241762042045593
0.723811686038971,0.737738311290741,-0.3008172810077667,0.33822792768478394,0.7700384855270386,-0.15518173575401306
0.7233085632324219,0.738541841506958,-0.27325373888015747,0.33733490109443665,0.7695847749710083,-0.15450653433799744
0.7231765389442444,0.7394993305206299,-0.26895564794540405,0.3371846079826355,0.7692926526069641,-0.1596030443906784
0.7235574722290039,0.7418596744537354,-0.2845904231071472,0.33764082193374634,0.7692111730575562,-0.17522381246089935
0.72385174036026,0.7431707382202148,-0.28420892357826233,0.3384482264518738,0.769088864326477,-0.1692608892917633
0.725395917892456,0.744087815284729,-0.28408926725387573,0.339079886674881,0.7690067887306213,-0.17629289627075195
0.726872444152832,0.7446898221969604,-0.2788218855857849,0.34040582180023193,0.7688226103782654,-0.1727503091096878
0.7271736860275269,0.7453046441078186,-0.27357009053230286,0.34176427125930786,0.7683800458908081,-0.1703982651233673
0.7273706197738647,0.7455472946166992,-0.26981228590011597,0.34328895807266235,0.7677652835845947,-0.16492298245429993
0.7274209260940552,0.7462018728256226,-0.2559838891029358,0.3434552550315857,0.7667760848999023,-0.16417622566223145
0.7275024652481079,0.7464562654495239,-0.24801583588123322,0.3440806269645691,0.7664024233818054,-0.16364315152168274
0.7277291417121887,0.7469802498817444,-0.24647533893585205,0.3448174297809601,0.7663841843605042,-0.16370519995689392
0.727912187576294,0.747128427028656,-0.24753005802631378,0.3454972505569458,0.766304612159729,-0.16327370703220367
