0.7795243263244629,0.7200480103492737,-0.19967021048069,0.4023533761501312,0.6865413188934326,-0.26062828302383423
0.7796655893325806,0.7223130464553833,-0.2075057029724121,0.4023760259151459,0.6866533160209656,-0.2547210156917572
0.7800423502922058,0.7237898111343384,-0.214944988489151,0.4023502469062805,0.6878269910812378,-0.2514188885688782
0.7800352573394775,0.7254618406295776,-0.20812150835990906,0.40237030386924744,0.6878310441970825,-0.24824877083301544
0.7799795866012573,0.7255958318710327,-0.20515432953834534,0.4022063612937927,0.6878915429115295,-0.24659082293510437
0.7799800634384155,0.7260707020759583,-0.20629337430000305,0.4021802544593811,0.688108503818512,-0.2396000176668167
0.7806324362754822,0.7268431782722473,-0.2044070065021515,0.4015689790248871,0.6893455982208252,-0.22681188583374023
0.7812127470970154,0.7277481555938721,-0.20333810150623322,0.4015553891658783,0.6899257302284241,-0.2263207733631134
0.7812986969947815,0.7279415130615234,-0.20239810645580292,0.40115436911582947,0.6903925538063049,-0.24049463868141174
0.7814766764640808,0.7281764149665833,-0.19960519671440125,0.4011267125606537,0.6913380026817322,-0.2375163584947586
0.7817409038543701,0.7281766533851624,-0.19902876019477844,0.40031298995018005,0.6912633180618286,-0.22716858983039856
0.7822678089141846,0.7281873822212219,-0.19863452017307281,0.3999313414096832,0.6911808252334595,-0.20873400568962097
0.7827862501144409,0.7284345626831055,-0.19829590618610382,0.40013813972473145,0.6911782622337341,-0.20986180007457733
0.7835112810134888,0.7293307781219482,-0.20111742615699768,0.39992329478263855,0.6912814378738403,-0.21520169079303741
0.7851682305335999,0.7305454015731812,-0.20338089764118195,0.39990928769111633,0.6917851567268372,-0.21621806919574738
0.7878274917602539,0.7307443022727966,-0.20542962849140167,0.400200754404068,0.6919270753860474,-0.20305725932121277
0.7890920042991638,0.7310130000114441,-0.22184905409812927,0.40121889114379883,0.6919342279434204,-0.20088481903076172
0.7896803617477417,0.7309494018554688,-0.21473892033100128,0.40120983123779297,0.6919412016868591,-0.18052718043327332
0.7897061109542847,0.7309596538543701,-0.20590488612651825,0.4012012481689453,0.6919329166412354,-0.17890414595603943
0.7896949052810669,0.7309209704399109,-0.1893167495727539,0.4007992744445801,0.6922770738601685,-0.176885724067688
0.789846658706665,0.7306910157203674,-0.18947556614875793,0.4008048474788666,0.6923449039459229,-0.1799321472644806
0.789840579032898,0.7302612066268921,-0.19022099673748016,0.40087205171585083,0.6922338008880615,-0.1812167465686798
0.7898385524749756,0.7297057509422302,-0.18954643607139587,0.40198594331741333,0.6922352313995361,-0.18167723715305328
0.7898935675621033,0.7296164035797119,-0.18991003930568695,0.4039451479911804,0.692221462726593,-0.1848578155040741
0.7900039553642273,0.7296078205108643,-0.18958327174186707,0.4048948884010315,0.6924591660499573,-0.1879594624042511
0.7901291847229004,0.7295751571655273,-0.18748065829277039,0.4055933952331543,0.6925374865531921,-0.1859923154115677
0.789973795413971,0.7286271452903748,-0.18628761172294617,0.40615755319595337,0.6925119161605835,-0.1877399981021881
0.7898672223091125,0.7283087968826294,-0.18013224005699158,0.4062650799751282,0.692506730556488,-0.18459472060203552
0.789840817451477,0.7280455827713013,-0.17446599900722504,0.40676411986351013,0.6924363374710083,-0.1845448613166809
0.7895169854164124,0.7279268503189087,-0.17531101405620575,0.40680208802223206,0.6923279166221619,-0.18477150797843933
0.7892943024635315,0.7278732657432556,-0.17516812682151794,0.40687626600265503,0.6923065781593323,-0.18398691713809967
0.7891172170639038,0.7278504967689514,-0.17560632526874542,0.40707340836524963,0.6920870542526245,-0.1840839833021164
0.7891083359718323,0.7278172969818115,-0.17484143376350403,0.40704792737960815,0.6920652985572815,-0.17811629176139832
0.7889631986618042,0.7274458408355713,-0.17534402012825012,0.40698376297950745,0.691952109336853,-0.1781342774629593
0.7886810302734375,0.727165937423706,-0.16676056385040283,0.40696120262145996,0.691985011100769,-0.1702543944120407
0.7882640957832336,0.7270434498786926,-0.1758975237607956,0.4069286286830902,0.691981315612793,-0.18493114411830902
