0.65644371509552,0.7762359976768494,-0.2249622792005539,0.27989861369132996,0.7526288628578186,0.016015898436307907
0.6563723683357239,0.7764942049980164,-0.22156360745429993,0.2797432839870453,0.7522423267364502,0.004834664985537529
0.6561496257781982,0.7767863869667053,-0.2212475836277008,0.27965420484542847,0.7522455453872681,-0.012365588918328285
0.6559873819351196,0.7768468260765076,-0.21917524933815002,0.27960896492004395,0.7519726157188416,-0.01351212989538908
0.6556650400161743,0.7769895792007446,-0.21124856173992157,0.27950212359428406,0.7512744665145874,-0.013877163641154766
0.6554199457168579,0.7772032618522644,-0.21077796816825867,0.2794300317764282,0.7508643269538879,-0.015400869771838188
0.6554387807846069,0.7772210240364075,-0.19727393984794617,0.2793964445590973,0.7512046098709106,-0.010932172648608685
0.6553486585617065,0.7773447036743164,-0.19517816603183746,0.27937617897987366,0.7523282170295715,-0.028993289917707443
0.6552478075027466,0.777490496635437,-0.19015541672706604,0.2793346345424652,0.7558406591415405,-0.07302134484052658
0.6551916599273682,0.7775728702545166,-0.1687915027141571,0.2775941491127014,0.7573140263557434,-0.11047644913196564
0.6567271947860718,0.7784482836723328,-0.16844597458839417,0.2768682539463043,0.7680441737174988,-0.09426873177289963
0.6592726707458496,0.7819908261299133,-0.16973918676376343,0.27676016092300415,0.7775236964225769,-0.06761442124843597
0.6605980396270752,0.7826203107833862,-0.15553006529808044,0.2774217426776886,0.7805396914482117,-0.060112398117780685
0.6606773138046265,0.782695472240448,-0.1556774079799652,0.28125613927841187,0.7796130776405334,-0.04190678149461746
0.6606253385543823,0.7827007174491882,-0.14686962962150574,0.28118571639060974,0.7790006995201111,-0.042157940566539764
0.6605694890022278,0.7827972173690796,-0.1416110098361969,0.28049108386039734,0.7785813808441162,-0.04228419438004494
0.6602043509483337,0.7827781438827515,-0.14441052079200745,0.28025513887405396,0.77824866771698,-0.056729756295681
0.6597789525985718,0.7819239497184753,-0.13331465423107147,0.280200332403183,0.7778609395027161,-0.05644238740205765
0.6596735715866089,0.7816389799118042,-0.1283292919397354,0.28009772300720215,0.7775211930274963,-0.0453592948615551
0.6596249341964722,0.7815020084381104,-0.10196422040462494,0.2799159586429596,0.7759985327720642,-0.006715220399200916
0.6595909595489502,0.7806626558303833,-0.11030993610620499,0.27562057971954346,0.7723920941352844,-0.0445261187851429
0.6590911149978638,0.7795150876045227,-0.1146894246339798,0.2702638804912567,0.7694989442825317,-0.09517337381839752
0.6590545177459717,0.7787330746650696,-0.15479128062725067,0.2702491879463196,0.7677274346351624,-0.12593711912631989
0.6590287685394287,0.7772443294525146,-0.19735190272331238,0.2700527310371399,0.7675821781158447,-0.1287522166967392
0.657929539680481,0.7755873203277588,-0.20012684166431427,0.2694225013256073,0.7690784931182861,-0.15514561533927917
0.6578459143638611,0.7755877375602722,-0.24956361949443817,0.27448850870132446,0.7673280239105225,-0.13846048712730408
0.6589347720146179,0.7756683826446533,-0.25498566031455994,0.27524739503860474,0.7673001885414124,-0.1318160593509674
0.6599277853965759,0.7756710648536682,-0.27166882157325745,0.2753951847553253,0.767873227596283,-0.1484280526638031
0.6608370542526245,0.7757537364959717,-0.2911927103996277,0.2757917046546936,0.7700179219245911,-0.14361192286014557
0.6610890626907349,0.7757521271705627,-0.27262797951698303,0.2746381461620331,0.7709728479385376,-0.15357807278633118
0.6615578532218933,0.7757944464683533,-0.2760792374610901,0.2735251784324646,0.7715230584144592,-0.1601538509130478
0.6620718836784363,0.7760034203529358,-0.2948867976665497,0.26980799436569214,0.7728555202484131,-0.16741156578063965
0.6620582938194275,0.7758992910385132,-0.2844606041908264,0.26786094903945923,0.7735117673873901,-0.16258271038532257
0.6622053980827332,0.7758175134658813,-0.2781241536140442,0.26676470041275024,0.7735044956207275,-0.16177402436733246
0.6623968482017517,0.7755551934242249,-0.25198596715927124,0.2663520872592926,0.7741357088088989,-0.15547406673431396
0.6624701619148254,0.775629460811615,-0.2502972483634949,0.2662501633167267,0.7746248245239258,-0.15886250138282776
