0.6663659811019897,0.7689074873924255,-0.2770162522792816,0.2755376696586609,0.750751256942749,-0.1682462841272354
0.6669901609420776,0.7692252397537231,-0.27995550632476807,0.274961918592453,0.7507509589195251,-0.1667988896369934
0.6676965355873108,0.7700350880622864,-0.281284362077713,0.27435845136642456,0.7506723999977112,-0.1652456820011139
0.6684073209762573,0.7706231474876404,-0.3002665042877197,0.27224138379096985,0.7508653402328491,-0.1678873747587204
0.6685681939125061,0.770727813243866,-0.3193512558937073,0.27132362127304077,0.7509238719940186,-0.1627274751663208
0.6685422658920288,0.7723232507705688,-0.3135453760623932,0.27053555846214294,0.7520530819892883,-0.14526350796222687
0.6684899926185608,0.77268385887146,-0.31215164065361023,0.27034568786621094,0.7521759867668152,-0.13408491015434265
0.6682296991348267,0.7730095386505127,-0.2943483293056488,0.2697029709815979,0.7522614598274231,-0.150920569896698
0.6678639054298401,0.7732564210891724,-0.27077797055244446,0.26937025785446167,0.7524425983428955,-0.15875324606895447
0.6674566864967346,0.773422122001648,-0.2471504956483841,0.26935404539108276,0.7527743577957153,-0.16393248736858368
0.6671937108039856,0.7734365463256836,-0.24806976318359375,0.269599050283432,0.7531338930130005,-0.1748339980840683
0.667159378528595,0.7734472751617432,-0.254910409450531,0.26953062415122986,0.7540934085845947,-0.1786704808473587
0.6670495867729187,0.7736155390739441,-0.2606907784938812,0.2686610221862793,0.7555035352706909,-0.1789814531803131
0.666274905204773,0.7736603021621704,-0.2706334590911865,0.268439382314682,0.7559082508087158,-0.16828002035617828
0.6659858822822571,0.7737373113632202,-0.2729082703590393,0.26833146810531616,0.7564637660980225,-0.1652986705303192
0.6660149693489075,0.7737855315208435,-0.2877599596977234,0.2691524624824524,0.7580224871635437,-0.15505465865135193
0.6661441922187805,0.7737866640090942,-0.29538288712501526,0.27033573389053345,0.7593238949775696,-0.13963934779167175
0.6663209795951843,0.7731435298919678,-0.29466545581817627,0.273113489151001,0.7584553956985474,-0.10887917131185532
0.6666218042373657,0.7731419801712036,-0.28061801195144653,0.27346092462539673,0.7587156891822815,-0.11652477830648422
0.666449785232544,0.7724025249481201,-0.2553909420967102,0.27413201332092285,0.7588855028152466,-0.10258807986974716
0.6664125323295593,0.7725033164024353,-0.24613133072853088,0.2746763527393341,0.7634834051132202,-0.1532619297504425
0.6660881042480469,0.7727496027946472,-0.2617274224758148,0.2748605012893677,0.7700512409210205,-0.15772365033626556
0.6655722856521606,0.7727318406105042,-0.27344733476638794,0.27486452460289,0.7763471603393555,-0.1594858467578888
0.6656490564346313,0.7726665735244751,-0.2614275813102722,0.27553439140319824,0.7787355184555054,-0.1559060961008072
0.6663112640380859,0.7726525068283081,-0.2779432535171509,0.27542227506637573,0.7832270264625549,-0.17445477843284607
0.6663130521774292,0.7726526856422424,-0.2835620045661926,0.27369260787963867,0.784540593624115,-0.1856674998998642
0.6662997007369995,0.7728474140167236,-0.28487107157707214,0.2728811204433441,0.7854923009872437,-0.18598690629005432
0.6662632822990417,0.7729873061180115,-0.29654544591903687,0.2722083032131195,0.7873632907867432,-0.19431059062480927
0.6661788821220398,0.7729861736297607,-0.29564958810806274,0.26930302381515503,0.7896539568901062,-0.19158290326595306
0.6661608815193176,0.7729737162590027,-0.2952878177165985,0.26782745122909546,0.7916356325149536,-0.1891407072544098
0.6658528447151184,0.7728654742240906,-0.29546695947647095,0.2678421139717102,0.7924517393112183,-0.18553972244262695
0.6654362082481384,0.7721875905990601,-0.2953372001647949,0.2680867314338684,0.7921024560928345,-0.1812039315700531
0.6647398471832275,0.7713906168937683,-0.28373149037361145,0.26876121759414673,0.790898323059082,-0.17268586158752441
0.6646159887313843,0.7709816694259644,-0.2836697995662689,0.2698478400707245,0.7905197143554688,-0.16863414645195007
0.6646275520324707,0.7707615494728088,-0.2760249972343445,0.2711939215660095,0.7904409766197205,-0.16860607266426086
0.6646213531494141,0.7705991268157959,-0.2725209593772888,0.27164512872695923,0.7902018427848816,-0.16821017861366272
