0.6681225299835205,0.7750070095062256,-0.158926323056221,0.2804628014564514,0.7241353988647461,-0.19290421903133392
0.6664291620254517,0.7740407586097717,-0.15994344651699066,0.2802090644836426,0.7243923544883728,-0.19301462173461914
0.665507435798645,0.7728889584541321,-0.16040757298469543,0.27982285618782043,0.7246696949005127,-0.20046699047088623
0.6650457382202148,0.7725650668144226,-0.16652312874794006,0.278787761926651,0.7250778079032898,-0.20445311069488525
0.6641972661018372,0.7724226117134094,-0.16934171319007874,0.27786850929260254,0.725284993648529,-0.21731796860694885
0.6641955971717834,0.772307813167572,-0.1712317168712616,0.27707743644714355,0.7254354357719421,-0.22028028964996338
0.6655567288398743,0.7725359797477722,-0.18659138679504395,0.27658361196517944,0.7255628705024719,-0.21978247165679932
0.6673287153244019,0.7730926275253296,-0.20583108067512512,0.27518919110298157,0.7256180644035339,-0.216182142496109
0.6679925918579102,0.7732282280921936,-0.2025952786207199,0.27486228942871094,0.726402223110199,-0.2140928953886032
0.6681462526321411,0.7732749581336975,-0.20049813389778137,0.2748297154903412,0.7294189929962158,-0.19873574376106262
0.6681258678436279,0.7732346653938293,-0.20063099265098572,0.27503305673599243,0.7348805665969849,-0.19673120975494385
0.6680853962898254,0.7732530236244202,-0.19987133145332336,0.27483752369880676,0.7400314807891846,-0.18386518955230713
0.6679529547691345,0.7735130786895752,-0.1998760849237442,0.2749095857143402,0.7470117807388306,-0.18392488360404968
0.6655047535896301,0.7743142247200012,-0.19936895370483398,0.2750220000743866,0.7522959113121033,-0.18504741787910461
0.6641852259635925,0.774729311466217,-0.20099151134490967,0.275230348110199,0.7583677172660828,-0.1844494789838791
0.6628223061561584,0.7751786112785339,-0.20057030022144318,0.27523234486579895,0.7617148160934448,-0.1850835382938385
0.6629083752632141,0.7752774953842163,-0.19318580627441406,0.2752356231212616,0.7664045691490173,-0.14266377687454224
0.6629176139831543,0.7752167582511902,-0.15487341582775116,0.2758059799671173,0.7681891322135925,-0.12104735523462296
0.6630291938781738,0.775211751461029,-0.15486416220664978,0.27657395601272583,0.7704579830169678,-0.12741237878799438
0.663489818572998,0.7752512693405151,-0.12433183193206787,0.2777172029018402,0.7755960822105408,-0.10268314182758331
0.6637952923774719,0.775353729724884,-0.1492120921611786,0.2807278037071228,0.7789542078971863,-0.14980261027812958
0.6642318367958069,0.7753445506095886,-0.17923948168754578,0.28176388144493103,0.7792266607284546,-0.16017165780067444
0.6650243997573853,0.7746073007583618,-0.1881575882434845,0.2823266088962555,0.7788581252098083,-0.16835913062095642
0.6651884913444519,0.7738645076751709,-0.21267183125019073,0.28234055638313293,0.7784772515296936,-0.16752643883228302
0.6653028726577759,0.7731444239616394,-0.21244290471076965,0.2823866009712219,0.778252899646759,-0.16452325880527496
0.6655842065811157,0.7727162837982178,-0.20957644283771515,0.28239136934280396,0.7781524062156677,-0.16344545781612396
0.6658800840377808,0.7725569009780884,-0.20785236358642578,0.28237026929855347,0.7781680226325989,-0.16953912377357483
0.6658931970596313,0.7723560333251953,-0.20725850760936737,0.2822265028953552,0.7780372500419617,-0.1695941835641861
0.6659044027328491,0.7721045017242432,-0.20416101813316345,0.28233376145362854,0.7779037356376648,-0.16973119974136353
0.6661195755004883,0.772095263004303,-0.20165352523326874,0.2828540802001953,0.7778293490409851,-0.16957220435142517
0.6661806702613831,0.772102415561676,-0.16714802384376526,0.28258126974105835,0.7782868146896362,-0.17152997851371765
0.6662205457687378,0.7720476388931274,-0.16927123069763184,0.2826206684112549,0.7789266705513,-0.171510249376297
0.6662920713424683,0.7718335390090942,-0.16336172819137573,0.2827501595020294,0.7794533371925354,-0.16022253036499023
0.6664102077484131,0.7717793583869934,-0.1649506390094757,0.2836390435695648,0.7794387936592102,-0.1606626659631729
0.6665505170822144,0.7717645764350891,-0.16363045573234558,0.2841742932796478,0.7793756127357483,-0.15410065650939941
0.6666914224624634,0.7706577181816101,-0.16330912709236145,0.2849116027355194,0.7770353555679321,-0.14615970849990845
