0.661320149898529,0.7744370698928833,-0.16298843920230865,0.2718386650085449,0.7324530482292175,-0.1732950359582901
0.6612806916236877,0.7744514346122742,-0.16290953755378723,0.2721131145954132,0.7323678135871887,-0.17345431447029114
0.6612598896026611,0.7744365930557251,-0.1625320166349411,0.27223098278045654,0.7323289513587952,-0.1735849678516388
0.6612354516983032,0.7744139432907104,-0.16093523800373077,0.2723850607872009,0.7319664359092712,-0.16903811693191528
0.6613214612007141,0.7748240828514099,-0.16870597004890442,0.2723800539970398,0.7319869995117188,-0.16947700083255768
0.6613172292709351,0.7748008370399475,-0.16812995076179504,0.2719123065471649,0.7320082187652588,-0.1695057451725006
0.6613320112228394,0.774850070476532,-0.1634347140789032,0.27187395095825195,0.7320204973220825,-0.16803869605064392
0.6613820791244507,0.7750219702720642,-0.16073116660118103,0.2716032862663269,0.7323809266090393,-0.16675889492034912
0.6613857746124268,0.7750195860862732,-0.1575867384672165,0.27123910188674927,0.7323783040046692,-0.16712519526481628
0.6613062024116516,0.7749396562576294,-0.1575566679239273,0.270591676235199,0.7323410511016846,-0.1794990599155426
0.6613007187843323,0.7749444246292114,-0.1698884218931198,0.2695699632167816,0.7323210835456848,-0.2036706954240799
0.6613122224807739,0.7749034762382507,-0.1741221845149994,0.26935094594955444,0.7321459054946899,-0.2135852575302124
0.6612727046012878,0.7745611667633057,-0.17919622361660004,0.2692785859107971,0.7325167059898376,-0.20929160714149475
0.661115825176239,0.7741257548332214,-0.1943967193365097,0.26825958490371704,0.734559953212738,-0.2067597210407257
0.6609746217727661,0.7738065123558044,-0.20105448365211487,0.26750561594963074,0.7357670664787292,-0.2073562890291214
0.6607010364532471,0.7735929489135742,-0.19986596703529358,0.2676045000553131,0.7357617616653442,-0.2174258977174759
0.6603554487228394,0.7736713290214539,-0.2035219371318817,0.2672886550426483,0.7359001636505127,-0.24106153845787048
0.6601310968399048,0.77381432056427,-0.21003708243370056,0.26755455136299133,0.7358139157295227,-0.23873038589954376
0.6599969267845154,0.7738237977027893,-0.2153310775756836,0.2684307098388672,0.7357355952262878,-0.21300330758094788
0.6599572896957397,0.773690938949585,-0.2222292125225067,0.27135053277015686,0.7350248098373413,-0.18647529184818268
0.6592022180557251,0.773387610912323,-0.2232969105243683,0.2725446820259094,0.7354941964149475,-0.1409195065498352
0.6585625410079956,0.7731228470802307,-0.22111889719963074,0.2732601761817932,0.7358810901641846,-0.1356479823589325
0.6582913994789124,0.7723233103752136,-0.20214316248893738,0.27360087633132935,0.7351369857788086,-0.10854420810937881
0.6580633521080017,0.7718522548675537,-0.20302042365074158,0.2735895812511444,0.7332383394241333,-0.12457756698131561
0.6576395034790039,0.7706589102745056,-0.2025841921567917,0.27358826994895935,0.7305142283439636,-0.12789735198020935
0.6573963165283203,0.7702445983886719,-0.200654074549675,0.2734450697898865,0.7300910353660583,-0.13450051844120026
0.6572290658950806,0.7700818777084351,-0.20068645477294922,0.27347201108932495,0.7300971150398254,-0.15073835849761963
0.6570459008216858,0.7698091864585876,-0.2008928507566452,0.27337712049484253,0.7302748560905457,-0.17058679461479187
0.6570144891738892,0.7693607807159424,-0.20084154605865479,0.2733273506164551,0.7302922010421753,-0.1706492006778717
0.656989574432373,0.76912921667099,-0.20027466118335724,0.2733938992023468,0.7305241227149963,-0.16141745448112488
0.6569023132324219,0.768970787525177,-0.20623421669006348,0.27339962124824524,0.7313896417617798,-0.16855955123901367
0.656886875629425,0.7689494490623474,-0.2061367928981781,0.27339038252830505,0.7339928150177002,-0.17188596725463867
0.6567474603652954,0.7689323425292969,-0.21247534453868866,0.2731497883796692,0.7355233430862427,-0.19033846259117126
0.656723141670227,0.7689093947410583,-0.2142108976840973,0.272983580827713,0.7373890280723572,-0.19549208879470825
0.6567069888114929,0.7689470052719116,-0.21927683055400848,0.27296188473701477,0.7378849387168884,-0.1968858540058136
0.6567049026489258,0.7689904570579529,-0.21964013576507568,0.2728763222694397,0.7386634349822998,-0.19560202956199646
