0.6643232107162476,0.7791715264320374,-0.16697248816490173,0.2822917401790619,0.7947384119033813,-0.15949459373950958
0.6646381616592407,0.7792150974273682,-0.1671256721019745,0.28231507539749146,0.7945879697799683,-0.15906991064548492
0.665039598941803,0.7790887951850891,-0.188510462641716,0.28467410802841187,0.7937422394752502,-0.1542244553565979
0.6659795045852661,0.7792752385139465,-0.21367764472961426,0.28476330637931824,0.7925649881362915,-0.15600350499153137
0.6670640707015991,0.7798136472702026,-0.2240980565547943,0.2850213646888733,0.7872593402862549,-0.17435015738010406
0.6675730347633362,0.7808974385261536,-0.207217738032341,0.28509947657585144,0.7778416275978088,-0.18599270284175873
0.6680431962013245,0.7811316251754761,-0.18637557327747345,0.2857959568500519,0.762498140335083,-0.18759594857692719
0.6680486798286438,0.7814609408378601,-0.16691246628761292,0.2853988707065582,0.7623573541641235,-0.1897718906402588
0.6680259108543396,0.7814158797264099,-0.1586611568927765,0.28541573882102966,0.7635055184364319,-0.189751997590065
0.667339026927948,0.7809452414512634,-0.1253373771905899,0.2814291715621948,0.7660424113273621,-0.2061775177717209
0.6672185063362122,0.780762791633606,-0.135352224111557,0.2790241241455078,0.7676218748092651,-0.22259032726287842
0.6671026349067688,0.7800483703613281,-0.14583924412727356,0.2790014445781708,0.7729388475418091,-0.21910405158996582
0.6675692796707153,0.7797626256942749,-0.17934420704841614,0.2872704267501831,0.7743669748306274,-0.21376685798168182
0.6680485606193542,0.7796069383621216,-0.22638452053070068,0.29174816608428955,0.7745168805122375,-0.1892489492893219
0.668118953704834,0.7796029448509216,-0.2324521541595459,0.29258155822753906,0.7751173377037048,-0.18918539583683014
0.668091893196106,0.779507040977478,-0.218263179063797,0.29249992966651917,0.7751805186271667,-0.18582698702812195
0.6680789589881897,0.7796566486358643,-0.18266116082668304,0.29201096296310425,0.7764450907707214,-0.1859768182039261
0.6680704355239868,0.7799436450004578,-0.17620104551315308,0.2916596233844757,0.7783153057098389,-0.18731078505516052
0.6680439710617065,0.7799870371818542,-0.17649471759796143,0.29153844714164734,0.7783830165863037,-0.18565736711025238
0.6679707765579224,0.7799888849258423,-0.1661904752254486,0.29140597581863403,0.7784395217895508,-0.1819412112236023
0.6679667234420776,0.7799826264381409,-0.15050075948238373,0.2891479730606079,0.7785958051681519,-0.18548379838466644
0.6680074334144592,0.7803266644477844,-0.15182660520076752,0.2890687882900238,0.7792076468467712,-0.18152981996536255
0.6683617830276489,0.7807959318161011,-0.1529284119606018,0.2892765402793884,0.7815942764282227,-0.16301947832107544
0.66884845495224,0.7814689874649048,-0.19763250648975372,0.2892219126224518,0.7835462689399719,-0.1718979924917221
0.6691496968269348,0.7825924754142761,-0.2199353724718094,0.2891029119491577,0.7844671607017517,-0.18447408080101013
0.6688432693481445,0.7832080125808716,-0.19145232439041138,0.2871958017349243,0.7847030162811279,-0.19830551743507385
0.6677773594856262,0.784359872341156,-0.1738002896308899,0.285735547542572,0.7844352722167969,-0.23899181187152863
0.6628372669219971,0.7844280004501343,-0.11831776797771454,0.2827630341053009,0.7791187763214111,-0.32051289081573486
0.660828173160553,0.7844100594520569,-0.1146695613861084,0.28216591477394104,0.7770807147026062,-0.2959612011909485
0.6596571207046509,0.7835533618927002,-0.12477856874465942,0.282051682472229,0.772973895072937,-0.2817520201206207
0.659613847732544,0.7840232253074646,-0.15657618641853333,0.2819574475288391,0.771636426448822,-0.2740217447280884
0.6596959829330444,0.7846925258636475,-0.1684541404247284,0.28184598684310913,0.772062361240387,-0.25093087553977966
0.6598502397537231,0.7846871018409729,-0.1922762244939804,0.2801583409309387,0.7773741483688354,-0.2294132262468338
0.6598986983299255,0.7846789956092834,-0.19739168882369995,0.2805439531803131,0.779658317565918,-0.193402960896492
0.6600029468536377,0.7846704125404358,-0.2226601094007492,0.28098803758621216,0.7820059657096863,-0.19188855588436127
0.6601191759109497,0.784633219242096,-0.22148427367210388,0.2800261378288269,0.7852690815925598,-0.19685406982898712
