0.6016438603401184,0.7642556428909302,-0.1260291039943695,0.2419501096010208,0.7296072840690613,-0.2952686846256256
0.6016485691070557,0.7642508149147034,-0.12956799566745758,0.2412557601928711,0.7297667264938354,-0.2956128716468811
0.6016573309898376,0.764154314994812,-0.12575681507587433,0.24094927310943604,0.7299224734306335,-0.28795522451400757
0.6014597415924072,0.7641108632087708,-0.1252591907978058,0.2401835173368454,0.729944109916687,-0.28994423151016235
0.6014619469642639,0.7641298174858093,-0.12485208362340927,0.23982246220111847,0.7298848628997803,-0.29060637950897217
0.6014536023139954,0.7642816305160522,-0.12446119636297226,0.2397957593202591,0.7299416065216064,-0.29263320565223694
0.6014312505722046,0.7645652294158936,-0.12711797654628754,0.2397470921278,0.7299785614013672,-0.29311415553092957
0.601433277130127,0.7647876739501953,-0.12900157272815704,0.2391255646944046,0.7300133109092712,-0.2951306998729706
0.6014341115951538,0.7653265595436096,-0.12965919077396393,0.23804569244384766,0.7295249700546265,-0.2934454083442688
0.6014313697814941,0.7655820846557617,-0.1331896334886551,0.23627117276191711,0.7294048070907593,-0.30086976289749146
0.6013693809509277,0.7657415270805359,-0.1329367458820343,0.23490726947784424,0.7283911108970642,-0.30095359683036804
0.6009977459907532,0.7657517194747925,-0.13542811572551727,0.2321488857269287,0.725530743598938,-0.2986425757408142
0.6009955406188965,0.7658649682998657,-0.1388617753982544,0.23047716915607452,0.7255164384841919,-0.2892443835735321
0.6009933352470398,0.7662979364395142,-0.14387765526771545,0.22802069783210754,0.7255452275276184,-0.27929872274398804
0.6010167598724365,0.7666099071502686,-0.14643891155719757,0.2272978574037552,0.7255694270133972,-0.27959728240966797
0.60118567943573,0.767703115940094,-0.14993567764759064,0.22692103683948517,0.7266197204589844,-0.30223947763442993
0.6013299226760864,0.7684795260429382,-0.1529896855354309,0.22587041556835175,0.7279643416404724,-0.3038296699523926
0.6014535427093506,0.7688278555870056,-0.16106590628623962,0.22424697875976562,0.7287939190864563,-0.30415576696395874
0.6023226976394653,0.7691842317581177,-0.161375492811203,0.2242099493741989,0.7293806672096252,-0.3039511740207672
0.6033741235733032,0.7692629098892212,-0.17229574918746948,0.22422266006469727,0.7293950915336609,-0.31589919328689575
0.6037036180496216,0.7692806124687195,-0.17216329276561737,0.22427289187908173,0.7293804883956909,-0.3156718909740448
0.6040210723876953,0.7692966461181641,-0.1714469939470291,0.22658312320709229,0.7287648916244507,-0.27532094717025757
0.6045099496841431,0.7694162130355835,-0.16925013065338135,0.22808906435966492,0.7287256717681885,-0.2713390588760376
0.6047253012657166,0.7693985104560852,-0.16804742813110352,0.2305837869644165,0.7292333245277405,-0.2710731029510498
0.6051192879676819,0.7693729400634766,-0.1672096997499466,0.23269538581371307,0.7301179766654968,-0.2663814425468445
0.605242133140564,0.7693812847137451,-0.16659654676914215,0.23434770107269287,0.7317582368850708,-0.2609894275665283
0.6055618524551392,0.7693890929222107,-0.1669737994670868,0.23526135087013245,0.7351856827735901,-0.2613038718700409
0.6061149835586548,0.769457221031189,-0.16735616326332092,0.23591983318328857,0.7398999929428101,-0.26036500930786133
0.6065372228622437,0.7694386839866638,-0.16671812534332275,0.23602023720741272,0.7411783933639526,-0.2613578140735626
0.6072267293930054,0.769018828868866,-0.16721387207508087,0.23610898852348328,0.7414700984954834,-0.26198428869247437
0.6080053448677063,0.7689741253852844,-0.16708797216415405,0.2361610382795334,0.7416432499885559,-0.2585435211658478
0.6097735166549683,0.7685970664024353,-0.16651733219623566,0.2369382083415985,0.7419326305389404,-0.250179648399353
0.611513078212738,0.7685849666595459,-0.164234921336174,0.23826801776885986,0.7419417500495911,-0.23889045417308807
0.6123683452606201,0.7684262990951538,-0.15789511799812317,0.23956961929798126,0.7421262264251709,-0.19687291979789734
0.6129783987998962,0.7684229612350464,-0.15732033550739288,0.2405577003955841,0.7426117062568665,-0.20203495025634766
0.613034188747406,0.7684455513954163,-0.1560751050710678,0.24061934649944305,0.742759108543396,-0.20258000493049622
