0.6632944941520691,0.7797307372093201,-0.1753932684659958,0.28913378715515137,0.7598709464073181,-0.1226058229804039
0.6633530855178833,0.7796363234519958,-0.16492007672786713,0.289752721786499,0.7606753706932068,-0.11738644540309906
0.6637076139450073,0.7794773578643799,-0.16494980454444885,0.2907606363296509,0.7617656588554382,-0.10692881047725677
0.6639170050621033,0.7794713973999023,-0.1555170863866806,0.29067832231521606,0.7671591639518738,-0.10949411243200302
0.6654260754585266,0.7796092629432678,-0.15579620003700256,0.2909054756164551,0.7711139917373657,-0.11053699254989624
0.6669070720672607,0.7798885107040405,-0.1567637175321579,0.29103991389274597,0.7744178175926208,-0.0935150533914566
0.6687045693397522,0.7798835635185242,-0.16497765481472015,0.2911624610424042,0.7748802900314331,-0.09374599158763885
0.6697142720222473,0.7805559635162354,-0.16538909077644348,0.29176220297813416,0.774868369102478,-0.09291879832744598
0.6695597171783447,0.7806587219238281,-0.17813731729984283,0.2927447557449341,0.77511066198349,-0.09527067840099335
0.669471025466919,0.7807502150535583,-0.19649551808834076,0.2925662696361542,0.7784643769264221,-0.09690290689468384
0.6694280505180359,0.7812176942825317,-0.20474103093147278,0.29223543405532837,0.7808347344398499,-0.09810766577720642
0.6692167520523071,0.782248318195343,-0.20073775947093964,0.2916291356086731,0.7846556901931763,-0.09845871478319168
0.6691399812698364,0.7824288606643677,-0.20840680599212646,0.2927466332912445,0.7853142023086548,-0.08015476912260056
0.6688629984855652,0.7823495268821716,-0.23351609706878662,0.29351067543029785,0.7852868437767029,-0.07530345767736435
0.6677990555763245,0.7823441624641418,-0.22567014396190643,0.29206016659736633,0.7862496972084045,-0.10491682589054108
0.6675224304199219,0.7823566198348999,-0.22456064820289612,0.2917689383029938,0.7869648337364197,-0.10698287189006805
0.6668367981910706,0.7824960947036743,-0.22239215672016144,0.29097306728363037,0.7872510552406311,-0.12694832682609558
0.6663931608200073,0.7826785445213318,-0.2083100825548172,0.2904060482978821,0.7889405488967896,-0.12495925277471542
0.6661079525947571,0.7826856374740601,-0.2081151306629181,0.29028165340423584,0.7895706295967102,-0.12841342389583588
0.6658922433853149,0.7827180027961731,-0.20851242542266846,0.29026633501052856,0.7907841801643372,-0.13499554991722107
0.6658398509025574,0.7827751040458679,-0.21185052394866943,0.2902505695819855,0.7919867038726807,-0.13952626287937164
0.6657937169075012,0.782784640789032,-0.21282227337360382,0.2902774214744568,0.7924544811248779,-0.14678725600242615
0.6657546758651733,0.7827889919281006,-0.20854440331459045,0.2904290556907654,0.7928063273429871,-0.15075989067554474
0.6657530069351196,0.78279048204422,-0.2085256278514862,0.2905014753341675,0.7938801050186157,-0.14869225025177002
0.6658883094787598,0.7827543616294861,-0.2088005542755127,0.2905810475349426,0.7944930195808411,-0.1488252580165863
0.6659656763076782,0.782759428024292,-0.21532750129699707,0.29063913226127625,0.7944901585578918,-0.1522950828075409
0.6664660573005676,0.7828816175460815,-0.24047425389289856,0.2906167507171631,0.7948454022407532,-0.164285808801651
0.6666224598884583,0.7831265926361084,-0.23846690356731415,0.290580153465271,0.794867217540741,-0.1677674502134323
0.667079508304596,0.7837194204330444,-0.25068211555480957,0.2905395030975342,0.7950026988983154,-0.16704408824443817
0.6672737002372742,0.7841933965682983,-0.2624116837978363,0.29053670167922974,0.7949897646903992,-0.15167538821697235
0.6674801111221313,0.7848564386367798,-0.25717929005622864,0.2905343174934387,0.7949577569961548,-0.1475886106491089
0.6677634716033936,0.785203754901886,-0.25978904962539673,0.2905380129814148,0.7949837446212769,-0.14845076203346252
0.6677660942077637,0.7857449650764465,-0.26084715127944946,0.29079049825668335,0.7943522930145264,-0.1455792635679245
0.6679664254188538,0.7859360575675964,-0.26778268814086914,0.29085153341293335,0.79438716173172,-0.11838720738887787
0.6683171987533569,0.7859247922897339,-0.26757851243019104,0.2908531427383423,0.7944453954696655,-0.11929210275411606
0.6688989400863647,0.7855440378189087,-0.26654186844825745,0.29118332266807556,0.7946613430976868,-0.12081676721572876
