0.7113441824913025,0.6031175255775452,-0.2121814489364624,0.29227960109710693,0.5883567929267883,-0.13263727724552155
0.7115188241004944,0.6038151979446411,-0.22918567061424255,0.29231929779052734,0.5883821845054626,-0.1326940357685089
0.7123061418533325,0.6046143770217896,-0.22788281738758087,0.2922573387622833,0.5889635682106018,-0.13071337342262268
0.7127013206481934,0.604605495929718,-0.2332162857055664,0.2922772765159607,0.5891937613487244,-0.13153794407844543
0.7129668593406677,0.6045969128608704,-0.23270590603351593,0.29226750135421753,0.5892766714096069,-0.1316414773464203
0.7132543325424194,0.6047297120094299,-0.23595520853996277,0.29221898317337036,0.5896285772323608,-0.13222834467887878
0.7132650017738342,0.6047356724739075,-0.23573632538318634,0.2895820438861847,0.5897988677024841,-0.13689182698726654
0.7132720351219177,0.6047214269638062,-0.2361074984073639,0.2893741726875305,0.5905399322509766,-0.1465441882610321
0.7133244872093201,0.6046801209449768,-0.2390444278717041,0.2892675995826721,0.5907511115074158,-0.14872124791145325
0.7133015394210815,0.6046637892723083,-0.23876944184303284,0.28993967175483704,0.5905457735061646,-0.15503080189228058
0.7132858037948608,0.6044220328330994,-0.23865798115730286,0.2902848422527313,0.590275228023529,-0.1594858318567276
0.7133280038833618,0.6048265695571899,-0.2407900094985962,0.2902854084968567,0.5897900462150574,-0.16154253482818604
0.7133166790008545,0.6063432097434998,-0.24274131655693054,0.29055994749069214,0.5894157886505127,-0.16135479509830475
0.7129079103469849,0.6068964004516602,-0.2426438331604004,0.29087749123573303,0.5879421234130859,-0.15285466611385345
0.7125855684280396,0.6073725819587708,-0.24677233397960663,0.2894478440284729,0.584760844707489,-0.1528492271900177
0.7122539281845093,0.6073917150497437,-0.24726605415344238,0.28850826621055603,0.5836522579193115,-0.15151093900203705
0.7115004062652588,0.6069868803024292,-0.2470243275165558,0.28804200887680054,0.5815224051475525,-0.1515241116285324
0.7114400267601013,0.6061999201774597,-0.2289772778749466,0.2880687117576599,0.58139967918396,-0.1511642187833786
0.7111272811889648,0.6048732399940491,-0.21557970345020294,0.2880781888961792,0.5814543962478638,-0.1512192040681839
0.7105751037597656,0.6038725972175598,-0.2030637562274933,0.28730273246765137,0.5805193781852722,-0.1527358591556549
0.7099193334579468,0.6026658415794373,-0.19384613633155823,0.284824013710022,0.5801378488540649,-0.1536937803030014
0.7097004652023315,0.6020547747612,-0.1944139301776886,0.2842159867286682,0.5800968408584595,-0.15367595851421356
0.7096904516220093,0.6024008393287659,-0.18449464440345764,0.2814122140407562,0.5873110890388489,-0.15059106051921844
0.7100489139556885,0.6039093136787415,-0.1870356798171997,0.28015005588531494,0.5943971872329712,-0.1503984034061432
0.710045337677002,0.6040104031562805,-0.1893087774515152,0.2807852327823639,0.5953386425971985,-0.1494206041097641
0.7100847959518433,0.605712354183197,-0.23789742588996887,0.28085213899612427,0.6026787161827087,-0.24887999892234802
0.7092826962471008,0.6054399013519287,-0.28486233949661255,0.27370840311050415,0.6151506304740906,-0.26444369554519653
0.7090345621109009,0.6053961515426636,-0.30867674946784973,0.2739858627319336,0.6178922057151794,-0.26329854130744934
0.7071910500526428,0.6051610112190247,-0.3130730986595154,0.27304330468177795,0.6204661130905151,-0.26865270733833313
0.7070935368537903,0.6036614179611206,-0.29607754945755005,0.2718184292316437,0.6255368590354919,-0.26496925950050354
0.7063979506492615,0.5995455980300903,-0.2878229022026062,0.2719675898551941,0.6251192688941956,-0.26654863357543945
0.7059741616249084,0.5965890884399414,-0.30265623331069946,0.2718311846256256,0.6243133544921875,-0.28105252981185913
0.7047337889671326,0.5946587324142456,-0.295596718788147,0.2708319127559662,0.6238754987716675,-0.29929235577583313
0.7033289074897766,0.5933769345283508,-0.28716012835502625,0.27052822709083557,0.623425304889679,-0.29190319776535034
0.6999689340591431,0.592154324054718,-0.2709074318408966,0.2703460156917572,0.6231040358543396,-0.2933494448661804
0.6983581781387329,0.5911781191825867,-0.2699105441570282,0.270301878452301,0.6228085160255432,-0.2912026643753052
