0.785171389579773,0.7285254001617432,-0.197980135679245,0.3982159495353699,0.6954476833343506,-0.15567180514335632
0.7847164869308472,0.7288514375686646,-0.19986005127429962,0.39778995513916016,0.6955301761627197,-0.15627476572990417
0.7846441268920898,0.7293254137039185,-0.2036600112915039,0.3978200852870941,0.6955864429473877,-0.16389456391334534
0.7845871448516846,0.729226291179657,-0.20341086387634277,0.3978336751461029,0.695529580116272,-0.1632031351327896
0.7844995260238647,0.7293418049812317,-0.20927739143371582,0.3978565037250519,0.6955021619796753,-0.18392422795295715
0.784503161907196,0.7297984957695007,-0.19914308190345764,0.3978782296180725,0.6952068209648132,-0.17716607451438904
0.7845011949539185,0.7299012541770935,-0.19326698780059814,0.3984082341194153,0.6951620578765869,-0.17666858434677124
0.7844904661178589,0.729945719242096,-0.19315865635871887,0.39856165647506714,0.696394145488739,-0.17772260308265686
0.7842248678207397,0.7301434874534607,-0.1986980140209198,0.3985837399959564,0.696678876876831,-0.18695040047168732
0.7840715646743774,0.7302935719490051,-0.19851532578468323,0.39798322319984436,0.6971533298492432,-0.18677346408367157
0.7834566235542297,0.7300421595573425,-0.19679930806159973,0.3979454040527344,0.697259783744812,-0.19066177308559418
0.7832549810409546,0.7293431758880615,-0.190604567527771,0.39795440435409546,0.695972204208374,-0.18975427746772766
0.7830466032028198,0.7283754944801331,-0.18943972885608673,0.3973628580570221,0.695647120475769,-0.1845422089099884
0.7827061414718628,0.7281245589256287,-0.18152102828025818,0.3970186114311218,0.6940717101097107,-0.17665699124336243
0.7825244665145874,0.7271905541419983,-0.17899781465530396,0.3966742157936096,0.6935097575187683,-0.16746410727500916
0.781849205493927,0.7272326946258545,-0.17327234148979187,0.394650399684906,0.6941491365432739,-0.1703585982322693
0.7818683385848999,0.7270581722259521,-0.1718611717224121,0.3956056833267212,0.69483882188797,-0.16858111321926117
0.782823920249939,0.7272999882698059,-0.18248601257801056,0.395808607339859,0.6954208612442017,-0.16881310939788818
0.7843431234359741,0.7275919318199158,-0.18570628762245178,0.39598873257637024,0.6954584121704102,-0.15855710208415985
0.7850390672683716,0.7275959253311157,-0.1856849044561386,0.3962332606315613,0.6962783336639404,-0.14310134947299957
0.7862794995307922,0.7276908755302429,-0.18722102046012878,0.3965575397014618,0.6965318918228149,-0.1422850787639618
0.7876015901565552,0.7283226847648621,-0.18854215741157532,0.39662081003189087,0.6981049180030823,-0.1408396065235138
0.7886117696762085,0.7301404476165771,-0.20556676387786865,0.3969865143299103,0.6987612247467041,-0.1495734602212906
0.7896095514297485,0.731552243232727,-0.209166020154953,0.3969586491584778,0.6994536519050598,-0.1493377387523651
0.7896462082862854,0.7322145700454712,-0.21995043754577637,0.39681777358055115,0.6997901201248169,-0.16499927639961243
0.7896009683609009,0.7331139445304871,-0.22068488597869873,0.3966636061668396,0.7002061009407043,-0.17069564759731293
0.7897499799728394,0.7334489226341248,-0.2271898090839386,0.396662175655365,0.7004640102386475,-0.18031999468803406
0.7897420525550842,0.73394376039505,-0.2282869517803192,0.39630812406539917,0.700762927532196,-0.19147168099880219
0.7897320985794067,0.7341726422309875,-0.2271966189146042,0.3963039517402649,0.7007817625999451,-0.1981070190668106
0.7898640036582947,0.7352922558784485,-0.21991503238677979,0.39606624841690063,0.7011406421661377,-0.19504941999912262
0.7899436950683594,0.7355527281761169,-0.22498182952404022,0.3959958553314209,0.70146244764328,-0.2010669708251953
0.7899372577667236,0.7355619668960571,-0.22327013313770294,0.3960112929344177,0.7014749646186829,-0.19892528653144836
0.7899322509765625,0.7356081008911133,-0.21934373676776886,0.3958844840526581,0.70149165391922,-0.19777098298072815
0.7899409532546997,0.7353237271308899,-0.21916630864143372,0.3955135941505432,0.7016785740852356,-0.19690817594528198
0.7899227738380432,0.7345691323280334,-0.20906512439250946,0.39548608660697937,0.701712965965271,-0.19630929827690125
0.7898889780044556,0.7345658540725708,-0.20881828665733337,0.395250141620636,0.7023724317550659,-0.1966559886932373
