0.7155359387397766,0.6128307580947876,-0.25745487213134766,0.28190773725509644,0.5873528718948364,-0.224319189786911
0.7155848741531372,0.614664614200592,-0.25851327180862427,0.28185755014419556,0.5873921513557434,-0.2247021198272705
0.715634286403656,0.6154756546020508,-0.2635202407836914,0.281756192445755,0.587670087814331,-0.22686536610126495
0.7160764932632446,0.6149138808250427,-0.2639852464199066,0.28133466839790344,0.5890333652496338,-0.23117610812187195
0.7160775661468506,0.6144737601280212,-0.25869423151016235,0.28129512071609497,0.5892754197120667,-0.23122498393058777
0.716098427772522,0.6127365231513977,-0.2631368339061737,0.2811163067817688,0.589336097240448,-0.23124799132347107
0.7160805463790894,0.6117374897003174,-0.2994007468223572,0.2805823087692261,0.5893860459327698,-0.24296483397483826
0.7160950899124146,0.6109182238578796,-0.29735347628593445,0.28051382303237915,0.5884406566619873,-0.2425447255373001
0.7161356210708618,0.6107962727546692,-0.29466527700424194,0.28014934062957764,0.5887234210968018,-0.24279868602752686
0.7161350250244141,0.6105504631996155,-0.28639131784439087,0.28010162711143494,0.587458074092865,-0.23724088072776794
0.7161296606063843,0.6105321645736694,-0.2702322006225586,0.28000912070274353,0.5861675143241882,-0.22136834263801575
0.7159701585769653,0.6105131506919861,-0.2576098144054413,0.2802067995071411,0.5857108235359192,-0.2121410369873047
0.7155700325965881,0.6104920506477356,-0.23803067207336426,0.2801711857318878,0.5845158696174622,-0.20570318400859833
0.7154791355133057,0.6105319857597351,-0.23309791088104248,0.28016966581344604,0.582452118396759,-0.19751976430416107
0.7153657078742981,0.6104891896247864,-0.2402919977903366,0.28022971749305725,0.577792763710022,-0.19911344349384308
0.7153754234313965,0.6104273200035095,-0.25309422612190247,0.2836570143699646,0.5736850500106812,-0.1973416805267334
0.7150604128837585,0.6090186834335327,-0.24491754174232483,0.28620097041130066,0.5718163251876831,-0.20201078057289124
0.714394211769104,0.6077553629875183,-0.23861399292945862,0.28679609298706055,0.5759093761444092,-0.20227248966693878
0.7125909328460693,0.6044723391532898,-0.23644451797008514,0.2867228090763092,0.5790882706642151,-0.2006647288799286
0.7121509313583374,0.6043301224708557,-0.2314417064189911,0.28658393025398254,0.5847947597503662,-0.20106224715709686
0.7116667032241821,0.60438472032547,-0.2326149046421051,0.2865493893623352,0.5896540284156799,-0.1993677020072937
0.7114239931106567,0.6046221852302551,-0.2329331934452057,0.2857402563095093,0.5936204195022583,-0.19973798096179962
0.7102904915809631,0.6040164828300476,-0.2285851240158081,0.2852793335914612,0.5952032208442688,-0.19838424026966095
0.7096919417381287,0.6040262579917908,-0.22889122366905212,0.28428518772125244,0.5964781641960144,-0.19684341549873352
0.7096731662750244,0.6038845777511597,-0.23742535710334778,0.28543347120285034,0.6013143062591553,-0.18032529950141907
0.7096729874610901,0.6038326621055603,-0.2473420351743698,0.28729063272476196,0.6052719950675964,-0.16989849507808685
0.709648072719574,0.603825032711029,-0.28524428606033325,0.28800302743911743,0.6120251417160034,-0.16818639636039734
0.7096901535987854,0.6041377186775208,-0.27999740839004517,0.2880092263221741,0.6203577518463135,-0.16878308355808258
0.7097001671791077,0.6044437885284424,-0.2781694531440735,0.2880367636680603,0.624387800693512,-0.16984324157238007
0.7096866369247437,0.6043844223022461,-0.2802997827529907,0.2892792522907257,0.6256524920463562,-0.17181888222694397
0.7096185088157654,0.6042371392250061,-0.2802514433860779,0.2908664345741272,0.6255677342414856,-0.17273196578025818
0.7096278071403503,0.6042338609695435,-0.284324586391449,0.2921065092086792,0.625970184803009,-0.17824019491672516
0.7096401453018188,0.603550136089325,-0.2830769419670105,0.294637531042099,0.6258008480072021,-0.1767912209033966
0.7096377611160278,0.60200035572052,-0.2808610200881958,0.2959466278553009,0.6260448694229126,-0.17840734124183655
0.7096787691116333,0.6016767621040344,-0.2760767340660095,0.29649388790130615,0.6258918046951294,-0.17857374250888824
0.709770143032074,0.6012710928916931,-0.27605801820755005,0.2965964376926422,0.6257980465888977,-0.1713993102312088
