0.7897692918777466,0.7273615598678589,-0.15935994684696198,0.40238770842552185,0.6987563967704773,-0.16344407200813293
0.7898621559143066,0.7286075353622437,-0.17970246076583862,0.40238529443740845,0.6989805102348328,-0.15682734549045563
0.7898299098014832,0.7285439968109131,-0.17220929265022278,0.40202054381370544,0.6989738941192627,-0.15052399039268494
0.7899416089057922,0.7285079956054688,-0.16648747026920319,0.4019411504268646,0.699168860912323,-0.15316791832447052
0.7898213863372803,0.7284153699874878,-0.1671874225139618,0.40185222029685974,0.6992880702018738,-0.150522381067276
0.789840817451477,0.7274603247642517,-0.16847263276576996,0.40194472670555115,0.699372410774231,-0.1557813584804535
0.7902995347976685,0.7275953888893127,-0.1710367053747177,0.401956707239151,0.6997384428977966,-0.16029560565948486
0.7903139591217041,0.727557361125946,-0.17043320834636688,0.402026504278183,0.7018011212348938,-0.16263079643249512
0.7904358506202698,0.7277365922927856,-0.18445143103599548,0.402670294046402,0.7023987174034119,-0.16339080035686493
0.7904483079910278,0.7274216413497925,-0.20462700724601746,0.40243959426879883,0.7025459408760071,-0.16397470235824585
0.7904293537139893,0.7273746728897095,-0.2050527036190033,0.4027339518070221,0.7030746340751648,-0.16949620842933655
0.7905803322792053,0.7269505858421326,-0.20733292400836945,0.4029235243797302,0.7034983038902283,-0.16485927999019623
0.7904145121574402,0.7258995771408081,-0.20615795254707336,0.40177422761917114,0.7016996145248413,-0.1633538156747818
0.7912246584892273,0.7261236906051636,-0.21326525509357452,0.3998320698738098,0.7020081877708435,-0.17412373423576355
0.7931074500083923,0.7261107563972473,-0.20960339903831482,0.40182819962501526,0.7019698619842529,-0.1741003692150116
0.7933521270751953,0.7263947129249573,-0.2093660831451416,0.4018738269805908,0.7019897699356079,-0.17356283962726593
0.7938553690910339,0.7268445491790771,-0.20698435604572296,0.4018532633781433,0.7025985717773438,-0.17145642638206482
0.7941843271255493,0.7271999716758728,-0.2065456211566925,0.4018455445766449,0.7030819058418274,-0.17127546668052673
0.7943007349967957,0.7260047793388367,-0.20547132194042206,0.4018520712852478,0.7030952572822571,-0.17183426022529602
0.7942097783088684,0.7249405980110168,-0.204746276140213,0.4020118713378906,0.703101396560669,-0.17597471177577972
0.7941457629203796,0.724934458732605,-0.20557956397533417,0.4020195007324219,0.7031088471412659,-0.17619144916534424
0.7941213846206665,0.7248414754867554,-0.20630256831645966,0.4021083414554596,0.7029839754104614,-0.18275989592075348
0.7940655946731567,0.7239888310432434,-0.20557396113872528,0.4022485315799713,0.7026605606079102,-0.18520349264144897
0.7939755916595459,0.723838210105896,-0.20429353415966034,0.4023399353027344,0.7025347352027893,-0.18509283661842346
0.7939780950546265,0.7231504321098328,-0.2057163268327713,0.40282315015792847,0.7024734020233154,-0.18487712740898132
0.7939460277557373,0.7228886485099792,-0.2072654664516449,0.4031847417354584,0.7026165127754211,-0.18826064467430115
0.7939278483390808,0.7227742075920105,-0.20321159064769745,0.4032287001609802,0.7028652429580688,-0.18587912619113922
0.7937899827957153,0.7227646112442017,-0.20442906022071838,0.40323957800865173,0.7031438946723938,-0.19432690739631653
0.7938181161880493,0.7228918075561523,-0.2094128578901291,0.4032229483127594,0.703506350517273,-0.19487622380256653
0.7937721014022827,0.7228808999061584,-0.2092439830303192,0.4031825065612793,0.7035152912139893,-0.19791370630264282
0.7936370968818665,0.7224896550178528,-0.20895898342132568,0.40316811203956604,0.7035225033760071,-0.199625164270401
0.7935782670974731,0.7220461368560791,-0.20744135975837708,0.4035411477088928,0.7035486102104187,-0.202448770403862
0.7935746908187866,0.7220754623413086,-0.20942382514476776,0.4036117196083069,0.7039697170257568,-0.20313096046447754
0.7935682535171509,0.7222930192947388,-0.20504875481128693,0.4035596251487732,0.7042310237884521,-0.20334553718566895
0.7934390902519226,0.7218601703643799,-0.20483176410198212,0.40361452102661133,0.704241931438446,-0.2043738067150116
0.7934355735778809,0.7216753363609314,-0.20488102734088898,0.4035613536834717,0.7045469284057617,-0.20175054669380188
