0.7927042245864868,0.7236666083335876,-0.2045251578092575,0.3957262933254242,0.6969435811042786,-0.15568549931049347
0.7927217483520508,0.7241420149803162,-0.21454398334026337,0.3955160975456238,0.6970409750938416,-0.16073548793792725
0.793038010597229,0.7251633405685425,-0.2096932828426361,0.3948225677013397,0.6971656084060669,-0.15394367277622223
0.7936680912971497,0.7265943288803101,-0.213415265083313,0.393439382314682,0.697688102722168,-0.1568184196949005
0.7949702739715576,0.7313859462738037,-0.20885977149009705,0.39327675104141235,0.6979080438613892,-0.15045109391212463
0.7967230081558228,0.7344885468482971,-0.20676028728485107,0.39331990480422974,0.6980304718017578,-0.1526338756084442
0.7983829975128174,0.7386308908462524,-0.20846936106681824,0.3932398855686188,0.6984267830848694,-0.1541181355714798
0.8014656901359558,0.7405911684036255,-0.21208393573760986,0.393816202878952,0.6994732618331909,-0.15521550178527832
0.8019853830337524,0.7423457503318787,-0.2104061394929886,0.3952895700931549,0.6999088525772095,-0.15585491061210632
0.8021334409713745,0.7442140579223633,-0.20166650414466858,0.39724040031433105,0.700018584728241,-0.15768101811408997
0.8020807504653931,0.7455331683158875,-0.19729655981063843,0.3974130153656006,0.700117290019989,-0.15908893942832947
0.8021075129508972,0.7463152408599854,-0.19717726111412048,0.3978967070579529,0.700181245803833,-0.16092456877231598
0.8018525838851929,0.7470027208328247,-0.18856024742126465,0.397901713848114,0.700436532497406,-0.15980932116508484
0.8018004298210144,0.7472561597824097,-0.19192442297935486,0.39795488119125366,0.7005106806755066,-0.16264180839061737
0.8015092015266418,0.748594343662262,-0.1918959617614746,0.3964669108390808,0.7013922929763794,-0.16825054585933685
0.8013848066329956,0.7490147352218628,-0.19618356227874756,0.3963092863559723,0.7023104429244995,-0.18467560410499573
0.8013442158699036,0.7489984631538391,-0.2052535116672516,0.39625024795532227,0.7023923397064209,-0.19215358793735504
0.8013099431991577,0.7489835619926453,-0.20481634140014648,0.39578306674957275,0.7026525139808655,-0.19668547809123993
0.80072420835495,0.748970091342926,-0.20403024554252625,0.39578554034233093,0.7027643918991089,-0.2014729231595993
0.8004231452941895,0.7489160299301147,-0.2014099806547165,0.39554840326309204,0.7028371095657349,-0.20582692325115204
0.8002539873123169,0.7487516403198242,-0.19442352652549744,0.3951318860054016,0.702943742275238,-0.20392727851867676
0.8002274632453918,0.7482507824897766,-0.1866258680820465,0.39488136768341064,0.703018844127655,-0.2035495936870575
0.8002071380615234,0.7482578158378601,-0.1799171268939972,0.3948343098163605,0.7032212615013123,-0.19098739326000214
0.800183117389679,0.7483106255531311,-0.18056544661521912,0.3940286636352539,0.7036670446395874,-0.1909307837486267
0.8001610040664673,0.7483019232749939,-0.18075789511203766,0.39401885867118835,0.703591525554657,-0.18688532710075378
0.8001357316970825,0.7479501962661743,-0.16831111907958984,0.394103467464447,0.7035526633262634,-0.17706462740898132
0.7993190288543701,0.7474126219749451,-0.1647474318742752,0.39369767904281616,0.7035852670669556,-0.17291571199893951
0.7985013723373413,0.7473524212837219,-0.16216206550598145,0.3935271203517914,0.7037141919136047,-0.17251260578632355
0.7975047826766968,0.7470949292182922,-0.16179737448692322,0.3920876681804657,0.7037526369094849,-0.17211471498012543
0.7971907258033752,0.7470137476921082,-0.15307220816612244,0.3921876549720764,0.7037530541419983,-0.16722343862056732
0.796210527420044,0.7470713257789612,-0.15318581461906433,0.3915535807609558,0.7037773132324219,-0.16737110912799835
0.796099841594696,0.7465817332267761,-0.14009031653404236,0.3919169306755066,0.7037253975868225,-0.15564148128032684
0.795745849609375,0.7465841174125671,-0.1380525380373001,0.3922432065010071,0.7037386298179626,-0.15682533383369446
0.7957322597503662,0.7465816736221313,-0.1400516927242279,0.3929828405380249,0.7032610774040222,-0.1587749868631363
0.7957592010498047,0.7465683221817017,-0.13895848393440247,0.3941200375556946,0.7032839059829712,-0.161170095205307
0.7956815958023071,0.7463291883468628,-0.13767965137958527,0.39416471123695374,0.7032922506332397,-0.16169387102127075
