0.7977489233016968,0.729654848575592,-0.14196327328681946,0.42102688550949097,0.7164126038551331,-0.27974221110343933
0.799136757850647,0.7299109101295471,-0.15501731634140015,0.4208241403102875,0.7231046557426453,-0.2997661530971527
0.7997584342956543,0.7300187945365906,-0.15591774880886078,0.42022714018821716,0.7251453399658203,-0.29539790749549866
0.7997463345527649,0.7325356006622314,-0.16261547803878784,0.41890034079551697,0.7270719408988953,-0.3003029227256775
0.7997468709945679,0.732757568359375,-0.1638137400150299,0.41830340027809143,0.7269284725189209,-0.2903612554073334
0.7999199628829956,0.7328117489814758,-0.165099635720253,0.41784200072288513,0.727006733417511,-0.2868618369102478
0.7999942302703857,0.7328824996948242,-0.16475984454154968,0.41750460863113403,0.7271061539649963,-0.28509047627449036
0.8002243041992188,0.7327072620391846,-0.17142215371131897,0.41845273971557617,0.7269436717033386,-0.2945408821105957
0.8007543683052063,0.7340041399002075,-0.13934122025966644,0.4192177355289459,0.7221659421920776,-0.21341784298419952
0.8007485270500183,0.7398223876953125,-0.1323099285364151,0.41146135330200195,0.7228963375091553,-0.2192080020904541
0.8002179265022278,0.7398146390914917,-0.12870003283023834,0.41134586930274963,0.7168220281600952,-0.17216798663139343
0.7984797954559326,0.739798903465271,-0.1479712426662445,0.41135239601135254,0.7050712704658508,-0.17826639115810394
0.7957870960235596,0.7398092150688171,-0.14887361228466034,0.4064074456691742,0.6989132165908813,-0.18700864911079407
0.7951838970184326,0.739273726940155,-0.1430739015340805,0.4050165116786957,0.6972132325172424,-0.19446977972984314
0.7944183945655823,0.7381778955459595,-0.1461983174085617,0.4027002453804016,0.696220338344574,-0.1998175084590912
0.7936826944351196,0.7380702495574951,-0.14841300249099731,0.3992767632007599,0.6955183744430542,-0.2058684527873993
0.7929795980453491,0.73798668384552,-0.16096839308738708,0.39758744835853577,0.6956194043159485,-0.21529488265514374
0.7924285531044006,0.7381455898284912,-0.17127054929733276,0.39686399698257446,0.6955381631851196,-0.22340543568134308
0.7916708588600159,0.7385661602020264,-0.18559600412845612,0.39614731073379517,0.6951074004173279,-0.23053307831287384
0.7911802530288696,0.7393872141838074,-0.18280085921287537,0.3962098956108093,0.6952143907546997,-0.2207050621509552
0.7911598682403564,0.7403798699378967,-0.18852071464061737,0.39622247219085693,0.6954025626182556,-0.21995201706886292
0.7912516593933105,0.7403913140296936,-0.19442296028137207,0.39605897665023804,0.6959651708602905,-0.21991696953773499
0.7911790013313293,0.7404527068138123,-0.1936737447977066,0.39610376954078674,0.6960883736610413,-0.21194946765899658
0.7913915514945984,0.7397138476371765,-0.19205734133720398,0.396940141916275,0.6961942911148071,-0.19096247851848602
0.7918021082878113,0.7394278049468994,-0.19145499169826508,0.39769625663757324,0.6962630152702332,-0.1945510357618332
0.7918069362640381,0.7385239005088806,-0.19005659222602844,0.39769482612609863,0.6965310573577881,-0.19923049211502075
0.791843831539154,0.7383830547332764,-0.19970038533210754,0.39694252610206604,0.6973311305046082,-0.21819932758808136
0.7921422719955444,0.7383331060409546,-0.20455744862556458,0.39683428406715393,0.6979331374168396,-0.22481712698936462
0.792384147644043,0.7383464574813843,-0.21791291236877441,0.39652687311172485,0.6987263560295105,-0.23847849667072296
0.7924689650535583,0.7383422255516052,-0.2202029675245285,0.3959997892379761,0.6989424824714661,-0.2392064332962036
0.7927248477935791,0.7383454442024231,-0.2189161777496338,0.3956243395805359,0.6990306973457336,-0.23869428038597107
0.7927650213241577,0.7392435073852539,-0.20774810016155243,0.39503130316734314,0.6992108821868896,-0.23804640769958496
0.7933319807052612,0.7394939064979553,-0.20707964897155762,0.3950311839580536,0.6992779970169067,-0.24720588326454163
0.7935383319854736,0.7396798729896545,-0.1930992603302002,0.3950027823448181,0.6993454098701477,-0.23569829761981964
0.7935550212860107,0.7396870851516724,-0.19206276535987854,0.39498934149742126,0.6993957161903381,-0.23835591971874237
0.7935606241226196,0.7396319508552551,-0.19072233140468597,0.3950110971927643,0.6994152069091797,-0.2523273229598999
