0.7960512042045593,0.7336011528968811,-0.1437489092350006,0.4122779965400696,0.7223174571990967,-0.30870991945266724
0.7962771654129028,0.7334676384925842,-0.14477358758449554,0.41213497519493103,0.723889946937561,-0.3112015724182129
0.7963016033172607,0.7336982488632202,-0.1477803736925125,0.41182518005371094,0.7242376804351807,-0.31726616621017456
0.7962716817855835,0.7314192056655884,-0.14115439355373383,0.4129878580570221,0.7228783369064331,-0.3026823103427887
0.7962794303894043,0.7304310202598572,-0.13380581140518188,0.4181656241416931,0.718317985534668,-0.22955767810344696
0.7951210737228394,0.7287308573722839,-0.10165069997310638,0.4197565019130707,0.7098987698554993,-0.20033831894397736
0.7942925691604614,0.7293614745140076,-0.0932198241353035,0.4162432551383972,0.7081167697906494,-0.20723319053649902
0.7919954657554626,0.7286273837089539,-0.10307596623897552,0.41607314348220825,0.6908519864082336,-0.19169548153877258
0.7902310490608215,0.7286506295204163,-0.09682583063840866,0.4147961139678955,0.6858754754066467,-0.20319750905036926
0.7900124788284302,0.7286375761032104,-0.12690246105194092,0.41108593344688416,0.6861926317214966,-0.2093217819929123
0.7896537780761719,0.7286729216575623,-0.1407165378332138,0.40666359663009644,0.6870990991592407,-0.1986878514289856
0.7891275882720947,0.7276816964149475,-0.14699488878250122,0.4044862389564514,0.6875159740447998,-0.2028508186340332
0.7887018918991089,0.7261480689048767,-0.15024515986442566,0.4033709466457367,0.6877452731132507,-0.20515921711921692
0.7885687947273254,0.7259640097618103,-0.149248868227005,0.4031270146369934,0.6877534985542297,-0.2023821771144867
0.7884432077407837,0.7258469462394714,-0.14871948957443237,0.4021660387516022,0.6876751184463501,-0.1970067322254181
0.7883986830711365,0.7255496382713318,-0.156526118516922,0.4018618166446686,0.6878187656402588,-0.19966939091682434
0.7884867191314697,0.7253984212875366,-0.15684974193572998,0.4014224112033844,0.6878854632377625,-0.21800068020820618
0.7885028719902039,0.7252927422523499,-0.16906067728996277,0.40032848715782166,0.6897242069244385,-0.21147167682647705
0.789849042892456,0.7252200841903687,-0.17591753602027893,0.4003165662288666,0.6919397115707397,-0.19229573011398315
0.7913706302642822,0.7251909375190735,-0.19119969010353088,0.400311142206192,0.6928821802139282,-0.19417425990104675
0.7917450666427612,0.7250699400901794,-0.18976455926895142,0.4003177583217621,0.6929271221160889,-0.19678059220314026
0.7921463251113892,0.7249603867530823,-0.186792254447937,0.4003235697746277,0.6929749250411987,-0.19811952114105225
0.7927988767623901,0.7248544692993164,-0.18488547205924988,0.4003278315067291,0.6930206418037415,-0.18407705426216125
0.7928754091262817,0.7248424887657166,-0.18073606491088867,0.40034499764442444,0.6930412650108337,-0.16788490116596222
0.7928803563117981,0.7248796224594116,-0.18085722625255585,0.40031862258911133,0.6930068135261536,-0.169857457280159
0.7928749322891235,0.7248720526695251,-0.18062546849250793,0.4003196656703949,0.6930325627326965,-0.1743057370185852
0.7929216623306274,0.7248562574386597,-0.17957928776741028,0.40033259987831116,0.6930575966835022,-0.1775875985622406
0.7930411696434021,0.7248979806900024,-0.17869338393211365,0.40035247802734375,0.6930255889892578,-0.1771213263273239
0.7929897904396057,0.7244452834129333,-0.15769129991531372,0.39997902512550354,0.6930404901504517,-0.14009033143520355
0.7928914427757263,0.7241233587265015,-0.14247050881385803,0.39982348680496216,0.6929423809051514,-0.12734128534793854
0.7928916215896606,0.7238040566444397,-0.1428263932466507,0.39938873052597046,0.693027138710022,-0.13059833645820618
0.7928950190544128,0.7236746549606323,-0.1441299170255661,0.39892148971557617,0.6934497952461243,-0.13467197120189667
0.7929619550704956,0.723717451095581,-0.14563944935798645,0.3989172875881195,0.69381183385849,-0.13854140043258667
0.7928692698478699,0.7232800722122192,-0.14932379126548767,0.3987954258918762,0.6939109563827515,-0.14734283089637756
0.7928916811943054,0.7232226133346558,-0.15178829431533813,0.3987908959388733,0.6939278841018677,-0.1613897979259491
0.7929013967514038,0.7232434153556824,-0.1581234335899353,0.3987900912761688,0.6940645575523376,-0.17640353739261627
