0.7923101186752319,0.7326338887214661,-0.1639430969953537,0.41589197516441345,0.7278203368186951,-0.1609642207622528
0.792028546333313,0.7333131432533264,-0.16481444239616394,0.4156171679496765,0.7277389168739319,-0.1770693063735962
0.7912876009941101,0.7334336042404175,-0.13672111928462982,0.4155488610267639,0.7260605692863464,-0.16868117451667786
0.7912410497665405,0.7334466576576233,-0.13359418511390686,0.41534680128097534,0.7227250933647156,-0.18838609755039215
0.7891825437545776,0.734424352645874,-0.12553712725639343,0.41519373655319214,0.7139910459518433,-0.2011059820652008
0.7888815402984619,0.7344907522201538,-0.1294041872024536,0.40781885385513306,0.7124654054641724,-0.2382829189300537
0.7873862385749817,0.7344829440116882,-0.13199466466903687,0.4069851040840149,0.703822910785675,-0.23613294959068298
0.7864189147949219,0.7338125109672546,-0.12130472809076309,0.4046098291873932,0.6917378902435303,-0.19410277903079987
0.7860773801803589,0.7325773239135742,-0.12246880680322647,0.40283098816871643,0.6899195313453674,-0.17106753587722778
0.7860544323921204,0.7318633198738098,-0.13513997197151184,0.4018665850162506,0.6906840205192566,-0.18159690499305725
0.785955548286438,0.7317950129508972,-0.13604095578193665,0.40175947546958923,0.6904324889183044,-0.18270215392112732
0.7859419584274292,0.7318785786628723,-0.14241856336593628,0.4017992913722992,0.6906650066375732,-0.18502281606197357
0.7856313586235046,0.731639564037323,-0.14212282001972198,0.400679349899292,0.6900815367698669,-0.14868026971817017
0.7852330803871155,0.7316480875015259,-0.15237584710121155,0.4005669057369232,0.6899661421775818,-0.18815016746520996
0.7846094965934753,0.7305917143821716,-0.16967202723026276,0.39911550283432007,0.6901214718818665,-0.20519566535949707
0.784430205821991,0.730221152305603,-0.18135307729244232,0.3988879323005676,0.6899690628051758,-0.22031505405902863
0.7844793796539307,0.7302602529525757,-0.17820337414741516,0.39862409234046936,0.6891957521438599,-0.22093400359153748
0.7847462892532349,0.7297564148902893,-0.16485410928726196,0.3996109366416931,0.6892614364624023,-0.17795686423778534
0.784883439540863,0.7294442653656006,-0.1663457453250885,0.399698406457901,0.6894327402114868,-0.18040569126605988
0.7848478555679321,0.7289232015609741,-0.16576030850410461,0.3997073173522949,0.6894696950912476,-0.18204699456691742
0.7846465110778809,0.7289193272590637,-0.1633467972278595,0.39957335591316223,0.6927468180656433,-0.17545320093631744
0.7845773100852966,0.7294084429740906,-0.1762820929288864,0.39951127767562866,0.6968221068382263,-0.18336746096611023
0.7842257618904114,0.7289272546768188,-0.17512907087802887,0.39938172698020935,0.699033796787262,-0.1708005666732788
0.7840334177017212,0.7286669015884399,-0.17495770752429962,0.39986854791641235,0.6994083523750305,-0.17850849032402039
0.7838563323020935,0.7286670207977295,-0.17521920800209045,0.3994227349758148,0.7011515498161316,-0.18667952716350555
0.7833081483840942,0.7286090850830078,-0.17498739063739777,0.3988681435585022,0.7013643383979797,-0.18682916462421417
0.7834016680717468,0.7284139394760132,-0.1809186041355133,0.4006859362125397,0.7013446092605591,-0.19327537715435028
0.7836565971374512,0.7282177209854126,-0.10552112758159637,0.40071210265159607,0.6999353766441345,-0.14111356437206268
0.7841669321060181,0.7282141447067261,-0.12064848840236664,0.40097776055336,0.6985204815864563,-0.1782463788986206
0.7855184078216553,0.7289952635765076,-0.12708032131195068,0.40634384751319885,0.6959999799728394,-0.25007620453834534
0.7862157821655273,0.7290209531784058,-0.11840136349201202,0.4150785803794861,0.6960756182670593,-0.24300441145896912
0.7867285013198853,0.7294761538505554,-0.11436377465724945,0.4144412875175476,0.7059265971183777,-0.2799433171749115
0.7878013849258423,0.7298786640167236,-0.10520341247320175,0.4138317108154297,0.7165804505348206,-0.29275646805763245
0.7884132862091064,0.7300298810005188,-0.10559163242578506,0.41167283058166504,0.7235418558120728,-0.30921873450279236
0.7884681224822998,0.7300334572792053,-0.11614695936441422,0.4113836884498596,0.7237222790718079,-0.31298214197158813
0.7886046767234802,0.731609582901001,-0.14491601288318634,0.40877556800842285,0.7276559472084045,-0.3331073820590973
