1,right,0,0,0,0,0,0,0,0,0,0,0,0,0,0,0,0,0,0,0,0,0,0,0,0,0,0,0,0,0,0,0,0,0,0,0,0,0,0,0,0,0,0,0,0,0,0,0,0,0,0,0,0,0,0,0,0,0,0,0,0,0,0,0
1,left,0,0,0,0,0,0,0,0,0,0,0,0,0,0,0,0,0,0,0,0,0,0,0,0,0,0,0,0,0,0,0,0,0,0,0,0,0,0,0,0,0,0,0,0,0,0,0,0,0,0,0,0,0,0,0,0,0,0,0,0,0,0,0
2,right,0,0,0,0,0,0,0,0,0,0,0,0,0,0,0,0,0,0,0,0,0,0,0,0,0,0,0,0,0,0,0,0,0,0,0,0,0,0,0,0,0,0,0,0,0,0,0,0,0,0,0,0,0,0,0,0,0,0,0,0,0,0,0
2,left,0,0,0,0,0,0,0,0,0,0,0,0,0,0,0,0,0,0,0,0,0,0,0,0,0,0,0,0,0,0,0,0,0,0,0,0,0,0,0,0,0,0,0,0,0,0,0,0,0,0,0,0,0,0,0,0,0,0,0,0,0,0,0
3,right,0,0,0,0,0,0,0,0,0,0,0,0,0,0,0,0,0,0,0,0,0,0,0,0,0,0,0,0,0,0,0,0,0,0,0,0,0,0,0,0,0,0,0,0,0,0,0,0,0,0,0,0,0,0,0,0,0,0,0,0,0,0,0
3,left,0,0,0,0,0,0,0,0,0,0,0,0,0,0,0,0,0,0,0,0,0,0,0,0,0,0,0,0,0,0,0,0,0,0,0,0,0,0,0,0,0,0,0,0,0,0,0,0,0,0,0,0,0,0,0,0,0,0,0,0,0,0,0
4,right,0,0,0,0,0,0,0,0,0,0,0,0,0,0,0,0,0,0,0,0,0,0,0,0,0,0,0,0,0,0,0,0,0,0,0,0,0,0,0,0,0,0,0,0,0,0,0,0,0,0,0,0,0,0,0,0,0,0,0,0,0,0,0
4,left,0,0,0,0,0,0,0,0,0,0,0,0,0,0,0,0,0,0,0,0,0,0,0,0,0,0,0,0,0,0,0,0,0,0,0,0,0,0,0,0,0,0,0,0,0,0,0,0,0,0,0,0,0,0,0,0,0,0,0,0,0,0,0
5,right,0,0,0,0,0,0,0,0,0,0,0,0,0,0,0,0,0,0,0,0,0,0,0,0,0,0,0,0,0,0,0,0,0,0,0,0,0,0,0,0,0,0,0,0,0,0,0,0,0,0,0,0,0,0,0,0,0,0,0,0,0,0,0
5,left,0,0,0,0,0,0,0,0,0,0,0,0,0,0,0,0,0,0,0,0,0,0,0,0,0,0,0,0,0,0,0,0,0,0,0,0,0,0,0,0,0,0,0,0,0,0,0,0,0,0,0,0,0,0,0,0,0,0,0,0,0,0,0
6,right,0,0,0,0,0,0,0,0,0,0,0,0,0,0,0,0,0,0,0,0,0,0,0,0,0,0,0,0,0,0,0,0,0,0,0,0,0,0,0,0,0,0,0,0,0,0,0,0,0,0,0,0,0,0,0,0,0,0,0,0,0,0,0
6,left,0,0,0,0,0,0,0,0,0,0,0,0,0,0,0,0,0,0,0,0,0,0,0,0,0,0,0,0,0,0,0,0,0,0,0,0,0,0,0,0,0,0,0,0,0,0,0,0,0,0,0,0,0,0,0,0,0,0,0,0,0,0,0
7,right,0.15488165616989136,1.0426188707351685,2.7090345611213706e-07,0.2011796087026596,1.0132029056549072,-0.03298578038811684,0.22640402615070343,0.9637248516082764,-0.05169547721743584,0.18908575177192688,0.9253889322280884,-0.06758391857147217,0.1433737874031067,0.9216906428337097,-0.08496274054050446,0.2189750373363495,0.8652228116989136,-0.03106868267059326,0.2179320901632309,0.7873348593711853,-0.05138407647609711,0.212087482213974,0.7454627156257629,-0.06963168829679489,0.20608259737491608,0.7079155445098877,-0.08301928639411926,0.1801031529903412,0.8618125915527344,-0.03094252571463585,0.18121428787708282,0.7749550342559814,-0.04659084603190422,0.17724543809890747,0.7253699898719788,-0.06337553262710571,0.1751628816127777,0.6833468675613403,-0.07693078368902206,0.14394253492355347,0.8764705657958984,-0.03428398445248604,0.1456623077392578,0.7936779260635376,-0.05019611492753029,0.14490707218647003,0.7454280257225037,-0.0636083111166954,0.1442895233631134,0.7044638991355896,-0.07349861413240433,0.10673953592777252,0.9052572846412659,-0.04046211019158363,0.10680416971445084,0.8422263264656067,-0.05371914803981781,0.10821472853422165,0.8053420186042786,-0.058176394551992416,0.10860921442508698,0.7724251747131348,-0.06180671975016594
7,left,0,0,0,0,0,0,0,0,0,0,0,0,0,0,0,0,0,0,0,0,0,0,0,0,0,0,0,0,0,0,0,0,0,0,0,0,0,0,0,0,0,0,0,0,0,0,0,0,0,0,0,0,0,0,0,0,0,0,0,0,0,0,0
8,right,0.16473810374736786,1.0046635866165161,3.0066937029005203e-07,0.20634016394615173,0.9782239198684692,-0.029941322281956673,0.23506395518779755,0.9261566400527954,-0.04650099202990532,0.20390060544013977,0.8840052485466003,-0.060081250965595245,0.16314446926116943,0.8750459551811218,-0.07471545040607452,0.23068781197071075,0.8255128264427185,-0.0327489860355854,0.23306754231452942,0.7467782497406006,-0.05377082899212837,0.22986362874507904,0.7012323141098022,-0.07144331932067871,0.2260563224554062,0.6621592044830322,-0.08391973376274109,0.19181478023529053,0.8206939101219177,-0.03353474289178848,0.19493842124938965,0.7350647449493408,-0.05028535798192024,0.1930238902568817,0.6823498606681824,-0.06644180417060852,0.19157442450523376,0.6379230618476868,-0.07863064110279083,0.15662741661071777,0.8336371779441833,-0.03717441111803055,0.15784141421318054,0.7516851425170898,-0.0528283454477787,0.15859824419021606,0.7011057734489441,-0.06486891955137253,0.15963613986968994,0.6583033800125122,-0.07348950952291489,0.12055709958076477,0.8598741888999939,-0.043505605310201645,0.12170837074518204,0.7961803674697876,-0.05710877478122711,0.12387563288211823,0.7579767107963562,-0.061687320470809937,0.1261441707611084,0.7231625914573669,-0.06475012749433517
8,left,0,0,0,0,0,0,0,0,0,0,0,0,0,0,0,0,0,0,0,0,0,0,0,0,0,0,0,0,0,0,0,0,0,0,0,0,0,0,0,0,0,0,0,0,0,0,0,0,0,0,0,0,0,0,0,0,0,0,0,0,0,0,0
9,right,0.1755117028951645,0.9413567185401917,4.292503490432864e-07,0.21662160754203796,0.9206852912902832,-0.032524146139621735,0.24607598781585693,0.8714498281478882,-0.04895756393671036,0.22005246579647064,0.8265275359153748,-0.0615382120013237,0.1828671395778656,0.8055321574211121,-0.07468104362487793,0.24550704658031464,0.7691667079925537,-0.035612236708402634,0.25218451023101807,0.6915689706802368,-0.057404689490795135,0.25285449624061584,0.6416052579879761,-0.0747586190700531,0.2510159909725189,0.597615659236908,-0.08660203218460083,0.20883208513259888,0.7582112550735474,-0.034584809094667435,0.21648980677127838,0.6713622808456421,-0.05240326747298241,0.21857516467571259,0.6147724390029907,-0.06799440830945969,0.21980829536914825,0.5670307874679565,-0.07855790108442307,0.17475830018520355,0.7666622400283813,-0.03651343286037445,0.18111422657966614,0.6834406852722168,-0.05307115986943245,0.18528756499290466,0.6315332651138306,-0.06551668792963028,0.18856029212474823,0.586631178855896,-0.07344893366098404,0.13937804102897644,0.7894948124885559,-0.04124826192855835,0.14437811076641083,0.7271485924720764,-0.05574682354927063,0.14890603721141815,0.6890560984611511,-0.06097288802266121,0.15341293811798096,0.6533398628234863,-0.06363671272993088
9,left,0,0,0,0,0,0,0,0,0,0,0,0,0,0,0,0,0,0,0,0,0,0,0,0,0,0,0,0,0,0,0,0,0,0,0,0,0,0,0,0,0,0,0,0,0,0,0,0,0,0,0,0,0,0,0,0,0,0,0,0,0,0,0
10,right,0.18002359569072723,0.9379175901412964,3.922910138953739e-07,0.2218010127544403,0.911538302898407,-0.02700888179242611,0.2528718411922455,0.8576323390007019,-0.040023814886808395,0.22482922673225403,0.8078969717025757,-0.05044656619429588,0.18675005435943604,0.7879709005355835,-0.06141297146677971,0.25253358483314514,0.7545239925384521,-0.02595571242272854,0.25949111580848694,0.6758324503898621,-0.04448443651199341,0.25966790318489075,0.6247773170471191,-0.06042391434311867,0.2580871284008026,0.5794953107833862,-0.07222887128591537,0.21705110371112823,0.740910530090332,-0.027187561616301537,0.22447693347930908,0.6555489301681519,-0.042176734656095505,0.22696466743946075,0.5989689826965332,-0.05752180889248848,0.22868692874908447,0.550161600112915,-0.06881199032068253,0.1841626763343811,0.7490498423576355,-0.03124476969242096,0.18892493844032288,0.6682684421539307,-0.046058788895606995,0.19330450892448425,0.6160982847213745,-0.059447966516017914,0.19690242409706116,0.5713326930999756,-0.0686250701546669,0.1501300036907196,0.7729873061180115,-0.03782624006271362,0.1538625806570053,0.7119832038879395,-0.05180588364601135,0.1579980105161667,0.6739228367805481,-0.05822707712650299,0.1621381640434265,0.6389707922935486,-0.06217082962393761
10,left,0,0,0,0,0,0,0,0,0,0,0,0,0,0,0,0,0,0,0,0,0,0,0,0,0,0,0,0,0,0,0,0,0,0,0,0,0,0,0,0,0,0,0,0,0,0,0,0,0,0,0,0,0,0,0,0,0,0,0,0,0,0,0
11,right,0.1876298189163208,0.9294230341911316,3.8825999126856914e-07,0.23013950884342194,0.9016839265823364,-0.027517853304743767,0.26357829570770264,0.8455204963684082,-0.04002298042178154,0.23579344153404236,0.7929205298423767,-0.049872975796461105,0.1970163732767105,0.775037944316864,-0.06016618013381958,0.26405492424964905,0.7422099709510803,-0.02380894310772419,0.2738712728023529,0.6650249361991882,-0.04154140502214432,0.2760990262031555,0.614946722984314,-0.057215556502342224,0.2757915258407593,0.5693075060844421,-0.0691322609782219,0.2295859009027481,0.7285426259040833,-0.025209523737430573,0.24049031734466553,0.6434963941574097,-0.039508283138275146,0.24450835585594177,0.5869309902191162,-0.05475563183426857,0.24703995883464813,0.5368574857711792,-0.06651278585195541,0.19692201912403107,0.7363595366477966,-0.029791178181767464,0.20449301600456238,0.6571931838989258,-0.044453129172325134,0.21081484854221344,0.604832112789154,-0.05829080194234848,0.21561966836452484,0.55905681848526,-0.06814276427030563,0.1617613136768341,0.7590652108192444,-0.03710350766777992,0.16790615022182465,0.69597327709198,-0.05055138096213341,0.17341391742229462,0.6569514274597168,-0.05707965046167374,0.17891275882720947,0.6200286746025085,-0.06173545494675636
11,left,0,0,0,0,0,0,0,0,0,0,0,0,0,0,0,0,0,0,0,0,0,0,0,0,0,0,0,0,0,0,0,0,0,0,0,0,0,0,0,0,0,0,0,0,0,0,0,0,0,0,0,0,0,0,0,0,0,0,0,0,0,0,0
12,right,0.18765051662921906,0.9229711294174194,3.713527689797047e-07,0.23124463856220245,0.8950569033622742,-0.02757514826953411,0.2658027708530426,0.8389809727668762,-0.04000893980264664,0.2392047792673111,0.7850618958473206,-0.04969024658203125,0.20054571330547333,0.7657327055931091,-0.05978307127952576,0.26601576805114746,0.7359617352485657,-0.02406591922044754,0.2763640284538269,0.6579282283782959,-0.04130440950393677,0.2776295840740204,0.6067404747009277,-0.056801676750183105,0.2768220901489258,0.5601526498794556,-0.06881707906723022,0.23186998069286346,0.7203303575515747,-0.025346312671899796,0.24412767589092255,0.6344320178031921,-0.039089661091566086,0.24930967390537262,0.576856791973114,-0.05438189208507538,0.2529631555080414,0.5262930989265442,-0.06633232533931732,0.19945386052131653,0.7269001007080078,-0.029660461470484734,0.2082185298204422,0.6467565298080444,-0.043503083288669586,0.21547888219356537,0.5944932103157043,-0.05742070451378822,0.2212502360343933,0.5491173267364502,-0.06766138970851898,0.16467726230621338,0.749268651008606,-0.036725964397192,0.1710532307624817,0.6890474557876587,-0.04982977733016014,0.17779062688350677,0.6504545211791992,-0.05662562698125839,0.18426893651485443,0.6144107580184937,-0.0616086907684803
12,left,0,0,0,0,0,0,0,0,0,0,0,0,0,0,0,0,0,0,0,0,0,0,0,0,0,0,0,0,0,0,0,0,0,0,0,0,0,0,0,0,0,0,0,0,0,0,0,0,0,0,0,0,0,0,0,0,0,0,0,0,0,0,0
13,right,0.18822336196899414,0.921454668045044,3.645358219728223e-07,0.2331514060497284,0.8917062878608704,-0.026956910267472267,0.2660585343837738,0.8339226245880127,-0.03923293575644493,0.23664499819278717,0.7814924716949463,-0.04903719946742058,0.19774584472179413,0.7625879645347595,-0.05931057035923004,0.2657437026500702,0.7312429547309875,-0.023795340210199356,0.2759847342967987,0.6527985334396362,-0.041198182851076126,0.277584433555603,0.602291464805603,-0.05670163035392761,0.27724358439445496,0.555490255355835,-0.06869013607501984,0.2310909628868103,0.7165002822875977,-0.025681234896183014,0.24329933524131775,0.6300852298736572,-0.03952585160732269,0.24765855073928833,0.5724846124649048,-0.05487611144781113,0.25041183829307556,0.5217528939247131,-0.06693063676357269,0.19855380058288574,0.723645806312561,-0.030552281066775322,0.2075783908367157,0.6433473229408264,-0.044345416128635406,0.2146850824356079,0.5908195376396179,-0.058066949248313904,0.21988385915756226,0.544944167137146,-0.06822100281715393,0.16362826526165009,0.7467050552368164,-0.038149308413267136,0.17064398527145386,0.6861646175384521,-0.05069772154092789,0.1779213845729828,0.6476506590843201,-0.057002853602170944,0.18474191427230835,0.6115201711654663,-0.06182795390486717
13,left,0,0,0,0,0,0,0,0,0,0,0,0,0,0,0,0,0,0,0,0,0,0,0,0,0,0,0,0,0,0,0,0,0,0,0,0,0,0,0,0,0,0,0,0,0,0,0,0,0,0,0,0,0,0,0,0,0,0,0,0,0,0,0
14,right,0.18786340951919556,0.9220932722091675,3.5936406561631884e-07,0.23361529409885406,0.890543520450592,-0.026549922302365303,0.26629024744033813,0.8318701386451721,-0.03853022679686546,0.2367662936449051,0.7790715098381042,-0.04807671532034874,0.19761931896209717,0.7614848017692566,-0.058027517050504684,0.2659818232059479,0.7308799624443054,-0.02264155074954033,0.2764432430267334,0.652411937713623,-0.039721932262182236,0.2780844569206238,0.6023750305175781,-0.05508289113640785,0.277924120426178,0.5557456612586975,-0.06701285392045975,0.23132991790771484,0.7158152461051941,-0.024576177820563316,0.24359571933746338,0.6289761066436768,-0.037880733609199524,0.24845358729362488,0.5719768404960632,-0.05278521403670311,0.25184762477874756,0.5217150449752808,-0.06453802436590195,0.19868074357509613,0.7228622436523438,-0.029552532359957695,0.20828057825565338,0.6416594386100769,-0.043050382286310196,0.21585704386234283,0.5892869830131531,-0.056559670716524124,0.2212854027748108,0.5438794493675232,-0.06653304398059845,0.16385498642921448,0.7460483312606812,-0.037236496806144714,0.1710725575685501,0.6856227517127991,-0.049555838108062744,0.17864254117012024,0.6468202471733093,-0.05570455640554428,0.1853359192609787,0.6106573343276978,-0.060404300689697266
14,left,0,0,0,0,0,0,0,0,0,0,0,0,0,0,0,0,0,0,0,0,0,0,0,0,0,0,0,0,0,0,0,0,0,0,0,0,0,0,0,0,0,0,0,0,0,0,0,0,0,0,0,0,0,0,0,0,0,0,0,0,0,0,0
15,right,0.18785251677036285,0.92042475938797,3.606842255976517e-07,0.23399029672145844,0.8888661861419678,-0.02699575573205948,0.2674870789051056,0.8294925093650818,-0.03875221684575081,0.2379387617111206,0.7757977247238159,-0.04798731207847595,0.19829362630844116,0.7606502771377563,-0.05763903260231018,0.2670349180698395,0.7281467318534851,-0.02167610451579094,0.27760687470436096,0.6504166722297668,-0.03819957375526428,0.2794077694416046,0.6003037095069885,-0.05352677404880524,0.27936121821403503,0.553547739982605,-0.06563527137041092,0.23271772265434265,0.712791383266449,-0.023377757519483566,0.24502557516098022,0.6269797086715698,-0.036206018179655075,0.250073105096817,0.5698647499084473,-0.05125948414206505,0.2536267340183258,0.5190212726593018,-0.06329115480184555,0.20031151175498962,0.7198699712753296,-0.028234366327524185,0.20970624685287476,0.6396031379699707,-0.041441675275564194,0.21756024658679962,0.5870590806007385,-0.0553254596889019,0.22337780892848969,0.5412360429763794,-0.0656660944223404,0.16569429636001587,0.7430140972137451,-0.035894881933927536,0.17246536910533905,0.6821878552436829,-0.04813048616051674,0.18015938997268677,0.6431012153625488,-0.054548460990190506,0.18714186549186707,0.6064925193786621,-0.059560149908065796
15,left,0,0,0,0,0,0,0,0,0,0,0,0,0,0,0,0,0,0,0,0,0,0,0,0,0,0,0,0,0,0,0,0,0,0,0,0,0,0,0,0,0,0,0,0,0,0,0,0,0,0,0,0,0,0,0,0,0,0,0,0,0,0,0
16,right,0.19024865329265594,0.9202393889427185,3.5074705806437123e-07,0.23639175295829773,0.8881880044937134,-0.026248088106513023,0.270431250333786,0.8284330368041992,-0.03753109648823738,0.24199259281158447,0.7749262452125549,-0.0464618057012558,0.20222608745098114,0.7606172561645508,-0.055826228111982346,0.26872825622558594,0.7284591197967529,-0.02088971622288227,0.2797963619232178,0.6504449844360352,-0.03692663088440895,0.28185343742370605,0.6002294421195984,-0.05187176167964935,0.28215259313583374,0.5533539056777954,-0.06378892064094543,0.23471994698047638,0.7132130265235901,-0.022835329174995422,0.24685660004615784,0.6272200345993042,-0.03523026406764984,0.2520236670970917,0.5703437924385071,-0.050030916929244995,0.25567543506622314,0.5193976163864136,-0.06196935102343559,0.20265226066112518,0.7201851606369019,-0.027864838019013405,0.2120455503463745,0.6404152512550354,-0.040682874619960785,0.22014357149600983,0.587877631187439,-0.05433358997106552,0.22603739798069,0.541759729385376,-0.06457910686731339,0.16821420192718506,0.7429330945014954,-0.035664040595293045,0.17502915859222412,0.681571900844574,-0.04743783175945282,0.182917982339859,0.6421247720718384,-0.0535767488181591,0.1901509165763855,0.6053189039230347,-0.058495357632637024
16,left,0,0,0,0,0,0,0,0,0,0,0,0,0,0,0,0,0,0,0,0,0,0,0,0,0,0,0,0,0,0,0,0,0,0,0,0,0,0,0,0,0,0,0,0,0,0,0,0,0,0,0,0,0,0,0,0,0,0,0,0,0,0,0
17,right,0.19268698990345,0.9180522561073303,3.545346487499046e-07,0.23880961537361145,0.887017011642456,-0.025923626497387886,0.27329084277153015,0.8284600973129272,-0.03692778944969177,0.2462456077337265,0.774562656879425,-0.04560251161456108,0.20739179849624634,0.7583927512168884,-0.05462849885225296,0.2717096209526062,0.7261149287223816,-0.020253954455256462,0.2835960388183594,0.6485776901245117,-0.036114566028118134,0.2862047553062439,0.5982155799865723,-0.050840914249420166,0.2863234579563141,0.5516025424003601,-0.06248582899570465,0.23823702335357666,0.7107020020484924,-0.02214065007865429,0.2514494061470032,0.6249943971633911,-0.03445741534233093,0.2572866678237915,0.5681518912315369,-0.04887447506189346,0.2608379125595093,0.5176763534545898,-0.06043485552072525,0.20625433325767517,0.7177366614341736,-0.02715248428285122,0.21558518707752228,0.6385709047317505,-0.039956070482730865,0.2240627557039261,0.5872725248336792,-0.0532938577234745,0.2301066815853119,0.542277455329895,-0.06321004033088684,0.17154163122177124,0.7404165863990784,-0.03491200879216194,0.17824792861938477,0.6791065335273743,-0.04685359448194504,0.18592697381973267,0.63983553647995,-0.053045328706502914,0.19291827082633972,0.6031773090362549,-0.0578693188726902
17,left,0,0,0,0,0,0,0,0,0,0,0,0,0,0,0,0,0,0,0,0,0,0,0,0,0,0,0,0,0,0,0,0,0,0,0,0,0,0,0,0,0,0,0,0,0,0,0,0,0,0,0,0,0,0,0,0,0,0,0,0,0,0,0
18,right,0.19367139041423798,0.9161002039909363,3.453218937465863e-07,0.2404954880475998,0.8853801488876343,-0.02572895586490631,0.27538788318634033,0.8262979388237,-0.036677684634923935,0.24827110767364502,0.7722486257553101,-0.04534536227583885,0.20949211716651917,0.7559353113174438,-0.05444096773862839,0.2741016149520874,0.7241812944412231,-0.020317360758781433,0.28589779138565063,0.6462852358818054,-0.036210451275110245,0.2883373498916626,0.5959104895591736,-0.05098913609981537,0.2885126769542694,0.549087405204773,-0.06275253742933273,0.24057137966156006,0.7090440988540649,-0.022425523027777672,0.2534097731113434,0.6233850717544556,-0.03479929268360138,0.2589782774448395,0.5664780735969543,-0.04948559030890465,0.26260507106781006,0.5155520439147949,-0.06135232374072075,0.20855748653411865,0.7162550687789917,-0.027605485171079636,0.2184777408838272,0.636483907699585,-0.04054512083530426,0.22715407609939575,0.5848135352134705,-0.05416373535990715,0.2334846407175064,0.5392063856124878,-0.06438181549310684,0.17383089661598206,0.7389914989471436,-0.035482607781887054,0.18078362941741943,0.6774287223815918,-0.04772349074482918,0.18876853585243225,0.6379720568656921,-0.054165925830602646,0.19609335064888,0.6008121967315674,-0.059232134371995926
18,left,0,0,0,0,0,0,0,0,0,0,0,0,0,0,0,0,0,0,0,0,0,0,0,0,0,0,0,0,0,0,0,0,0,0,0,0,0,0,0,0,0,0,0,0,0,0,0,0,0,0,0,0,0,0,0,0,0,0,0,0,0,0,0
19,right,0.19544118642807007,0.918302595615387,3.4860153164117946e-07,0.24212117493152618,0.8867890238761902,-0.024739889428019524,0.2768893837928772,0.8264257907867432,-0.03552170842885971,0.249562069773674,0.7733725905418396,-0.04420044645667076,0.2099870890378952,0.7610928416252136,-0.05335887521505356,0.2749577760696411,0.7252663373947144,-0.020675336942076683,0.2863592505455017,0.6466413140296936,-0.03649593144655228,0.2887040078639984,0.5965214967727661,-0.050959136337041855,0.28907859325408936,0.5500711798667908,-0.06239809840917587,0.24071577191352844,0.7103316187858582,-0.02331090345978737,0.25379401445388794,0.6240936517715454,-0.03548647090792656,0.2593030631542206,0.5670139193534851,-0.04951521381735802,0.2625792622566223,0.5167922973632812,-0.06077894940972328,0.20836803317070007,0.7174903154373169,-0.028832504525780678,0.2187667042016983,0.6369993686676025,-0.04131068289279938,0.22730028629302979,0.5854036808013916,-0.054091423749923706,0.23301419615745544,0.5406860113143921,-0.06362765282392502,0.17370620369911194,0.7404083609580994,-0.03701213747262955,0.18163840472698212,0.6786784529685974,-0.048418641090393066,0.19032183289527893,0.6391686797142029,-0.054032254964113235,0.19782310724258423,0.6027165651321411,-0.05851549655199051
19,left,0,0,0,0,0,0,0,0,0,0,0,0,0,0,0,0,0,0,0,0,0,0,0,0,0,0,0,0,0,0,0,0,0,0,0,0,0,0,0,0,0,0,0,0,0,0,0,0,0,0,0,0,0,0,0,0,0,0,0,0,0,0,0
20,right,0.19664007425308228,0.9222118258476257,3.508340569169377e-07,0.24372553825378418,0.8901094794273376,-0.02518654242157936,0.27870088815689087,0.8307963609695435,-0.03647869452834129,0.2520551085472107,0.7786034345626831,-0.045621730387210846,0.212741881608963,0.76700359582901,-0.05517446622252464,0.27500197291374207,0.7276716828346252,-0.021066322922706604,0.286519318819046,0.6494252681732178,-0.03706103935837746,0.28869694471359253,0.5996499061584473,-0.05164587125182152,0.28901207447052,0.5534303784370422,-0.06316811591386795,0.24049706757068634,0.7126948833465576,-0.02352423034608364,0.2536819279193878,0.6264657974243164,-0.03585003316402435,0.2590816617012024,0.5697236061096191,-0.0497274287045002,0.26239678263664246,0.5199715495109558,-0.06083370000123978,0.20816008746623993,0.7200576663017273,-0.02890721894800663,0.2188219428062439,0.6396355628967285,-0.041281621903181076,0.2273460030555725,0.5880082845687866,-0.053633276373147964,0.2331080436706543,0.5432066321372986,-0.0629001259803772,0.17356398701667786,0.7437313199043274,-0.03701917827129364,0.1814531683921814,0.6825427412986755,-0.04803533852100372,0.19029554724693298,0.6430502533912659,-0.053227733820676804,0.1980714648962021,0.6066729426383972,-0.05742070823907852
20,left,0,0,0,0,0,0,0,0,0,0,0,0,0,0,0,0,0,0,0,0,0,0,0,0,0,0,0,0,0,0,0,0,0,0,0,0,0,0,0,0,0,0,0,0,0,0,0,0,0,0,0,0,0,0,0,0,0,0,0,0,0,0,0
21,right,0.19567131996154785,0.922605574131012,3.4933188430841255e-07,0.24302275478839874,0.8908548951148987,-0.02544955536723137,0.2780129909515381,0.831383228302002,-0.036707937717437744,0.2504918873310089,0.7791057229042053,-0.04569493606686592,0.21120546758174896,0.7664337158203125,-0.05512431263923645,0.2743619680404663,0.7299171090126038,-0.021778631955385208,0.2860930562019348,0.6512250900268555,-0.03783756494522095,0.2882278859615326,0.6014357209205627,-0.052299510687589645,0.2884829640388489,0.5550466775894165,-0.06376179307699203,0.23986588418483734,0.7148575186729431,-0.023996546864509583,0.2532379925251007,0.6281653642654419,-0.036342427134513855,0.2586689889431,0.571770429611206,-0.05028337612748146,0.26200494170188904,0.5218561887741089,-0.06151742488145828,0.20765157043933868,0.7220545411109924,-0.029103798791766167,0.21814364194869995,0.6414983868598938,-0.041498973965644836,0.2266412377357483,0.5898403525352478,-0.054035235196352005,0.23250849545001984,0.5444024801254272,-0.0635412409901619,0.17333641648292542,0.7456244826316833,-0.03692217543721199,0.1812739372253418,0.6844605207443237,-0.04815242812037468,0.18995355069637299,0.6448158621788025,-0.0536653995513916,0.19753845036029816,0.6075409054756165,-0.05816318467259407
21,left,0,0,0,0,0,0,0,0,0,0,0,0,0,0,0,0,0,0,0,0,0,0,0,0,0,0,0,0,0,0,0,0,0,0,0,0,0,0,0,0,0,0,0,0,0,0,0,0,0,0,0,0,0,0,0,0,0,0,0,0,0,0,0
22,right,0.19587814807891846,0.9217508435249329,3.5154576494278444e-07,0.24284905195236206,0.8905723690986633,-0.0254876296967268,0.2782367169857025,0.8307314515113831,-0.03663221374154091,0.2517589330673218,0.777302622795105,-0.0455394983291626,0.21288304030895233,0.7632704973220825,-0.05492117255926132,0.27444881200790405,0.7278091311454773,-0.02129535935819149,0.2857856750488281,0.6500479578971863,-0.03731672465801239,0.28787365555763245,0.6004226207733154,-0.05201513692736626,0.2882729768753052,0.5541681051254272,-0.06368950754404068,0.2401663362979889,0.7132441997528076,-0.02354402281343937,0.2530919313430786,0.6277338862419128,-0.03594055026769638,0.25845637917518616,0.5709930658340454,-0.0502101369202137,0.26175373792648315,0.5204113721847534,-0.06173316761851311,0.2080296277999878,0.7208918333053589,-0.02874983474612236,0.2180643528699875,0.6406381726264954,-0.0414947085082531,0.2260894477367401,0.5888046622276306,-0.054561976343393326,0.23145942389965057,0.5431926846504211,-0.06441064178943634,0.17370688915252686,0.7447089552879333,-0.03666379302740097,0.18169227242469788,0.6833013892173767,-0.04846253991127014,0.1903001219034195,0.6437940001487732,-0.054524846374988556,0.19761475920677185,0.6067689657211304,-0.05936969444155693
22,left,0,0,0,0,0,0,0,0,0,0,0,0,0,0,0,0,0,0,0,0,0,0,0,0,0,0,0,0,0,0,0,0,0,0,0,0,0,0,0,0,0,0,0,0,0,0,0,0,0,0,0,0,0,0,0,0,0,0,0,0,0,0,0
23,right,0.19596388936042786,0.9188652038574219,3.4128399306609936e-07,0.24280153214931488,0.8883007764816284,-0.024733537808060646,0.27851465344429016,0.8289310336112976,-0.035327497869729996,0.252740740776062,0.7752498388290405,-0.04374587535858154,0.21479946374893188,0.7591493129730225,-0.05268339812755585,0.27562639117240906,0.7269907593727112,-0.020824644714593887,0.2864735424518585,0.6485475301742554,-0.03673364967107773,0.28854790329933167,0.5983062982559204,-0.051151763647794724,0.28897377848625183,0.552155613899231,-0.06252682954072952,0.24141627550125122,0.7123832702636719,-0.023167772218585014,0.2538520395755768,0.6263952851295471,-0.03564837947487831,0.2591498792171478,0.5691990852355957,-0.04989812523126602,0.26268061995506287,0.5188436508178711,-0.06137895956635475,0.20912803709506989,0.7195855379104614,-0.028404325246810913,0.21855325996875763,0.6389475464820862,-0.041302625089883804,0.22663575410842896,0.5863697528839111,-0.05460267886519432,0.2325308471918106,0.540602445602417,-0.06461308151483536,0.17449171841144562,0.7424666285514832,-0.036223072558641434,0.182172030210495,0.6811325550079346,-0.04829444736242294,0.19068071246147156,0.6416212916374207,-0.05467627942562103,0.1983156055212021,0.6048679351806641,-0.05971823260188103
23,left,0,0,0,0,0,0,0,0,0,0,0,0,0,0,0,0,0,0,0,0,0,0,0,0,0,0,0,0,0,0,0,0,0,0,0,0,0,0,0,0,0,0,0,0,0,0,0,0,0,0,0,0,0,0,0,0,0,0,0,0,0,0,0
24,right,0.19578678905963898,0.9182207584381104,3.4725718478512135e-07,0.2426007241010666,0.888649582862854,-0.025208214297890663,0.27820658683776855,0.8291037678718567,-0.036189496517181396,0.2527433931827545,0.7750113606452942,-0.044895704835653305,0.2145310640335083,0.7595970034599304,-0.054134029895067215,0.2754867374897003,0.7253233194351196,-0.022262804210186005,0.2866269052028656,0.6470908522605896,-0.038435593247413635,0.2886803448200226,0.596843421459198,-0.052991535514593124,0.2888110280036926,0.5502351522445679,-0.06449110805988312,0.24122335016727448,0.7107117176055908,-0.024569839239120483,0.25421786308288574,0.6249964833259583,-0.03716275468468666,0.259437620639801,0.5678811073303223,-0.05127813667058945,0.2624688744544983,0.5172176361083984,-0.06261814385652542,0.20903445780277252,0.718467116355896,-0.029705161228775978,0.21880881488323212,0.6384039521217346,-0.04242565110325813,0.22656254470348358,0.5864214897155762,-0.05522407963871956,0.23175789415836334,0.5407544374465942,-0.06487053632736206,0.17452646791934967,0.7422544956207275,-0.037500008940696716,0.18279685080051422,0.6810548305511475,-0.049189064651727676,0.19139787554740906,0.6416919231414795,-0.055052321404218674,0.19889383018016815,0.6048094630241394,-0.05970917269587517
24,left,0,0,0,0,0,0,0,0,0,0,0,0,0,0,0,0,0,0,0,0,0,0,0,0,0,0,0,0,0,0,0,0,0,0,0,0,0,0,0,0,0,0,0,0,0,0,0,0,0,0,0,0,0,0,0,0,0,0,0,0,0,0,0
25,right,0.196200430393219,0.9184178709983826,3.477168490917393e-07,0.24370481073856354,0.8882871866226196,-0.025142928585410118,0.2795538902282715,0.8299058675765991,-0.03635779395699501,0.25369468331336975,0.7765213251113892,-0.045359764248132706,0.21496254205703735,0.7621389627456665,-0.054906945675611496,0.2765589654445648,0.7272053956985474,-0.021803738549351692,0.2876536548137665,0.6488988995552063,-0.038051534444093704,0.2899685204029083,0.5990761518478394,-0.05265791341662407,0.2906252145767212,0.5528165102005005,-0.06415175646543503,0.2421209216117859,0.712115466594696,-0.024182884022593498,0.25530192255973816,0.6257703304290771,-0.036766406148672104,0.2609326243400574,0.5691279172897339,-0.050817977637052536,0.2645563781261444,0.5189741253852844,-0.062038350850343704,0.20974020659923553,0.7192094922065735,-0.02942567691206932,0.22022223472595215,0.6383646130561829,-0.04220869392156601,0.22855165600776672,0.5861999988555908,-0.0550413653254509,0.23430009186267853,0.5404497981071472,-0.0646316409111023,0.17500212788581848,0.7423291802406311,-0.03731424733996391,0.18318036198616028,0.6809647679328918,-0.04897249490022659,0.19186902046203613,0.6416532397270203,-0.05475517734885216,0.1994183212518692,0.6050001978874207,-0.059320222586393356
25,left,0,0,0,0,0,0,0,0,0,0,0,0,0,0,0,0,0,0,0,0,0,0,0,0,0,0,0,0,0,0,0,0,0,0,0,0,0,0,0,0,0,0,0,0,0,0,0,0,0,0,0,0,0,0,0,0,0,0,0,0,0,0,0
26,right,0.19718769192695618,0.919636070728302,3.563461916655797e-07,0.2442019283771515,0.8889092206954956,-0.025021212175488472,0.2794465720653534,0.830169677734375,-0.03637175261974335,0.25311279296875,0.7768378257751465,-0.04555854946374893,0.21396344900131226,0.7640863656997681,-0.05535241216421127,0.27573543787002563,0.7274158596992493,-0.022458931431174278,0.28709375858306885,0.6489875912666321,-0.03877914696931839,0.2892909646034241,0.5990022420883179,-0.0534113310277462,0.289547324180603,0.5523667931556702,-0.06494735181331635,0.24120044708251953,0.7129350900650024,-0.02509814314544201,0.25455766916275024,0.6265264749526978,-0.037806905806064606,0.2598353326320648,0.569102942943573,-0.051936596632003784,0.26272299885749817,0.5183054208755493,-0.06324206292629242,0.208797425031662,0.7205415368080139,-0.03051820956170559,0.218913733959198,0.6400569677352905,-0.043222203850746155,0.22676284611225128,0.587880551815033,-0.05599125102162361,0.23185403645038605,0.5421462059020996,-0.06558780372142792,0.174189493060112,0.7441291213035583,-0.03858117386698723,0.18268713355064392,0.6828867793083191,-0.04991777986288071,0.19109275937080383,0.6434116959571838,-0.05546175688505173,0.198202446103096,0.6064432859420776,-0.059956613928079605
26,left,0,0,0,0,0,0,0,0,0,0,0,0,0,0,0,0,0,0,0,0,0,0,0,0,0,0,0,0,0,0,0,0,0,0,0,0,0,0,0,0,0,0,0,0,0,0,0,0,0,0,0,0,0,0,0,0,0,0,0,0,0,0,0
27,right,0.1977173388004303,0.9232792854309082,3.542119486610318e-07,0.24488094449043274,0.8925685882568359,-0.025173384696245193,0.28046005964279175,0.8333627581596375,-0.036383867263793945,0.2546698749065399,0.7806745767593384,-0.0454397052526474,0.21529033780097961,0.7691476345062256,-0.05495773255825043,0.2755996286869049,0.7299513220787048,-0.021597111597657204,0.28700295090675354,0.6516439318656921,-0.03759950399398804,0.28935757279396057,0.6020888686180115,-0.05206849426031113,0.2897399365901947,0.5562201738357544,-0.06346229463815689,0.24101758003234863,0.7153676152229309,-0.023961849510669708,0.25407955050468445,0.6287813782691956,-0.03638977184891701,0.25966677069664,0.5716983675956726,-0.05027388036251068,0.262933611869812,0.521664023399353,-0.06134066730737686,0.20881931483745575,0.7229647040367126,-0.02918415702879429,0.21875201165676117,0.642340898513794,-0.041499122977256775,0.2271721065044403,0.5908339023590088,-0.05385735258460045,0.23278385400772095,0.5461605787277222,-0.06310399621725082,0.17455044388771057,0.7466229796409607,-0.037122692912817,0.182218536734581,0.6850447058677673,-0.048043955117464066,0.19072064757347107,0.6451035737991333,-0.05336310714483261,0.19802066683769226,0.6081112623214722,-0.05765579640865326
27,left,0,0,0,0,0,0,0,0,0,0,0,0,0,0,0,0,0,0,0,0,0,0,0,0,0,0,0,0,0,0,0,0,0,0,0,0,0,0,0,0,0,0,0,0,0,0,0,0,0,0,0,0,0,0,0,0,0,0,0,0,0,0,0
28,right,0.19709813594818115,0.9244071245193481,3.5069069781457074e-07,0.24455644190311432,0.8935012221336365,-0.025142034515738487,0.28026390075683594,0.8337650299072266,-0.036221884191036224,0.2532290518283844,0.7805347442626953,-0.04509059339761734,0.21373127400875092,0.7669818997383118,-0.05450376123189926,0.276110976934433,0.7311352491378784,-0.02147921919822693,0.2872392535209656,0.652847945690155,-0.037500105798244476,0.2892889380455017,0.6032126545906067,-0.05202183127403259,0.2897981107234955,0.5570119023323059,-0.06354638189077377,0.24138924479484558,0.7163772583007812,-0.023892579600214958,0.2543635368347168,0.6299809813499451,-0.036210112273693085,0.2598254382610321,0.5734266638755798,-0.050286635756492615,0.2633669674396515,0.5232816338539124,-0.06166897341609001,0.20903389155864716,0.7237891554832458,-0.029198752716183662,0.21929697692394257,0.642886757850647,-0.041725147515535355,0.22757399082183838,0.5905126333236694,-0.054677121341228485,0.23325516283512115,0.544614851474762,-0.06452222168445587,0.17457392811775208,0.7473320364952087,-0.03715773671865463,0.18245744705200195,0.6856906414031982,-0.04862470552325249,0.19117122888565063,0.6457625031471252,-0.054505761712789536,0.19882914423942566,0.6082656383514404,-0.05930791795253754
28,left,0,0,0,0,0,0,0,0,0,0,0,0,0,0,0,0,0,0,0,0,0,0,0,0,0,0,0,0,0,0,0,0,0,0,0,0,0,0,0,0,0,0,0,0,0,0,0,0,0,0,0,0,0,0,0,0,0,0,0,0,0,0,0
29,right,0.1971575915813446,0.9240989089012146,3.571934428237e-07,0.24397626519203186,0.8943318724632263,-0.026155641302466393,0.27983224391937256,0.8359455466270447,-0.03806577995419502,0.2537858188152313,0.7819578647613525,-0.0475822389125824,0.21453462541103363,0.7676346898078918,-0.05760020762681961,0.27554744482040405,0.7308832406997681,-0.0234490055590868,0.2864014804363251,0.6528790593147278,-0.039993766695261,0.2881663143634796,0.603222668170929,-0.054860278964042664,0.28835684061050415,0.5565320253372192,-0.06666450947523117,0.2406703382730484,0.716048538684845,-0.025629311800003052,0.25341638922691345,0.6298651099205017,-0.038531508296728134,0.2586521506309509,0.5728481411933899,-0.0527975894510746,0.2618865370750427,0.5219958424568176,-0.0643315464258194,0.2081984579563141,0.7238117456436157,-0.030697248876094818,0.2174351066350937,0.6438069343566895,-0.04358411580324173,0.2253306657075882,0.592028796672821,-0.05630222335457802,0.23078742623329163,0.5463509559631348,-0.06596667319536209,0.1737329363822937,0.7478818297386169,-0.03853318840265274,0.18176555633544922,0.6868520975112915,-0.05017896369099617,0.19031952321529388,0.6472853422164917,-0.05596349015831947,0.19780707359313965,0.6099497675895691,-0.06068440154194832
29,left,0,0,0,0,0,0,0,0,0,0,0,0,0,0,0,0,0,0,0,0,0,0,0,0,0,0,0,0,0,0,0,0,0,0,0,0,0,0,0,0,0,0,0,0,0,0,0,0,0,0,0,0,0,0,0,0,0,0,0,0,0,0,0
30,right,0.19700662791728973,0.9239791631698608,3.5844396961692837e-07,0.24435989558696747,0.8930448889732361,-0.02557428367435932,0.28009194135665894,0.834685206413269,-0.03718598932027817,0.253825843334198,0.7814425230026245,-0.04653756320476532,0.21495386958122253,0.7666268348693848,-0.056404098868370056,0.2749558985233307,0.7304251194000244,-0.022427748888731003,0.2857712209224701,0.6526780128479004,-0.038779281079769135,0.28761574625968933,0.603058934211731,-0.053549595177173615,0.28794804215431213,0.5564679503440857,-0.06524959206581116,0.24030330777168274,0.7157061696052551,-0.02471240796148777,0.2529209554195404,0.6297954320907593,-0.037407033145427704,0.25819236040115356,0.572670578956604,-0.05163971334695816,0.26150795817375183,0.5217217206954956,-0.06310998648405075,0.20811907947063446,0.7234885692596436,-0.02986443229019642,0.21721363067626953,0.6434043645858765,-0.04260602220892906,0.2250499278306961,0.5911489725112915,-0.055402062833309174,0.23048685491085052,0.5450698137283325,-0.06508047878742218,0.17403727769851685,0.7476107478141785,-0.03772086277604103,0.18169236183166504,0.6865153312683105,-0.04933270439505577,0.19012488424777985,0.6467056274414062,-0.055157557129859924,0.19739624857902527,0.6094541549682617,-0.05982671305537224
30,left,0,0,0,0,0,0,0,0,0,0,0,0,0,0,0,0,0,0,0,0,0,0,0,0,0,0,0,0,0,0,0,0,0,0,0,0,0,0,0,0,0,0,0,0,0,0,0,0,0,0,0,0,0,0,0,0,0,0,0,0,0,0,0
31,right,0.1967604160308838,0.9232226014137268,3.551553788838646e-07,0.2431405782699585,0.893044114112854,-0.025616856291890144,0.2791599929332733,0.8349136114120483,-0.03732750192284584,0.2535684406757355,0.780656099319458,-0.046744197607040405,0.21493950486183167,0.7647901177406311,-0.056672148406505585,0.2747640907764435,0.7293538451194763,-0.022789951413869858,0.28556007146835327,0.6514159440994263,-0.039391547441482544,0.2874796688556671,0.6017793416976929,-0.05424303188920021,0.28775015473365784,0.5553642511367798,-0.065913125872612,0.24007561802864075,0.7147159576416016,-0.025063691660761833,0.2525995671749115,0.628892183303833,-0.0380668118596077,0.25762033462524414,0.5719884037971497,-0.05230114981532097,0.2606663107872009,0.5213048458099365,-0.06369852274656296,0.20778241753578186,0.7223958969116211,-0.030196906998753548,0.21661226451396942,0.6420134902000427,-0.04308753088116646,0.2242005616426468,0.5898732542991638,-0.055681027472019196,0.22953839600086212,0.5437133312225342,-0.065200574696064,0.17338058352470398,0.7461451888084412,-0.038035787642002106,0.180853933095932,0.6845169067382812,-0.04970802366733551,0.18917417526245117,0.6447651982307434,-0.05543475225567818,0.19659686088562012,0.6073092222213745,-0.059997059404850006
31,left,0,0,0,0,0,0,0,0,0,0,0,0,0,0,0,0,0,0,0,0,0,0,0,0,0,0,0,0,0,0,0,0,0,0,0,0,0,0,0,0,0,0,0,0,0,0,0,0,0,0,0,0,0,0,0,0,0,0,0,0,0,0,0
32,right,0.19635051488876343,0.9240183234214783,3.562837491699611e-07,0.2435765415430069,0.8935803174972534,-0.02567983604967594,0.27958059310913086,0.8353394269943237,-0.03748832643032074,0.2542961537837982,0.781949520111084,-0.04706050828099251,0.21523262560367584,0.7670859694480896,-0.05722971260547638,0.27392640709877014,0.7296957969665527,-0.02314513735473156,0.2841668128967285,0.6515735983848572,-0.03993290290236473,0.28575417399406433,0.6017239093780518,-0.05493037775158882,0.2858467400074005,0.5549553632736206,-0.0667298287153244,0.23922866582870483,0.7155663371086121,-0.025581620633602142,0.2512264847755432,0.6292569637298584,-0.038800109177827835,0.25604280829429626,0.5716322660446167,-0.053273867815732956,0.25893741846084595,0.5200316905975342,-0.06488784402608871,0.2068479210138321,0.7237910032272339,-0.03087136521935463,0.21544337272644043,0.6436107754707336,-0.04400700703263283,0.2230350226163864,0.5914897918701172,-0.056863684207201004,0.22830380499362946,0.5451804399490356,-0.06654515862464905,0.17235681414604187,0.7480964064598083,-0.03886105865240097,0.17961516976356506,0.6863219141960144,-0.05060166120529175,0.1877640187740326,0.6464834809303284,-0.05637529864907265,0.19500237703323364,0.6088579893112183,-0.061032891273498535
32,left,0,0,0,0,0,0,0,0,0,0,0,0,0,0,0,0,0,0,0,0,0,0,0,0,0,0,0,0,0,0,0,0,0,0,0,0,0,0,0,0,0,0,0,0,0,0,0,0,0,0,0,0,0,0,0,0,0,0,0,0,0,0,0
33,right,0.19553934037685394,0.9237702488899231,3.5732696801460406e-07,0.2432626187801361,0.8938456177711487,-0.026070915162563324,0.27958565950393677,0.8361903429031372,-0.037945255637168884,0.2537878155708313,0.7834277749061584,-0.04745575785636902,0.2150442749261856,0.7682324051856995,-0.057474300265312195,0.27346912026405334,0.7305995225906372,-0.02329964190721512,0.2837752401828766,0.6520582437515259,-0.040089551359415054,0.28534722328186035,0.601921558380127,-0.05501824617385864,0.28531014919281006,0.5551026463508606,-0.06669480353593826,0.23855093121528625,0.7161500453948975,-0.02536403387784958,0.25086045265197754,0.6294804811477661,-0.038395754992961884,0.25579777359962463,0.5721315145492554,-0.05264938995242119,0.2587321102619171,0.521170437335968,-0.0640682652592659,0.20623020827770233,0.7238684296607971,-0.03031752072274685,0.21535368263721466,0.6436907052993774,-0.04318733885884285,0.22300098836421967,0.5915716290473938,-0.05582093819975853,0.2280978113412857,0.5455267429351807,-0.06533832848072052,0.171977698802948,0.7478657364845276,-0.03801550343632698,0.17958396673202515,0.6866127252578735,-0.04958322271704674,0.18777883052825928,0.6470147967338562,-0.055230557918548584,0.19466491043567657,0.6097636222839355,-0.05973275750875473
33,left,0,0,0,0,0,0,0,0,0,0,0,0,0,0,0,0,0,0,0,0,0,0,0,0,0,0,0,0,0,0,0,0,0,0,0,0,0,0,0,0,0,0,0,0,0,0,0,0,0,0,0,0,0,0,0,0,0,0,0,0,0,0,0
34,right,0.19598013162612915,0.9267422556877136,3.6642308032242e-07,0.24327367544174194,0.8948309421539307,-0.02585362084209919,0.2784588038921356,0.8360083699226379,-0.037832457572221756,0.2510727643966675,0.7831593751907349,-0.04759933054447174,0.21094658970832825,0.7699536085128784,-0.05791362375020981,0.27173951268196106,0.7311869859695435,-0.022756189107894897,0.28245809674263,0.6535964012145996,-0.03931420296430588,0.2841021418571472,0.6042603254318237,-0.054232485592365265,0.2841244339942932,0.5574034452438354,-0.06609191000461578,0.23684333264827728,0.7168462872505188,-0.025134526193141937,0.2494547963142395,0.631591796875,-0.03810527175664902,0.25436124205589294,0.5747963786125183,-0.05242864042520523,0.2570992708206177,0.5235786437988281,-0.06395945698022842,0.20437173545360565,0.7250158786773682,-0.030385300517082214,0.21305140852928162,0.6453824639320374,-0.04308093339204788,0.22065499424934387,0.5946184396743774,-0.0553627572953701,0.22571685910224915,0.5491092801094055,-0.06467016041278839,0.17006048560142517,0.7496695518493652,-0.03840095177292824,0.17726370692253113,0.6883013248443604,-0.04953530803322792,0.18528924882411957,0.6484730839729309,-0.0547441802918911,0.1921616643667221,0.6106358170509338,-0.0590629056096077
34,left,0,0,0,0,0,0,0,0,0,0,0,0,0,0,0,0,0,0,0,0,0,0,0,0,0,0,0,0,0,0,0,0,0,0,0,0,0,0,0,0,0,0,0,0,0,0,0,0,0,0,0,0,0,0,0,0,0,0,0,0,0,0,0
35,right,0.1950768530368805,0.9252309799194336,3.5998900216327456e-07,0.24186083674430847,0.894724428653717,-0.02622426114976406,0.27806490659713745,0.8363268375396729,-0.03808478266000748,0.2527744770050049,0.7822414040565491,-0.04753555357456207,0.2135331928730011,0.7672136425971985,-0.05746934190392494,0.2712963819503784,0.7307344675064087,-0.022991079837083817,0.2814714312553406,0.6524717807769775,-0.03967782109975815,0.28292426466941833,0.6024615168571472,-0.05466093868017197,0.2827535569667816,0.5556052923202515,-0.06644974648952484,0.2367810308933258,0.7165467143058777,-0.024964990094304085,0.2488875538110733,0.6302564144134521,-0.03788425028324127,0.2533707320690155,0.5729799270629883,-0.05216827243566513,0.25574028491973877,0.5220394134521484,-0.06367781013250351,0.2045871466398239,0.7244963645935059,-0.02986993081867695,0.2132093608379364,0.6444931626319885,-0.04265066236257553,0.22068391740322113,0.5923792123794556,-0.05539723485708237,0.22571270167827606,0.5462987422943115,-0.06508079916238785,0.17019152641296387,0.7484530806541443,-0.03755780681967735,0.17718519270420074,0.6868762969970703,-0.04922974854707718,0.1849398910999298,0.6469706892967224,-0.05513456463813782,0.19163778424263,0.6094157695770264,-0.05986630171537399
35,left,0,0,0,0,0,0,0,0,0,0,0,0,0,0,0,0,0,0,0,0,0,0,0,0,0,0,0,0,0,0,0,0,0,0,0,0,0,0,0,0,0,0,0,0,0,0,0,0,0,0,0,0,0,0,0,0,0,0,0,0,0,0,0
36,right,0.19416305422782898,0.9258472919464111,3.576226106360991e-07,0.24068601429462433,0.8951426148414612,-0.026044443249702454,0.2762123644351959,0.8356887102127075,-0.03795361518859863,0.25017809867858887,0.7810906171798706,-0.04748621955513954,0.21050585806369781,0.7669523358345032,-0.05753061920404434,0.2703113257884979,0.730051577091217,-0.02329440787434578,0.28026553988456726,0.6511883735656738,-0.03995228931307793,0.2814313471317291,0.6010409593582153,-0.05483950674533844,0.2809164226055145,0.5543371438980103,-0.06654902547597885,0.23535531759262085,0.7160724401473999,-0.025421995669603348,0.24738463759422302,0.6296877264976501,-0.03835677728056908,0.25173693895339966,0.5722327828407288,-0.05251467972993851,0.25389575958251953,0.5216301679611206,-0.06385812908411026,0.20292024314403534,0.7242146730422974,-0.030415063723921776,0.21116560697555542,0.6434938907623291,-0.043040502816438675,0.21806441247463226,0.5915378332138062,-0.05538499355316162,0.2224566638469696,0.5460033416748047,-0.06475114822387695,0.1685592383146286,0.7485681176185608,-0.03817891702055931,0.17558693885803223,0.6866376399993896,-0.04958053305745125,0.18306481838226318,0.6463444232940674,-0.055124297738075256,0.1893533319234848,0.6086187362670898,-0.05957559868693352
36,left,0,0,0,0,0,0,0,0,0,0,0,0,0,0,0,0,0,0,0,0,0,0,0,0,0,0,0,0,0,0,0,0,0,0,0,0,0,0,0,0,0,0,0,0,0,0,0,0,0,0,0,0,0,0,0,0,0,0,0,0,0,0,0
