1,right,0,0,0,0,0,0,0,0,0,0,0,0,0,0,0,0,0,0,0,0,0,0,0,0,0,0,0,0,0,0,0,0,0,0,0,0,0,0,0,0,0,0,0,0,0,0,0,0,0,0,0,0,0,0,0,0,0,0,0,0,0,0,0
1,left,0,0,0,0,0,0,0,0,0,0,0,0,0,0,0,0,0,0,0,0,0,0,0,0,0,0,0,0,0,0,0,0,0,0,0,0,0,0,0,0,0,0,0,0,0,0,0,0,0,0,0,0,0,0,0,0,0,0,0,0,0,0,0
2,right,0,0,0,0,0,0,0,0,0,0,0,0,0,0,0,0,0,0,0,0,0,0,0,0,0,0,0,0,0,0,0,0,0,0,0,0,0,0,0,0,0,0,0,0,0,0,0,0,0,0,0,0,0,0,0,0,0,0,0,0,0,0,0
2,left,0,0,0,0,0,0,0,0,0,0,0,0,0,0,0,0,0,0,0,0,0,0,0,0,0,0,0,0,0,0,0,0,0,0,0,0,0,0,0,0,0,0,0,0,0,0,0,0,0,0,0,0,0,0,0,0,0,0,0,0,0,0,0
3,right,0,0,0,0,0,0,0,0,0,0,0,0,0,0,0,0,0,0,0,0,0,0,0,0,0,0,0,0,0,0,0,0,0,0,0,0,0,0,0,0,0,0,0,0,0,0,0,0,0,0,0,0,0,0,0,0,0,0,0,0,0,0,0
3,left,0,0,0,0,0,0,0,0,0,0,0,0,0,0,0,0,0,0,0,0,0,0,0,0,0,0,0,0,0,0,0,0,0,0,0,0,0,0,0,0,0,0,0,0,0,0,0,0,0,0,0,0,0,0,0,0,0,0,0,0,0,0,0
4,right,0,0,0,0,0,0,0,0,0,0,0,0,0,0,0,0,0,0,0,0,0,0,0,0,0,0,0,0,0,0,0,0,0,0,0,0,0,0,0,0,0,0,0,0,0,0,0,0,0,0,0,0,0,0,0,0,0,0,0,0,0,0,0
4,left,0,0,0,0,0,0,0,0,0,0,0,0,0,0,0,0,0,0,0,0,0,0,0,0,0,0,0,0,0,0,0,0,0,0,0,0,0,0,0,0,0,0,0,0,0,0,0,0,0,0,0,0,0,0,0,0,0,0,0,0,0,0,0
5,right,0,0,0,0,0,0,0,0,0,0,0,0,0,0,0,0,0,0,0,0,0,0,0,0,0,0,0,0,0,0,0,0,0,0,0,0,0,0,0,0,0,0,0,0,0,0,0,0,0,0,0,0,0,0,0,0,0,0,0,0,0,0,0
5,left,0,0,0,0,0,0,0,0,0,0,0,0,0,0,0,0,0,0,0,0,0,0,0,0,0,0,0,0,0,0,0,0,0,0,0,0,0,0,0,0,0,0,0,0,0,0,0,0,0,0,0,0,0,0,0,0,0,0,0,0,0,0,0
6,right,0,0,0,0,0,0,0,0,0,0,0,0,0,0,0,0,0,0,0,0,0,0,0,0,0,0,0,0,0,0,0,0,0,0,0,0,0,0,0,0,0,0,0,0,0,0,0,0,0,0,0,0,0,0,0,0,0,0,0,0,0,0,0
6,left,0,0,0,0,0,0,0,0,0,0,0,0,0,0,0,0,0,0,0,0,0,0,0,0,0,0,0,0,0,0,0,0,0,0,0,0,0,0,0,0,0,0,0,0,0,0,0,0,0,0,0,0,0,0,0,0,0,0,0,0,0,0,0
7,right,0,0,0,0,0,0,0,0,0,0,0,0,0,0,0,0,0,0,0,0,0,0,0,0,0,0,0,0,0,0,0,0,0,0,0,0,0,0,0,0,0,0,0,0,0,0,0,0,0,0,0,0,0,0,0,0,0,0,0,0,0,0,0
7,left,0,0,0,0,0,0,0,0,0,0,0,0,0,0,0,0,0,0,0,0,0,0,0,0,0,0,0,0,0,0,0,0,0,0,0,0,0,0,0,0,0,0,0,0,0,0,0,0,0,0,0,0,0,0,0,0,0,0,0,0,0,0,0
8,right,0,0,0,0,0,0,0,0,0,0,0,0,0,0,0,0,0,0,0,0,0,0,0,0,0,0,0,0,0,0,0,0,0,0,0,0,0,0,0,0,0,0,0,0,0,0,0,0,0,0,0,0,0,0,0,0,0,0,0,0,0,0,0
8,left,0,0,0,0,0,0,0,0,0,0,0,0,0,0,0,0,0,0,0,0,0,0,0,0,0,0,0,0,0,0,0,0,0,0,0,0,0,0,0,0,0,0,0,0,0,0,0,0,0,0,0,0,0,0,0,0,0,0,0,0,0,0,0
9,right,0.22526195645332336,1.0657129287719727,4.527297505774186e-07,0.28075698018074036,1.054956316947937,-0.04207993671298027,0.3223377466201782,1.0138273239135742,-0.06825749576091766,0.3116738200187683,0.9799247980117798,-0.09007985889911652,0.2676931321620941,0.9706873893737793,-0.11479721963405609,0.3024863004684448,0.8918316960334778,-0.06075029820203781,0.31154191493988037,0.7970409989356995,-0.0918949544429779,0.31272631883621216,0.7426477670669556,-0.11479178816080093,0.31231963634490967,0.6928063035011292,-0.13120998442173004,0.262683629989624,0.8890134692192078,-0.059953801333904266,0.2708626985549927,0.7867387533187866,-0.08598840981721878,0.2747535705566406,0.725766122341156,-0.1080474704504013,0.27858272194862366,0.6708471179008484,-0.12582428753376007,0.22346222400665283,0.9068641066551208,-0.062198538333177567,0.2266027182340622,0.8088135719299316,-0.08723223954439163,0.23053354024887085,0.7511681914329529,-0.10571655631065369,0.2349139004945755,0.6999791264533997,-0.1193758174777031,0.18195369839668274,0.9379647374153137,-0.06744851171970367,0.17979715764522552,0.8664276003837585,-0.09019362926483154,0.18215227127075195,0.8235432505607605,-0.1011524498462677,0.18593275547027588,0.783291220664978,-0.10966379940509796
9,left,0,0,0,0,0,0,0,0,0,0,0,0,0,0,0,0,0,0,0,0,0,0,0,0,0,0,0,0,0,0,0,0,0,0,0,0,0,0,0,0,0,0,0,0,0,0,0,0,0,0,0,0,0,0,0,0,0,0,0,0,0,0,0
10,right,0.24626369774341583,1.0556614398956299,5.598365078185452e-07,0.2936883568763733,1.027625322341919,-0.025545010343194008,0.3312510550022125,0.9768328666687012,-0.04219327121973038,0.30946415662765503,0.9364215731620789,-0.0575101338326931,0.2656007409095764,0.919640064239502,-0.07563632726669312,0.30805233120918274,0.8564340472221375,-0.03640531748533249,0.31568068265914917,0.7617986798286438,-0.06106921657919884,0.3160988986492157,0.7020858526229858,-0.0805945098400116,0.31473878026008606,0.6495271921157837,-0.09425517171621323,0.2660665810108185,0.8520389199256897,-0.042926911264657974,0.274155855178833,0.7498858571052551,-0.06368684768676758,0.2768246829509735,0.6825104355812073,-0.08321044594049454,0.2800520658493042,0.6245962381362915,-0.09746336191892624,0.22625434398651123,0.8689289689064026,-0.05155489221215248,0.2316138595342636,0.7699636220932007,-0.07210587710142136,0.2357047200202942,0.7086045742034912,-0.08824217319488525,0.24023652076721191,0.6551986336708069,-0.09889896959066391,0.18476665019989014,0.9018561840057373,-0.0620390921831131,0.18278945982456207,0.8256248831748962,-0.0818033292889595,0.18492451310157776,0.7789333462715149,-0.08944416791200638,0.18896512687206268,0.7358688116073608,-0.0936826691031456
10,left,0,0,0,0,0,0,0,0,0,0,0,0,0,0,0,0,0,0,0,0,0,0,0,0,0,0,0,0,0,0,0,0,0,0,0,0,0,0,0,0,0,0,0,0,0,0,0,0,0,0,0,0,0,0,0,0,0,0,0,0,0,0,0
11,right,0.24075692892074585,1.0136632919311523,6.31242471627047e-07,0.2942550778388977,0.9764564633369446,-0.029410863295197487,0.3321991562843323,0.9105305075645447,-0.04446127265691757,0.2992764711380005,0.861414909362793,-0.05701373890042305,0.2521130442619324,0.8505673408508301,-0.07087518274784088,0.3105446398258209,0.7936784029006958,-0.029467375949025154,0.3166361451148987,0.7029600143432617,-0.05151061341166496,0.31723591685295105,0.6444845795631409,-0.07022649049758911,0.3155094385147095,0.590772271156311,-0.08384974300861359,0.26755252480506897,0.7869319319725037,-0.03241339698433876,0.27476492524147034,0.6890630722045898,-0.050636522471904755,0.2770690321922302,0.622302234172821,-0.06915857642889023,0.27811065316200256,0.5611310005187988,-0.08262702077627182,0.2285967469215393,0.8027362823486328,-0.03840769827365875,0.23307210206985474,0.7091115713119507,-0.05734030529856682,0.23856475949287415,0.6470386981964111,-0.07369387149810791,0.24175477027893066,0.5899590253829956,-0.0846039205789566,0.1880704164505005,0.83742755651474,-0.046787019819021225,0.19153393805027008,0.763647198677063,-0.06420985609292984,0.19554227590560913,0.7164614796638489,-0.07133917510509491,0.19872552156448364,0.6705862283706665,-0.07556995004415512
11,left,0,0,0,0,0,0,0,0,0,0,0,0,0,0,0,0,0,0,0,0,0,0,0,0,0,0,0,0,0,0,0,0,0,0,0,0,0,0,0,0,0,0,0,0,0,0,0,0,0,0,0,0,0,0,0,0,0,0,0,0,0,0,0
12,right,0.2355886548757553,1.0018528699874878,5.212608584770351e-07,0.2923847436904907,0.966747522354126,-0.03064650110900402,0.33231741189956665,0.8927242755889893,-0.04279889538884163,0.30125564336776733,0.838451623916626,-0.05194883793592453,0.25258883833885193,0.8342244625091553,-0.062427714467048645,0.3104202151298523,0.7740513682365417,-0.0269774179905653,0.316794753074646,0.6822600960731506,-0.04547981172800064,0.31639933586120605,0.6239846348762512,-0.06229434534907341,0.3144069015979767,0.5708640813827515,-0.07533834129571915,0.2685130834579468,0.7664538621902466,-0.02811317890882492,0.2761594355106354,0.6682793498039246,-0.04232963174581528,0.2791721820831299,0.6020854115486145,-0.05920121446251869,0.2809849679470062,0.543515682220459,-0.07250362634658813,0.23067638278007507,0.7828114032745361,-0.03248731419444084,0.23516686260700226,0.690336287021637,-0.047013260424137115,0.23963937163352966,0.6284807920455933,-0.062426306307315826,0.2433958351612091,0.5737879872322083,-0.07359828054904938,0.19104337692260742,0.8164722323417664,-0.039837803691625595,0.1927611082792282,0.7423480153083801,-0.05387772247195244,0.1973469853401184,0.6949160099029541,-0.0609494186937809,0.2021082192659378,0.6504216194152832,-0.06604105234146118
12,left,0,0,0,0,0,0,0,0,0,0,0,0,0,0,0,0,0,0,0,0,0,0,0,0,0,0,0,0,0,0,0,0,0,0,0,0,0,0,0,0,0,0,0,0,0,0,0,0,0,0,0,0,0,0,0,0,0,0,0,0,0,0,0
13,right,0.23619933426380157,0.9884093999862671,4.654020244743151e-07,0.2940862476825714,0.9517230987548828,-0.02796577848494053,0.33385932445526123,0.873329222202301,-0.03730636462569237,0.3037317991256714,0.815755307674408,-0.044305220246315,0.25537946820259094,0.8098609447479248,-0.05244961008429527,0.313211053609848,0.7555074095726013,-0.019688809290528297,0.32062646746635437,0.6654101014137268,-0.03595486283302307,0.32010605931282043,0.6074726581573486,-0.051880210638046265,0.3175946772098541,0.554735004901886,-0.06477627158164978,0.2720881402492523,0.7466281056404114,-0.021840348839759827,0.28042536973953247,0.6488931775093079,-0.03448782116174698,0.2837766706943512,0.5825964212417603,-0.050898607820272446,0.28525131940841675,0.5244115591049194,-0.064046211540699,0.23466040194034576,0.7619860768318176,-0.027463071048259735,0.23992550373077393,0.6699333190917969,-0.041101157665252686,0.2461763471364975,0.6073966026306152,-0.05658561736345291,0.25109612941741943,0.5517318248748779,-0.0679963231086731,0.19569632411003113,0.7948124408721924,-0.03603008762001991,0.198307067155838,0.7210770845413208,-0.04963003471493721,0.20376448333263397,0.6728876829147339,-0.05696820095181465,0.20927473902702332,0.6271882057189941,-0.06250546872615814
13,left,0,0,0,0,0,0,0,0,0,0,0,0,0,0,0,0,0,0,0,0,0,0,0,0,0,0,0,0,0,0,0,0,0,0,0,0,0,0,0,0,0,0,0,0,0,0,0,0,0,0,0,0,0,0,0,0,0,0,0,0,0,0,0
14,right,0.24631285667419434,0.9529934525489807,6.378241437232646e-07,0.2980768382549286,0.9302716255187988,-0.03700259327888489,0.3345954120159149,0.8617215156555176,-0.05483129620552063,0.30815476179122925,0.8062777519226074,-0.06750044971704483,0.25992611050605774,0.7941721081733704,-0.08118385821580887,0.31577154994010925,0.7443882822990417,-0.0406239777803421,0.3251846432685852,0.6548344492912292,-0.06544412672519684,0.3275020122528076,0.595421314239502,-0.08594592660665512,0.32794827222824097,0.54231196641922,-0.10038198530673981,0.2750886380672455,0.7383757829666138,-0.038490235805511475,0.2851022779941559,0.6413840651512146,-0.059218596667051315,0.28997695446014404,0.574632465839386,-0.07855970412492752,0.2935771942138672,0.5136188268661499,-0.092440165579319,0.23739168047904968,0.7530416250228882,-0.03950560465455055,0.24298155307769775,0.662236750125885,-0.060360316187143326,0.24915900826454163,0.6005192399024963,-0.07652624696493149,0.2543807923793793,0.5434054136276245,-0.0872422382235527,0.1977694034576416,0.7842776775360107,-0.04335169121623039,0.20201309025287628,0.7105146646499634,-0.06264085322618484,0.2077149599790573,0.6635664701461792,-0.07098749279975891,0.21266025304794312,0.615343451499939,-0.07605060935020447
14,left,0,0,0,0,0,0,0,0,0,0,0,0,0,0,0,0,0,0,0,0,0,0,0,0,0,0,0,0,0,0,0,0,0,0,0,0,0,0,0,0,0,0,0,0,0,0,0,0,0,0,0,0,0,0,0,0,0,0,0,0,0,0,0
15,right,0.24361465871334076,0.9595659375190735,4.88408659293782e-07,0.29865017533302307,0.9236806035041809,-0.027700677514076233,0.33757081627845764,0.8475226163864136,-0.03790771961212158,0.30899572372436523,0.7887394428253174,-0.04564256966114044,0.2622976303100586,0.7812280654907227,-0.05432110279798508,0.31897735595703125,0.7330763936042786,-0.0208659116178751,0.3280823230743408,0.6431377530097961,-0.03755098208785057,0.3293789327144623,0.5846603512763977,-0.05358075723052025,0.3279484510421753,0.5322116017341614,-0.06629585474729538,0.2792626619338989,0.7235691547393799,-0.023232219740748405,0.28931766748428345,0.6263865232467651,-0.03654628247022629,0.2944498062133789,0.5595560073852539,-0.0531148798763752,0.2968834936618805,0.5017832517623901,-0.06582704931497574,0.24303114414215088,0.7374478578567505,-0.028918379917740822,0.24945393204689026,0.6456348896026611,-0.043472256511449814,0.25718235969543457,0.5831938982009888,-0.05993418022990227,0.2627544701099396,0.5290334820747375,-0.07151471078395844,0.20491516590118408,0.7677897214889526,-0.03730292245745659,0.20841866731643677,0.694972574710846,-0.05183060094714165,0.21432673931121826,0.647028386592865,-0.059990085661411285,0.21939285099506378,0.6028797030448914,-0.06569315493106842
15,left,0,0,0,0,0,0,0,0,0,0,0,0,0,0,0,0,0,0,0,0,0,0,0,0,0,0,0,0,0,0,0,0,0,0,0,0,0,0,0,0,0,0,0,0,0,0,0,0,0,0,0,0,0,0,0,0,0,0,0,0,0,0,0
16,right,0.24467575550079346,0.9570409059524536,4.08399586149244e-07,0.30167675018310547,0.9168184399604797,-0.024917250499129295,0.3411983847618103,0.8373017311096191,-0.03243078291416168,0.3123070299625397,0.7771962285041809,-0.0379943773150444,0.2670212686061859,0.7659955620765686,-0.04436127468943596,0.32354098558425903,0.7252709269523621,-0.014930235221982002,0.33279600739479065,0.6363939046859741,-0.029995832592248917,0.33343565464019775,0.5785334706306458,-0.04503881186246872,0.33145734667778015,0.5265218019485474,-0.057381950318813324,0.28442588448524475,0.7146980166435242,-0.017918141558766365,0.2951185405254364,0.6175113320350647,-0.029889335855841637,0.29999667406082153,0.5509198904037476,-0.045766670256853104,0.3021934926509857,0.4929756820201874,-0.05851689726114273,0.24810780584812164,0.7278597354888916,-0.024371976032853127,0.25523874163627625,0.6358368396759033,-0.03795623779296875,0.262992262840271,0.5737989544868469,-0.05402703210711479,0.26844996213912964,0.5193244814872742,-0.06588412821292877,0.20979848504066467,0.7580741047859192,-0.03346414864063263,0.21402838826179504,0.686387836933136,-0.04722527787089348,0.22017574310302734,0.6391012668609619,-0.05538269504904747,0.22567644715309143,0.5948224067687988,-0.06162611395120621
16,left,0,0,0,0,0,0,0,0,0,0,0,0,0,0,0,0,0,0,0,0,0,0,0,0,0,0,0,0,0,0,0,0,0,0,0,0,0,0,0,0,0,0,0,0,0,0,0,0,0,0,0,0,0,0,0,0,0,0,0,0,0,0,0
17,right,0.24517524242401123,0.9556984901428223,3.8832422433188185e-07,0.30239713191986084,0.914692223072052,-0.025093840435147285,0.34205198287963867,0.836296558380127,-0.03294244408607483,0.31419700384140015,0.7768459320068359,-0.03894176334142685,0.2697713077068329,0.7644031047821045,-0.045686881989240646,0.3233047425746918,0.7204743027687073,-0.01452949084341526,0.33295825123786926,0.6307615041732788,-0.029467934742569923,0.333992600440979,0.5737805962562561,-0.044365838170051575,0.33296704292297363,0.5221635699272156,-0.05662978067994118,0.2841048836708069,0.7099836468696594,-0.0175322275608778,0.2947256863117218,0.6135096549987793,-0.029163114726543427,0.2987688481807709,0.5483198165893555,-0.04493715614080429,0.3007430136203766,0.49126365780830383,-0.057707544416189194,0.24840225279331207,0.7235545516014099,-0.0240462813526392,0.2560184597969055,0.6311293244361877,-0.03696657717227936,0.26319435238838196,0.5700110793113708,-0.05255785211920738,0.26822444796562195,0.516013503074646,-0.06425648182630539,0.21128010749816895,0.7550382018089294,-0.03330564498901367,0.2157863825559616,0.6838946342468262,-0.046295300126075745,0.22246532142162323,0.6363793015480042,-0.05401404947042465,0.22874397039413452,0.5917173624038696,-0.060082726180553436
17,left,0,0,0,0,0,0,0,0,0,0,0,0,0,0,0,0,0,0,0,0,0,0,0,0,0,0,0,0,0,0,0,0,0,0,0,0,0,0,0,0,0,0,0,0,0,0,0,0,0,0,0,0,0,0,0,0,0,0,0,0,0,0,0
18,right,0.24410001933574677,0.9541993141174316,3.8686744119331706e-07,0.3009148836135864,0.9129844903945923,-0.02544507011771202,0.3411187529563904,0.8341085910797119,-0.03356548398733139,0.3150102496147156,0.7727998495101929,-0.03971271216869354,0.2710196375846863,0.7584937214851379,-0.04653133824467659,0.3229091465473175,0.7168761491775513,-0.015043345279991627,0.3329060673713684,0.6272559762001038,-0.030096828937530518,0.33419862389564514,0.57044517993927,-0.04511202126741409,0.33339834213256836,0.518535315990448,-0.05748673900961876,0.28390446305274963,0.7063885927200317,-0.017777979373931885,0.29515713453292847,0.6098683476448059,-0.029375532642006874,0.2997235655784607,0.5452733635902405,-0.04482722282409668,0.3020373582839966,0.48847565054893494,-0.0574580542743206,0.2481277585029602,0.7198318243026733,-0.024048030376434326,0.2561270594596863,0.6276357769966125,-0.03675977885723114,0.2635509669780731,0.5667101740837097,-0.051773566752672195,0.26868781447410583,0.512873113155365,-0.06321042031049728,0.2107143998146057,0.7507221102714539,-0.033145856112241745,0.21597260236740112,0.6794884204864502,-0.04591330140829086,0.22306011617183685,0.6318115592002869,-0.05343347415328026,0.22944983839988708,0.5870590806007385,-0.059437986463308334
18,left,0,0,0,0,0,0,0,0,0,0,0,0,0,0,0,0,0,0,0,0,0,0,0,0,0,0,0,0,0,0,0,0,0,0,0,0,0,0,0,0,0,0,0,0,0,0,0,0,0,0,0,0,0,0,0,0,0,0,0,0,0,0,0
19,right,0.24326707422733307,0.9474031925201416,3.827715602255921e-07,0.3000343441963196,0.9059340953826904,-0.02466033212840557,0.33994361758232117,0.8262919783592224,-0.03206123784184456,0.3134503960609436,0.7653487920761108,-0.03763188049197197,0.2696610987186432,0.7514751553535461,-0.043867118656635284,0.3214150667190552,0.712024450302124,-0.014088790863752365,0.3311310112476349,0.6218973994255066,-0.028767872601747513,0.33220160007476807,0.5649269819259644,-0.043391335755586624,0.3310205340385437,0.5132281184196472,-0.05541400611400604,0.2825727164745331,0.702165424823761,-0.016975421458482742,0.29415440559387207,0.6052208542823792,-0.028300506994128227,0.29832929372787476,0.54008549451828,-0.043441928923130035,0.30012956261634827,0.4833946228027344,-0.05591494217514992,0.24692903459072113,0.7150517106056213,-0.023363832384347916,0.25533923506736755,0.622442901134491,-0.035753145813941956,0.26266801357269287,0.5617709159851074,-0.05034954845905304,0.26772937178611755,0.5086735486984253,-0.06155819073319435,0.20946212112903595,0.7446441650390625,-0.03254372254014015,0.2144961655139923,0.6731077432632446,-0.04489940404891968,0.2217922955751419,0.6255404949188232,-0.05209517106413841,0.2286485880613327,0.5807948708534241,-0.05797708407044411
19,left,0,0,0,0,0,0,0,0,0,0,0,0,0,0,0,0,0,0,0,0,0,0,0,0,0,0,0,0,0,0,0,0,0,0,0,0,0,0,0,0,0,0,0,0,0,0,0,0,0,0,0,0,0,0,0,0,0,0,0,0,0,0,0
20,right,0.24255812168121338,0.9437657594680786,3.760484617032489e-07,0.29953640699386597,0.9022270441055298,-0.024955950677394867,0.33921951055526733,0.8238574266433716,-0.03299255296587944,0.31431150436401367,0.76311856508255,-0.03918810933828354,0.27128419280052185,0.7481700778007507,-0.045963454991579056,0.321696400642395,0.7079379558563232,-0.014459848403930664,0.331097811460495,0.6188061237335205,-0.02955271117389202,0.3319798707962036,0.5622906684875488,-0.0446304976940155,0.330932080745697,0.5105418562889099,-0.05709381401538849,0.2829526364803314,0.6973986625671387,-0.017369482666254044,0.29365861415863037,0.6016219854354858,-0.029286429286003113,0.2980797588825226,0.5373287200927734,-0.04483397677540779,0.30046096444129944,0.4806172251701355,-0.05755513906478882,0.24722790718078613,0.7105022072792053,-0.023816993460059166,0.25503480434417725,0.6189039349555969,-0.03694858029484749,0.2626075744628906,0.5584315657615662,-0.0519527830183506,0.26789817214012146,0.5047415494918823,-0.06337287276983261,0.21002671122550964,0.7410560250282288,-0.03306303173303604,0.21593672037124634,0.670689046382904,-0.046259354799985886,0.22331953048706055,0.6236045956611633,-0.05398140475153923,0.22994360327720642,0.579120397567749,-0.060134630650281906
20,left,0,0,0,0,0,0,0,0,0,0,0,0,0,0,0,0,0,0,0,0,0,0,0,0,0,0,0,0,0,0,0,0,0,0,0,0,0,0,0,0,0,0,0,0,0,0,0,0,0,0,0,0,0,0,0,0,0,0,0,0,0,0,0
21,right,0.242282897233963,0.9421070218086243,3.7788998952237307e-07,0.2990945875644684,0.9003803133964539,-0.02529049478471279,0.33925220370292664,0.8220529556274414,-0.03347315639257431,0.3141726553440094,0.7612220048904419,-0.03971773386001587,0.2707832157611847,0.7468245029449463,-0.04651268571615219,0.3208337426185608,0.7071756720542908,-0.015261391177773476,0.3307880163192749,0.6172706484794617,-0.030418656766414642,0.33181387186050415,0.560583233833313,-0.04535704851150513,0.33071836829185486,0.5087144374847412,-0.05760272964835167,0.28221434354782104,0.6967433094978333,-0.017977498471736908,0.29383817315101624,0.6002626419067383,-0.029630888253450394,0.2981776297092438,0.5358164310455322,-0.04485078155994415,0.30007773637771606,0.4792996346950531,-0.05732697993516922,0.24679410457611084,0.7094887495040894,-0.024212904274463654,0.2552807927131653,0.6177726984024048,-0.036839257925748825,0.26262733340263367,0.557457685470581,-0.05151911452412605,0.26735860109329224,0.5044142603874207,-0.0627455785870552,0.20977860689163208,0.7393603920936584,-0.03330870345234871,0.2153041958808899,0.6689355969429016,-0.045813824981451035,0.22232647240161896,0.6216790676116943,-0.05311009660363197,0.2284145951271057,0.5773029327392578,-0.05902580916881561
21,left,0,0,0,0,0,0,0,0,0,0,0,0,0,0,0,0,0,0,0,0,0,0,0,0,0,0,0,0,0,0,0,0,0,0,0,0,0,0,0,0,0,0,0,0,0,0,0,0,0,0,0,0,0,0,0,0,0,0,0,0,0,0,0
22,right,0.24218297004699707,0.9393585920333862,3.7804721841894207e-07,0.2993355989456177,0.8979495167732239,-0.025382045656442642,0.3396596312522888,0.8198383450508118,-0.03366382420063019,0.31522148847579956,0.7594454288482666,-0.03999160975217819,0.27234938740730286,0.7443803548812866,-0.04677966609597206,0.32062292098999023,0.7044867873191833,-0.015265360474586487,0.3304634988307953,0.6147971153259277,-0.03055034577846527,0.33142516016960144,0.5582575798034668,-0.04552540183067322,0.33041059970855713,0.5065789222717285,-0.057810984551906586,0.2822127342224121,0.6939511895179749,-0.017912646755576134,0.2932950258255005,0.5975266695022583,-0.029912926256656647,0.29770752787590027,0.5330719947814941,-0.04525435343384743,0.299919456243515,0.4765162169933319,-0.05775050073862076,0.24690495431423187,0.7066543698310852,-0.0241073090583086,0.2550337612628937,0.6148290038108826,-0.03713646158576012,0.26260504126548767,0.5546501874923706,-0.05189128965139389,0.2677854895591736,0.5013954639434814,-0.06310343742370605,0.21023985743522644,0.7365886569023132,-0.033153124153614044,0.2160010039806366,0.6668771505355835,-0.04608827829360962,0.22317160665988922,0.6201843619346619,-0.053627051413059235,0.2293791025876999,0.5761544704437256,-0.05963726341724396
22,left,0,0,0,0,0,0,0,0,0,0,0,0,0,0,0,0,0,0,0,0,0,0,0,0,0,0,0,0,0,0,0,0,0,0,0,0,0,0,0,0,0,0,0,0,0,0,0,0,0,0,0,0,0,0,0,0,0,0,0,0,0,0,0
23,right,0.24314430356025696,0.9392536282539368,3.6871301745122764e-07,0.3003401458263397,0.8971115946769714,-0.025030795484781265,0.34030288457870483,0.8186694383621216,-0.03319551795721054,0.3167404234409332,0.7573809623718262,-0.03946889191865921,0.27389878034591675,0.7423247694969177,-0.04627411067485809,0.32136720418930054,0.704337477684021,-0.015100552700459957,0.331157922744751,0.6148536801338196,-0.03019092231988907,0.33198368549346924,0.5582536458969116,-0.04513731598854065,0.33096978068351746,0.5063554644584656,-0.057502374053001404,0.28330498933792114,0.693841814994812,-0.01787642575800419,0.2942333221435547,0.597277045249939,-0.02968991920351982,0.29863253235816956,0.5326830148696899,-0.04498636722564697,0.3007974922657013,0.475869357585907,-0.0575832724571228,0.2481243759393692,0.7065906524658203,-0.02415979653596878,0.2559482753276825,0.6150031089782715,-0.037117574363946915,0.26349300146102905,0.5548938512802124,-0.05197593942284584,0.2683940827846527,0.5019416809082031,-0.06335016340017319,0.2113872468471527,0.7362885475158691,-0.03325636684894562,0.21693353354930878,0.666254997253418,-0.046198610216379166,0.22415003180503845,0.6193854212760925,-0.053894445300102234,0.23033753037452698,0.5753540396690369,-0.06011955440044403
23,left,0,0,0,0,0,0,0,0,0,0,0,0,0,0,0,0,0,0,0,0,0,0,0,0,0,0,0,0,0,0,0,0,0,0,0,0,0,0,0,0,0,0,0,0,0,0,0,0,0,0,0,0,0,0,0,0,0,0,0,0,0,0,0
24,right,0.24353405833244324,0.938593864440918,3.7102526562193816e-07,0.30041053891181946,0.8965444564819336,-0.025227932259440422,0.34032267332077026,0.8199461102485657,-0.034104734659194946,0.3163502812385559,0.7595077157020569,-0.04111654683947563,0.27373266220092773,0.7432908415794373,-0.04871100187301636,0.321515291929245,0.7039304971694946,-0.016171712428331375,0.3313230276107788,0.6147545576095581,-0.031820978969335556,0.3323413133621216,0.5584854483604431,-0.047071073204278946,0.3315686285495758,0.5066397786140442,-0.059582967311143875,0.2833347022533417,0.6938623785972595,-0.019095418974757195,0.29450729489326477,0.5975620746612549,-0.03130253776907921,0.2988886833190918,0.5334296822547913,-0.04677002876996994,0.30093973875045776,0.47649750113487244,-0.05949544906616211,0.24822573363780975,0.7070345282554626,-0.025489266961812973,0.2561917304992676,0.6158071160316467,-0.038639821112155914,0.2634548842906952,0.5557569265365601,-0.0533614419400692,0.2679840624332428,0.5023782253265381,-0.06464099884033203,0.2115873396396637,0.7372532486915588,-0.034700796008110046,0.2172754406929016,0.6669769883155823,-0.0475834496319294,0.2246227115392685,0.6200356483459473,-0.05503527447581291,0.23079553246498108,0.5758665800094604,-0.0610826313495636
24,left,0,0,0,0,0,0,0,0,0,0,0,0,0,0,0,0,0,0,0,0,0,0,0,0,0,0,0,0,0,0,0,0,0,0,0,0,0,0,0,0,0,0,0,0,0,0,0,0,0,0,0,0,0,0,0,0,0,0,0,0,0,0,0
25,right,0.2436537742614746,0.940951406955719,3.7136990727049124e-07,0.3008200526237488,0.8989521265029907,-0.02503891848027706,0.34068581461906433,0.8220005631446838,-0.03372674435377121,0.31671443581581116,0.762158215045929,-0.04058631882071495,0.2742178738117218,0.7450382113456726,-0.0479605607688427,0.3213474452495575,0.7060962915420532,-0.015895046293735504,0.3312593400478363,0.6164402961730957,-0.03164492920041084,0.3322729468345642,0.559674859046936,-0.04684458673000336,0.3314380645751953,0.5075353384017944,-0.05917922034859657,0.28310856223106384,0.6956557035446167,-0.01875918358564377,0.2944682836532593,0.5987768769264221,-0.030960816890001297,0.29907524585723877,0.534276008605957,-0.04621943458914757,0.3013221323490143,0.47741302847862244,-0.058669913560152054,0.24793055653572083,0.7084606289863586,-0.025096403434872627,0.2557114362716675,0.6168102025985718,-0.03804433345794678,0.26319512724876404,0.5571111440658569,-0.052371829748153687,0.26792657375335693,0.5043854713439941,-0.06330092251300812,0.21142397820949554,0.7384241819381714,-0.03426710143685341,0.21714994311332703,0.6679530739784241,-0.046767499297857285,0.2244410365819931,0.6212336421012878,-0.05387591943144798,0.2305472493171692,0.5774915814399719,-0.059628162533044815
25,left,0,0,0,0,0,0,0,0,0,0,0,0,0,0,0,0,0,0,0,0,0,0,0,0,0,0,0,0,0,0,0,0,0,0,0,0,0,0,0,0,0,0,0,0,0,0,0,0,0,0,0,0,0,0,0,0,0,0,0,0,0,0,0
26,right,0.24382299184799194,0.9437931776046753,3.601659841478977e-07,0.3012990355491638,0.9016093015670776,-0.02456018701195717,0.341158390045166,0.8272327184677124,-0.03349396958947182,0.3174606263637543,0.7687736749649048,-0.04071151092648506,0.2760462760925293,0.7507530450820923,-0.048573870211839676,0.32213395833969116,0.7112820744514465,-0.01604592800140381,0.3323187530040741,0.6217756271362305,-0.032004255801439285,0.3335482180118561,0.5656371116638184,-0.04737713560461998,0.333107054233551,0.5135278701782227,-0.05982568860054016,0.2839289903640747,0.7010846734046936,-0.019222894683480263,0.2953324019908905,0.6037106513977051,-0.03150258585810661,0.2999839186668396,0.5402368903160095,-0.04701052978634834,0.30250635743141174,0.48327764868736267,-0.05976665019989014,0.24861712753772736,0.7137553691864014,-0.02576964534819126,0.2571296691894531,0.6217001080513,-0.038794174790382385,0.26473814249038696,0.5619767308235168,-0.05320601537823677,0.2695259749889374,0.5082724690437317,-0.06431577354669571,0.21174916625022888,0.7434287667274475,-0.035056598484516144,0.21744544804096222,0.6725040078163147,-0.04757452756166458,0.22488145530223846,0.6260828971862793,-0.05445925146341324,0.2311096489429474,0.5820528268814087,-0.06011147052049637
26,left,0,0,0,0,0,0,0,0,0,0,0,0,0,0,0,0,0,0,0,0,0,0,0,0,0,0,0,0,0,0,0,0,0,0,0,0,0,0,0,0,0,0,0,0,0,0,0,0,0,0,0,0,0,0,0,0,0,0,0,0,0,0,0
27,right,0.24403026700019836,0.9472310543060303,3.71210944649647e-07,0.30092301964759827,0.9056262969970703,-0.02497008815407753,0.34099388122558594,0.8291611671447754,-0.03356334939599037,0.317761093378067,0.7689923048019409,-0.04033401235938072,0.27538058161735535,0.7521151900291443,-0.047672372311353683,0.3223978281021118,0.7118843197822571,-0.015551213175058365,0.33221516013145447,0.6224429607391357,-0.030842319130897522,0.3334084749221802,0.5660889148712158,-0.045921675860881805,0.3328453302383423,0.5142697691917419,-0.05823053792119026,0.2843140959739685,0.7017691731452942,-0.01849001832306385,0.2954900562763214,0.6047304272651672,-0.03014245815575123,0.30015748739242554,0.5405999422073364,-0.045342277735471725,0.3025760352611542,0.48365604877471924,-0.05783697962760925,0.24908432364463806,0.7150155305862427,-0.02487616054713726,0.25660982728004456,0.6230747699737549,-0.03732474520802498,0.26401159167289734,0.5629779100418091,-0.05165226384997368,0.26879575848579407,0.509630560874939,-0.06266018003225327,0.21207547187805176,0.7452003955841064,-0.034093569964170456,0.2173067331314087,0.6734668016433716,-0.046209923923015594,0.22467169165611267,0.6263685822486877,-0.05310776084661484,0.23105663061141968,0.5822601914405823,-0.058742932975292206
27,left,0,0,0,0,0,0,0,0,0,0,0,0,0,0,0,0,0,0,0,0,0,0,0,0,0,0,0,0,0,0,0,0,0,0,0,0,0,0,0,0,0,0,0,0,0,0,0,0,0,0,0,0,0,0,0,0,0,0,0,0,0,0,0
28,right,0.24257002770900726,0.9484996199607849,3.653765929811925e-07,0.29976728558540344,0.9074273109436035,-0.02485441230237484,0.3405604958534241,0.8304112553596497,-0.033272311091423035,0.3184266686439514,0.7695412635803223,-0.039868783205747604,0.2760276198387146,0.752878725528717,-0.047043297439813614,0.3219698667526245,0.7125126123428345,-0.015393216162919998,0.3320246636867523,0.6231240630149841,-0.030732635408639908,0.3328767418861389,0.5665053725242615,-0.045891400426626205,0.331840455532074,0.5144295692443848,-0.05834144353866577,0.2837364673614502,0.7020218372344971,-0.01836353912949562,0.29541856050491333,0.605278491973877,-0.030148997902870178,0.30008113384246826,0.5412996411323547,-0.04545300453901291,0.30232125520706177,0.48478037118911743,-0.05806833505630493,0.248346745967865,0.7149674892425537,-0.02476784586906433,0.256446897983551,0.6230093240737915,-0.03749146685004234,0.2638031840324402,0.5632657408714294,-0.05201379582285881,0.2683999836444855,0.5103884935379028,-0.06322164833545685,0.2114039659500122,0.7451108694076538,-0.03397924825549126,0.21712395548820496,0.6744345426559448,-0.0464973971247673,0.22472530603408813,0.6278684735298157,-0.05373796075582504,0.2311740666627884,0.5842075347900391,-0.05965288355946541
28,left,0,0,0,0,0,0,0,0,0,0,0,0,0,0,0,0,0,0,0,0,0,0,0,0,0,0,0,0,0,0,0,0,0,0,0,0,0,0,0,0,0,0,0,0,0,0,0,0,0,0,0,0,0,0,0,0,0,0,0,0,0,0,0
29,right,0.24218305945396423,0.9487346410751343,3.7073397152198595e-07,0.2992839515209198,0.9086431264877319,-0.025608640164136887,0.3405659794807434,0.8309207558631897,-0.03394367918372154,0.3189201056957245,0.7697719931602478,-0.040398009121418,0.2762839198112488,0.7531358599662781,-0.0474284328520298,0.32101118564605713,0.7122129201889038,-0.015411523170769215,0.3310202956199646,0.622907817363739,-0.030886154621839523,0.33229008316993713,0.5661842823028564,-0.04621302708983421,0.3317345380783081,0.5139038562774658,-0.058850765228271484,0.28269484639167786,0.7020919322967529,-0.018129641190171242,0.29452407360076904,0.605617344379425,-0.030265893787145615,0.29925864934921265,0.5410158634185791,-0.04597975313663483,0.30174416303634644,0.48349741101264954,-0.05895618349313736,0.24731852114200592,0.7153165936470032,-0.024427246302366257,0.25592678785324097,0.623528778553009,-0.037508513778448105,0.26361745595932007,0.5635184049606323,-0.05242046341300011,0.26854994893074036,0.510034441947937,-0.06391891837120056,0.21036295592784882,0.7454608082771301,-0.033642642199993134,0.21637412905693054,0.674628496170044,-0.046436604112386703,0.22377905249595642,0.6276218891143799,-0.054084621369838715,0.2301027774810791,0.5828877687454224,-0.06039794906973839
29,left,0,0,0,0,0,0,0,0,0,0,0,0,0,0,0,0,0,0,0,0,0,0,0,0,0,0,0,0,0,0,0,0,0,0,0,0,0,0,0,0,0,0,0,0,0,0,0,0,0,0,0,0,0,0,0,0,0,0,0,0,0,0,0
30,right,0.24367564916610718,0.9490204453468323,3.629611455835402e-07,0.3016885817050934,0.9074230790138245,-0.02484777942299843,0.34279927611351013,0.8306711316108704,-0.03310787305235863,0.320814847946167,0.77060866355896,-0.03962651267647743,0.2782882750034332,0.7552743554115295,-0.04670613259077072,0.32321345806121826,0.7134421467781067,-0.014548351056873798,0.3331865668296814,0.6247917413711548,-0.029772674664855003,0.3341900110244751,0.568476676940918,-0.04504617303609848,0.3333732783794403,0.5164634585380554,-0.05771917104721069,0.2847696542739868,0.7028264999389648,-0.01757432520389557,0.29595568776130676,0.6066268682479858,-0.02943647839128971,0.30082979798316956,0.5430436730384827,-0.04504772275686264,0.30340927839279175,0.48661109805107117,-0.05799732357263565,0.24911069869995117,0.7157757878303528,-0.02410908229649067,0.2572062909603119,0.6246958374977112,-0.03699103742837906,0.26523545384407043,0.5650980472564697,-0.051874347031116486,0.27043595910072327,0.5118674039840698,-0.06339975446462631,0.2120274007320404,0.7460072040557861,-0.03348245099186897,0.2178775817155838,0.6754429936408997,-0.046135686337947845,0.22525529563426971,0.6288374662399292,-0.05367867276072502,0.23155635595321655,0.5846150517463684,-0.05992959439754486
30,left,0,0,0,0,0,0,0,0,0,0,0,0,0,0,0,0,0,0,0,0,0,0,0,0,0,0,0,0,0,0,0,0,0,0,0,0,0,0,0,0,0,0,0,0,0,0,0,0,0,0,0,0,0,0,0,0,0,0,0,0,0,0,0
31,right,0.24338147044181824,0.9507583975791931,3.633261940194643e-07,0.3021855056285858,0.9101436734199524,-0.024952402338385582,0.3434489369392395,0.8326507806777954,-0.033093102276325226,0.32042789459228516,0.7726454734802246,-0.039406668394804,0.2775265872478485,0.7578517198562622,-0.046340975910425186,0.3233879804611206,0.7151414752006531,-0.015174913220107555,0.3336556851863861,0.6262473464012146,-0.030416803434491158,0.33489862084388733,0.5697703957557678,-0.04554709047079086,0.33424532413482666,0.5177175402641296,-0.058127179741859436,0.285141259431839,0.7044165730476379,-0.018141623586416245,0.29677289724349976,0.607886016368866,-0.03001171536743641,0.30160999298095703,0.544124186038971,-0.04557675123214722,0.30405357480049133,0.48751717805862427,-0.05845094099640846,0.2498057633638382,0.717383861541748,-0.024571780115365982,0.2577570974826813,0.625444769859314,-0.037498801946640015,0.2652740478515625,0.56577467918396,-0.052370358258485794,0.2699906527996063,0.5125550031661987,-0.06382933259010315,0.21304979920387268,0.7477080821990967,-0.03381635993719101,0.218705952167511,0.6766985654830933,-0.04648169130086899,0.22615230083465576,0.629778265953064,-0.05402896925806999,0.23242652416229248,0.5854418277740479,-0.060266587883234024
31,left,0,0,0,0,0,0,0,0,0,0,0,0,0,0,0,0,0,0,0,0,0,0,0,0,0,0,0,0,0,0,0,0,0,0,0,0,0,0,0,0,0,0,0,0,0,0,0,0,0,0,0,0,0,0,0,0,0,0,0,0,0,0,0
32,right,0.24566347897052765,0.9504005312919617,3.6949879245185e-07,0.3034813702106476,0.9093255400657654,-0.024826232343912125,0.3442991375923157,0.8323764204978943,-0.03320646658539772,0.3217605948448181,0.7726446986198425,-0.03990449011325836,0.27886900305747986,0.7579428553581238,-0.0472245030105114,0.32450753450393677,0.7148062586784363,-0.014877436682581902,0.334617555141449,0.6263355016708374,-0.030224792659282684,0.33577874302864075,0.5700982809066772,-0.04549839347600937,0.33497464656829834,0.5182926654815674,-0.0581473782658577,0.28621602058410645,0.7048376798629761,-0.018111905083060265,0.29768237471580505,0.6087202429771423,-0.030155736953020096,0.30244752764701843,0.5445959568023682,-0.0458185039460659,0.30476096272468567,0.4877495765686035,-0.058775100857019424,0.2507924437522888,0.7182692289352417,-0.024856243282556534,0.25862836837768555,0.626792848110199,-0.037847913801670074,0.26626890897750854,0.5673298835754395,-0.05268789827823639,0.271253377199173,0.5144496560096741,-0.06412927061319351,0.21397444605827332,0.748712956905365,-0.03444916382431984,0.21947208046913147,0.6783047914505005,-0.04710060730576515,0.22697152197360992,0.6314247846603394,-0.05462750792503357,0.2335015833377838,0.5871801972389221,-0.06087563559412956
32,left,0,0,0,0,0,0,0,0,0,0,0,0,0,0,0,0,0,0,0,0,0,0,0,0,0,0,0,0,0,0,0,0,0,0,0,0,0,0,0,0,0,0,0,0,0,0,0,0,0,0,0,0,0,0,0,0,0,0,0,0,0,0,0
33,right,0.245143324136734,0.9504877924919128,3.660473169020406e-07,0.3040139079093933,0.9092845916748047,-0.024565182626247406,0.34535983204841614,0.8322902321815491,-0.032571375370025635,0.3232051134109497,0.7723277807235718,-0.03885745257139206,0.28023725748062134,0.7582131028175354,-0.04582267627120018,0.325414776802063,0.7157564163208008,-0.014382653869688511,0.33570241928100586,0.6274163722991943,-0.02940983884036541,0.33690929412841797,0.5710361003875732,-0.04448077827692032,0.33624517917633057,0.5191730260848999,-0.05701839178800583,0.2872380018234253,0.7052940130233765,-0.01754341833293438,0.2987656891345978,0.6091713905334473,-0.029220357537269592,0.30355748534202576,0.5454326272010803,-0.044720184057950974,0.3059520721435547,0.4888617694377899,-0.05755595490336418,0.2517637610435486,0.7184186577796936,-0.024158602580428123,0.2598522901535034,0.6267213821411133,-0.036941301077604294,0.26741740107536316,0.5670552253723145,-0.05183996260166168,0.27232155203819275,0.5138447880744934,-0.06333739310503006,0.21471954882144928,0.7488356232643127,-0.0335581935942173,0.22012357413768768,0.678314208984375,-0.04619235172867775,0.22769609093666077,0.6313150525093079,-0.0537736751139164,0.2342628836631775,0.5869626402854919,-0.06003769859671593
33,left,0,0,0,0,0,0,0,0,0,0,0,0,0,0,0,0,0,0,0,0,0,0,0,0,0,0,0,0,0,0,0,0,0,0,0,0,0,0,0,0,0,0,0,0,0,0,0,0,0,0,0,0,0,0,0,0,0,0,0,0,0,0,0
34,right,0.2466018795967102,0.9510207176208496,3.716576770784741e-07,0.3052370846271515,0.9093397855758667,-0.02416229248046875,0.3458036482334137,0.8328983783721924,-0.032262708991765976,0.32308751344680786,0.7739186882972717,-0.038809385150671005,0.280134916305542,0.7597882747650146,-0.04606284946203232,0.3252458870410919,0.7162705063819885,-0.014494864270091057,0.3356543183326721,0.6275569200515747,-0.02972530759871006,0.3370853066444397,0.5711053609848022,-0.04486113414168358,0.3365854322910309,0.5190590620040894,-0.05736803263425827,0.287301242351532,0.706136167049408,-0.017956508323550224,0.2989599406719208,0.6096446514129639,-0.029799459502100945,0.3037518560886383,0.5450470447540283,-0.04533069580793381,0.3061376214027405,0.4875282645225525,-0.058148108422756195,0.25213608145713806,0.7193952798843384,-0.024824315682053566,0.25997230410575867,0.6270657777786255,-0.0375090017914772,0.2674598693847656,0.5670565366744995,-0.052182603627443314,0.2722768485546112,0.5135114192962646,-0.06348506361246109,0.21550926566123962,0.7497917413711548,-0.03446317836642265,0.22070100903511047,0.6787362694740295,-0.0467720702290535,0.228238046169281,0.6313972473144531,-0.05403720214962959,0.2347753345966339,0.5867736339569092,-0.060068581253290176
34,left,0,0,0,0,0,0,0,0,0,0,0,0,0,0,0,0,0,0,0,0,0,0,0,0,0,0,0,0,0,0,0,0,0,0,0,0,0,0,0,0,0,0,0,0,0,0,0,0,0,0,0,0,0,0,0,0,0,0,0,0,0,0,0
35,right,0.24667659401893616,0.9515886306762695,3.7146890008443734e-07,0.30480462312698364,0.9106011390686035,-0.024638717994093895,0.34614279866218567,0.8333026170730591,-0.032703548669815063,0.3236604928970337,0.7732688188552856,-0.039046429097652435,0.280612587928772,0.7599120140075684,-0.046059295535087585,0.3258183002471924,0.716297447681427,-0.014772224240005016,0.3361205458641052,0.6276797652244568,-0.029872918501496315,0.3372022211551666,0.5712203979492188,-0.04494575783610344,0.33631205558776855,0.5194359421730042,-0.05742548406124115,0.2877257466316223,0.7061604857444763,-0.017969535663723946,0.29947948455810547,0.609993577003479,-0.029642483219504356,0.304228276014328,0.5458115339279175,-0.045029692351818085,0.30648234486579895,0.4891839921474457,-0.05774156004190445,0.2523866295814514,0.7195377945899963,-0.024614496156573296,0.26047050952911377,0.6274008750915527,-0.03731877729296684,0.2677501142024994,0.5679680109024048,-0.05200519412755966,0.2723381817340851,0.5153699517250061,-0.06330439448356628,0.21541140973567963,0.7502373456954956,-0.03406922519207001,0.22071576118469238,0.6792182922363281,-0.046604983508586884,0.22797760367393494,0.6321367025375366,-0.054013922810554504,0.23415835201740265,0.5878137350082397,-0.060112327337265015
35,left,0,0,0,0,0,0,0,0,0,0,0,0,0,0,0,0,0,0,0,0,0,0,0,0,0,0,0,0,0,0,0,0,0,0,0,0,0,0,0,0,0,0,0,0,0,0,0,0,0,0,0,0,0,0,0,0,0,0,0,0,0,0,0
36,right,0.2464194893836975,0.952233612537384,3.712139573508466e-07,0.3041887879371643,0.9113651514053345,-0.0251327957957983,0.3457348644733429,0.8345468044281006,-0.03357222303748131,0.3243255317211151,0.774522066116333,-0.04027755558490753,0.281061053276062,0.760489821434021,-0.0476461760699749,0.32622456550598145,0.7164962291717529,-0.01519712433218956,0.33644017577171326,0.6280251145362854,-0.030429834499955177,0.3374159634113312,0.5715692043304443,-0.04577937722206116,0.33655986189842224,0.5193944573402405,-0.058555103838443756,0.2881680130958557,0.7066625356674194,-0.018300296738743782,0.29966217279434204,0.6109563112258911,-0.030104754492640495,0.3041425049304962,0.546433687210083,-0.04591973498463631,0.30628737807273865,0.4887343645095825,-0.059103284031152725,0.25280144810676575,0.720406711101532,-0.024875445291399956,0.2603267729282379,0.6293602585792542,-0.03762120008468628,0.26749053597450256,0.5698649883270264,-0.052514560520648956,0.27204570174217224,0.5166523456573486,-0.06408664584159851,0.21567881107330322,0.7510154843330383,-0.03432941809296608,0.22098171710968018,0.6805602312088013,-0.046885836869478226,0.22836637496948242,0.6334292888641357,-0.05441507324576378,0.23477472364902496,0.5887714624404907,-0.06070438772439957
36,left,0,0,0,0,0,0,0,0,0,0,0,0,0,0,0,0,0,0,0,0,0,0,0,0,0,0,0,0,0,0,0,0,0,0,0,0,0,0,0,0,0,0,0,0,0,0,0,0,0,0,0,0,0,0,0,0,0,0,0,0,0,0,0
