1,right,0,0,0,0,0,0,0,0,0,0,0,0,0,0,0,0,0,0,0,0,0,0,0,0,0,0,0,0,0,0,0,0,0,0,0,0,0,0,0,0,0,0,0,0,0,0,0,0,0,0,0,0,0,0,0,0,0,0,0,0,0,0,0
1,left,0,0,0,0,0,0,0,0,0,0,0,0,0,0,0,0,0,0,0,0,0,0,0,0,0,0,0,0,0,0,0,0,0,0,0,0,0,0,0,0,0,0,0,0,0,0,0,0,0,0,0,0,0,0,0,0,0,0,0,0,0,0,0
2,right,0,0,0,0,0,0,0,0,0,0,0,0,0,0,0,0,0,0,0,0,0,0,0,0,0,0,0,0,0,0,0,0,0,0,0,0,0,0,0,0,0,0,0,0,0,0,0,0,0,0,0,0,0,0,0,0,0,0,0,0,0,0,0
2,left,0,0,0,0,0,0,0,0,0,0,0,0,0,0,0,0,0,0,0,0,0,0,0,0,0,0,0,0,0,0,0,0,0,0,0,0,0,0,0,0,0,0,0,0,0,0,0,0,0,0,0,0,0,0,0,0,0,0,0,0,0,0,0
3,right,0,0,0,0,0,0,0,0,0,0,0,0,0,0,0,0,0,0,0,0,0,0,0,0,0,0,0,0,0,0,0,0,0,0,0,0,0,0,0,0,0,0,0,0,0,0,0,0,0,0,0,0,0,0,0,0,0,0,0,0,0,0,0
3,left,0,0,0,0,0,0,0,0,0,0,0,0,0,0,0,0,0,0,0,0,0,0,0,0,0,0,0,0,0,0,0,0,0,0,0,0,0,0,0,0,0,0,0,0,0,0,0,0,0,0,0,0,0,0,0,0,0,0,0,0,0,0,0
4,right,0,0,0,0,0,0,0,0,0,0,0,0,0,0,0,0,0,0,0,0,0,0,0,0,0,0,0,0,0,0,0,0,0,0,0,0,0,0,0,0,0,0,0,0,0,0,0,0,0,0,0,0,0,0,0,0,0,0,0,0,0,0,0
4,left,0,0,0,0,0,0,0,0,0,0,0,0,0,0,0,0,0,0,0,0,0,0,0,0,0,0,0,0,0,0,0,0,0,0,0,0,0,0,0,0,0,0,0,0,0,0,0,0,0,0,0,0,0,0,0,0,0,0,0,0,0,0,0
5,right,0,0,0,0,0,0,0,0,0,0,0,0,0,0,0,0,0,0,0,0,0,0,0,0,0,0,0,0,0,0,0,0,0,0,0,0,0,0,0,0,0,0,0,0,0,0,0,0,0,0,0,0,0,0,0,0,0,0,0,0,0,0,0
5,left,0,0,0,0,0,0,0,0,0,0,0,0,0,0,0,0,0,0,0,0,0,0,0,0,0,0,0,0,0,0,0,0,0,0,0,0,0,0,0,0,0,0,0,0,0,0,0,0,0,0,0,0,0,0,0,0,0,0,0,0,0,0,0
6,right,0,0,0,0,0,0,0,0,0,0,0,0,0,0,0,0,0,0,0,0,0,0,0,0,0,0,0,0,0,0,0,0,0,0,0,0,0,0,0,0,0,0,0,0,0,0,0,0,0,0,0,0,0,0,0,0,0,0,0,0,0,0,0
6,left,0,0,0,0,0,0,0,0,0,0,0,0,0,0,0,0,0,0,0,0,0,0,0,0,0,0,0,0,0,0,0,0,0,0,0,0,0,0,0,0,0,0,0,0,0,0,0,0,0,0,0,0,0,0,0,0,0,0,0,0,0,0,0
7,right,0,0,0,0,0,0,0,0,0,0,0,0,0,0,0,0,0,0,0,0,0,0,0,0,0,0,0,0,0,0,0,0,0,0,0,0,0,0,0,0,0,0,0,0,0,0,0,0,0,0,0,0,0,0,0,0,0,0,0,0,0,0,0
7,left,0,0,0,0,0,0,0,0,0,0,0,0,0,0,0,0,0,0,0,0,0,0,0,0,0,0,0,0,0,0,0,0,0,0,0,0,0,0,0,0,0,0,0,0,0,0,0,0,0,0,0,0,0,0,0,0,0,0,0,0,0,0,0
8,right,0,0,0,0,0,0,0,0,0,0,0,0,0,0,0,0,0,0,0,0,0,0,0,0,0,0,0,0,0,0,0,0,0,0,0,0,0,0,0,0,0,0,0,0,0,0,0,0,0,0,0,0,0,0,0,0,0,0,0,0,0,0,0
8,left,0,0,0,0,0,0,0,0,0,0,0,0,0,0,0,0,0,0,0,0,0,0,0,0,0,0,0,0,0,0,0,0,0,0,0,0,0,0,0,0,0,0,0,0,0,0,0,0,0,0,0,0,0,0,0,0,0,0,0,0,0,0,0
9,right,0,0,0,0,0,0,0,0,0,0,0,0,0,0,0,0,0,0,0,0,0,0,0,0,0,0,0,0,0,0,0,0,0,0,0,0,0,0,0,0,0,0,0,0,0,0,0,0,0,0,0,0,0,0,0,0,0,0,0,0,0,0,0
9,left,0,0,0,0,0,0,0,0,0,0,0,0,0,0,0,0,0,0,0,0,0,0,0,0,0,0,0,0,0,0,0,0,0,0,0,0,0,0,0,0,0,0,0,0,0,0,0,0,0,0,0,0,0,0,0,0,0,0,0,0,0,0,0
10,right,0,0,0,0,0,0,0,0,0,0,0,0,0,0,0,0,0,0,0,0,0,0,0,0,0,0,0,0,0,0,0,0,0,0,0,0,0,0,0,0,0,0,0,0,0,0,0,0,0,0,0,0,0,0,0,0,0,0,0,0,0,0,0
10,left,0,0,0,0,0,0,0,0,0,0,0,0,0,0,0,0,0,0,0,0,0,0,0,0,0,0,0,0,0,0,0,0,0,0,0,0,0,0,0,0,0,0,0,0,0,0,0,0,0,0,0,0,0,0,0,0,0,0,0,0,0,0,0
11,right,0.3239107131958008,1.0071519613265991,9.700509195909035e-08,0.3871515393257141,0.9785429239273071,0.010879280045628548,0.45412108302116394,0.9532239437103271,0.002982382196933031,0.5062810182571411,0.9549282789230347,-0.011075683869421482,0.546958863735199,0.9629905223846436,-0.026316028088331223,0.47063279151916504,0.8813382387161255,-0.013930747285485268,0.5527348518371582,0.8836051225662231,-0.03430486470460892,0.5922317504882812,0.914356529712677,-0.04679698869585991,0.6155842542648315,0.946509838104248,-0.05356627330183983,0.45517829060554504,0.8997545838356018,-0.032414648681879044,0.5478887557983398,0.9498313069343567,-0.052511341869831085,0.5576997995376587,0.9985259175300598,-0.05863809213042259,0.5531695485115051,1.0249979496002197,-0.061262983828783035,0.4399145841598511,0.9359608292579651,-0.04970785602927208,0.525009274482727,0.9819005727767944,-0.06303396075963974,0.5282490849494934,1.024317979812622,-0.05572868511080742,0.5199541449546814,1.047034740447998,-0.04941539466381073,0.4257609248161316,0.9785616993904114,-0.06657081842422485,0.48675206303596497,1.000379204750061,-0.07006534188985825,0.5042441487312317,1.0247467756271362,-0.05952424556016922,0.5123469829559326,1.0404986143112183,-0.050988078117370605
11,left,0,0,0,0,0,0,0,0,0,0,0,0,0,0,0,0,0,0,0,0,0,0,0,0,0,0,0,0,0,0,0,0,0,0,0,0,0,0,0,0,0,0,0,0,0,0,0,0,0,0,0,0,0,0,0,0,0,0,0,0,0,0,0
12,right,0.39280396699905396,0.9610484838485718,2.2911004293746373e-07,0.45726242661476135,0.9654085040092468,0.007909904234111309,0.5009145140647888,0.940142810344696,-0.0004255043459124863,0.5301719307899475,0.9249701499938965,-0.012809094972908497,0.5529981851577759,0.9164403676986694,-0.024782387539744377,0.4964841902256012,0.8337741494178772,-0.015636108815670013,0.5652602910995483,0.8371771574020386,-0.037233028560876846,0.5984258651733398,0.865361213684082,-0.051059357821941376,0.6213032603263855,0.8939406275749207,-0.061441801488399506,0.48357337713241577,0.8422299027442932,-0.0347716324031353,0.5603512525558472,0.8924906849861145,-0.06242429465055466,0.5828422904014587,0.9468638300895691,-0.0732872262597084,0.5985939502716064,0.9844118356704712,-0.07908482104539871,0.46946388483047485,0.8678280115127563,-0.054111894220113754,0.5427528023719788,0.9026320576667786,-0.07828659564256668,0.577752947807312,0.9510821104049683,-0.08374952524900436,0.6064313650131226,0.9856212139129639,-0.08701223134994507,0.4585016369819641,0.9045501947402954,-0.0726858600974083,0.5000788569450378,0.8994632363319397,-0.09096341580152512,0.5275419354438782,0.8981497287750244,-0.09579173475503922,0.5553812980651855,0.8944517374038696,-0.09956558793783188
12,left,0,0,0,0,0,0,0,0,0,0,0,0,0,0,0,0,0,0,0,0,0,0,0,0,0,0,0,0,0,0,0,0,0,0,0,0,0,0,0,0,0,0,0,0,0,0,0,0,0,0,0,0,0,0,0,0,0,0,0,0,0,0,0
13,right,0.40258553624153137,0.9328095316886902,3.0222142299862753e-07,0.4580609202384949,0.9472501873970032,0.006556110922247171,0.5080277323722839,0.9320365190505981,-0.0008528256439603865,0.5441386103630066,0.9260637164115906,-0.011043867096304893,0.5712177157402039,0.9232314229011536,-0.020151853561401367,0.5071713328361511,0.8178451657295227,-0.022351937368512154,0.5823475122451782,0.8217337131500244,-0.044969864189624786,0.6140314936637878,0.8525637984275818,-0.0580487959086895,0.6355025768280029,0.8810423612594604,-0.06799356639385223,0.4941806197166443,0.8236795663833618,-0.0404929555952549,0.5748804211616516,0.8690398931503296,-0.07127147912979126,0.5970264077186584,0.9258398413658142,-0.08324502408504486,0.6118664145469666,0.9666074514389038,-0.08888392895460129,0.47897040843963623,0.847477376461029,-0.05826854705810547,0.5604726672172546,0.8682998418807983,-0.08554797619581223,0.5901830196380615,0.9146234393119812,-0.09167637676000595,0.615206778049469,0.9482763409614563,-0.09465347230434418,0.4667802155017853,0.8828634023666382,-0.07502077519893646,0.5057244896888733,0.8731953501701355,-0.09987256675958633,0.5349031686782837,0.872157871723175,-0.10893213003873825,0.5655084848403931,0.8701255321502686,-0.11437734961509705
13,left,0.6607827544212341,1.0042524337768555,3.9831630260778184e-07,0.6836710572242737,0.9651073217391968,-0.029088081791996956,0.6970905661582947,0.936205267906189,-0.05466527119278908,0.7152497172355652,0.9206783771514893,-0.07900220900774002,0.7332579493522644,0.9017243981361389,-0.10519250482320786,0.6206129789352417,0.8768867254257202,-0.047492675483226776,0.575066089630127,0.8357296586036682,-0.07479541003704071,0.5469212532043457,0.8152507543563843,-0.09445714950561523,0.5215068459510803,0.8006222248077393,-0.10817611217498779,0.6061756610870361,0.8988842964172363,-0.0513632670044899,0.5662439465522766,0.8455791473388672,-0.0800984650850296,0.5627968907356262,0.8352020978927612,-0.0983918234705925,0.56275874376297,0.8384421467781067,-0.108925960958004,0.6016799807548523,0.9344289302825928,-0.05662255361676216,0.5701969861984253,0.9177268743515015,-0.08540277928113937,0.5885849595069885,0.9266843795776367,-0.09401576220989227,0.6108173131942749,0.9369593262672424,-0.09582065790891647,0.6053380966186523,0.9747556447982788,-0.06393478065729141,0.5850550532341003,0.9813908934593201,-0.08625491708517075,0.6004273891448975,0.9876288175582886,-0.08921252191066742,0.6200734972953796,0.997251033782959,-0.0885426327586174
14,right,0.38228902220726013,0.9354605078697205,3.033246684935875e-07,0.46438145637512207,0.9383009672164917,0.015127942897379398,0.5135771632194519,0.9084889888763428,0.010362716391682625,0.5480632781982422,0.8886944651603699,0.00022357383568305522,0.5806581974029541,0.8798264861106873,-0.011753266677260399,0.501619279384613,0.8035387992858887,-0.012866116128861904,0.5735118389129639,0.8176230192184448,-0.032416172325611115,0.6103402376174927,0.8455719351768494,-0.04556390270590782,0.6332581639289856,0.8723458051681519,-0.055149830877780914,0.4855733811855316,0.8087917566299438,-0.034881509840488434,0.5734814405441284,0.8519709706306458,-0.05843869596719742,0.6078638434410095,0.9001159071922302,-0.0698859840631485,0.628262996673584,0.9330835938453674,-0.07711602002382278,0.46844905614852905,0.8357029557228088,-0.05564704164862633,0.5519934892654419,0.8689990043640137,-0.07668693363666534,0.5877722501754761,0.9118990302085876,-0.08148027956485748,0.6121516227722168,0.9379752278327942,-0.08454673737287521,0.45285212993621826,0.8737595677375793,-0.07486293464899063,0.5013708472251892,0.8646084070205688,-0.09193617105484009,0.5344926118850708,0.8587672710418701,-0.09649907797574997,0.5653243660926819,0.8533129096031189,-0.09964162856340408
14,left,0,0,0,0,0,0,0,0,0,0,0,0,0,0,0,0,0,0,0,0,0,0,0,0,0,0,0,0,0,0,0,0,0,0,0,0,0,0,0,0,0,0,0,0,0,0,0,0,0,0,0,0,0,0,0,0,0,0,0,0,0,0,0
15,right,0.3946996331214905,0.9170827865600586,2.3290174056000978e-07,0.4630323648452759,0.94211745262146,0.016091061756014824,0.5097745060920715,0.9268244504928589,0.013269149698317051,0.5445685386657715,0.9234216213226318,0.003953701350837946,0.5700218677520752,0.9288274049758911,-0.005440127570182085,0.5083980560302734,0.8034725189208984,-0.00507620582357049,0.5817641019821167,0.8102259635925293,-0.022234518080949783,0.615003228187561,0.8391259908676147,-0.031796351075172424,0.6380507946014404,0.8635137677192688,-0.0399930365383625,0.49611005187034607,0.8042710423469543,-0.028431227430701256,0.5818528532981873,0.8300580382347107,-0.051741793751716614,0.6098101735115051,0.8805769681930542,-0.060483966022729874,0.6284739971160889,0.9164533615112305,-0.06570634245872498,0.4824141263961792,0.827576220035553,-0.05170922726392746,0.564609169960022,0.8473411202430725,-0.07409510016441345,0.593879222869873,0.8954296112060547,-0.07918049395084381,0.6156550049781799,0.9284839034080505,-0.08274233341217041,0.4721813499927521,0.8637768030166626,-0.07372096180915833,0.5161765813827515,0.8565289974212646,-0.09563609212636948,0.5464698672294617,0.8584843277931213,-0.10504446923732758,0.576484739780426,0.85909503698349,-0.11204753071069717
15,left,0,0,0,0,0,0,0,0,0,0,0,0,0,0,0,0,0,0,0,0,0,0,0,0,0,0,0,0,0,0,0,0,0,0,0,0,0,0,0,0,0,0,0,0,0,0,0,0,0,0,0,0,0,0,0,0,0,0,0,0,0,0,0
16,right,0.4022828936576843,0.9160520434379578,2.184379468417319e-07,0.46273472905158997,0.9382510185241699,0.02210906706750393,0.5108376741409302,0.9297535419464111,0.021874504163861275,0.546550989151001,0.9332818984985352,0.014916055835783482,0.571250319480896,0.9368255138397217,0.008029046468436718,0.5099216103553772,0.7986242771148682,0.0006573463906534016,0.5856919288635254,0.8051847219467163,-0.015469735488295555,0.619145393371582,0.84263014793396,-0.025723829865455627,0.6401236653327942,0.8746225237846375,-0.034404437988996506,0.49860984086990356,0.8043020367622375,-0.02411748841404915,0.5872861742973328,0.8569813966751099,-0.04728488251566887,0.6043970584869385,0.9190636277198792,-0.055904731154441833,0.6130886673927307,0.9582273960113525,-0.060423485934734344,0.48645198345184326,0.8306641578674316,-0.04811513051390648,0.5738301873207092,0.8605946898460388,-0.06794944405555725,0.6020779609680176,0.9133903980255127,-0.07054539024829865,0.6232627034187317,0.9490721225738525,-0.07295054942369461,0.4776194095611572,0.8694843053817749,-0.07020550966262817,0.5215979814529419,0.8654565215110779,-0.08961374312639236,0.5502867698669434,0.8725393414497375,-0.09579060971736908,0.580024003982544,0.8764725923538208,-0.1005450114607811
16,left,0,0,0,0,0,0,0,0,0,0,0,0,0,0,0,0,0,0,0,0,0,0,0,0,0,0,0,0,0,0,0,0,0,0,0,0,0,0,0,0,0,0,0,0,0,0,0,0,0,0,0,0,0,0,0,0,0,0,0,0,0,0,0
17,right,0.3833930492401123,0.9340648651123047,3.572931461803819e-07,0.4698907434940338,0.9362994432449341,0.017782757058739662,0.5185030102729797,0.9050883054733276,0.01363934576511383,0.5551465153694153,0.8886157870292664,0.002850133692845702,0.588071882724762,0.8895328640937805,-0.01008211076259613,0.5012736916542053,0.7970329523086548,-0.010295575484633446,0.5773230791091919,0.8143155574798584,-0.028931017965078354,0.6167484521865845,0.8431432843208313,-0.0417025089263916,0.6420027613639832,0.872866690158844,-0.05122116953134537,0.48597973585128784,0.8086356520652771,-0.03295211121439934,0.5743239521980286,0.8599604964256287,-0.054463136941194534,0.605520486831665,0.90938800573349,-0.06315960735082626,0.6234745979309082,0.9437069296836853,-0.06915194541215897,0.47142723202705383,0.8418724536895752,-0.05426505208015442,0.5589194297790527,0.8791671395301819,-0.0720253586769104,0.5920654535293579,0.9205231070518494,-0.07309652119874954,0.6130490303039551,0.9473611116409302,-0.07421454787254333,0.4595251679420471,0.8835905194282532,-0.07414210587739944,0.515306830406189,0.8873077630996704,-0.08710456639528275,0.5507673025131226,0.8926536440849304,-0.0882054790854454,0.5826266407966614,0.896475076675415,-0.08912207186222076
17,left,0,0,0,0,0,0,0,0,0,0,0,0,0,0,0,0,0,0,0,0,0,0,0,0,0,0,0,0,0,0,0,0,0,0,0,0,0,0,0,0,0,0,0,0,0,0,0,0,0,0,0,0,0,0,0,0,0,0,0,0,0,0,0
18,right,0.36716532707214355,0.9316728115081787,1.7084950343360106e-07,0.4385651648044586,0.9265331029891968,0.042136576026678085,0.48985394835472107,0.9012064933776855,0.04783724620938301,0.5307334661483765,0.8936980366706848,0.04265071079134941,0.5617486238479614,0.9019452333450317,0.0335855633020401,0.493042528629303,0.7947190403938293,0.004168256185948849,0.5734225511550903,0.7965894937515259,-0.007176628336310387,0.6162406206130981,0.8220632672309875,-0.015232651494443417,0.6460026502609253,0.8475964069366455,-0.02165425941348076,0.47933703660964966,0.8037348389625549,-0.027648139744997025,0.5762628316879272,0.8545741438865662,-0.038855668157339096,0.5991389155387878,0.910494327545166,-0.03983575478196144,0.6077361106872559,0.9427260160446167,-0.041992705315351486,0.4697721302509308,0.8387744426727295,-0.055575329810380936,0.5649669170379639,0.8745508790016174,-0.0620855838060379,0.593123197555542,0.9236751198768616,-0.05569872260093689,0.6069700717926025,0.9525661468505859,-0.054112475365400314,0.46478646993637085,0.8825793862342834,-0.08012297004461288,0.5339488387107849,0.891965925693512,-0.08416512608528137,0.569487452507019,0.909856379032135,-0.07851244509220123,0.5978102684020996,0.9214099645614624,-0.07575162500143051
18,left,0,0,0,0,0,0,0,0,0,0,0,0,0,0,0,0,0,0,0,0,0,0,0,0,0,0,0,0,0,0,0,0,0,0,0,0,0,0,0,0,0,0,0,0,0,0,0,0,0,0,0,0,0,0,0,0,0,0,0,0,0,0,0
19,right,0,0,0,0,0,0,0,0,0,0,0,0,0,0,0,0,0,0,0,0,0,0,0,0,0,0,0,0,0,0,0,0,0,0,0,0,0,0,0,0,0,0,0,0,0,0,0,0,0,0,0,0,0,0,0,0,0,0,0,0,0,0,0
19,left,0,0,0,0,0,0,0,0,0,0,0,0,0,0,0,0,0,0,0,0,0,0,0,0,0,0,0,0,0,0,0,0,0,0,0,0,0,0,0,0,0,0,0,0,0,0,0,0,0,0,0,0,0,0,0,0,0,0,0,0,0,0,0
20,right,0.45262157917022705,0.8168830275535583,1.6807215175163037e-08,0.4721145033836365,0.7757435441017151,-0.0008727386011742055,0.4994041323661804,0.7359588146209717,-0.011213979683816433,0.5271151661872864,0.7088018655776978,-0.020763099193572998,0.5528762340545654,0.7008045315742493,-0.03279687091708183,0.5018545985221863,0.7233555912971497,-0.049325644969940186,0.5410078167915344,0.7039914727210999,-0.07459055632352829,0.5717247128486633,0.7071474194526672,-0.08966006338596344,0.5975102186203003,0.7172561883926392,-0.09953263401985168,0.4943951368331909,0.7736875414848328,-0.0606871023774147,0.5513601303100586,0.7811185121536255,-0.0800643339753151,0.5863467454910278,0.7954962849617004,-0.08541115373373032,0.6178521513938904,0.8089485168457031,-0.09162870794534683,0.4838687479496002,0.8248971104621887,-0.07082060724496841,0.5398285388946533,0.8351683020591736,-0.09282620251178741,0.573342502117157,0.8416299819946289,-0.09783438593149185,0.6055354475975037,0.8463050723075867,-0.10249082744121552,0.4706721901893616,0.876726508140564,-0.07945754379034042,0.505325436592102,0.8893470764160156,-0.10075778514146805,0.5322296023368835,0.8957418203353882,-0.10596442222595215,0.5602896213531494,0.8990365266799927,-0.11039907485246658
20,left,0,0,0,0,0,0,0,0,0,0,0,0,0,0,0,0,0,0,0,0,0,0,0,0,0,0,0,0,0,0,0,0,0,0,0,0,0,0,0,0,0,0,0,0,0,0,0,0,0,0,0,0,0,0,0,0,0,0,0,0,0,0,0
21,right,0.2964339852333069,0.8892151117324829,2.841296122824133e-07,0.33475053310394287,0.8069892525672913,-0.011058333329856396,0.3836994767189026,0.7178663611412048,-0.028551725670695305,0.4280892312526703,0.654833972454071,-0.044190868735313416,0.4614550471305847,0.6084243059158325,-0.05938319116830826,0.3639567196369171,0.7240234017372131,-0.06363396346569061,0.4127565920352936,0.6705493330955505,-0.10041485726833344,0.4530964493751526,0.6509715914726257,-0.11828982084989548,0.4889793395996094,0.6373069882392883,-0.1269330084323883,0.3644252121448517,0.7790011167526245,-0.07399328798055649,0.4658490717411041,0.758451521396637,-0.10781054943799973,0.5303736925125122,0.7533283233642578,-0.11842531710863113,0.5804345607757568,0.7519081234931946,-0.12445580214262009,0.3712320625782013,0.842219889163971,-0.0837578997015953,0.469749391078949,0.8285471200942993,-0.11499994993209839,0.5312103033065796,0.8254737257957458,-0.1239820197224617,0.5781276226043701,0.8204526305198669,-0.12644068896770477,0.37939804792404175,0.9052159786224365,-0.09281762689352036,0.45798367261886597,0.8955612778663635,-0.11261864751577377,0.5037900805473328,0.8920305371284485,-0.11660844087600708,0.5427462458610535,0.8857054114341736,-0.11826080828905106
21,left,0,0,0,0,0,0,0,0,0,0,0,0,0,0,0,0,0,0,0,0,0,0,0,0,0,0,0,0,0,0,0,0,0,0,0,0,0,0,0,0,0,0,0,0,0,0,0,0,0,0,0,0,0,0,0,0,0,0,0,0,0,0,0
22,right,0.2618255615234375,0.9159836769104004,4.639011876861332e-07,0.29955002665519714,0.8284006714820862,-0.01394478976726532,0.34507691860198975,0.7373286485671997,-0.02988276444375515,0.3783995509147644,0.6650090217590332,-0.04189455509185791,0.3844856023788452,0.6020455956459045,-0.05342065542936325,0.306262731552124,0.7694973945617676,-0.06399429589509964,0.31592196226119995,0.7316281795501709,-0.09853217005729675,0.34656208753585815,0.7157425284385681,-0.11869806051254272,0.3811691701412201,0.7021986842155457,-0.13003167510032654,0.30271416902542114,0.8353131413459778,-0.07191772758960724,0.382270872592926,0.8029162287712097,-0.10286647081375122,0.44818177819252014,0.7852833867073059,-0.11593047529459,0.5043458938598633,0.773585855960846,-0.12507720291614532,0.31325840950012207,0.9043664336204529,-0.07876372337341309,0.4067276418209076,0.8922851085662842,-0.11238232254981995,0.47254908084869385,0.8818841576576233,-0.12419953942298889,0.5208895802497864,0.8683016300201416,-0.1279248148202896,0.3330897390842438,0.9662061929702759,-0.08451070636510849,0.41664832830429077,0.9551687240600586,-0.10652333498001099,0.4624270796775818,0.9430727362632751,-0.10970450192689896,0.4979064166545868,0.9229094982147217,-0.11030636727809906
22,left,0,0,0,0,0,0,0,0,0,0,0,0,0,0,0,0,0,0,0,0,0,0,0,0,0,0,0,0,0,0,0,0,0,0,0,0,0,0,0,0,0,0,0,0,0,0,0,0,0,0,0,0,0,0,0,0,0,0,0,0,0,0,0
23,right,0,0,0,0,0,0,0,0,0,0,0,0,0,0,0,0,0,0,0,0,0,0,0,0,0,0,0,0,0,0,0,0,0,0,0,0,0,0,0,0,0,0,0,0,0,0,0,0,0,0,0,0,0,0,0,0,0,0,0,0,0,0,0
23,left,0,0,0,0,0,0,0,0,0,0,0,0,0,0,0,0,0,0,0,0,0,0,0,0,0,0,0,0,0,0,0,0,0,0,0,0,0,0,0,0,0,0,0,0,0,0,0,0,0,0,0,0,0,0,0,0,0,0,0,0,0,0,0
24,right,0.3493988811969757,0.9160276055335999,-9.314818072425624e-08,0.3246092200279236,0.8559561967849731,-0.030970845371484756,0.30439209938049316,0.808646023273468,-0.06972132623195648,0.2917293310165405,0.753536581993103,-0.10007829964160919,0.27996569871902466,0.701382577419281,-0.13067099452018738,0.26860809326171875,0.8786190748214722,-0.11773302406072617,0.24340642988681793,0.9184422492980957,-0.16149908304214478,0.23031166195869446,0.9250146150588989,-0.19137448072433472,0.2187650054693222,0.9338321089744568,-0.207503542304039,0.2823832631111145,0.9357039928436279,-0.11627167463302612,0.32097429037094116,0.9480658173561096,-0.1413414627313614,0.3532807528972626,0.934312641620636,-0.14599880576133728,0.3680528402328491,0.9301561713218689,-0.15374690294265747,0.3111434578895569,0.9678720831871033,-0.11164569854736328,0.35726484656333923,0.9492975473403931,-0.1332319974899292,0.3880745768547058,0.9166744351387024,-0.1293731927871704,0.4036778211593628,0.8965678215026855,-0.12711101770401,0.34623953700065613,0.9793338179588318,-0.10741443932056427,0.3918548822402954,0.9557850956916809,-0.11789516359567642,0.4172176420688629,0.9451915621757507,-0.1063970997929573,0.42952409386634827,0.9407321810722351,-0.09906540811061859
24,left,0,0,0,0,0,0,0,0,0,0,0,0,0,0,0,0,0,0,0,0,0,0,0,0,0,0,0,0,0,0,0,0,0,0,0,0,0,0,0,0,0,0,0,0,0,0,0,0,0,0,0,0,0,0,0,0,0,0,0,0,0,0,0
25,right,0.18456141650676727,0.8808673620223999,-9.604190154277603e-08,0.17756417393684387,0.9024293422698975,-0.03333207219839096,0.18294283747673035,0.9179983139038086,-0.056482020765542984,0.19804945588111877,0.9282851219177246,-0.07541187852621078,0.2133847326040268,0.940454363822937,-0.0901976153254509,0.24128320813179016,0.8746635913848877,-0.04298095405101776,0.25572362542152405,0.9351239204406738,-0.06624647229909897,0.23706591129302979,0.946931004524231,-0.07744289189577103,0.2241659164428711,0.9379226565361023,-0.0823700875043869,0.2599369287490845,0.8649817109107971,-0.03518514335155487,0.2701931297779083,0.9308392405509949,-0.05528068542480469,0.25106939673423767,0.9397104382514954,-0.0603972002863884,0.24222084879875183,0.9274038672447205,-0.062154777348041534,0.2716450095176697,0.8618758320808411,-0.030377399176359177,0.2857346832752228,0.9178426861763,-0.047219742089509964,0.2690092623233795,0.9254429936408997,-0.04598353058099747,0.2589663565158844,0.9137629270553589,-0.04284128174185753,0.27819639444351196,0.8620337247848511,-0.028243612498044968,0.29785311222076416,0.8863522410392761,-0.035898514091968536,0.2984960973262787,0.8977870941162109,-0.033952802419662476,0.2964099049568176,0.8981923460960388,-0.031149569898843765
25,left,0,0,0,0,0,0,0,0,0,0,0,0,0,0,0,0,0,0,0,0,0,0,0,0,0,0,0,0,0,0,0,0,0,0,0,0,0,0,0,0,0,0,0,0,0,0,0,0,0,0,0,0,0,0,0,0,0,0,0,0,0,0,0
26,right,0.20158648490905762,0.88645339012146,-2.5318614760294622e-08,0.2214319109916687,0.8862031698226929,-0.004135931842029095,0.24436968564987183,0.8891139030456543,-0.009656444191932678,0.2596380412578583,0.8994073867797852,-0.014813598245382309,0.2691730558872223,0.9116542935371399,-0.019165143370628357,0.25674816966056824,0.86463463306427,-0.014384902082383633,0.27044612169265747,0.9080259799957275,-0.02553829923272133,0.2586028575897217,0.9155606627464294,-0.03180781006813049,0.25123587250709534,0.9073362946510315,-0.035658322274684906,0.24842584133148193,0.8698512315750122,-0.017868034541606903,0.26162010431289673,0.9150893092155457,-0.026951240375638008,0.250728964805603,0.9188232421875,-0.02801138535141945,0.24420972168445587,0.909730851650238,-0.028823060914874077,0.2370365858078003,0.8792546987533569,-0.02166859619319439,0.24960315227508545,0.9188636541366577,-0.029055241495370865,0.2402047961950302,0.922383725643158,-0.02511780709028244,0.23482012748718262,0.9151452779769897,-0.022288618609309196,0.22419524192810059,0.890775203704834,-0.025881871581077576,0.23509931564331055,0.9218394756317139,-0.0293514896184206,0.22806210815906525,0.9252192974090576,-0.02509506419301033,0.2231340855360031,0.920997142791748,-0.021902112290263176
26,left,0,0,0,0,0,0,0,0,0,0,0,0,0,0,0,0,0,0,0,0,0,0,0,0,0,0,0,0,0,0,0,0,0,0,0,0,0,0,0,0,0,0,0,0,0,0,0,0,0,0,0,0,0,0,0,0,0,0,0,0,0,0,0
27,right,0.2032318264245987,0.8695076107978821,-2.86818941930278e-08,0.22316531836986542,0.8651324510574341,-0.004282157868146896,0.2466096132993698,0.8683937191963196,-0.009859341196715832,0.26238855719566345,0.8825388550758362,-0.01505548506975174,0.2719026505947113,0.8959407210350037,-0.019549988210201263,0.25724154710769653,0.8531555533409119,-0.015239539556205273,0.26847270131111145,0.8961470723152161,-0.02721596695482731,0.256818950176239,0.9052631258964539,-0.03394253924489021,0.25016045570373535,0.8983531594276428,-0.03781048581004143,0.24780796468257904,0.859868586063385,-0.018678737804293633,0.25849923491477966,0.9054598212242126,-0.02838035859167576,0.2472260743379593,0.9110191464424133,-0.02960802987217903,0.2409212738275528,0.9032564759254456,-0.030322076752781868,0.23584865033626556,0.8698140978813171,-0.02246537245810032,0.24600903689861298,0.9103239178657532,-0.030456092208623886,0.23650896549224854,0.9142235517501831,-0.026380691677331924,0.23109325766563416,0.907433271408081,-0.023210536688566208,0.22250236570835114,0.8814878463745117,-0.026647644117474556,0.23132064938545227,0.9127051830291748,-0.030710188671946526,0.22423043847084045,0.9160139560699463,-0.02643710747361183,0.21975068747997284,0.9119837284088135,-0.02300363965332508
27,left,0,0,0,0,0,0,0,0,0,0,0,0,0,0,0,0,0,0,0,0,0,0,0,0,0,0,0,0,0,0,0,0,0,0,0,0,0,0,0,0,0,0,0,0,0,0,0,0,0,0,0,0,0,0,0,0,0,0,0,0,0,0,0
28,right,0,0,0,0,0,0,0,0,0,0,0,0,0,0,0,0,0,0,0,0,0,0,0,0,0,0,0,0,0,0,0,0,0,0,0,0,0,0,0,0,0,0,0,0,0,0,0,0,0,0,0,0,0,0,0,0,0,0,0,0,0,0,0
28,left,0,0,0,0,0,0,0,0,0,0,0,0,0,0,0,0,0,0,0,0,0,0,0,0,0,0,0,0,0,0,0,0,0,0,0,0,0,0,0,0,0,0,0,0,0,0,0,0,0,0,0,0,0,0,0,0,0,0,0,0,0,0,0
29,right,0,0,0,0,0,0,0,0,0,0,0,0,0,0,0,0,0,0,0,0,0,0,0,0,0,0,0,0,0,0,0,0,0,0,0,0,0,0,0,0,0,0,0,0,0,0,0,0,0,0,0,0,0,0,0,0,0,0,0,0,0,0,0
29,left,0,0,0,0,0,0,0,0,0,0,0,0,0,0,0,0,0,0,0,0,0,0,0,0,0,0,0,0,0,0,0,0,0,0,0,0,0,0,0,0,0,0,0,0,0,0,0,0,0,0,0,0,0,0,0,0,0,0,0,0,0,0,0
30,right,0,0,0,0,0,0,0,0,0,0,0,0,0,0,0,0,0,0,0,0,0,0,0,0,0,0,0,0,0,0,0,0,0,0,0,0,0,0,0,0,0,0,0,0,0,0,0,0,0,0,0,0,0,0,0,0,0,0,0,0,0,0,0
30,left,0,0,0,0,0,0,0,0,0,0,0,0,0,0,0,0,0,0,0,0,0,0,0,0,0,0,0,0,0,0,0,0,0,0,0,0,0,0,0,0,0,0,0,0,0,0,0,0,0,0,0,0,0,0,0,0,0,0,0,0,0,0,0
31,right,0,0,0,0,0,0,0,0,0,0,0,0,0,0,0,0,0,0,0,0,0,0,0,0,0,0,0,0,0,0,0,0,0,0,0,0,0,0,0,0,0,0,0,0,0,0,0,0,0,0,0,0,0,0,0,0,0,0,0,0,0,0,0
31,left,0,0,0,0,0,0,0,0,0,0,0,0,0,0,0,0,0,0,0,0,0,0,0,0,0,0,0,0,0,0,0,0,0,0,0,0,0,0,0,0,0,0,0,0,0,0,0,0,0,0,0,0,0,0,0,0,0,0,0,0,0,0,0
32,right,0,0,0,0,0,0,0,0,0,0,0,0,0,0,0,0,0,0,0,0,0,0,0,0,0,0,0,0,0,0,0,0,0,0,0,0,0,0,0,0,0,0,0,0,0,0,0,0,0,0,0,0,0,0,0,0,0,0,0,0,0,0,0
32,left,0,0,0,0,0,0,0,0,0,0,0,0,0,0,0,0,0,0,0,0,0,0,0,0,0,0,0,0,0,0,0,0,0,0,0,0,0,0,0,0,0,0,0,0,0,0,0,0,0,0,0,0,0,0,0,0,0,0,0,0,0,0,0
33,right,0,0,0,0,0,0,0,0,0,0,0,0,0,0,0,0,0,0,0,0,0,0,0,0,0,0,0,0,0,0,0,0,0,0,0,0,0,0,0,0,0,0,0,0,0,0,0,0,0,0,0,0,0,0,0,0,0,0,0,0,0,0,0
33,left,0,0,0,0,0,0,0,0,0,0,0,0,0,0,0,0,0,0,0,0,0,0,0,0,0,0,0,0,0,0,0,0,0,0,0,0,0,0,0,0,0,0,0,0,0,0,0,0,0,0,0,0,0,0,0,0,0,0,0,0,0,0,0
34,right,0,0,0,0,0,0,0,0,0,0,0,0,0,0,0,0,0,0,0,0,0,0,0,0,0,0,0,0,0,0,0,0,0,0,0,0,0,0,0,0,0,0,0,0,0,0,0,0,0,0,0,0,0,0,0,0,0,0,0,0,0,0,0
34,left,0,0,0,0,0,0,0,0,0,0,0,0,0,0,0,0,0,0,0,0,0,0,0,0,0,0,0,0,0,0,0,0,0,0,0,0,0,0,0,0,0,0,0,0,0,0,0,0,0,0,0,0,0,0,0,0,0,0,0,0,0,0,0
35,right,0.20826321840286255,0.9244539141654968,5.657094561684062e-07,0.22791224718093872,0.827903151512146,-0.030508646741509438,0.25121718645095825,0.7450486421585083,-0.06120409443974495,0.2684900462627411,0.6874269247055054,-0.08604571968317032,0.2767052948474884,0.6261723637580872,-0.1132136732339859,0.24840553104877472,0.8178151845932007,-0.108049675822258,0.2233889102935791,0.8002318143844604,-0.154252290725708,0.21988345682621002,0.7999831438064575,-0.1829020231962204,0.21926264464855194,0.7844620943069458,-0.20094937086105347,0.24427169561386108,0.8817747235298157,-0.1155562549829483,0.316062331199646,0.8718645572662354,-0.161854088306427,0.37598201632499695,0.8581086993217468,-0.19241420924663544,0.4177268445491791,0.8384373188018799,-0.21697112917900085,0.2436281442642212,0.941761314868927,-0.12002801895141602,0.32166799902915955,0.9381667375564575,-0.16883015632629395,0.39363014698028564,0.9221092462539673,-0.19749239087104797,0.44088631868362427,0.9041677117347717,-0.2155807912349701,0.23955175280570984,0.9845871925354004,-0.12260819971561432,0.30612102150917053,0.9887523651123047,-0.15810894966125488,0.35606545209884644,0.985037088394165,-0.17101798951625824,0.3900190591812134,0.9798599481582642,-0.18133993446826935
35,left,0,0,0,0,0,0,0,0,0,0,0,0,0,0,0,0,0,0,0,0,0,0,0,0,0,0,0,0,0,0,0,0,0,0,0,0,0,0,0,0,0,0,0,0,0,0,0,0,0,0,0,0,0,0,0,0,0,0,0,0,0,0,0
36,right,0.20913663506507874,0.9056780338287354,1.0701550081648747e-06,0.2217404842376709,0.8044814467430115,-0.04240691661834717,0.24708175659179688,0.7216732501983643,-0.07462376356124878,0.260295033454895,0.6680929660797119,-0.1007307842373848,0.27189546823501587,0.6133039593696594,-0.12636469304561615,0.29372939467430115,0.7994651794433594,-0.09125295281410217,0.3448781669139862,0.8210375308990479,-0.1387939155101776,0.3848305642604828,0.8324664235115051,-0.17354042828083038,0.41978323459625244,0.8380467295646667,-0.19970206916332245,0.28324294090270996,0.8487738370895386,-0.09343600273132324,0.34231895208358765,0.8604033589363098,-0.14487800002098083,0.3865112066268921,0.8525837063789368,-0.17967504262924194,0.42242807149887085,0.8458992838859558,-0.20749016106128693,0.2597253918647766,0.8915644288063049,-0.09609593451023102,0.26380476355552673,0.8512060642242432,-0.14172621071338654,0.24878552556037903,0.8048083186149597,-0.15776917338371277,0.23626844584941864,0.7760827541351318,-0.16831347346305847,0.22827650606632233,0.9209409952163696,-0.10105553269386292,0.21935218572616577,0.8714720606803894,-0.140450119972229,0.2113533467054367,0.8330870866775513,-0.15478599071502686,0.20148946344852448,0.8120365738868713,-0.16528040170669556
36,left,0,0,0,0,0,0,0,0,0,0,0,0,0,0,0,0,0,0,0,0,0,0,0,0,0,0,0,0,0,0,0,0,0,0,0,0,0,0,0,0,0,0,0,0,0,0,0,0,0,0,0,0,0,0,0,0,0,0,0,0,0,0,0
