1,right,0,0,0,0,0,0,0,0,0,0,0,0,0,0,0,0,0,0,0,0,0,0,0,0,0,0,0,0,0,0,0,0,0,0,0,0,0,0,0,0,0,0,0,0,0,0,0,0,0,0,0,0,0,0,0,0,0,0,0,0,0,0,0
1,left,0,0,0,0,0,0,0,0,0,0,0,0,0,0,0,0,0,0,0,0,0,0,0,0,0,0,0,0,0,0,0,0,0,0,0,0,0,0,0,0,0,0,0,0,0,0,0,0,0,0,0,0,0,0,0,0,0,0,0,0,0,0,0
2,right,0,0,0,0,0,0,0,0,0,0,0,0,0,0,0,0,0,0,0,0,0,0,0,0,0,0,0,0,0,0,0,0,0,0,0,0,0,0,0,0,0,0,0,0,0,0,0,0,0,0,0,0,0,0,0,0,0,0,0,0,0,0,0
2,left,0,0,0,0,0,0,0,0,0,0,0,0,0,0,0,0,0,0,0,0,0,0,0,0,0,0,0,0,0,0,0,0,0,0,0,0,0,0,0,0,0,0,0,0,0,0,0,0,0,0,0,0,0,0,0,0,0,0,0,0,0,0,0
3,right,0,0,0,0,0,0,0,0,0,0,0,0,0,0,0,0,0,0,0,0,0,0,0,0,0,0,0,0,0,0,0,0,0,0,0,0,0,0,0,0,0,0,0,0,0,0,0,0,0,0,0,0,0,0,0,0,0,0,0,0,0,0,0
3,left,0,0,0,0,0,0,0,0,0,0,0,0,0,0,0,0,0,0,0,0,0,0,0,0,0,0,0,0,0,0,0,0,0,0,0,0,0,0,0,0,0,0,0,0,0,0,0,0,0,0,0,0,0,0,0,0,0,0,0,0,0,0,0
4,right,0,0,0,0,0,0,0,0,0,0,0,0,0,0,0,0,0,0,0,0,0,0,0,0,0,0,0,0,0,0,0,0,0,0,0,0,0,0,0,0,0,0,0,0,0,0,0,0,0,0,0,0,0,0,0,0,0,0,0,0,0,0,0
4,left,0,0,0,0,0,0,0,0,0,0,0,0,0,0,0,0,0,0,0,0,0,0,0,0,0,0,0,0,0,0,0,0,0,0,0,0,0,0,0,0,0,0,0,0,0,0,0,0,0,0,0,0,0,0,0,0,0,0,0,0,0,0,0
5,right,0,0,0,0,0,0,0,0,0,0,0,0,0,0,0,0,0,0,0,0,0,0,0,0,0,0,0,0,0,0,0,0,0,0,0,0,0,0,0,0,0,0,0,0,0,0,0,0,0,0,0,0,0,0,0,0,0,0,0,0,0,0,0
5,left,0,0,0,0,0,0,0,0,0,0,0,0,0,0,0,0,0,0,0,0,0,0,0,0,0,0,0,0,0,0,0,0,0,0,0,0,0,0,0,0,0,0,0,0,0,0,0,0,0,0,0,0,0,0,0,0,0,0,0,0,0,0,0
6,right,0,0,0,0,0,0,0,0,0,0,0,0,0,0,0,0,0,0,0,0,0,0,0,0,0,0,0,0,0,0,0,0,0,0,0,0,0,0,0,0,0,0,0,0,0,0,0,0,0,0,0,0,0,0,0,0,0,0,0,0,0,0,0
6,left,0,0,0,0,0,0,0,0,0,0,0,0,0,0,0,0,0,0,0,0,0,0,0,0,0,0,0,0,0,0,0,0,0,0,0,0,0,0,0,0,0,0,0,0,0,0,0,0,0,0,0,0,0,0,0,0,0,0,0,0,0,0,0
7,right,0,0,0,0,0,0,0,0,0,0,0,0,0,0,0,0,0,0,0,0,0,0,0,0,0,0,0,0,0,0,0,0,0,0,0,0,0,0,0,0,0,0,0,0,0,0,0,0,0,0,0,0,0,0,0,0,0,0,0,0,0,0,0
7,left,0,0,0,0,0,0,0,0,0,0,0,0,0,0,0,0,0,0,0,0,0,0,0,0,0,0,0,0,0,0,0,0,0,0,0,0,0,0,0,0,0,0,0,0,0,0,0,0,0,0,0,0,0,0,0,0,0,0,0,0,0,0,0
8,right,0,0,0,0,0,0,0,0,0,0,0,0,0,0,0,0,0,0,0,0,0,0,0,0,0,0,0,0,0,0,0,0,0,0,0,0,0,0,0,0,0,0,0,0,0,0,0,0,0,0,0,0,0,0,0,0,0,0,0,0,0,0,0
8,left,0.6338652968406677,1.0091016292572021,9.749782492463055e-08,0.6631585955619812,0.9619492888450623,-0.03377685695886612,0.6775436401367188,0.9185260534286499,-0.05880497768521309,0.6976131200790405,0.8922145962715149,-0.07897487282752991,0.7123082280158997,0.8770521283149719,-0.10050222277641296,0.6193041205406189,0.9592098593711853,-0.060435496270656586,0.5730026364326477,0.9673274159431458,-0.0843673124909401,0.5358979105949402,0.9673126935958862,-0.10329743474721909,0.5025581121444702,0.9630284905433655,-0.11684098839759827,0.5907242298126221,0.9776087403297424,-0.05213792994618416,0.5346357822418213,0.9768898487091064,-0.07201587408781052,0.48984700441360474,0.9735625982284546,-0.0884176716208458,0.4513360261917114,0.9710657596588135,-0.10298365354537964,0.5666022896766663,0.9866124987602234,-0.04362432286143303,0.5123988389968872,0.982248067855835,-0.05876867473125458,0.47143933176994324,0.9748839139938354,-0.06901179254055023,0.4412783980369568,0.9690909385681152,-0.07735045999288559,0.5498218536376953,0.9919157028198242,-0.03753698244690895,0.5086629986763,0.9794854521751404,-0.04569418355822563,0.47561317682266235,0.9740386605262756,-0.04785780981183052,0.45097923278808594,0.9690523743629456,-0.05113294720649719
9,right,0.2998719811439514,0.7712548971176147,2.4321417413375457e-07,0.3755301237106323,0.7469975352287292,0.014020848087966442,0.41891685128211975,0.697232723236084,0.013230171985924244,0.45129743218421936,0.6682481169700623,0.006488202605396509,0.48401689529418945,0.6562667489051819,-0.0007139014196582139,0.3827913999557495,0.6105267405509949,0.004079045727849007,0.4348045289516449,0.5784931182861328,-0.014129121787846088,0.47210800647735596,0.5798074007034302,-0.026572877541184425,0.5004287958145142,0.5886067748069763,-0.035541921854019165,0.3675936758518219,0.6117982268333435,-0.017046725377440453,0.43420830368995667,0.5688550472259521,-0.03781720623373985,0.47483211755752563,0.5772348046302795,-0.048743803054094315,0.5051945447921753,0.5928629040718079,-0.05479549244046211,0.35475948452949524,0.635422945022583,-0.038895606994628906,0.4244738519191742,0.5939143300056458,-0.060623377561569214,0.46499258279800415,0.5993620753288269,-0.06924889236688614,0.49655482172966003,0.6080372929573059,-0.07361922413110733,0.3475017249584198,0.6734108328819275,-0.05957904830574989,0.3895457088947296,0.6439934372901917,-0.08002965152263641,0.4211200773715973,0.62973952293396,-0.08967352658510208,0.4506181478500366,0.6194173097610474,-0.09559459239244461
9,left,0.6457715630531311,0.9455896019935608,1.7720634559736936e-07,0.6649852991104126,0.9000017046928406,-0.05085369944572449,0.6708658337593079,0.85263991355896,-0.07983294129371643,0.6910955905914307,0.8107386827468872,-0.10127650201320648,0.7157539129257202,0.7919480800628662,-0.12117590010166168,0.5885440111160278,0.8934710025787354,-0.06187501177191734,0.5370277166366577,0.8934043049812317,-0.08708624541759491,0.4952835440635681,0.8918009996414185,-0.10692359507083893,0.45715346932411194,0.8925650715827942,-0.12036240845918655,0.5601789951324463,0.8984808325767517,-0.04509131610393524,0.4994422197341919,0.8846750855445862,-0.06420103460550308,0.4574711322784424,0.8706969618797302,-0.07707871496677399,0.42227402329444885,0.8623712658882141,-0.08674068003892899,0.5429588556289673,0.8947592973709106,-0.030661560595035553,0.4880200922489166,0.8814296722412109,-0.04343140497803688,0.4561482071876526,0.8672886490821838,-0.049930673092603683,0.42835289239883423,0.8546222448348999,-0.05381482467055321,0.5332275032997131,0.888139545917511,-0.021207954734563828,0.49420681595802307,0.8757168054580688,-0.025706760585308075,0.4677693545818329,0.8649817705154419,-0.025240544229745865,0.44583988189697266,0.854796290397644,-0.025366976857185364
10,right,0.3081698417663574,0.7437930703163147,2.476308793575299e-07,0.387070894241333,0.7091041207313538,0.01005117129534483,0.4376540780067444,0.6663070321083069,0.004992095287889242,0.4757273495197296,0.6409063935279846,-0.005202234257012606,0.5112640261650085,0.6158111095428467,-0.016989775002002716,0.4120127856731415,0.5853288173675537,-0.009012616239488125,0.46538183093070984,0.5667439103126526,-0.029263176023960114,0.49766215682029724,0.5796854496002197,-0.041408687829971313,0.5260992050170898,0.5944578051567078,-0.04891444742679596,0.3931106626987457,0.5922738313674927,-0.02953832782804966,0.46150487661361694,0.5716633200645447,-0.05599797144532204,0.4997977018356323,0.5898221731185913,-0.07098721712827682,0.5322907567024231,0.6106399297714233,-0.07878550887107849,0.3736533224582672,0.615635871887207,-0.04988950863480568,0.4467372000217438,0.614375114440918,-0.07989797741174698,0.4880423843860626,0.649296760559082,-0.0916232019662857,0.5218382477760315,0.675251305103302,-0.0952237918972969,0.3581380844116211,0.6491467356681824,-0.06859567761421204,0.3916527330875397,0.6139209270477295,-0.09001214802265167,0.4201786518096924,0.5941309332847595,-0.09789998084306717,0.45136377215385437,0.58058100938797,-0.10217776894569397
10,left,0.6347823739051819,0.90726637840271,-2.8150154207651212e-08,0.6624900102615356,0.8631585240364075,-0.04488838464021683,0.6746551990509033,0.8227242231369019,-0.07597144693136215,0.6918860673904419,0.7842963933944702,-0.10031569749116898,0.7119948267936707,0.7626053094863892,-0.12494803965091705,0.6035621762275696,0.8440755605697632,-0.06846354901790619,0.5453402996063232,0.8547551035881042,-0.09886202216148376,0.505531907081604,0.8564878702163696,-0.12216029316186905,0.46835774183273315,0.8560241460800171,-0.13798360526561737,0.5708408355712891,0.8512769937515259,-0.0563080869615078,0.508432924747467,0.8596421480178833,-0.08079216629266739,0.4656582474708557,0.8585185408592224,-0.09775425493717194,0.4266064167022705,0.8581125736236572,-0.1115201786160469,0.5489906072616577,0.8507651686668396,-0.0450880266726017,0.49032026529312134,0.8485917448997498,-0.06337721645832062,0.45605480670928955,0.8374236822128296,-0.07040122151374817,0.4267508387565613,0.8286221027374268,-0.07554199546575546,0.5359926223754883,0.8453412055969238,-0.03751951828598976,0.49777552485466003,0.8318433165550232,-0.046038929373025894,0.47331494092941284,0.8197340965270996,-0.04449312388896942,0.45114535093307495,0.8095858693122864,-0.04396723210811615
11,right,0.3317180573940277,0.6972652673721313,1.2644430569253018e-07,0.40881049633026123,0.7006940841674805,0.019093574956059456,0.45633959770202637,0.6661651730537415,0.013979895040392876,0.48682326078414917,0.6390419006347656,0.0011214877013117075,0.5104845762252808,0.6245595216751099,-0.01144296582788229,0.4493415653705597,0.5622532367706299,-0.0037272151093930006,0.5267845988273621,0.5463834404945374,-0.02348538301885128,0.5565647482872009,0.5658530592918396,-0.033512718975543976,0.5762198567390442,0.5886553525924683,-0.04198095202445984,0.4317052662372589,0.5661870241165161,-0.030368898063898087,0.514374315738678,0.6087287068367004,-0.0631573423743248,0.5265872478485107,0.6698204874992371,-0.07425343990325928,0.5339563488960266,0.714436411857605,-0.07865680754184723,0.415088951587677,0.5861667990684509,-0.05722895264625549,0.4964429438114166,0.6120110750198364,-0.08680922538042068,0.5259782075881958,0.6607020497322083,-0.09353163093328476,0.5504688024520874,0.6949981451034546,-0.09673144668340683,0.40424227714538574,0.61761075258255,-0.08244805783033371,0.44852423667907715,0.5979802012443542,-0.10650186240673065,0.47749796509742737,0.5887537598609924,-0.11576105654239655,0.5077192783355713,0.578258216381073,-0.12248392403125763
11,left,0.6348809003829956,0.8715221285820007,-4.1684412366294055e-08,0.6651342511177063,0.829249382019043,-0.04291665926575661,0.6773751378059387,0.7826389074325562,-0.07216307520866394,0.6977367997169495,0.7399188280105591,-0.09459099918603897,0.719272255897522,0.7173956632614136,-0.11860862374305725,0.5979987978935242,0.8148883581161499,-0.07165657728910446,0.5515109300613403,0.8179280161857605,-0.10036623477935791,0.51628577709198,0.818743109703064,-0.12321723252534866,0.4788036346435547,0.8181307911872864,-0.13952825963497162,0.5625351667404175,0.816841721534729,-0.0597211979329586,0.5070673227310181,0.8148099184036255,-0.08208882063627243,0.4689939022064209,0.8133965730667114,-0.10153234750032425,0.4336811900138855,0.8123846650123596,-0.11926642805337906,0.5390840768814087,0.8117178082466125,-0.047580353915691376,0.48560667037963867,0.7978987097740173,-0.0655403882265091,0.4504355788230896,0.7891595363616943,-0.07929300516843796,0.4207528829574585,0.7849554419517517,-0.09069464355707169,0.5280024409294128,0.8022386431694031,-0.038194529712200165,0.486711710691452,0.7781869769096375,-0.0465724803507328,0.45911163091659546,0.7682303786277771,-0.04878053441643715,0.43396371603012085,0.7630969882011414,-0.05283467099070549
12,right,0.32817238569259644,0.6996108889579773,6.428056309459862e-08,0.41475826501846313,0.688470721244812,0.023606058210134506,0.46749573945999146,0.6541928648948669,0.024421285837888718,0.5054800510406494,0.631992757320404,0.017219984903931618,0.5418126583099365,0.61973637342453,0.008276737295091152,0.4599408209323883,0.5689428448677063,0.003993824124336243,0.5228314399719238,0.5795515179634094,-0.012140327133238316,0.5511391758918762,0.6099802851676941,-0.0224746260792017,0.5718953013420105,0.6361463665962219,-0.030523549765348434,0.4448949098587036,0.567023754119873,-0.02310662530362606,0.5208616852760315,0.5773564577102661,-0.04252477362751961,0.5568951368331909,0.6119315028190613,-0.05269696190953255,0.5830245018005371,0.6441037058830261,-0.05978098884224892,0.4244520366191864,0.5852006673812866,-0.049437131732702255,0.5021987557411194,0.6080214977264404,-0.07185274362564087,0.5378627181053162,0.6528525948524475,-0.07800217717885971,0.5651278495788574,0.6852508783340454,-0.0813974067568779,0.4061650037765503,0.6175692677497864,-0.07378734648227692,0.4523484408855438,0.5988783836364746,-0.0934826210141182,0.4892736077308655,0.5931899547576904,-0.10013017058372498,0.525364875793457,0.5938225984573364,-0.10480070114135742
12,left,0.6253131031990051,0.8605599403381348,-2.0355905849811506e-09,0.6545549035072327,0.8211368322372437,-0.03913399949669838,0.667073667049408,0.7774343490600586,-0.06749847531318665,0.6870983242988586,0.740317165851593,-0.0896652415394783,0.711090087890625,0.720260500907898,-0.11316358298063278,0.5961416363716125,0.79874587059021,-0.0641133189201355,0.5472500324249268,0.8025450706481934,-0.09046011418104172,0.5122909545898438,0.805982232093811,-0.11294841021299362,0.47501909732818604,0.8075444102287292,-0.12902824580669403,0.562670886516571,0.8037128448486328,-0.053184911608695984,0.5030959844589233,0.7955375909805298,-0.07333682477474213,0.461284339427948,0.7911629676818848,-0.09128701686859131,0.4239512085914612,0.7890558242797852,-0.10736779123544693,0.540265679359436,0.80128413438797,-0.041777126491069794,0.48709729313850403,0.7773256301879883,-0.05615732818841934,0.45407605171203613,0.7643371820449829,-0.06543208658695221,0.42764365673065186,0.7567971348762512,-0.07321888953447342,0.5297432541847229,0.7921296954154968,-0.03320429474115372,0.49267804622650146,0.7602127194404602,-0.03711197152733803,0.46957582235336304,0.7436468601226807,-0.034436147660017014,0.4496158957481384,0.73248291015625,-0.03462449833750725
13,right,0.36867696046829224,0.6850191354751587,3.1659350696600086e-08,0.42914018034935,0.7025713324546814,0.03460543602705002,0.4759700894355774,0.6844497919082642,0.04087958484888077,0.503272533416748,0.6762048006057739,0.03683903068304062,0.5258592367172241,0.673363208770752,0.032044488936662674,0.4907207787036896,0.5743013620376587,0.023896198719739914,0.559322714805603,0.5710409283638,0.017906706780195236,0.5856335759162903,0.5974615812301636,0.013337358832359314,0.6025670170783997,0.6226189732551575,0.009287207387387753,0.47835373878479004,0.5692577362060547,-0.005773951765149832,0.5476720929145813,0.6200416684150696,-0.02216458134353161,0.5551319718360901,0.6794066429138184,-0.030413608998060226,0.5551629662513733,0.7231116890907288,-0.03393467515707016,0.4667781591415405,0.5859379172325134,-0.03444487601518631,0.5374078154563904,0.6310244798660278,-0.04816681519150734,0.5645760297775269,0.6884799599647522,-0.05392053723335266,0.5847960114479065,0.7324018478393555,-0.05756668373942375,0.46009641885757446,0.6200383305549622,-0.060149263590574265,0.5218247771263123,0.6341238021850586,-0.06666576862335205,0.5544338822364807,0.6562303900718689,-0.0669601783156395,0.5839062929153442,0.6742947697639465,-0.06853260099887848
13,left,0.6312441825866699,0.8459451198577881,9.670212186563276e-09,0.6638581156730652,0.8075714707374573,-0.048124879598617554,0.6745445132255554,0.752540111541748,-0.07698684185743332,0.6930038332939148,0.7114464640617371,-0.0951494351029396,0.7046573162078857,0.6929126977920532,-0.11422313749790192,0.6031551361083984,0.7868860960006714,-0.09003999084234238,0.5482801795005798,0.7879543304443359,-0.11651928722858429,0.5094926953315735,0.7869172692298889,-0.13616399466991425,0.47049790620803833,0.7849236726760864,-0.1502843052148819,0.5723278522491455,0.7846505045890808,-0.07012738287448883,0.5021710395812988,0.7799854278564453,-0.09021727740764618,0.4560944437980652,0.7759541273117065,-0.10497625172138214,0.41489341855049133,0.7768973708152771,-0.11968916654586792,0.5503916144371033,0.7751088738441467,-0.048555728048086166,0.4920363426208496,0.7437567114830017,-0.06301239877939224,0.45887428522109985,0.7268860340118408,-0.07090573012828827,0.4319598078727722,0.7188078165054321,-0.07805466651916504,0.5379172563552856,0.7593351006507874,-0.029559308663010597,0.5016103386878967,0.7178897261619568,-0.033665720373392105,0.4807971119880676,0.6968819499015808,-0.03136391565203667,0.4635772705078125,0.682275116443634,-0.03217906877398491
14,right,0.39158374071121216,0.674221396446228,8.56290753858957e-08,0.43690648674964905,0.6798905730247498,0.021783869713544846,0.4797554612159729,0.6714227795600891,0.02105463482439518,0.5124542117118835,0.6735489964485168,0.014341254718601704,0.538536787033081,0.6768578290939331,0.007404007017612457,0.49759626388549805,0.5891456007957458,-0.0036371713504195213,0.5688132643699646,0.5925761461257935,-0.01712588407099247,0.5963833332061768,0.6248781085014343,-0.025235120207071304,0.614460289478302,0.6519630551338196,-0.030750419944524765,0.48509928584098816,0.5899703502655029,-0.025913454592227936,0.5505673289299011,0.6503273248672485,-0.04448514059185982,0.5661896467208862,0.7066739797592163,-0.05181564390659332,0.5760131478309631,0.7429263591766357,-0.05608173459768295,0.47035443782806396,0.6067686676979065,-0.0468873530626297,0.5327795743942261,0.663189172744751,-0.06308043003082275,0.5613258481025696,0.7128188014030457,-0.06807806342840195,0.5830890536308289,0.7452124953269958,-0.07185739278793335,0.46037566661834717,0.6336759924888611,-0.06548841297626495,0.5064911246299744,0.6499718427658081,-0.07697691768407822,0.5286349058151245,0.6617090106010437,-0.07812005281448364,0.5488592386245728,0.6662653684616089,-0.07925472408533096
14,left,0.6255143284797668,0.8480460047721863,3.0204756740204175e-07,0.658717155456543,0.7947863340377808,-0.04443223774433136,0.6678830981254578,0.7405676245689392,-0.07443171739578247,0.6875020265579224,0.7109962105751038,-0.0957896038889885,0.7111976742744446,0.7012144327163696,-0.1187271922826767,0.5984995365142822,0.7797218561172485,-0.07930242270231247,0.5452876091003418,0.7899259924888611,-0.10490548610687256,0.5041284561157227,0.7903909683227539,-0.12550893425941467,0.4651416540145874,0.7884337902069092,-0.13892972469329834,0.5662634372711182,0.8018691539764404,-0.0615244023501873,0.5090987682342529,0.770793080329895,-0.07975564152002335,0.4743238687515259,0.736822247505188,-0.09261778742074966,0.4478285312652588,0.7152622938156128,-0.10323089361190796,0.5466840267181396,0.8074202537536621,-0.04208993911743164,0.5049148201942444,0.7544187307357788,-0.05214174836874008,0.48704320192337036,0.7165651321411133,-0.052061185240745544,0.4774162769317627,0.6892532706260681,-0.0513061098754406,0.5336858034133911,0.8036662340164185,-0.025886230170726776,0.5057316422462463,0.75345778465271,-0.027356578037142754,0.4945189654827118,0.7158724069595337,-0.018796304240822792,0.49035125970840454,0.6860058307647705,-0.012229985557496548
15,right,0.37481218576431274,0.7145304679870605,1.1711891545473918e-07,0.4406629204750061,0.7159961462020874,0.023217670619487762,0.4871792495250702,0.6892309188842773,0.020797954872250557,0.5231638550758362,0.671000599861145,0.011063872836530209,0.5575693249702454,0.659574031829834,-0.0007538890931755304,0.48566314578056335,0.6128633618354797,-0.012295535765588284,0.5516464710235596,0.6118025779724121,-0.03165654093027115,0.5883182287216187,0.6323274374008179,-0.042489808052778244,0.6152763962745667,0.6549339294433594,-0.05043380707502365,0.4720861613750458,0.6171171069145203,-0.039066459983587265,0.546612560749054,0.6715536117553711,-0.0651787668466568,0.5702822208404541,0.7246289253234863,-0.07482258975505829,0.5834932327270508,0.7620041370391846,-0.08032691478729248,0.454228013753891,0.6377066373825073,-0.06389493495225906,0.5263835787773132,0.6919432878494263,-0.08678711950778961,0.5523657202720642,0.7449739575386047,-0.08850239217281342,0.5717463493347168,0.7773025035858154,-0.08938279747962952,0.43821659684181213,0.6678779721260071,-0.08665654808282852,0.48638883233070374,0.6663359999656677,-0.10355909913778305,0.5210468769073486,0.6668329238891602,-0.10637400299310684,0.554107666015625,0.6682096719741821,-0.10880562663078308
15,left,0.6312510371208191,0.8479505777359009,2.308415361085281e-07,0.6627572774887085,0.7958256006240845,-0.05181456729769707,0.6682532429695129,0.7474504113197327,-0.08608847111463547,0.6863399147987366,0.7174534797668457,-0.11071359366178513,0.7070547938346863,0.7082523107528687,-0.13756778836250305,0.5933411121368408,0.7865656018257141,-0.08151687681674957,0.5438822507858276,0.7968451976776123,-0.10668950527906418,0.5080888867378235,0.7978129982948303,-0.12892630696296692,0.4722329080104828,0.7979352474212646,-0.1445269137620926,0.5664438605308533,0.8084399104118347,-0.06024867668747902,0.5108107328414917,0.7925511598587036,-0.07954440265893936,0.4805598258972168,0.7765097618103027,-0.0969117283821106,0.45527875423431396,0.7672702074050903,-0.11197972297668457,0.5500595569610596,0.8158964514732361,-0.03800617530941963,0.504669725894928,0.7800815105438232,-0.05033222958445549,0.48523440957069397,0.7555967569351196,-0.05529896914958954,0.4741799235343933,0.7403013706207275,-0.05896085873246193,0.5416690707206726,0.8131500482559204,-0.01929571107029915,0.5059714317321777,0.7746569514274597,-0.02243106998503208,0.49198269844055176,0.7473739981651306,-0.01766921766102314,0.486005961894989,0.7273617386817932,-0.015260372310876846
16,right,0.3637842535972595,0.7245186567306519,1.6746899689223937e-07,0.42862027883529663,0.7282241582870483,0.023082640022039413,0.4768448770046234,0.7079190611839294,0.021155986934900284,0.5138448476791382,0.6969531774520874,0.01267415564507246,0.5485349297523499,0.6972830295562744,0.0019775538239628077,0.48371678590774536,0.6151047348976135,-0.011251627467572689,0.5533080697059631,0.6177594661712646,-0.026069246232509613,0.5914754271507263,0.6388742923736572,-0.03501909598708153,0.6176377534866333,0.660923182964325,-0.04187812656164169,0.47158947587013245,0.6173457503318787,-0.0358349047601223,0.5495831966400146,0.6778476238250732,-0.054755594581365585,0.5730654001235962,0.7330943942070007,-0.06118965148925781,0.5860013961791992,0.7683836221694946,-0.06594957411289215,0.4551863670349121,0.6397402286529541,-0.05778905749320984,0.5291295051574707,0.6989509463310242,-0.07403720170259476,0.5471144318580627,0.7509080171585083,-0.07154615223407745,0.5584012269973755,0.7797410488128662,-0.07060270011425018,0.44018393754959106,0.6725634932518005,-0.07782511413097382,0.48878249526023865,0.6722239851951599,-0.09076285362243652,0.523927628993988,0.6731656193733215,-0.09048785269260406,0.556557297706604,0.6754382252693176,-0.09068163484334946
16,left,0.6397672295570374,0.8630600571632385,5.956417794550362e-07,0.6549525856971741,0.8098875880241394,-0.05200362578034401,0.6504196524620056,0.7715346217155457,-0.08798084408044815,0.6661696434020996,0.7429640293121338,-0.11436106264591217,0.6933690905570984,0.7292972207069397,-0.14070548117160797,0.5898883938789368,0.8147021532058716,-0.09488681703805923,0.5337123870849609,0.802902340888977,-0.12577733397483826,0.4944576025009155,0.7989388704299927,-0.14374284446239471,0.4578043222427368,0.8011735081672668,-0.1542912721633911,0.567052960395813,0.8309283256530762,-0.07671982049942017,0.4986308217048645,0.8008517026901245,-0.10581078380346298,0.45395785570144653,0.7767477631568909,-0.12073110044002533,0.41791796684265137,0.763342022895813,-0.1294066309928894,0.5524895787239075,0.8355627655982971,-0.057605694979429245,0.4938736855983734,0.803324282169342,-0.07624638080596924,0.4561077952384949,0.7772107720375061,-0.08749058097600937,0.42571353912353516,0.7610787153244019,-0.09330469369888306,0.5430113077163696,0.8349916934967041,-0.0417201891541481,0.5056135654449463,0.8103368878364563,-0.050945281982421875,0.4765348434448242,0.7940731644630432,-0.05463801324367523,0.45145314931869507,0.7831095457077026,-0.056653063744306564
17,right,0.3650440573692322,0.7319319248199463,1.4405432580133493e-07,0.4411601126194,0.7304319143295288,0.025954490527510643,0.4875003397464752,0.707309901714325,0.024401476606726646,0.522146463394165,0.6929447054862976,0.015075905248522758,0.5558673739433289,0.689929723739624,0.0033120957668870687,0.48753488063812256,0.6157399415969849,-0.003999228589236736,0.5560631155967712,0.6192849278450012,-0.018682444468140602,0.594609260559082,0.6390626430511475,-0.028069552034139633,0.6220331192016602,0.6593503952026367,-0.03546170890331268,0.4742323160171509,0.6184120774269104,-0.030964143574237823,0.5498859286308289,0.6808035373687744,-0.051532212644815445,0.5703164935112,0.7376294136047363,-0.05883194878697395,0.5821099281311035,0.7745224833488464,-0.06343231350183487,0.45734867453575134,0.6423479318618774,-0.05574269965291023,0.5314119458198547,0.7007076144218445,-0.07319039851427078,0.5559277534484863,0.7533515691757202,-0.07264087349176407,0.5731194615364075,0.7848309874534607,-0.07304588705301285,0.4419204890727997,0.6767398715019226,-0.07846566289663315,0.4885637164115906,0.6762291193008423,-0.09184802323579788,0.524375319480896,0.6784984469413757,-0.09275060892105103,0.5586912631988525,0.6827450394630432,-0.09406498819589615
17,left,0,0,0,0,0,0,0,0,0,0,0,0,0,0,0,0,0,0,0,0,0,0,0,0,0,0,0,0,0,0,0,0,0,0,0,0,0,0,0,0,0,0,0,0,0,0,0,0,0,0,0,0,0,0,0,0,0,0,0,0,0,0,0
18,right,0.358775794506073,0.732779860496521,1.0658598625923332e-07,0.43766286969184875,0.7333014011383057,0.03228728100657463,0.486572802066803,0.7176283597946167,0.03516716882586479,0.5199623107910156,0.714252233505249,0.028395794332027435,0.5516337156295776,0.7214459180831909,0.01902216114103794,0.4854753613471985,0.6182451844215393,0.008450030349195004,0.5541889667510986,0.6205549836158752,-0.0033748995047062635,0.5917855501174927,0.642763614654541,-0.012213136069476604,0.6181625723838806,0.6664791107177734,-0.01921628788113594,0.4740091860294342,0.6200037002563477,-0.021245859563350677,0.5498888492584229,0.685154139995575,-0.03752729296684265,0.5704039335250854,0.739741861820221,-0.04493343085050583,0.5816473960876465,0.7759975790977478,-0.05051390081644058,0.45918065309524536,0.6425773501396179,-0.048848457634449005,0.533588707447052,0.7073981165885925,-0.0631435289978981,0.5536966323852539,0.7597475647926331,-0.06279345601797104,0.5681654810905457,0.7892537713050842,-0.06373078376054764,0.44710808992385864,0.677157461643219,-0.07416526228189468,0.49641016125679016,0.6826097369194031,-0.08443373441696167,0.5297189950942993,0.6868107914924622,-0.08396671712398529,0.5614395141601562,0.6914602518081665,-0.08463840931653976
18,left,0.6307968497276306,0.8354694247245789,1.7785086470212264e-07,0.6476303339004517,0.8236150145530701,-0.044528719037771225,0.6557849049568176,0.7890207767486572,-0.0755738914012909,0.6766713857650757,0.7594815492630005,-0.10052644461393356,0.7024012804031372,0.7442107200622559,-0.12710988521575928,0.5766468048095703,0.800552248954773,-0.06219249218702316,0.5352336168289185,0.8184046745300293,-0.08845365792512894,0.5091881155967712,0.8155634999275208,-0.112284354865551,0.48446306586265564,0.8109731078147888,-0.1281556338071823,0.5676916837692261,0.7827194929122925,-0.04880638048052788,0.5215407013893127,0.7455414533615112,-0.07398458570241928,0.5095230340957642,0.7211238741874695,-0.09535171836614609,0.49897652864456177,0.711930513381958,-0.10980836302042007,0.570047914981842,0.7571679949760437,-0.035721421241760254,0.5492864847183228,0.6967195272445679,-0.057800911366939545,0.552239179611206,0.6719323396682739,-0.06893119215965271,0.5561708807945251,0.6641005873680115,-0.07315701991319656,0.580574631690979,0.7298256754875183,-0.025256991386413574,0.574273943901062,0.6777758002281189,-0.03705967217683792,0.582841157913208,0.654099702835083,-0.03645343706011772,0.5916618704795837,0.6451184749603271,-0.03457359969615936
19,right,0.36047613620758057,0.7375370264053345,1.6852576223413962e-08,0.44043248891830444,0.7369157671928406,0.03634260594844818,0.4868902266025543,0.7201035022735596,0.04000416025519371,0.5197045207023621,0.7147955894470215,0.03333107382059097,0.5510315299034119,0.7202206254005432,0.024393534287810326,0.48592621088027954,0.6179404854774475,0.008733411319553852,0.5540614128112793,0.6182628870010376,-0.0030956873670220375,0.5902849435806274,0.6423099637031555,-0.012121247127652168,0.6151317954063416,0.6691360473632812,-0.019377782940864563,0.47219187021255493,0.6199625730514526,-0.02292792499065399,0.544701337814331,0.6918821334838867,-0.040124714374542236,0.5560069680213928,0.7490189075469971,-0.04634366184473038,0.5603147149085999,0.7839080095291138,-0.050850290805101395,0.45561540126800537,0.6442393660545349,-0.052057042717933655,0.528708279132843,0.7135342955589294,-0.06613953411579132,0.5392440557479858,0.7677168846130371,-0.06313898414373398,0.5460285544395447,0.7968916893005371,-0.06229224428534508,0.44313955307006836,0.6801237463951111,-0.0787009596824646,0.490920752286911,0.6861372590065002,-0.09080710262060165,0.5248534083366394,0.6920452117919922,-0.09117695689201355,0.5586367249488831,0.6989621520042419,-0.09188444167375565
19,left,0.6358337998390198,0.8717713356018066,5.568247161136242e-07,0.6564970016479492,0.8159923553466797,-0.05625582113862038,0.6556167006492615,0.7764444351196289,-0.09600730985403061,0.6693107485771179,0.7509995698928833,-0.12479205429553986,0.6956837773323059,0.738309919834137,-0.1536516398191452,0.5919669270515442,0.8217142820358276,-0.10389845073223114,0.533858597278595,0.8116543292999268,-0.13567201793193817,0.4925331473350525,0.8099967241287231,-0.1545139104127884,0.4556996822357178,0.8129485845565796,-0.16556604206562042,0.5686429738998413,0.8428053855895996,-0.08197510987520218,0.4991544485092163,0.817009687423706,-0.11290115118026733,0.45238059759140015,0.792751669883728,-0.1295449584722519,0.4152368903160095,0.7776796221733093,-0.13943476974964142,0.5543667078018188,0.8504824638366699,-0.05825681611895561,0.4957048296928406,0.8200742602348328,-0.07637576758861542,0.4575904607772827,0.7912600040435791,-0.08761478215456009,0.42929792404174805,0.7723104357719421,-0.09357913583517075,0.5446984171867371,0.85033118724823,-0.037968557327985764,0.508708119392395,0.8258241415023804,-0.04585152491927147,0.48005545139312744,0.8071852326393127,-0.04910760000348091,0.45751094818115234,0.7939276695251465,-0.0510583333671093
20,right,0.33987873792648315,0.7331679463386536,2.6289927745892783e-07,0.4002370238304138,0.6982446312904358,0.02266773208975792,0.4526003301143646,0.6603652834892273,0.021121123805642128,0.4933646321296692,0.6412711143493652,0.012593505904078484,0.5260317921638489,0.634996235370636,0.00254814769141376,0.46074241399765015,0.588661253452301,-0.0069822403602302074,0.5316933393478394,0.5853074193000793,-0.02132011204957962,0.5722836256027222,0.6002720594406128,-0.028310609981417656,0.6024360060691833,0.6206969022750854,-0.03260262310504913,0.4516506791114807,0.6019791960716248,-0.029741086065769196,0.5324674248695374,0.6630781888961792,-0.0444498136639595,0.5555963516235352,0.7167961001396179,-0.047059640288352966,0.5695945620536804,0.7515724897384644,-0.04887913540005684,0.4428959786891937,0.6364445686340332,-0.05050501599907875,0.5223079919815063,0.6845174431800842,-0.06302940845489502,0.552282989025116,0.7314355969429016,-0.06066928058862686,0.5735944509506226,0.7634804248809814,-0.05961937829852104,0.43579980731010437,0.6825618743896484,-0.06939178705215454,0.4976435601711273,0.6955006122589111,-0.07642947882413864,0.5327725410461426,0.715440034866333,-0.07255163788795471,0.5626583695411682,0.7331274747848511,-0.0696936771273613
20,left,0.6144453883171082,0.8673403263092041,-3.423420125159282e-08,0.6444284319877625,0.8325003385543823,-0.043557535856962204,0.6531947255134583,0.7937973737716675,-0.07450222969055176,0.6744587421417236,0.7622590065002441,-0.0978299081325531,0.6999187469482422,0.7446917295455933,-0.12305760383605957,0.5867213010787964,0.8136910200119019,-0.07045987993478775,0.538527250289917,0.8206204175949097,-0.09474537521600723,0.504400372505188,0.8248565793037415,-0.11615447700023651,0.4676716923713684,0.825678288936615,-0.1319553703069687,0.5603343844413757,0.813870370388031,-0.055655572563409805,0.5030637979507446,0.8085126280784607,-0.07790461927652359,0.4629534184932709,0.8087722063064575,-0.09650040417909622,0.426278680562973,0.8104305267333984,-0.1118907630443573,0.5423062443733215,0.8084759712219238,-0.040054287761449814,0.5021467804908752,0.7738445401191711,-0.05578407645225525,0.4753301739692688,0.7494640350341797,-0.06322909146547318,0.4545339345932007,0.733119785785675,-0.06898462027311325,0.535135805606842,0.7968149185180664,-0.027069224044680595,0.5077755451202393,0.7586815357208252,-0.03148573637008667,0.490932434797287,0.731594979763031,-0.027175823226571083,0.4770640730857849,0.7105116844177246,-0.025661669671535492
21,right,0.3167380094528198,0.7315284013748169,4.323725022459257e-07,0.36496099829673767,0.6804269552230835,0.01507677510380745,0.4116990566253662,0.6307265758514404,0.007832260802388191,0.4529385566711426,0.6044867038726807,-0.004453502129763365,0.48479971289634705,0.600372314453125,-0.017638280987739563,0.41875311732292175,0.5642815828323364,-0.0206789281219244,0.4900885224342346,0.5404322147369385,-0.042401354759931564,0.536544919013977,0.5438536405563354,-0.05456705391407013,0.572567880153656,0.5560703277587891,-0.06164922937750816,0.41014406085014343,0.582328736782074,-0.04036492854356766,0.5014712810516357,0.6103203296661377,-0.06076345965266228,0.5399242043495178,0.649697482585907,-0.06561054289340973,0.5649687051773071,0.6807110905647278,-0.06797589361667633,0.40467068552970886,0.620122492313385,-0.05845491960644722,0.49288639426231384,0.6424999833106995,-0.07209786027669907,0.5378892421722412,0.6721198558807373,-0.07127009332180023,0.5690968036651611,0.6944802403450012,-0.0710470899939537,0.40272730588912964,0.668097734451294,-0.07552128285169601,0.46901020407676697,0.6748281121253967,-0.0817679613828659,0.5044090151786804,0.6858568787574768,-0.07890038192272186,0.5334414839744568,0.694446325302124,-0.07687241584062576
21,left,0.6171259880065918,0.8749302625656128,-2.90492234711337e-08,0.6435683965682983,0.8306878805160522,-0.03723948448896408,0.6520439982414246,0.7890974879264832,-0.06636464595794678,0.6739732027053833,0.752511203289032,-0.0899207815527916,0.6999073028564453,0.7359869480133057,-0.11622411012649536,0.5925827622413635,0.814892053604126,-0.06549379974603653,0.543443500995636,0.8237706422805786,-0.0931105986237526,0.5092481374740601,0.8300878405570984,-0.11699545383453369,0.47296029329299927,0.8340427279472351,-0.13311131298542023,0.5615721344947815,0.8295146822929382,-0.05539535731077194,0.507468044757843,0.8245166540145874,-0.07666261494159698,0.4657541811466217,0.8217318654060364,-0.09405665099620819,0.43027958273887634,0.8255546689033508,-0.10859464108943939,0.5404630303382874,0.8328664898872375,-0.04468488693237305,0.49205270409584045,0.8087348937988281,-0.05938063561916351,0.4587012827396393,0.7903643250465393,-0.06504203379154205,0.4349517226219177,0.7795326709747314,-0.06954699754714966,0.5306087136268616,0.8279722929000854,-0.03661021590232849,0.4955187439918518,0.7946231961250305,-0.040993232280015945,0.47244155406951904,0.7726256847381592,-0.03553062677383423,0.45518729090690613,0.7573643326759338,-0.03269196301698685
22,right,0.29026442766189575,0.7365819811820984,5.227613542047038e-07,0.32389897108078003,0.6571640968322754,0.007494413759559393,0.36639225482940674,0.5978924632072449,-0.004897766280919313,0.4114042818546295,0.5710815191268921,-0.020227618515491486,0.44759029150009155,0.5696301460266113,-0.03600502759218216,0.3608580529689789,0.5526763796806335,-0.03513399884104729,0.4310077726840973,0.5152451992034912,-0.060302622616291046,0.47741785645484924,0.504810631275177,-0.07398995757102966,0.5150285959243774,0.49951276183128357,-0.08246012777090073,0.35489803552627563,0.5859958529472351,-0.052817605435848236,0.453365683555603,0.5894846320152283,-0.07655376940965652,0.5046557188034058,0.612155020236969,-0.08374568074941635,0.5424390435218811,0.6289423704147339,-0.08857924491167068,0.3556292653083801,0.6321863532066345,-0.06883586943149567,0.4483547806739807,0.6279911398887634,-0.08677933365106583,0.502731204032898,0.6403236985206604,-0.08843991905450821,0.5431634187698364,0.6478335857391357,-0.08978628367185593,0.36303049325942993,0.6826543807983398,-0.08403328061103821,0.4292955994606018,0.6689869165420532,-0.09331709891557693,0.46662572026252747,0.6685762405395508,-0.0914829671382904,0.49789321422576904,0.6668792963027954,-0.09046505391597748
22,left,0.6367045640945435,0.8844673037528992,4.440682630502124e-07,0.6576192378997803,0.8313642740249634,-0.04938249662518501,0.6599285006523132,0.791774332523346,-0.08388020843267441,0.6744683384895325,0.7621806859970093,-0.10955842584371567,0.6996030211448669,0.7458512783050537,-0.1351567506790161,0.592105507850647,0.8334693312644958,-0.08674958348274231,0.5378634333610535,0.8296566009521484,-0.11543576419353485,0.5005538463592529,0.8321422934532166,-0.13362771272659302,0.4660610258579254,0.837000846862793,-0.14462050795555115,0.5697988867759705,0.854819655418396,-0.06952617317438126,0.5024141669273376,0.8329957723617554,-0.0963018462061882,0.4571091830730438,0.8136173486709595,-0.11131148785352707,0.42037010192871094,0.8007653951644897,-0.12054469436407089,0.5563762187957764,0.8643195629119873,-0.05149612948298454,0.4993000030517578,0.8369506001472473,-0.06767323613166809,0.46174609661102295,0.8128422498703003,-0.0773525983095169,0.4316886067390442,0.7948076128959656,-0.08247780799865723,0.5484690070152283,0.8663872480392456,-0.03683973848819733,0.5117263197898865,0.841188907623291,-0.04434223473072052,0.4841250777244568,0.8230735063552856,-0.04656219854950905,0.4617644250392914,0.8088887333869934,-0.047646258026361465
23,right,0.26285475492477417,0.7561701536178589,5.778463219030527e-07,0.2857853174209595,0.6725999116897583,-0.008644565008580685,0.32416293025016785,0.5860068798065186,-0.025207683444023132,0.3679462671279907,0.5272053480148315,-0.04028540849685669,0.4018920958042145,0.48107433319091797,-0.055563777685165405,0.3030136525630951,0.5719409584999084,-0.0575624443590641,0.3604064881801605,0.5315213799476624,-0.08846981823444366,0.40444430708885193,0.5142991542816162,-0.10345906019210815,0.441940039396286,0.501706600189209,-0.112147755920887,0.29974865913391113,0.618726909160614,-0.06850004196166992,0.39671093225479126,0.5958077311515808,-0.0997774600982666,0.45769694447517395,0.6017894148826599,-0.10864178091287613,0.5034859776496887,0.6072514653205872,-0.11400844901800156,0.30568361282348633,0.6738302707672119,-0.07856104522943497,0.39900845289230347,0.6533886790275574,-0.1070866584777832,0.45733240246772766,0.649461030960083,-0.11164937913417816,0.49956274032592773,0.6439193487167358,-0.11272210627794266,0.31875428557395935,0.7289577722549438,-0.0882110670208931,0.3878912329673767,0.7050968408584595,-0.1078793928027153,0.42969244718551636,0.6961054801940918,-0.11055456101894379,0.4629480242729187,0.6860310435295105,-0.11127927899360657
23,left,0.6332955956459045,0.8896620869636536,7.280997493808172e-08,0.6540106534957886,0.8410453200340271,-0.03753535822033882,0.6598378419876099,0.7976812720298767,-0.06494704633951187,0.6772705912590027,0.7625316977500916,-0.08641576766967773,0.7023226618766785,0.7442736029624939,-0.10905694216489792,0.5959028601646423,0.8320006132125854,-0.06464242935180664,0.5460657477378845,0.8354012966156006,-0.09082432836294174,0.510550320148468,0.8402461409568787,-0.111578069627285,0.47262856364250183,0.8452683687210083,-0.1256856620311737,0.5674346685409546,0.8476804494857788,-0.054026152938604355,0.5051087737083435,0.8324002027511597,-0.07571423798799515,0.46224552392959595,0.8248198628425598,-0.09235634654760361,0.4230901002883911,0.8218346834182739,-0.10594882071018219,0.5487163066864014,0.8536602258682251,-0.042757343500852585,0.4928693175315857,0.8312819004058838,-0.057936813682317734,0.45612090826034546,0.8185247182846069,-0.06739532947540283,0.42537936568260193,0.8097928762435913,-0.07402241230010986,0.5391437411308289,0.8515679240226746,-0.03410967439413071,0.4991399943828583,0.827799916267395,-0.038850683718919754,0.47055310010910034,0.8156827688217163,-0.03758404776453972,0.44600939750671387,0.8071905970573425,-0.03795285150408745
24,right,0.24401693046092987,0.7912427186965942,5.621121772492188e-07,0.2635716497898102,0.710629940032959,-0.010206889361143112,0.29958221316337585,0.6237090826034546,-0.026866065338253975,0.3363661766052246,0.5635628700256348,-0.04141928628087044,0.3565939664840698,0.5098555088043213,-0.05643155798316002,0.2616230845451355,0.6275760531425476,-0.05912788584828377,0.29255568981170654,0.5917690396308899,-0.08931928873062134,0.3280065357685089,0.5724270343780518,-0.10507406294345856,0.3603985607624054,0.5528336763381958,-0.11459078639745712,0.26130735874176025,0.6821230053901672,-0.06991089880466461,0.34928029775619507,0.6480295658111572,-0.09977452456951141,0.4131490886211395,0.6429808735847473,-0.10895859450101852,0.4640290141105652,0.6384602189064026,-0.11555048823356628,0.27151140570640564,0.7398614883422852,-0.07987251877784729,0.35929834842681885,0.7169082760810852,-0.11012064665555954,0.4188595414161682,0.7066700458526611,-0.11554252356290817,0.4629548490047455,0.6939576864242554,-0.11725183576345444,0.28916051983833313,0.7937864661216736,-0.08925902843475342,0.35632550716400146,0.7689210772514343,-0.1099974662065506,0.39701807498931885,0.7593675851821899,-0.11124313622713089,0.4285469651222229,0.7468966245651245,-0.11161074042320251
24,left,0.6379530429840088,0.8966922163963318,7.171887972390323e-08,0.6595120429992676,0.8437228202819824,-0.03199091926217079,0.6633735299110413,0.796088457107544,-0.05650670453906059,0.6804925203323364,0.7639633417129517,-0.07607550173997879,0.7064919471740723,0.7506163716316223,-0.09699120372533798,0.6056225895881653,0.834044337272644,-0.06177649646997452,0.5533664226531982,0.8352288007736206,-0.08664938062429428,0.5160391926765442,0.8363760709762573,-0.10496816039085388,0.4790153205394745,0.8388348817825317,-0.11732926219701767,0.5789338946342468,0.8564707636833191,-0.054733626544475555,0.5131072998046875,0.8370538353919983,-0.07531044632196426,0.46786415576934814,0.8251985907554626,-0.08936785906553268,0.4279444217681885,0.8204724192619324,-0.10069867223501205,0.5607163906097412,0.8679347038269043,-0.04688110575079918,0.5013890266418457,0.8440038561820984,-0.06084031984210014,0.4623059034347534,0.8295789361000061,-0.0688217356801033,0.42913341522216797,0.817906379699707,-0.07461420446634293,0.5506104826927185,0.8715125322341919,-0.0414293110370636,0.5104414224624634,0.8536415100097656,-0.04740523174405098,0.48199304938316345,0.8452861905097961,-0.04704318568110466,0.457608163356781,0.8395517468452454,-0.047660816460847855
25,right,0.22680266201496124,0.8217094540596008,5.693863727174175e-07,0.24733784794807434,0.7415816783905029,-0.016161324456334114,0.28374341130256653,0.6520074605941772,-0.03606823831796646,0.3186326026916504,0.5897841453552246,-0.052065204828977585,0.339044988155365,0.5361536741256714,-0.0683584064245224,0.24191328883171082,0.6705032587051392,-0.07457095384597778,0.2584378719329834,0.6307896375656128,-0.10759583860635757,0.2941478192806244,0.6154199242591858,-0.12409853935241699,0.3283659815788269,0.6013094186782837,-0.1337442547082901,0.2412826269865036,0.726567268371582,-0.083055779337883,0.3272400498390198,0.6891441941261292,-0.11823762208223343,0.39358341693878174,0.6827684044837952,-0.12797722220420837,0.44412359595298767,0.680012583732605,-0.13426312804222107,0.2537514269351959,0.7839007377624512,-0.09048418700695038,0.34560713171958923,0.7589311003684998,-0.12455668300390244,0.4071413278579712,0.7426512241363525,-0.13052648305892944,0.4510841369628906,0.7280178070068359,-0.1320667415857315,0.27323591709136963,0.8351860046386719,-0.09759615361690521,0.3441121578216553,0.8056540489196777,-0.121094711124897,0.38682255148887634,0.7915877103805542,-0.12297333031892776,0.4195825755596161,0.7791527509689331,-0.12339766323566437
25,left,0.6446315050125122,0.885591447353363,4.745670878492092e-07,0.662603497505188,0.8272712230682373,-0.0463290810585022,0.6636765003204346,0.7863206267356873,-0.07974201440811157,0.67922443151474,0.7604199051856995,-0.10540783405303955,0.706339955329895,0.7457948923110962,-0.13141916692256927,0.6024652719497681,0.8369415402412415,-0.08555229008197784,0.5431058406829834,0.8347592949867249,-0.11434847116470337,0.5039719343185425,0.8345916867256165,-0.13177591562271118,0.46877336502075195,0.8379067182540894,-0.14253923296928406,0.5805373191833496,0.8600453734397888,-0.0711212307214737,0.509864866733551,0.8407878875732422,-0.09827608615159988,0.4626447856426239,0.8208329081535339,-0.11370384693145752,0.42556077241897583,0.8088591694831848,-0.12349580973386765,0.5666192173957825,0.8711471557617188,-0.05582880228757858,0.5055989027023315,0.8471056818962097,-0.07358995079994202,0.4639478623867035,0.8247907161712646,-0.08599479496479034,0.43133169412612915,0.8087942600250244,-0.09320966899394989,0.5581845641136169,0.8743559122085571,-0.043495118618011475,0.5179993510246277,0.8528854846954346,-0.053693581372499466,0.4867755174636841,0.8379098176956177,-0.058721546083688736,0.4626723825931549,0.8261246681213379,-0.061859965324401855
26,right,0.21621304750442505,0.8571162223815918,4.484274427341006e-07,0.2383999228477478,0.7690070867538452,-0.014929522760212421,0.27059927582740784,0.6819919347763062,-0.030400380492210388,0.2947040796279907,0.6240233778953552,-0.0426962748169899,0.3004305958747864,0.5743595957756042,-0.05537793040275574,0.21349528431892395,0.7236959934234619,-0.057476192712783813,0.23605775833129883,0.7161306738853455,-0.08646289259195328,0.25548291206359863,0.7028566598892212,-0.10526710748672485,0.27277687191963196,0.6839756369590759,-0.1168988049030304,0.2173023819923401,0.7902575731277466,-0.06379901617765427,0.30299633741378784,0.7657425403594971,-0.09231502562761307,0.3694826662540436,0.752169132232666,-0.10591597855091095,0.42481210827827454,0.7382654547691345,-0.1158485934138298,0.2371719479560852,0.8495862483978271,-0.0688185766339302,0.3274136781692505,0.8265019655227661,-0.099467933177948,0.38933104276657104,0.8080934286117554,-0.10762596875429153,0.43412160873413086,0.7881942987442017,-0.11002267152070999,0.2631753087043762,0.8957535624504089,-0.07354412972927094,0.33256059885025024,0.8621516823768616,-0.09092414379119873,0.3682957887649536,0.8409514427185059,-0.08958499878644943,0.39559176564216614,0.8202437162399292,-0.08800365030765533
26,left,0.6378465890884399,0.8966063261032104,-4.722366497844632e-08,0.6616144776344299,0.8457092046737671,-0.03394467011094093,0.668077826499939,0.7980356216430664,-0.05944344773888588,0.6840571165084839,0.7627611756324768,-0.07955425977706909,0.71219801902771,0.7419443130493164,-0.10084473341703415,0.6092602610588074,0.8322675824165344,-0.059604596346616745,0.5576386451721191,0.8319242596626282,-0.08463048189878464,0.5226525664329529,0.8363681435585022,-0.10409680753946304,0.48790669441223145,0.8412579298019409,-0.11705992370843887,0.5807862877845764,0.8566499352455139,-0.05109655484557152,0.5234201550483704,0.8482730984687805,-0.06987214088439941,0.4852884113788605,0.8438950777053833,-0.08393479883670807,0.4518735408782959,0.841613233089447,-0.09612086415290833,0.5614034533500671,0.8675824403762817,-0.04236322641372681,0.5070223808288574,0.8480033874511719,-0.05535461753606796,0.4757581055164337,0.8363019227981567,-0.061003677546978,0.44999971985816956,0.8246414065361023,-0.06595007330179214,0.5501221418380737,0.8684701323509216,-0.03629245236515999,0.5100895166397095,0.8480900526046753,-0.0421416312456131,0.48571857810020447,0.8365775942802429,-0.03976984694600105,0.4647601246833801,0.8251028656959534,-0.038920316845178604
27,right,0.2024722695350647,0.8935592174530029,5.126219093654072e-07,0.23661810159683228,0.7888075709342957,-0.016982490196824074,0.2652379870414734,0.7039395570755005,-0.03750057518482208,0.2815486490726471,0.6535167098045349,-0.05580035224556923,0.28695255517959595,0.6017640829086304,-0.07379989326000214,0.20223277807235718,0.7431946992874146,-0.06157849356532097,0.21396851539611816,0.7305845022201538,-0.0965953841805458,0.23713341355323792,0.7282118797302246,-0.12087076902389526,0.261351615190506,0.7241069078445435,-0.13571853935718536,0.2036024034023285,0.8125497102737427,-0.06989921629428864,0.292275607585907,0.7909860610961914,-0.10849694907665253,0.36588191986083984,0.7768464088439941,-0.12654702365398407,0.4258981943130493,0.7631677985191345,-0.13840645551681519,0.22192642092704773,0.874464750289917,-0.0775102972984314,0.3153117001056671,0.8544697165489197,-0.11445718258619308,0.3810391426086426,0.8294777870178223,-0.12209174782037735,0.4284505248069763,0.8082931041717529,-0.12305647879838943,0.24653534591197968,0.921675980091095,-0.08558885753154755,0.3160809874534607,0.8905471563339233,-0.10671340674161911,0.3517301678657532,0.8632910251617432,-0.10458976030349731,0.3765188455581665,0.8413790464401245,-0.101479671895504
27,left,0.640693724155426,0.8958797454833984,-9.596244865406334e-08,0.6632983684539795,0.841989278793335,-0.026481496170163155,0.6691279411315918,0.7949007749557495,-0.048656970262527466,0.6835366487503052,0.7614758610725403,-0.06729956716299057,0.7095323801040649,0.7447434663772583,-0.0879216119647026,0.608673632144928,0.8293156623840332,-0.05073414370417595,0.5571960806846619,0.8317991495132446,-0.07501230388879776,0.5218720436096191,0.8382238149642944,-0.0949641764163971,0.48558753728866577,0.8448247909545898,-0.10840670764446259,0.5808743238449097,0.8527045845985413,-0.04642968624830246,0.522709846496582,0.8451519012451172,-0.0644703283905983,0.4824663996696472,0.8418259620666504,-0.08025816082954407,0.4457252621650696,0.8413293957710266,-0.09452743828296661,0.5621510744094849,0.8635522127151489,-0.041522130370140076,0.5084243416786194,0.8485466837882996,-0.05430528521537781,0.4747990071773529,0.8408151268959045,-0.06255891174077988,0.44595175981521606,0.8333302140235901,-0.07014378160238266,0.551816463470459,0.8650825023651123,-0.038612015545368195,0.5131259560585022,0.8477810025215149,-0.04379282519221306,0.4876282513141632,0.841985285282135,-0.04231642186641693,0.46462029218673706,0.8359804153442383,-0.043107155710458755
28,right,0.20197446644306183,0.9044811129570007,5.149605613041786e-07,0.22972600162029266,0.804908037185669,-0.01705157943069935,0.25462213158607483,0.724465012550354,-0.0381084643304348,0.2662389278411865,0.6797594428062439,-0.056796539574861526,0.27369990944862366,0.6335400342941284,-0.07557936012744904,0.19744403660297394,0.7778689861297607,-0.06366818398237228,0.20018136501312256,0.7723128199577332,-0.09916777908802032,0.21479256451129913,0.7625066041946411,-0.12493240088224411,0.2343328595161438,0.7538689374923706,-0.14109458029270172,0.19778862595558167,0.8482405543327332,-0.07159887999296188,0.28769493103027344,0.8307927846908569,-0.10863751173019409,0.3586789071559906,0.8103040456771851,-0.12722532451152802,0.41695427894592285,0.79236900806427,-0.14063003659248352,0.21603380143642426,0.9078443646430969,-0.078349769115448,0.3094870150089264,0.8896279335021973,-0.11366702616214752,0.36957502365112305,0.8615231513977051,-0.12080910056829453,0.4108979403972626,0.8383495807647705,-0.12248930335044861,0.2395603209733963,0.9502745270729065,-0.08562051504850388,0.3098742961883545,0.9222441911697388,-0.10738007724285126,0.3457837402820587,0.8922826051712036,-0.1058267280459404,0.36914053559303284,0.8660746216773987,-0.10339517146348953
28,left,0.6453478336334229,0.8878182768821716,4.25661852432313e-07,0.663395345211029,0.830993115901947,-0.04360705241560936,0.6637651324272156,0.788054883480072,-0.0749371275305748,0.6787816286087036,0.7615821361541748,-0.09885138273239136,0.7079863548278809,0.7477507591247559,-0.12283052504062653,0.606969952583313,0.8394485712051392,-0.08083563297986984,0.5510381460189819,0.8356239795684814,-0.10805004835128784,0.5143040418624878,0.8361420631408691,-0.12393137067556381,0.4803618788719177,0.8400312662124634,-0.13374122977256775,0.5837352871894836,0.8634285926818848,-0.06783168762922287,0.5154942274093628,0.8414821028709412,-0.09301719069480896,0.46987783908843994,0.8217887282371521,-0.10597420483827591,0.43405330181121826,0.8108931183815002,-0.11417698115110397,0.5682342052459717,0.8745322227478027,-0.05425622686743736,0.5098661780357361,0.8478925824165344,-0.07089125365018845,0.4704788327217102,0.8261037468910217,-0.08142677694559097,0.43876659870147705,0.811353325843811,-0.08747357130050659,0.5587548613548279,0.8775656819343567,-0.04365713521838188,0.5203257203102112,0.8558157086372375,-0.05321764573454857,0.4901160001754761,0.8414766192436218,-0.057568345218896866,0.46557751297950745,0.8313314318656921,-0.06035928800702095
29,right,0.20956332981586456,0.8841052651405334,6.191697252688755e-07,0.23600636422634125,0.7933710813522339,-0.024221666157245636,0.2547561526298523,0.7248750329017639,-0.048786461353302,0.26539820432662964,0.6861879825592041,-0.07001462578773499,0.27372005581855774,0.6404305100440979,-0.09143142402172089,0.1927379071712494,0.7891539335250854,-0.07523126155138016,0.20088262856006622,0.7814461588859558,-0.11226826161146164,0.21768490970134735,0.7606125473976135,-0.1382250040769577,0.23823632299900055,0.7453209161758423,-0.15581858158111572,0.1935453861951828,0.858826220035553,-0.08168057352304459,0.28469318151474,0.8397893309593201,-0.12398947030305862,0.3575996458530426,0.8147698640823364,-0.1440090835094452,0.4149549603462219,0.7922377586364746,-0.15882311761379242,0.21098440885543823,0.9146406054496765,-0.087176114320755,0.301933228969574,0.8977415561676025,-0.1284576654434204,0.3641906678676605,0.8656575083732605,-0.13644832372665405,0.40656495094299316,0.8388490676879883,-0.13908568024635315,0.23413284122943878,0.9527856707572937,-0.09376486390829086,0.2982722222805023,0.9294555187225342,-0.121063731610775,0.3330637216567993,0.8989845514297485,-0.12228143960237503,0.3566083312034607,0.8724361658096313,-0.1224716529250145
29,left,0.6491410136222839,0.8874078392982483,5.326266432348348e-07,0.6636448502540588,0.8281571865081787,-0.04104841127991676,0.6628174781799316,0.7828609943389893,-0.06975140422582626,0.6790099143981934,0.7579283118247986,-0.09219818562269211,0.7087677121162415,0.7451891303062439,-0.11489889770746231,0.6059906482696533,0.8372950553894043,-0.0718112513422966,0.5504306554794312,0.8365527987480164,-0.09846298396587372,0.5121746063232422,0.8366643190383911,-0.11490032076835632,0.4791659712791443,0.8408251404762268,-0.12505008280277252,0.5860358476638794,0.8632080554962158,-0.06111558526754379,0.5208278298377991,0.8448224067687988,-0.08506343513727188,0.47387680411338806,0.8246369361877441,-0.09936210513114929,0.43785178661346436,0.8105968832969666,-0.1086198091506958,0.5723462700843811,0.876481831073761,-0.05058153346180916,0.5159034729003906,0.852389395236969,-0.06648861616849899,0.47375017404556274,0.8306101560592651,-0.07923541218042374,0.4407021105289459,0.8136696815490723,-0.08687661588191986,0.564001739025116,0.8815953731536865,-0.043025825172662735,0.5244472026824951,0.8601776957511902,-0.05243675038218498,0.49300187826156616,0.8458471894264221,-0.05827284976840019,0.4684905409812927,0.8339385390281677,-0.06212558597326279
30,right,0.2005217969417572,0.8964167833328247,5.549467232413008e-07,0.21148452162742615,0.8053143620491028,-0.013279575854539871,0.23464785516262054,0.7256530523300171,-0.02934800274670124,0.2578274607658386,0.6776530742645264,-0.04189522936940193,0.26208004355430603,0.6275460720062256,-0.055052194744348526,0.19560015201568604,0.7994815111160278,-0.05870455130934715,0.21119540929794312,0.787581205368042,-0.08475608378648758,0.23611025512218475,0.7790848016738892,-0.10243670642375946,0.261834055185318,0.7652646899223328,-0.11340693384408951,0.201533704996109,0.8711510300636292,-0.06321435421705246,0.29263222217559814,0.8627379536628723,-0.08497126400470734,0.3605276942253113,0.8510350584983826,-0.0973462238907814,0.41177791357040405,0.8348578810691833,-0.1075729951262474,0.21718403697013855,0.9288731813430786,-0.06552888453006744,0.3055174648761749,0.9081270694732666,-0.08657483756542206,0.36304160952568054,0.8769180178642273,-0.09485101699829102,0.39833560585975647,0.8474656939506531,-0.09903296083211899,0.23667950928211212,0.9663125872612,-0.06711756438016891,0.30286553502082825,0.9367418885231018,-0.07865485548973083,0.33592477440834045,0.9053357839584351,-0.07736659795045853,0.3535643517971039,0.8756528496742249,-0.07646597176790237
30,left,0.6535388827323914,0.8855835199356079,5.723001095248037e-07,0.6660223603248596,0.8266223669052124,-0.041954878717660904,0.6640722751617432,0.7832306027412415,-0.07163217663764954,0.6786174774169922,0.7575573325157166,-0.09466742724180222,0.7074905633926392,0.7443891763687134,-0.11818844825029373,0.6061217188835144,0.8372204899787903,-0.07404162734746933,0.5490599274635315,0.8363922834396362,-0.10096316039562225,0.5095023512840271,0.8357622623443604,-0.11742164194583893,0.4766133725643158,0.8383479118347168,-0.127452552318573,0.5887761116027832,0.8652759790420532,-0.06236357241868973,0.5241703987121582,0.846979022026062,-0.08665335923433304,0.47911790013313293,0.8259064555168152,-0.10061889886856079,0.4455399513244629,0.8106531500816345,-0.10944250971078873,0.5769551396369934,0.8794140219688416,-0.05076908692717552,0.5207663774490356,0.8567957878112793,-0.0663580596446991,0.4796368479728699,0.8346472382545471,-0.07821657508611679,0.44810187816619873,0.8165547251701355,-0.08532676845788956,0.5695967674255371,0.8843550682067871,-0.042220667004585266,0.5299068689346313,0.8640942573547363,-0.051058199256658554,0.49938300251960754,0.8490856289863586,-0.056351784616708755,0.475813627243042,0.8357685208320618,-0.059861261397600174
31,right,0.20473188161849976,0.8766462802886963,6.016526867824723e-07,0.22904092073440552,0.7867904305458069,-0.021763639524579048,0.24918979406356812,0.7213191390037537,-0.046716317534446716,0.2634548246860504,0.6884671449661255,-0.06797697395086288,0.27623167634010315,0.6643490195274353,-0.0893825888633728,0.1877831071615219,0.783389151096344,-0.07717542350292206,0.1979229897260666,0.7768064737319946,-0.11374907940626144,0.21812179684638977,0.7645509243011475,-0.13750511407852173,0.24018432199954987,0.757952094078064,-0.1516803652048111,0.19076718389987946,0.8560732007026672,-0.08262219280004501,0.280304491519928,0.8396162390708923,-0.11954662948846817,0.3537517786026001,0.819766640663147,-0.13470251858234406,0.4135746359825134,0.8004980683326721,-0.14581862092018127,0.20806407928466797,0.9118883013725281,-0.08646590262651443,0.30469200015068054,0.8978349566459656,-0.1223830133676529,0.3658677637577057,0.8694978356361389,-0.12858949601650238,0.4105965495109558,0.8435761332511902,-0.12944306433200836,0.2321203649044037,0.9529538750648499,-0.09098683297634125,0.30705195665359497,0.9309996962547302,-0.11124992370605469,0.3433927595615387,0.899316668510437,-0.10965979099273682,0.3687979280948639,0.8699716329574585,-0.10787814110517502
31,left,0.6498072743415833,0.8865402340888977,6.094962259339809e-07,0.6631193161010742,0.8286261558532715,-0.04217365011572838,0.6630585193634033,0.7850762605667114,-0.07235778868198395,0.6772128343582153,0.7586153149604797,-0.09577835351228714,0.7046518325805664,0.7448254823684692,-0.11960968375205994,0.6060468554496765,0.8373645544052124,-0.0756700411438942,0.5515382289886475,0.8362089991569519,-0.10361164808273315,0.51203453540802,0.8347354531288147,-0.12052852660417557,0.47944381833076477,0.836601734161377,-0.13064686954021454,0.5874279141426086,0.8659862875938416,-0.06393148750066757,0.5261197686195374,0.8471511602401733,-0.08832740783691406,0.48292452096939087,0.8260846138000488,-0.10108817368745804,0.45092540979385376,0.8097041249275208,-0.10889425873756409,0.574497640132904,0.8803343772888184,-0.0523168109357357,0.521289587020874,0.8575752973556519,-0.06772865355014801,0.48320087790489197,0.8346242904663086,-0.07761906087398529,0.4543883800506592,0.8146281838417053,-0.0833241194486618,0.5665398836135864,0.8857305645942688,-0.043927744030952454,0.5299772620201111,0.8644829392433167,-0.052721865475177765,0.5012614727020264,0.8477668166160583,-0.057069528847932816,0.47862914204597473,0.8318485617637634,-0.05970556288957596
32,right,0.20041771233081818,0.8953142762184143,6.105138936618459e-07,0.2139289677143097,0.8041546940803528,-0.021732822060585022,0.2401382327079773,0.7242864966392517,-0.04697050899267197,0.2597132623195648,0.6749497652053833,-0.06740123778581619,0.2649552524089813,0.6208621859550476,-0.08966358751058578,0.20306158065795898,0.7934052348136902,-0.0917443260550499,0.2145126461982727,0.7766038179397583,-0.13277974724769592,0.24193063378334045,0.7702962756156921,-0.15852345526218414,0.2710874080657959,0.7601220607757568,-0.1745031327009201,0.20473968982696533,0.8664532899856567,-0.09748035669326782,0.2931952178478241,0.8553466796875,-0.13515885174274445,0.36416739225387573,0.846265435218811,-0.1548413187265396,0.41912078857421875,0.8340386152267456,-0.17027099430561066,0.2181713730096817,0.9245992302894592,-0.10068444907665253,0.302581250667572,0.9017305374145508,-0.134553924202919,0.36261284351348877,0.8734427690505981,-0.14880943298339844,0.40179020166397095,0.8479858040809631,-0.156939297914505,0.23529799282550812,0.9628074169158936,-0.10324379056692123,0.30051684379577637,0.933002769947052,-0.12467478215694427,0.33837687969207764,0.9010136723518372,-0.12973763048648834,0.3614322245121002,0.8735839128494263,-0.13387295603752136
32,left,0.6531173586845398,0.8857415914535522,5.691585442946234e-07,0.6648421287536621,0.8294631838798523,-0.038358911871910095,0.6652891635894775,0.7868977189064026,-0.0658586323261261,0.6792161464691162,0.7596296072006226,-0.08802233636379242,0.7050139904022217,0.7433556318283081,-0.1105608269572258,0.6067743897438049,0.837617039680481,-0.06482630968093872,0.5529450178146362,0.8375745415687561,-0.09026121348142624,0.5138052105903625,0.8367071747779846,-0.10613831132650375,0.48105472326278687,0.8385303020477295,-0.11596521735191345,0.5902178883552551,0.8659589886665344,-0.05574922636151314,0.529933750629425,0.8494833707809448,-0.07841169089078903,0.4863520860671997,0.8297691345214844,-0.09164391458034515,0.4531683027744293,0.8138259649276733,-0.10001533478498459,0.5790053606033325,0.8814982771873474,-0.04724261164665222,0.5263482332229614,0.8610149621963501,-0.062329113483428955,0.48702526092529297,0.8396525979042053,-0.07342574000358582,0.45631688833236694,0.8212833404541016,-0.07986412197351456,0.5723137855529785,0.8876582980155945,-0.0417495034635067,0.5344241857528687,0.8679240345954895,-0.05062141269445419,0.5045231580734253,0.8522467613220215,-0.05563966929912567,0.48066097497940063,0.8380390405654907,-0.05873864144086838
33,right,0.20284335315227509,0.9069441556930542,6.317436032077239e-07,0.2320215106010437,0.8046778440475464,-0.016834145411849022,0.2529371380805969,0.7220105528831482,-0.036589447408914566,0.2648817300796509,0.6716034412384033,-0.05340537801384926,0.2734861671924591,0.6282854676246643,-0.07040581107139587,0.19512006640434265,0.7781396508216858,-0.06272944062948227,0.19898787140846252,0.7659767270088196,-0.09743595123291016,0.22386443614959717,0.7569916844367981,-0.12038499116897583,0.25290796160697937,0.7482739686965942,-0.13364462554454803,0.19797766208648682,0.8483389019966125,-0.06923884898424149,0.2871176302433014,0.8270201683044434,-0.10190106183290482,0.3602152466773987,0.8099204301834106,-0.11794357001781464,0.4211685061454773,0.795823872089386,-0.12928345799446106,0.21383124589920044,0.9053486585617065,-0.07469232380390167,0.30782920122146606,0.8866971731185913,-0.10819907486438751,0.37085095047950745,0.858452320098877,-0.11857081204652786,0.41728824377059937,0.8354629278182983,-0.12149342149496078,0.23429477214813232,0.9475424289703369,-0.0799739807844162,0.3079908490180969,0.9227476716041565,-0.09960241615772247,0.34735387563705444,0.8924692869186401,-0.10052510350942612,0.3748292624950409,0.8667358160018921,-0.09973403811454773
33,left,0.6526890993118286,0.8863062262535095,5.721124693991442e-07,0.6642879843711853,0.8292492032051086,-0.0367615707218647,0.662768542766571,0.7854474782943726,-0.06345053762197495,0.6766010522842407,0.7585440278053284,-0.08449756354093552,0.7041772603988647,0.7426558136940002,-0.10610012710094452,0.6088114380836487,0.8370956778526306,-0.06692234426736832,0.5547311305999756,0.8368014693260193,-0.091733418405056,0.5163145065307617,0.8357880711555481,-0.10645553469657898,0.4842788577079773,0.8368756175041199,-0.11526785045862198,0.5917226076126099,0.867163360118866,-0.05739220231771469,0.5311911702156067,0.8508548736572266,-0.07900537550449371,0.4889734387397766,0.8320245146751404,-0.09056523442268372,0.45726436376571655,0.8167364001274109,-0.09761745482683182,0.5794934630393982,0.8826582431793213,-0.0478234589099884,0.5268291234970093,0.8608414530754089,-0.06125820055603981,0.48923757672309875,0.8385764956474304,-0.07100258767604828,0.4602222442626953,0.8193574547767639,-0.07667962461709976,0.571887731552124,0.8884987831115723,-0.04103080555796623,0.5353541374206543,0.8668679594993591,-0.04850297048687935,0.5075965523719788,0.8494654893875122,-0.052516158670186996,0.48516297340393066,0.833291232585907,-0.05491351708769798
34,right,0.20965948700904846,0.9080526232719421,5.661622139996325e-07,0.2404896318912506,0.8007591962814331,-0.023436421528458595,0.26259225606918335,0.7243435382843018,-0.04910128936171532,0.2731754779815674,0.6808574199676514,-0.07093612104654312,0.2805231511592865,0.6320299506187439,-0.09235983341932297,0.20158401131629944,0.7728315591812134,-0.08073870837688446,0.2018207311630249,0.7589312791824341,-0.12162715941667557,0.2214973419904709,0.7438251972198486,-0.1486414223909378,0.24633675813674927,0.7374905943870544,-0.1650783270597458,0.20089995861053467,0.840643584728241,-0.08743946999311447,0.2963867485523224,0.8167352080345154,-0.13451647758483887,0.3681245446205139,0.7920673489570618,-0.1548088788986206,0.42461705207824707,0.7756028175354004,-0.16750505566596985,0.21906344592571259,0.8989275693893433,-0.09302457422018051,0.3173917829990387,0.8827482461929321,-0.13642854988574982,0.38106828927993774,0.8468958139419556,-0.1447884738445282,0.4254288673400879,0.8195383548736572,-0.1462368667125702,0.24294377863407135,0.942274808883667,-0.09941041469573975,0.3108033239841461,0.9189071655273438,-0.12625336647033691,0.3433178663253784,0.8867452144622803,-0.1267774999141693,0.3659664988517761,0.8576436042785645,-0.12552675604820251
34,left,0.6520184278488159,0.8845753073692322,5.654960091305838e-07,0.6630456447601318,0.8275602459907532,-0.03642037510871887,0.661301851272583,0.7840321660041809,-0.06306196749210358,0.6754542589187622,0.757438063621521,-0.08415400981903076,0.7030817866325378,0.7407681941986084,-0.10573739558458328,0.6089261770248413,0.8375356793403625,-0.06696797907352448,0.5550439357757568,0.8364777565002441,-0.09161587059497833,0.5176272392272949,0.8345016837120056,-0.10618407279253006,0.48644354939460754,0.8343901038169861,-0.11485707759857178,0.5928046107292175,0.8676525354385376,-0.057571422308683395,0.5322666764259338,0.8509126305580139,-0.07946894317865372,0.49019038677215576,0.8329104781150818,-0.09106175601482391,0.4587579369544983,0.818613588809967,-0.09800983965396881,0.5810279250144958,0.8825214505195618,-0.04806479811668396,0.5279235243797302,0.8606502413749695,-0.06155054643750191,0.4902159571647644,0.8393616080284119,-0.07093445956707001,0.4612383246421814,0.8208224177360535,-0.07625046372413635,0.5732328295707703,0.8877668380737305,-0.04129047691822052,0.5361528396606445,0.8662953972816467,-0.04875959828495979,0.5077940225601196,0.849526047706604,-0.052524540573358536,0.4851199984550476,0.8337768912315369,-0.054674144834280014
35,right,0.20574462413787842,0.8867911696434021,6.536122896250163e-07,0.2191266566514969,0.8003025054931641,-0.021344667300581932,0.24566584825515747,0.7183048725128174,-0.04471855238080025,0.26955878734588623,0.6682950258255005,-0.0628417581319809,0.28140148520469666,0.6174822449684143,-0.08271122723817825,0.1992504596710205,0.7860965132713318,-0.08805582672357559,0.20991277694702148,0.7579798698425293,-0.1244344487786293,0.24026085436344147,0.7504320740699768,-0.1451532244682312,0.27248135209083557,0.7437637448310852,-0.15696494281291962,0.20454278588294983,0.8563159108161926,-0.09174153208732605,0.30078065395355225,0.8359650373458862,-0.12520137429237366,0.3730893135070801,0.8222482204437256,-0.14226339757442474,0.42692965269088745,0.8092994093894958,-0.15510106086730957,0.2213602066040039,0.9142205715179443,-0.09256816655397415,0.3142230808734894,0.8831102848052979,-0.124319888651371,0.37953075766563416,0.8526282906532288,-0.13932301104068756,0.42011892795562744,0.8263641595840454,-0.14726701378822327,0.24430736899375916,0.9509868621826172,-0.09222439676523209,0.315764456987381,0.9145184755325317,-0.1117234155535698,0.356950581073761,0.8836411833763123,-0.11610893160104752,0.38086286187171936,0.8568458557128906,-0.11934196949005127
35,left,0.6533340811729431,0.8869842886924744,5.866642140972544e-07,0.664710521697998,0.8311123847961426,-0.040157437324523926,0.6632510423660278,0.7889463305473328,-0.06863103806972504,0.675675094127655,0.7599807977676392,-0.09088461101055145,0.7007462978363037,0.7422522902488708,-0.11361441016197205,0.6079908013343811,0.8369081616401672,-0.0698254406452179,0.5529199838638306,0.8362264037132263,-0.09551317989826202,0.5134073495864868,0.834952175617218,-0.11114738136529922,0.4808183014392853,0.8351966738700867,-0.12044227868318558,0.591988205909729,0.8675691485404968,-0.05874834209680557,0.5326672792434692,0.8546531796455383,-0.08176038414239883,0.4896599054336548,0.838880181312561,-0.09460943937301636,0.4570278525352478,0.8254638910293579,-0.10230614244937897,0.5807898044586182,0.8833993673324585,-0.04775945097208023,0.5286726951599121,0.8636651039123535,-0.0625125914812088,0.49126875400543213,0.842695415019989,-0.07245372235774994,0.4626791477203369,0.823626697063446,-0.07795494049787521,0.5735898613929749,0.8893209099769592,-0.03977498784661293,0.5377673506736755,0.8693995475769043,-0.04807654768228531,0.5099986791610718,0.8523268699645996,-0.052076809108257294,0.4879692792892456,0.8352450132369995,-0.054178785532712936
36,right,0.20847484469413757,0.9024430513381958,5.694282094736991e-07,0.2387906014919281,0.8016865253448486,-0.017510225996375084,0.26283082365989685,0.7253496646881104,-0.03866204619407654,0.2785749137401581,0.6804846525192261,-0.05700527876615524,0.291576087474823,0.6362066268920898,-0.07547535747289658,0.2046985626220703,0.7703258395195007,-0.06557817757129669,0.2111351042985916,0.762097179889679,-0.09904129803180695,0.23414495587348938,0.7478868365287781,-0.12192479521036148,0.2602575719356537,0.7363994121551514,-0.13600081205368042,0.20796287059783936,0.8385716080665588,-0.07241442054510117,0.30359750986099243,0.8155982494354248,-0.10883849859237671,0.3761197328567505,0.793476402759552,-0.12571604549884796,0.43387675285339355,0.7758648991584778,-0.13714390993118286,0.22659075260162354,0.8963544368743896,-0.07775960862636566,0.3260866105556488,0.8753904104232788,-0.1132565587759018,0.38848698139190674,0.8431509137153625,-0.12125366926193237,0.4315313696861267,0.817523181438446,-0.12288907170295715,0.25085246562957764,0.9404053092002869,-0.0832824558019638,0.3237450122833252,0.9131065607070923,-0.10453034937381744,0.35922178626060486,0.8810995221138,-0.10374602675437927,0.38287392258644104,0.8543267846107483,-0.1015944704413414
36,left,0.6513797640800476,0.8863689303398132,5.717477051803144e-07,0.6634024977684021,0.8302567005157471,-0.03807741031050682,0.6625110507011414,0.7866566181182861,-0.06503886729478836,0.6757752299308777,0.7591747045516968,-0.08614115417003632,0.701747477054596,0.743342399597168,-0.1076899990439415,0.6082158088684082,0.83797287940979,-0.06765402108430862,0.5552664995193481,0.8373983502388,-0.09257712215185165,0.5161354541778564,0.836203932762146,-0.10764455795288086,0.4833214581012726,0.8361904621124268,-0.11664962023496628,0.5911524891853333,0.8681716322898865,-0.05729163810610771,0.5321865677833557,0.8547118306159973,-0.07948499917984009,0.4890219271183014,0.8381073474884033,-0.09185132384300232,0.45619630813598633,0.8240715861320496,-0.09924435615539551,0.5789615511894226,0.8831778764724731,-0.04680468887090683,0.5271785259246826,0.8631806373596191,-0.060920700430870056,0.48926788568496704,0.8419357538223267,-0.0708717331290245,0.4602161645889282,0.8229165077209473,-0.0763368085026741,0.5711389780044556,0.8886311650276184,-0.03912975266575813,0.5354407429695129,0.8686352372169495,-0.047038279473781586,0.5068881511688232,0.8526050448417664,-0.05100714787840843,0.48406046628952026,0.8366360664367676,-0.05306476354598999
