1,right,0,0,0,0,0,0,0,0,0,0,0,0,0,0,0,0,0,0,0,0,0,0,0,0,0,0,0,0,0,0,0,0,0,0,0,0,0,0,0,0,0,0,0,0,0,0,0,0,0,0,0,0,0,0,0,0,0,0,0,0,0,0,0
1,left,0,0,0,0,0,0,0,0,0,0,0,0,0,0,0,0,0,0,0,0,0,0,0,0,0,0,0,0,0,0,0,0,0,0,0,0,0,0,0,0,0,0,0,0,0,0,0,0,0,0,0,0,0,0,0,0,0,0,0,0,0,0,0
2,right,0,0,0,0,0,0,0,0,0,0,0,0,0,0,0,0,0,0,0,0,0,0,0,0,0,0,0,0,0,0,0,0,0,0,0,0,0,0,0,0,0,0,0,0,0,0,0,0,0,0,0,0,0,0,0,0,0,0,0,0,0,0,0
2,left,0,0,0,0,0,0,0,0,0,0,0,0,0,0,0,0,0,0,0,0,0,0,0,0,0,0,0,0,0,0,0,0,0,0,0,0,0,0,0,0,0,0,0,0,0,0,0,0,0,0,0,0,0,0,0,0,0,0,0,0,0,0,0
3,right,0,0,0,0,0,0,0,0,0,0,0,0,0,0,0,0,0,0,0,0,0,0,0,0,0,0,0,0,0,0,0,0,0,0,0,0,0,0,0,0,0,0,0,0,0,0,0,0,0,0,0,0,0,0,0,0,0,0,0,0,0,0,0
3,left,0,0,0,0,0,0,0,0,0,0,0,0,0,0,0,0,0,0,0,0,0,0,0,0,0,0,0,0,0,0,0,0,0,0,0,0,0,0,0,0,0,0,0,0,0,0,0,0,0,0,0,0,0,0,0,0,0,0,0,0,0,0,0
4,right,0,0,0,0,0,0,0,0,0,0,0,0,0,0,0,0,0,0,0,0,0,0,0,0,0,0,0,0,0,0,0,0,0,0,0,0,0,0,0,0,0,0,0,0,0,0,0,0,0,0,0,0,0,0,0,0,0,0,0,0,0,0,0
4,left,0,0,0,0,0,0,0,0,0,0,0,0,0,0,0,0,0,0,0,0,0,0,0,0,0,0,0,0,0,0,0,0,0,0,0,0,0,0,0,0,0,0,0,0,0,0,0,0,0,0,0,0,0,0,0,0,0,0,0,0,0,0,0
5,right,0,0,0,0,0,0,0,0,0,0,0,0,0,0,0,0,0,0,0,0,0,0,0,0,0,0,0,0,0,0,0,0,0,0,0,0,0,0,0,0,0,0,0,0,0,0,0,0,0,0,0,0,0,0,0,0,0,0,0,0,0,0,0
5,left,0,0,0,0,0,0,0,0,0,0,0,0,0,0,0,0,0,0,0,0,0,0,0,0,0,0,0,0,0,0,0,0,0,0,0,0,0,0,0,0,0,0,0,0,0,0,0,0,0,0,0,0,0,0,0,0,0,0,0,0,0,0,0
6,right,0,0,0,0,0,0,0,0,0,0,0,0,0,0,0,0,0,0,0,0,0,0,0,0,0,0,0,0,0,0,0,0,0,0,0,0,0,0,0,0,0,0,0,0,0,0,0,0,0,0,0,0,0,0,0,0,0,0,0,0,0,0,0
6,left,0,0,0,0,0,0,0,0,0,0,0,0,0,0,0,0,0,0,0,0,0,0,0,0,0,0,0,0,0,0,0,0,0,0,0,0,0,0,0,0,0,0,0,0,0,0,0,0,0,0,0,0,0,0,0,0,0,0,0,0,0,0,0
7,right,0.3246415853500366,0.9627994298934937,2.896794626394694e-07,0.37990593910217285,0.9230296611785889,0.009189971722662449,0.44172850251197815,0.9072336554527283,-0.0001732680102577433,0.489166259765625,0.9199296236038208,-0.013212732970714569,0.5206272006034851,0.9493154883384705,-0.026667395606637,0.4612235724925995,0.8683763742446899,-0.022908609360456467,0.5316160917282104,0.8718246817588806,-0.043316107243299484,0.572066605091095,0.8980177044868469,-0.055150121450424194,0.5952966809272766,0.9266141653060913,-0.06131337583065033,0.4496803283691406,0.8999441862106323,-0.03945429250597954,0.5378139615058899,0.968559205532074,-0.0589238777756691,0.5452259182929993,1.0173777341842651,-0.06190770864486694,0.5360194444656372,1.044457197189331,-0.06178499758243561,0.4350919723510742,0.9439989924430847,-0.0541343167424202,0.5152342915534973,1.0044068098068237,-0.0667700245976448,0.5175405740737915,1.0423625707626343,-0.05753903463482857,0.5057673454284668,1.0591157674789429,-0.05020233243703842,0.41862162947654724,0.9935721755027771,-0.0681520625948906,0.4773932099342346,1.0344747304916382,-0.07076842337846756,0.47897017002105713,1.0590375661849976,-0.0579933263361454,0.4705594480037689,1.069802165031433,-0.048141732811927795
7,left,0,0,0,0,0,0,0,0,0,0,0,0,0,0,0,0,0,0,0,0,0,0,0,0,0,0,0,0,0,0,0,0,0,0,0,0,0,0,0,0,0,0,0,0,0,0,0,0,0,0,0,0,0,0,0,0,0,0,0,0,0,0,0
8,right,0.388418972492218,0.8592492938041687,4.74694587637714e-07,0.4290226697921753,0.8316854238510132,-0.0023502991534769535,0.48241350054740906,0.8125393390655518,-0.01448763720691204,0.5287601947784424,0.8151159286499023,-0.02656583860516548,0.5589085817337036,0.8253655433654785,-0.038851216435432434,0.4791075587272644,0.7631571292877197,-0.04010193422436714,0.542686402797699,0.7663326263427734,-0.06345333158969879,0.5788771510124207,0.7893819212913513,-0.0754183679819107,0.6039214134216309,0.8132709264755249,-0.0818747952580452,0.46325284242630005,0.782180905342102,-0.0509430393576622,0.5404756665229797,0.8122538328170776,-0.07229626178741455,0.5773826837539673,0.849364161491394,-0.07839714735746384,0.6035901308059692,0.8825653195381165,-0.08206553757190704,0.4488092064857483,0.8160250782966614,-0.06078726053237915,0.5217291712760925,0.8620240092277527,-0.07993128895759583,0.5587280988693237,0.9019309282302856,-0.08288439363241196,0.5856691598892212,0.9343476295471191,-0.08415940403938293,0.4367793798446655,0.8581719994544983,-0.07010810822248459,0.4906497597694397,0.887570321559906,-0.0825611799955368,0.5176724791526794,0.9107924103736877,-0.08252524584531784,0.5395573377609253,0.9297869205474854,-0.08209969848394394
8,left,0,0,0,0,0,0,0,0,0,0,0,0,0,0,0,0,0,0,0,0,0,0,0,0,0,0,0,0,0,0,0,0,0,0,0,0,0,0,0,0,0,0,0,0,0,0,0,0,0,0,0,0,0,0,0,0,0,0,0,0,0,0,0
9,right,0.39285385608673096,0.837023913860321,4.234118762269645e-07,0.4322564899921417,0.8090939521789551,-0.0010123212123289704,0.4856487214565277,0.789633572101593,-0.013023515231907368,0.5311581492424011,0.7902731895446777,-0.024943845346570015,0.5609303712844849,0.7959102392196655,-0.036534570157527924,0.48359838128089905,0.739723265171051,-0.039280004799366,0.5492733716964722,0.7466934323310852,-0.061806920915842056,0.5854185819625854,0.7737558484077454,-0.07342138886451721,0.6093956232070923,0.8010233044624329,-0.08010522276163101,0.4666779637336731,0.7621241807937622,-0.04957501217722893,0.5402635931968689,0.8185867667198181,-0.07177680730819702,0.5704140663146973,0.867813229560852,-0.0771704614162445,0.5902009010314941,0.905191957950592,-0.080626480281353,0.45227712392807007,0.7971115708351135,-0.058816783130168915,0.5248584747314453,0.8460329174995422,-0.07658124715089798,0.5606005787849426,0.8853796720504761,-0.07769272476434708,0.5864947438240051,0.9161858558654785,-0.07856230437755585,0.44200611114501953,0.8393745422363281,-0.06752428412437439,0.4951494038105011,0.8647962808609009,-0.07838505506515503,0.5230804085731506,0.8859335780143738,-0.07780259102582932,0.5472447276115417,0.9035217761993408,-0.07754559069871902
9,left,0,0,0,0,0,0,0,0,0,0,0,0,0,0,0,0,0,0,0,0,0,0,0,0,0,0,0,0,0,0,0,0,0,0,0,0,0,0,0,0,0,0,0,0,0,0,0,0,0,0,0,0,0,0,0,0,0,0,0,0,0,0,0
10,right,0.3612651824951172,0.807957112789154,4.047559230002662e-07,0.4078593850135803,0.7873846888542175,0.007364843040704727,0.4681999385356903,0.771125078201294,-0.0013702799333259463,0.5163776874542236,0.7738994359970093,-0.012273025698959827,0.552166759967804,0.7797748446464539,-0.024883273988962173,0.48331305384635925,0.7325390577316284,-0.03603281453251839,0.5556696653366089,0.744137704372406,-0.05907358601689339,0.5944318175315857,0.7740475535392761,-0.07075584679841995,0.6203789710998535,0.8039783239364624,-0.07778570801019669,0.4665925204753876,0.7481270432472229,-0.05178258195519447,0.5458548665046692,0.8108980655670166,-0.07669393718242645,0.5762221217155457,0.8630244731903076,-0.0830397680401802,0.594924807548523,0.897560179233551,-0.08705820143222809,0.44976258277893066,0.7802212834358215,-0.06565940380096436,0.5286173224449158,0.8300663828849792,-0.08646296709775925,0.5657828450202942,0.8758374452590942,-0.08753778785467148,0.5908516645431519,0.9084289073944092,-0.08751419186592102,0.4353717863559723,0.8222782611846924,-0.07817097008228302,0.49491333961486816,0.8419556021690369,-0.09054525196552277,0.5288586020469666,0.8646175265312195,-0.0894322395324707,0.5570042729377747,0.8830912709236145,-0.0883614644408226
10,left,0,0,0,0,0,0,0,0,0,0,0,0,0,0,0,0,0,0,0,0,0,0,0,0,0,0,0,0,0,0,0,0,0,0,0,0,0,0,0,0,0,0,0,0,0,0,0,0,0,0,0,0,0,0,0,0,0,0,0,0,0,0,0
11,right,0.3516988754272461,0.8173344135284424,4.5597272446684656e-07,0.4021081328392029,0.7876563668251038,0.002042700070887804,0.46445998549461365,0.7628613114356995,-0.008534367196261883,0.5168126821517944,0.7572082281112671,-0.020455876365303993,0.5561679005622864,0.7608811855316162,-0.03260385990142822,0.4793739318847656,0.7124695181846619,-0.033100951462984085,0.5532199740409851,0.7255461812019348,-0.05536907538771629,0.5934339165687561,0.7544348835945129,-0.06691987067461014,0.6198611259460449,0.7827975153923035,-0.0734555721282959,0.4657689929008484,0.7303025126457214,-0.04618898034095764,0.542561948299408,0.790325403213501,-0.06571467965841293,0.5728391408920288,0.839769184589386,-0.07024568319320679,0.5929367542266846,0.8743224740028381,-0.07340618222951889,0.45002615451812744,0.7656770348548889,-0.0584929883480072,0.5243895053863525,0.8075966835021973,-0.07362411171197891,0.5620406866073608,0.8477959036827087,-0.07306893169879913,0.5893563628196716,0.8786028027534485,-0.07316985726356506,0.43541136384010315,0.810196578502655,-0.07047593593597412,0.4932595491409302,0.8214541077613831,-0.0795668512582779,0.5267852544784546,0.837921142578125,-0.07754525542259216,0.5541845560073853,0.8546915650367737,-0.07602813094854355
11,left,0,0,0,0,0,0,0,0,0,0,0,0,0,0,0,0,0,0,0,0,0,0,0,0,0,0,0,0,0,0,0,0,0,0,0,0,0,0,0,0,0,0,0,0,0,0,0,0,0,0,0,0,0,0,0,0,0,0,0,0,0,0,0
12,right,0.3694268763065338,0.8034477829933167,4.2315818404858874e-07,0.4180673062801361,0.7848016619682312,-0.0006891837692819536,0.4793938100337982,0.7640301585197449,-0.013612601906061172,0.5302476286888123,0.7603380084037781,-0.027320733293890953,0.5635366439819336,0.7571796178817749,-0.04107191041111946,0.4816650450229645,0.6936273574829102,-0.037973128259181976,0.5535878539085388,0.7148036956787109,-0.06011047214269638,0.5899102091789246,0.7474740147590637,-0.07088661193847656,0.6136621236801147,0.7785319685935974,-0.0771966278553009,0.4630727767944336,0.7084329724311829,-0.05048127844929695,0.5406026244163513,0.7786587476730347,-0.07264509052038193,0.5663105249404907,0.8326531648635864,-0.07726190984249115,0.5825502872467041,0.8722381591796875,-0.07984861731529236,0.44540145993232727,0.7426092624664307,-0.06220565736293793,0.5226859450340271,0.7991124987602234,-0.0797860249876976,0.5604947209358215,0.8475509881973267,-0.07952336221933365,0.5878251791000366,0.8839491009712219,-0.07946928590536118,0.43204331398010254,0.7877877354621887,-0.07363221049308777,0.4925040006637573,0.8063746690750122,-0.08327922970056534,0.5250025391578674,0.8264763951301575,-0.08113429695367813,0.5511253476142883,0.8447721004486084,-0.08008678257465363
12,left,0,0,0,0,0,0,0,0,0,0,0,0,0,0,0,0,0,0,0,0,0,0,0,0,0,0,0,0,0,0,0,0,0,0,0,0,0,0,0,0,0,0,0,0,0,0,0,0,0,0,0,0,0,0,0,0,0,0,0,0,0,0,0
13,right,0.34349876642227173,0.8054159283638,3.547959295246983e-07,0.3981093168258667,0.7860256433486938,0.009890581481158733,0.4567873179912567,0.7584847807884216,5.745352973463014e-05,0.503320574760437,0.7503232359886169,-0.013327715918421745,0.5391613245010376,0.7556626200675964,-0.028173241764307022,0.4691772758960724,0.6984405517578125,-0.03346814587712288,0.5449425578117371,0.7146403193473816,-0.05631238967180252,0.5847422480583191,0.7458839416503906,-0.06717635691165924,0.6105427145957947,0.7780836224555969,-0.0730617567896843,0.45345088839530945,0.7156240344047546,-0.05116775631904602,0.5389750003814697,0.7776877284049988,-0.07412175089120865,0.5662098526954651,0.8318898677825928,-0.07734560966491699,0.5809385776519775,0.8677330613136292,-0.07823649793863297,0.4379795789718628,0.7519553303718567,-0.06696353107690811,0.521659255027771,0.7989249229431152,-0.08457307517528534,0.5574411153793335,0.8445252180099487,-0.08178415149450302,0.5804829597473145,0.876692533493042,-0.0790710523724556,0.42540156841278076,0.7986055016517639,-0.081582210958004,0.4898357689380646,0.8154166340827942,-0.09081928431987762,0.524093747138977,0.8342432975769043,-0.08671450614929199,0.5513228178024292,0.8492320775985718,-0.08320533484220505
13,left,0.6150838732719421,0.9139038324356079,4.4951258360015345e-07,0.6476187109947205,0.8795807957649231,-0.06301142275333405,0.6629413962364197,0.8646249175071716,-0.10849320888519287,0.6811092495918274,0.8782402873039246,-0.14296855032444,0.7041351795196533,0.898691713809967,-0.17835462093353271,0.5971370935440063,0.918477475643158,-0.12049198895692825,0.5507809519767761,0.952003538608551,-0.16124556958675385,0.5147064328193665,0.9775914549827576,-0.1871885061264038,0.4827280044555664,0.9986729621887207,-0.20356644690036774,0.566877007484436,0.9166467785835266,-0.09987606108188629,0.5056964755058289,0.9259188771247864,-0.1347731351852417,0.46393442153930664,0.911782443523407,-0.1527625322341919,0.43099501729011536,0.8996649980545044,-0.16642913222312927,0.5474662780761719,0.9061188697814941,-0.07878009229898453,0.4923374652862549,0.9084588289260864,-0.10360577702522278,0.4586051106452942,0.8902980089187622,-0.11616687476634979,0.4329400658607483,0.8747656345367432,-0.12487759441137314,0.5337246656417847,0.8911117911338806,-0.06126195564866066,0.49201223254203796,0.8946214318275452,-0.07452892512083054,0.4616379737854004,0.8899339437484741,-0.07870901376008987,0.43778276443481445,0.8829298615455627,-0.08290748298168182
14,right,0.3327275812625885,0.8122551441192627,3.467217766228714e-07,0.3897835612297058,0.7819771766662598,0.013511456549167633,0.45041078329086304,0.7538918256759644,0.0062271240167319775,0.5004603266716003,0.7474051713943481,-0.005074203014373779,0.5381978750228882,0.7524319291114807,-0.017293734475970268,0.4651806056499481,0.6943376660346985,-0.024881135672330856,0.542790949344635,0.7128462195396423,-0.044286876916885376,0.5828374028205872,0.7414183020591736,-0.053882669657468796,0.6099867224693298,0.76896071434021,-0.059080787003040314,0.4518241286277771,0.7106086015701294,-0.04351599141955376,0.5361037850379944,0.7766829133033752,-0.0629030093550682,0.5621224641799927,0.8300385475158691,-0.06628856807947159,0.5769909024238586,0.8660038113594055,-0.06731389462947845,0.43781960010528564,0.7468629479408264,-0.060157619416713715,0.518643856048584,0.7951871156692505,-0.07431472837924957,0.5564639568328857,0.8411614894866943,-0.07274488359689713,0.5838042497634888,0.874735951423645,-0.07128816843032837,0.42651844024658203,0.7930375933647156,-0.07539603114128113,0.4908334016799927,0.8087446689605713,-0.08214007318019867,0.5248520374298096,0.8277697563171387,-0.07791726291179657,0.5528879165649414,0.8436102271080017,-0.07448731362819672
14,left,0.6280393600463867,0.9005057215690613,4.2875942085629504e-07,0.6495588421821594,0.8858567476272583,-0.062472160905599594,0.6555795669555664,0.880211591720581,-0.10634102672338486,0.6691036820411682,0.8817065358161926,-0.13792891800403595,0.6887691020965576,0.8928084373474121,-0.16997352242469788,0.588010311126709,0.9243273138999939,-0.12010645121335983,0.5433815717697144,0.9496788382530212,-0.15767113864421844,0.5097789764404297,0.9719412326812744,-0.18209519982337952,0.4768844246864319,0.9895913004875183,-0.1991519331932068,0.5596663355827332,0.9063329696655273,-0.09812720865011215,0.4998350143432617,0.9165357351303101,-0.13249652087688446,0.461458683013916,0.9102791547775269,-0.1523439586162567,0.42682206630706787,0.9029026627540588,-0.16849952936172485,0.5437090396881104,0.8833320140838623,-0.0748521238565445,0.49019384384155273,0.8864624500274658,-0.09810091555118561,0.45588383078575134,0.8773220777511597,-0.11184278130531311,0.4270913898944855,0.8695563077926636,-0.12275422364473343,0.5337678790092468,0.8574596643447876,-0.054838161915540695,0.4949813783168793,0.8603030443191528,-0.06772491335868835,0.4673597812652588,0.8610101342201233,-0.07343451678752899,0.44147396087646484,0.8587661385536194,-0.07940518856048584
15,right,0.321992963552475,0.813079833984375,4.7112686729633424e-07,0.3703075647354126,0.7616826295852661,0.002340471837669611,0.4310586750507355,0.7311135530471802,-0.009377463720738888,0.4865940511226654,0.7269132733345032,-0.02221950888633728,0.5293585062026978,0.7381505370140076,-0.03512583300471306,0.44830307364463806,0.6861189603805542,-0.036108583211898804,0.5266189575195312,0.6931936144828796,-0.05879140645265579,0.569317638874054,0.7164700031280518,-0.0711212307214737,0.5987887382507324,0.741264820098877,-0.0780511125922203,0.4360063970088959,0.7143691778182983,-0.04919955134391785,0.5223451256752014,0.7637044787406921,-0.06931531429290771,0.5603047013282776,0.8068233728408813,-0.07479649782180786,0.5837175250053406,0.8399053812026978,-0.07813552767038345,0.4226815700531006,0.757186770439148,-0.06083275005221367,0.5021225810050964,0.7998002767562866,-0.07468466460704803,0.5434698462486267,0.8329856395721436,-0.07452278584241867,0.5731447339057922,0.8588823676109314,-0.07477003335952759,0.41142696142196655,0.8064340353012085,-0.07210095971822739,0.4686288833618164,0.8281404376029968,-0.07802528887987137,0.49940672516822815,0.8404194116592407,-0.07443853467702866,0.5252630710601807,0.8496466875076294,-0.07186512649059296
15,left,0.623480498790741,0.879145622253418,7.177389420576219e-07,0.6437325477600098,0.8586441278457642,-0.07327249646186829,0.653282880783081,0.857165515422821,-0.12061028927564621,0.6709181666374207,0.8835315704345703,-0.15540531277656555,0.6928192973136902,0.9136031866073608,-0.19044612348079681,0.5749844312667847,0.9214887619018555,-0.11726364493370056,0.5250399708747864,0.9488580226898193,-0.15371695160865784,0.4910787343978882,0.973307728767395,-0.17662017047405243,0.46007654070854187,0.9954525232315063,-0.19207891821861267,0.5499572157859802,0.9096174240112305,-0.09392713010311127,0.49031731486320496,0.9160526990890503,-0.1248159185051918,0.44929489493370056,0.9112049341201782,-0.14248809218406677,0.4144485294818878,0.9065985679626465,-0.15626320242881775,0.5366175770759583,0.896219789981842,-0.07258298248052597,0.4828636050224304,0.8955782651901245,-0.09649167954921722,0.44640588760375977,0.8822733163833618,-0.11275188624858856,0.4163798391819,0.8693828582763672,-0.12460728734731674,0.5292292237281799,0.8865979909896851,-0.05605544149875641,0.4883122742176056,0.8789916634559631,-0.07208488136529922,0.4570804238319397,0.8707599639892578,-0.08201847225427628,0.4300159811973572,0.859915018081665,-0.09051276743412018
16,right,0.34234803915023804,0.8022200465202332,5.925414825469488e-07,0.3778233826160431,0.7460170388221741,-0.007663237862288952,0.4376237988471985,0.7010587453842163,-0.02133442647755146,0.4930298626422882,0.679593026638031,-0.03269641473889351,0.5308107137680054,0.6537697315216064,-0.04409104213118553,0.43124863505363464,0.6802423000335693,-0.0532916821539402,0.504623293876648,0.6749539971351624,-0.079536572098732,0.5482233166694641,0.6968797445297241,-0.09146750718355179,0.5807499885559082,0.7197986841201782,-0.09777601063251495,0.4201534390449524,0.7165742516517639,-0.06206203252077103,0.5048691034317017,0.7550123333930969,-0.08510057628154755,0.5462315082550049,0.7962896227836609,-0.08987215161323547,0.5735346078872681,0.828023374080658,-0.09243611991405487,0.4064001142978668,0.7650367617607117,-0.06956396251916885,0.4855092167854309,0.8019415140151978,-0.08789030462503433,0.5270941257476807,0.8346001505851746,-0.08781639486551285,0.5565712451934814,0.8606082201004028,-0.08775343745946884,0.3928077220916748,0.8199341297149658,-0.07679281383752823,0.4441351890563965,0.8414027094841003,-0.09019355475902557,0.47362759709358215,0.8585743308067322,-0.08942533284425735,0.4977736175060272,0.8732436299324036,-0.08825911581516266
16,left,0.6185077428817749,0.9225796461105347,4.5523020730797725e-07,0.6404999494552612,0.8798743486404419,-0.05548105761408806,0.648516833782196,0.8600343465805054,-0.09394735842943192,0.665208637714386,0.8744624853134155,-0.12360420823097229,0.6912865042686462,0.8965007066726685,-0.1536969691514969,0.5772216320037842,0.9219354391098022,-0.09374887496232986,0.5340156555175781,0.9554547667503357,-0.12607382237911224,0.4995195269584656,0.9827731847763062,-0.14808179438114166,0.4683709442615509,1.0047581195831299,-0.16258658468723297,0.550923228263855,0.9232801795005798,-0.07620919495820999,0.49331483244895935,0.9286008477210999,-0.10353768616914749,0.45123162865638733,0.9146465063095093,-0.11909006536006927,0.417653352022171,0.9035936594009399,-0.1307445764541626,0.5348769426345825,0.9152770042419434,-0.05920340120792389,0.48228856921195984,0.9140450954437256,-0.07844368368387222,0.4484558403491974,0.8937622904777527,-0.08915335685014725,0.4224216341972351,0.8760999441146851,-0.09612566232681274,0.5249102711677551,0.9029083251953125,-0.045931123197078705,0.4842838943004608,0.9031264185905457,-0.05504925176501274,0.4552049934864044,0.8934041857719421,-0.057331524789333344,0.43279027938842773,0.8823412656784058,-0.059781186282634735
17,right,0.3058186173439026,0.8185387253761292,4.273263130016858e-07,0.3394896388053894,0.7572491765022278,-0.012934010475873947,0.3891981542110443,0.6966683268547058,-0.027548136189579964,0.4319472908973694,0.6525318622589111,-0.03824029862880707,0.45789745450019836,0.6031150817871094,-0.048442061990499496,0.3624110817909241,0.7065884470939636,-0.06130632013082504,0.39574840664863586,0.6681967973709106,-0.09055748581886292,0.4345405697822571,0.6643414497375488,-0.10504481196403503,0.47275444865226746,0.6691723465919495,-0.11344841122627258,0.3567695617675781,0.7634002566337585,-0.0679074376821518,0.4251505732536316,0.7616333961486816,-0.0942160040140152,0.4744342863559723,0.7818465828895569,-0.10214893519878387,0.5172460079193115,0.8015551567077637,-0.1083298996090889,0.3532051742076874,0.8272895812988281,-0.07330485433340073,0.42530378699302673,0.8447930812835693,-0.10149623453617096,0.47147858142852783,0.8658674955368042,-0.10679520666599274,0.5095875263214111,0.8809458017349243,-0.10878907144069672,0.3523925542831421,0.8909994959831238,-0.07766913622617722,0.41015326976776123,0.911198079586029,-0.09955792874097824,0.44645360112190247,0.926706850528717,-0.10201685130596161,0.4799014627933502,0.9344711303710938,-0.10269004851579666
17,left,0.6235343217849731,0.9132513403892517,3.902119942722493e-07,0.6428227424621582,0.8813599944114685,-0.059559740126132965,0.6503838300704956,0.8719531297683716,-0.10204923897981644,0.6700034737586975,0.8879354596138,-0.13437817990779877,0.6933712959289551,0.9066753387451172,-0.16868892312049866,0.5835920572280884,0.9247857928276062,-0.10968285799026489,0.538742184638977,0.9513583183288574,-0.1431291252374649,0.5066307187080383,0.9721742868423462,-0.16474232077598572,0.47607752680778503,0.9906889796257019,-0.17994315922260284,0.5587868690490723,0.9195131063461304,-0.09048004448413849,0.5055752396583557,0.9514268040657043,-0.12245998531579971,0.4717918336391449,0.966707706451416,-0.14039170742034912,0.442162424325943,0.9770470857620239,-0.15449883043766022,0.5429404377937317,0.909199059009552,-0.0709979310631752,0.49028095602989197,0.9090577960014343,-0.09444086998701096,0.4576728045940399,0.898644208908081,-0.10965637117624283,0.4310328960418701,0.8900856375694275,-0.12102282047271729,0.5327225923538208,0.8981683254241943,-0.054544512182474136,0.49823054671287537,0.8895755410194397,-0.06932345777750015,0.4735127389431,0.8786593079566956,-0.07696359604597092,0.45211800932884216,0.8657681345939636,-0.08386744558811188
18,right,0.22205530107021332,0.8607258200645447,3.7136337027732225e-07,0.25167378783226013,0.7971774935722351,-0.018670592457056046,0.2926306128501892,0.7301597595214844,-0.03512042015790939,0.32547733187675476,0.6789692640304565,-0.04786858335137367,0.3439021408557892,0.6304978132247925,-0.060385651886463165,0.2658085227012634,0.7648361325263977,-0.057781901210546494,0.2878726124763489,0.7380228042602539,-0.08957208693027496,0.3134259879589081,0.727642297744751,-0.10820259898900986,0.33962368965148926,0.719377875328064,-0.11923108249902725,0.2667834162712097,0.8196430802345276,-0.06251920759677887,0.3312087953090668,0.8177891373634338,-0.08970722556114197,0.38530653715133667,0.8199514746665955,-0.10214310139417648,0.4317757785320282,0.824069619178772,-0.11173583567142487,0.2693125009536743,0.8734630346298218,-0.06738857179880142,0.3333420753479004,0.8882358074188232,-0.09674105793237686,0.383852481842041,0.8962114453315735,-0.10806488245725632,0.42653214931488037,0.899736225605011,-0.11358387023210526,0.2725975811481476,0.9216797351837158,-0.07199541479349136,0.32542893290519714,0.9467049241065979,-0.09400419145822525,0.3613381087779999,0.9556673765182495,-0.1003149226307869,0.3953613340854645,0.9571963548660278,-0.10441719740629196
18,left,0.6119265556335449,0.9135594964027405,3.4881520605267724e-07,0.6402960419654846,0.8765966892242432,-0.06256844103336334,0.6539964079856873,0.8611428737640381,-0.1042056530714035,0.6709632873535156,0.8738610744476318,-0.13579459488391876,0.6928849220275879,0.8871689438819885,-0.1672562211751938,0.5825771689414978,0.9224361181259155,-0.10393904149532318,0.5370451807975769,0.9566771984100342,-0.1397702544927597,0.49931734800338745,0.9786207675933838,-0.16229476034641266,0.4663938283920288,0.9968960881233215,-0.17757877707481384,0.556545615196228,0.9187812209129333,-0.08478855341672897,0.5039541721343994,0.9408592581748962,-0.11573529988527298,0.46571698784828186,0.9439084529876709,-0.13280223309993744,0.43260857462882996,0.9483484625816345,-0.1461510807275772,0.5391672253608704,0.9062126278877258,-0.06685939431190491,0.4921005368232727,0.912316620349884,-0.09031031280755997,0.46153417229652405,0.9019383788108826,-0.1035560667514801,0.4357107877731323,0.8950937390327454,-0.11276670545339584,0.5272992253303528,0.890057384967804,-0.05313211679458618,0.491640567779541,0.8896133899688721,-0.06681659817695618,0.46757715940475464,0.8840827345848083,-0.0729282945394516,0.44815802574157715,0.8782550096511841,-0.0783853828907013
19,right,0.20922069251537323,0.8743313550949097,3.423559746806859e-07,0.23718789219856262,0.8072804808616638,-0.02041080966591835,0.25636252760887146,0.7429133653640747,-0.03355955705046654,0.25556686520576477,0.6900961399078369,-0.04418963938951492,0.24374189972877502,0.6443350911140442,-0.05588950589299202,0.21395675837993622,0.8068628907203674,-0.04583650082349777,0.21098734438419342,0.807025134563446,-0.07074395567178726,0.2195034921169281,0.8089991807937622,-0.088422492146492,0.22959506511688232,0.8053510785102844,-0.09987960010766983,0.21116025745868683,0.8694186210632324,-0.048775564879179,0.2617250978946686,0.8747818470001221,-0.07170671969652176,0.3169477581977844,0.8764891028404236,-0.08545467257499695,0.36505597829818726,0.8740019202232361,-0.09707564115524292,0.21533828973770142,0.9201533794403076,-0.051974423229694366,0.26876184344291687,0.9351469874382019,-0.0804457738995552,0.3187102675437927,0.9413838386535645,-0.0908246636390686,0.3597640097141266,0.9435747265815735,-0.09550593793392181,0.21843178570270538,0.9584776163101196,-0.05548568814992905,0.25874796509742737,0.9787667393684387,-0.07451851665973663,0.2892274260520935,0.9885096549987793,-0.07553822547197342,0.31551486253738403,0.9954615831375122,-0.07590268552303314
19,left,0.6217820644378662,0.8901271820068359,4.495876169130497e-07,0.6378799676895142,0.885994017124176,-0.0655536949634552,0.6349994540214539,0.8875572085380554,-0.10604594647884369,0.6269373893737793,0.8782105445861816,-0.1353088617324829,0.6167802214622498,0.8675625920295715,-0.1638076901435852,0.5711753964424133,0.93837571144104,-0.10284604132175446,0.5275058746337891,0.9586486220359802,-0.13930870592594147,0.49455493688583374,0.9761419892311096,-0.16232700645923615,0.46408194303512573,0.9927194118499756,-0.17830771207809448,0.5493430495262146,0.9223593473434448,-0.08364153653383255,0.49835512042045593,0.9291220903396606,-0.11987228691577911,0.4618609845638275,0.9229322075843811,-0.14242489635944366,0.4282320737838745,0.9174802899360657,-0.1590983122587204,0.536738395690918,0.9047070741653442,-0.06609910726547241,0.49170273542404175,0.9074176549911499,-0.09461455792188644,0.45968928933143616,0.8960346579551697,-0.11193372309207916,0.43161991238594055,0.8870634436607361,-0.12392814457416534,0.5297661423683167,0.8871991038322449,-0.05276738852262497,0.49693459272384644,0.8855830430984497,-0.07241066545248032,0.4734465479850769,0.8787146806716919,-0.08357325196266174,0.4529746174812317,0.8734006881713867,-0.09246987849473953
20,right,0.20568357408046722,0.8666703701019287,3.48576804753975e-07,0.2241716831922531,0.801675021648407,-0.0254493597894907,0.22765663266181946,0.7604284882545471,-0.04402461275458336,0.21814356744289398,0.7195166349411011,-0.060069601982831955,0.20159360766410828,0.6732506155967712,-0.07675789296627045,0.1791740506887436,0.8376865386962891,-0.05104920268058777,0.17534638941287994,0.8434612154960632,-0.08217082917690277,0.1928517371416092,0.8536882996559143,-0.10613049566745758,0.21407969295978546,0.8643888235092163,-0.12174757570028305,0.18211503326892853,0.8996753692626953,-0.053983889520168304,0.23368589580059052,0.9138409495353699,-0.084639772772789,0.2858205735683441,0.9164438843727112,-0.10545255988836288,0.33053702116012573,0.9109652042388916,-0.12308157980442047,0.18868869543075562,0.942522406578064,-0.057731613516807556,0.2407991886138916,0.9590116739273071,-0.09546542167663574,0.2872328758239746,0.952357292175293,-0.11366460472345352,0.3227035403251648,0.9405316710472107,-0.12411849945783615,0.19363188743591309,0.9688015580177307,-0.061810094863176346,0.22843904793262482,0.9903596639633179,-0.08881766349077225,0.24685202538967133,0.9937317967414856,-0.09583166241645813,0.2590898871421814,0.9925008416175842,-0.10107693821191788
20,left,0.6196683645248413,0.8691735863685608,8.703464118298143e-07,0.6445335745811462,0.8533502221107483,-0.08859353512525558,0.6545926332473755,0.8636438846588135,-0.1447017341852188,0.6625586748123169,0.8776468634605408,-0.18398429453372955,0.6710604429244995,0.9008175730705261,-0.2244030088186264,0.5889785289764404,0.9297306537628174,-0.14908713102340698,0.5469083786010742,0.9537111520767212,-0.19713206589221954,0.5117237567901611,0.9773681163787842,-0.22834500670433044,0.48124727606773376,0.9972855448722839,-0.24945272505283356,0.5613335967063904,0.9172282814979553,-0.11935024708509445,0.5063076615333557,0.9301697015762329,-0.1651427298784256,0.46517086029052734,0.9312805533409119,-0.194017693400383,0.42695850133895874,0.9304739832878113,-0.21606789529323578,0.5436103940010071,0.902664840221405,-0.09076778590679169,0.4961106777191162,0.9093500375747681,-0.12667986750602722,0.4597230851650238,0.9024004340171814,-0.15028399229049683,0.4295307695865631,0.8925272822380066,-0.16719385981559753,0.5325929522514343,0.88896644115448,-0.06735708564519882,0.4966808259487152,0.8875706791877747,-0.09249841421842575,0.47154030203819275,0.8818291425704956,-0.10913830995559692,0.4491773843765259,0.8750287890434265,-0.12287458032369614
21,right,0,0,0,0,0,0,0,0,0,0,0,0,0,0,0,0,0,0,0,0,0,0,0,0,0,0,0,0,0,0,0,0,0,0,0,0,0,0,0,0,0,0,0,0,0,0,0,0,0,0,0,0,0,0,0,0,0,0,0,0,0,0,0
21,left,0.620898962020874,0.8984567523002625,2.2214186401470215e-07,0.6298912763595581,0.8951793909072876,-0.05601947009563446,0.6046541333198547,0.8990450501441956,-0.08540276437997818,0.5705222487449646,0.8959636688232422,-0.1030840128660202,0.5377856492996216,0.8909050822257996,-0.11964187026023865,0.571116030216217,0.942757248878479,-0.09407211095094681,0.5340731143951416,0.9641406536102295,-0.12705595791339874,0.5025641322135925,0.9796772003173828,-0.14674067497253418,0.4734807014465332,0.9951403141021729,-0.16026227176189423,0.5506914258003235,0.9275513291358948,-0.07617850601673126,0.502914547920227,0.9379997849464417,-0.10902275890111923,0.46692317724227905,0.9383456110954285,-0.1270737498998642,0.4343821406364441,0.93780916929245,-0.14053475856781006,0.5374111533164978,0.9108665585517883,-0.059523485600948334,0.493888258934021,0.9144609570503235,-0.08682497590780258,0.46098509430885315,0.9057739973068237,-0.10233578085899353,0.4325321316719055,0.8987082242965698,-0.11295720189809799,0.529799222946167,0.8957785964012146,-0.046037331223487854,0.49561643600463867,0.8925281763076782,-0.0673099234700203,0.47036296129226685,0.8865071535110474,-0.0796452984213829,0.44863390922546387,0.880523681640625,-0.0889417752623558
22,right,0,0,0,0,0,0,0,0,0,0,0,0,0,0,0,0,0,0,0,0,0,0,0,0,0,0,0,0,0,0,0,0,0,0,0,0,0,0,0,0,0,0,0,0,0,0,0,0,0,0,0,0,0,0,0,0,0,0,0,0,0,0,0
22,left,0.6231294870376587,0.8737342357635498,6.995480248406238e-07,0.638350248336792,0.8691174387931824,-0.0707799643278122,0.6338856220245361,0.8823103904724121,-0.11237983405590057,0.6182364821434021,0.8914530277252197,-0.13983848690986633,0.6001632809638977,0.9019321203231812,-0.16675180196762085,0.586552083492279,0.942203938961029,-0.11406756192445755,0.5436577200889587,0.965063214302063,-0.1522616744041443,0.5081909894943237,0.9818558692932129,-0.17601542174816132,0.47775453329086304,0.9946677088737488,-0.19176693260669708,0.5613677501678467,0.927625298500061,-0.09068559110164642,0.5058912038803101,0.9379705190658569,-0.12740188837051392,0.4634191393852234,0.935425877571106,-0.14932049810886383,0.42514997720718384,0.9310007095336914,-0.1653287559747696,0.545404851436615,0.9123370051383972,-0.0689159408211708,0.4972192347049713,0.9192505478858948,-0.09987693279981613,0.4599717855453491,0.9118072390556335,-0.11914823949337006,0.42790016531944275,0.90333092212677,-0.13210321962833405,0.5353622436523438,0.8981704115867615,-0.05114111304283142,0.5002037286758423,0.8972402811050415,-0.074530228972435,0.47439974546432495,0.8917216658592224,-0.08885642141103745,0.4517225921154022,0.8864269852638245,-0.09965366870164871
23,right,0,0,0,0,0,0,0,0,0,0,0,0,0,0,0,0,0,0,0,0,0,0,0,0,0,0,0,0,0,0,0,0,0,0,0,0,0,0,0,0,0,0,0,0,0,0,0,0,0,0,0,0,0,0,0,0,0,0,0,0,0,0,0
23,left,0.6205329298973083,0.9248126149177551,4.692137736128643e-07,0.6456398367881775,0.887903094291687,-0.0599839948117733,0.6593323349952698,0.8720686435699463,-0.10076671093702316,0.6795589923858643,0.8810014128684998,-0.13207149505615234,0.7022484540939331,0.8918191194534302,-0.16356568038463593,0.5822962522506714,0.9315609335899353,-0.10044260323047638,0.5383344888687134,0.962094247341156,-0.1344843953847885,0.5023441910743713,0.9849832653999329,-0.15493302047252655,0.47114667296409607,1.0047413110733032,-0.1682327538728714,0.5583643317222595,0.9299802184104919,-0.08304818719625473,0.5028890371322632,0.942663848400116,-0.11366809159517288,0.4629374146461487,0.941774308681488,-0.13071440160274506,0.4300461411476135,0.9415196180343628,-0.14345136284828186,0.5426929593086243,0.9212028980255127,-0.06655324250459671,0.4915425777435303,0.9215787053108215,-0.08869516104459763,0.4590734839439392,0.9096981883049011,-0.10206940025091171,0.43202483654022217,0.9002864360809326,-0.11137614399194717,0.533384382724762,0.9105796813964844,-0.05403536558151245,0.49637603759765625,0.9045507311820984,-0.06646119058132172,0.470867395401001,0.8944641947746277,-0.0724538117647171,0.44921424984931946,0.8857553601264954,-0.07783050835132599
24,right,0,0,0,0,0,0,0,0,0,0,0,0,0,0,0,0,0,0,0,0,0,0,0,0,0,0,0,0,0,0,0,0,0,0,0,0,0,0,0,0,0,0,0,0,0,0,0,0,0,0,0,0,0,0,0,0,0,0,0,0,0,0,0
24,left,0.617347240447998,0.9282426834106445,5.238360927251051e-07,0.6420981287956238,0.898463785648346,-0.06348079442977905,0.6544874906539917,0.8823014497756958,-0.10529845207929611,0.671567976474762,0.8838515281677246,-0.13687437772750854,0.6911865472793579,0.8924708366394043,-0.16868475079536438,0.5787212252616882,0.9424079656600952,-0.10358679294586182,0.5341969728469849,0.9676300287246704,-0.13813580572605133,0.5000472664833069,0.9884182810783386,-0.15917624533176422,0.46977823972702026,1.0083531141281128,-0.17276011407375336,0.5559692978858948,0.9385865330696106,-0.08452238142490387,0.49985989928245544,0.9498240947723389,-0.11682526767253876,0.46009817719459534,0.9494056105613708,-0.13596211373806,0.4258287847042084,0.9487831592559814,-0.14970368146896362,0.5413186550140381,0.9271671175956726,-0.06637241691350937,0.4917824864387512,0.9267978668212891,-0.09005717188119888,0.4589049220085144,0.9151060581207275,-0.10504996031522751,0.43064624071121216,0.9051778316497803,-0.11500316858291626,0.533007025718689,0.913573145866394,-0.052319884300231934,0.49749475717544556,0.906547486782074,-0.06520666927099228,0.4732432961463928,0.8971197009086609,-0.07160510867834091,0.45277518033981323,0.8881187438964844,-0.07714629173278809
25,right,0,0,0,0,0,0,0,0,0,0,0,0,0,0,0,0,0,0,0,0,0,0,0,0,0,0,0,0,0,0,0,0,0,0,0,0,0,0,0,0,0,0,0,0,0,0,0,0,0,0,0,0,0,0,0,0,0,0,0,0,0,0,0
25,left,0.6195563673973083,0.8907883167266846,6.49870798952179e-07,0.6447577476501465,0.8662590980529785,-0.07689698785543442,0.6596375107765198,0.8643555045127869,-0.12775257229804993,0.6803617477416992,0.8851920366287231,-0.16615907847881317,0.7044637799263,0.9121264815330505,-0.20472559332847595,0.588714063167572,0.9355968236923218,-0.12558813393115997,0.5459400415420532,0.9643846750259399,-0.16694046556949615,0.5122822523117065,0.9850323796272278,-0.19164727628231049,0.48097267746925354,1.003197193145752,-0.20855671167373657,0.5628092885017395,0.9274981617927551,-0.10415349900722504,0.5099359154701233,0.9480158686637878,-0.14144916832447052,0.4704709053039551,0.9495038390159607,-0.1612970232963562,0.4354918301105499,0.9504873752593994,-0.1769510805606842,0.5451026558876038,0.9138590097427368,-0.08504505455493927,0.49589306116104126,0.9249979853630066,-0.1145792230963707,0.4605045020580292,0.9179060459136963,-0.13080750405788422,0.43025243282318115,0.9115440249443054,-0.1427612155675888,0.5339429974555969,0.8984115123748779,-0.0713534951210022,0.4948200583457947,0.9016479253768921,-0.09023568779230118,0.46614986658096313,0.8969047665596008,-0.100559301674366,0.44132041931152344,0.8897857069969177,-0.11001059412956238
26,right,0,0,0,0,0,0,0,0,0,0,0,0,0,0,0,0,0,0,0,0,0,0,0,0,0,0,0,0,0,0,0,0,0,0,0,0,0,0,0,0,0,0,0,0,0,0,0,0,0,0,0,0,0,0,0,0,0,0,0,0,0,0,0
26,left,0,0,0,0,0,0,0,0,0,0,0,0,0,0,0,0,0,0,0,0,0,0,0,0,0,0,0,0,0,0,0,0,0,0,0,0,0,0,0,0,0,0,0,0,0,0,0,0,0,0,0,0,0,0,0,0,0,0,0,0,0,0,0
27,right,0,0,0,0,0,0,0,0,0,0,0,0,0,0,0,0,0,0,0,0,0,0,0,0,0,0,0,0,0,0,0,0,0,0,0,0,0,0,0,0,0,0,0,0,0,0,0,0,0,0,0,0,0,0,0,0,0,0,0,0,0,0,0
27,left,0,0,0,0,0,0,0,0,0,0,0,0,0,0,0,0,0,0,0,0,0,0,0,0,0,0,0,0,0,0,0,0,0,0,0,0,0,0,0,0,0,0,0,0,0,0,0,0,0,0,0,0,0,0,0,0,0,0,0,0,0,0,0
28,right,0,0,0,0,0,0,0,0,0,0,0,0,0,0,0,0,0,0,0,0,0,0,0,0,0,0,0,0,0,0,0,0,0,0,0,0,0,0,0,0,0,0,0,0,0,0,0,0,0,0,0,0,0,0,0,0,0,0,0,0,0,0,0
28,left,0,0,0,0,0,0,0,0,0,0,0,0,0,0,0,0,0,0,0,0,0,0,0,0,0,0,0,0,0,0,0,0,0,0,0,0,0,0,0,0,0,0,0,0,0,0,0,0,0,0,0,0,0,0,0,0,0,0,0,0,0,0,0
29,right,0,0,0,0,0,0,0,0,0,0,0,0,0,0,0,0,0,0,0,0,0,0,0,0,0,0,0,0,0,0,0,0,0,0,0,0,0,0,0,0,0,0,0,0,0,0,0,0,0,0,0,0,0,0,0,0,0,0,0,0,0,0,0
29,left,0,0,0,0,0,0,0,0,0,0,0,0,0,0,0,0,0,0,0,0,0,0,0,0,0,0,0,0,0,0,0,0,0,0,0,0,0,0,0,0,0,0,0,0,0,0,0,0,0,0,0,0,0,0,0,0,0,0,0,0,0,0,0
30,right,0,0,0,0,0,0,0,0,0,0,0,0,0,0,0,0,0,0,0,0,0,0,0,0,0,0,0,0,0,0,0,0,0,0,0,0,0,0,0,0,0,0,0,0,0,0,0,0,0,0,0,0,0,0,0,0,0,0,0,0,0,0,0
30,left,0.6174301505088806,0.9402382373809814,5.030437364439422e-07,0.632637083530426,0.912248432636261,-0.05113622173666954,0.6340919733047485,0.8970641493797302,-0.08473163098096848,0.6378949880599976,0.894140899181366,-0.11035720258951187,0.6410717368125916,0.9044758081436157,-0.13654562830924988,0.5729557871818542,0.930844247341156,-0.08413194864988327,0.5265592336654663,0.9387917518615723,-0.11406958103179932,0.4909566044807434,0.9461002349853516,-0.1330549567937851,0.46336671710014343,0.9498335719108582,-0.1456701159477234,0.5517095327377319,0.9448229670524597,-0.07016396522521973,0.4995807111263275,0.9524220824241638,-0.09911593794822693,0.4597480297088623,0.9476732015609741,-0.11724455654621124,0.42633169889450073,0.9410613179206848,-0.13036313652992249,0.5381367802619934,0.9531636238098145,-0.0570882111787796,0.48767831921577454,0.9535582661628723,-0.07930242270231247,0.453414648771286,0.9423997402191162,-0.09455113112926483,0.42513754963874817,0.9301961660385132,-0.10461639612913132,0.5312511920928955,0.9562243223190308,-0.04719970375299454,0.49345192313194275,0.9463380575180054,-0.06234051287174225,0.46598467230796814,0.9337954521179199,-0.07199453562498093,0.4428495466709137,0.9193152785301208,-0.07931043952703476
31,right,0,0,0,0,0,0,0,0,0,0,0,0,0,0,0,0,0,0,0,0,0,0,0,0,0,0,0,0,0,0,0,0,0,0,0,0,0,0,0,0,0,0,0,0,0,0,0,0,0,0,0,0,0,0,0,0,0,0,0,0,0,0,0
31,left,0,0,0,0,0,0,0,0,0,0,0,0,0,0,0,0,0,0,0,0,0,0,0,0,0,0,0,0,0,0,0,0,0,0,0,0,0,0,0,0,0,0,0,0,0,0,0,0,0,0,0,0,0,0,0,0,0,0,0,0,0,0,0
32,right,0,0,0,0,0,0,0,0,0,0,0,0,0,0,0,0,0,0,0,0,0,0,0,0,0,0,0,0,0,0,0,0,0,0,0,0,0,0,0,0,0,0,0,0,0,0,0,0,0,0,0,0,0,0,0,0,0,0,0,0,0,0,0
32,left,0,0,0,0,0,0,0,0,0,0,0,0,0,0,0,0,0,0,0,0,0,0,0,0,0,0,0,0,0,0,0,0,0,0,0,0,0,0,0,0,0,0,0,0,0,0,0,0,0,0,0,0,0,0,0,0,0,0,0,0,0,0,0
33,right,0,0,0,0,0,0,0,0,0,0,0,0,0,0,0,0,0,0,0,0,0,0,0,0,0,0,0,0,0,0,0,0,0,0,0,0,0,0,0,0,0,0,0,0,0,0,0,0,0,0,0,0,0,0,0,0,0,0,0,0,0,0,0
33,left,0,0,0,0,0,0,0,0,0,0,0,0,0,0,0,0,0,0,0,0,0,0,0,0,0,0,0,0,0,0,0,0,0,0,0,0,0,0,0,0,0,0,0,0,0,0,0,0,0,0,0,0,0,0,0,0,0,0,0,0,0,0,0
34,right,0,0,0,0,0,0,0,0,0,0,0,0,0,0,0,0,0,0,0,0,0,0,0,0,0,0,0,0,0,0,0,0,0,0,0,0,0,0,0,0,0,0,0,0,0,0,0,0,0,0,0,0,0,0,0,0,0,0,0,0,0,0,0
34,left,0,0,0,0,0,0,0,0,0,0,0,0,0,0,0,0,0,0,0,0,0,0,0,0,0,0,0,0,0,0,0,0,0,0,0,0,0,0,0,0,0,0,0,0,0,0,0,0,0,0,0,0,0,0,0,0,0,0,0,0,0,0,0
35,right,0,0,0,0,0,0,0,0,0,0,0,0,0,0,0,0,0,0,0,0,0,0,0,0,0,0,0,0,0,0,0,0,0,0,0,0,0,0,0,0,0,0,0,0,0,0,0,0,0,0,0,0,0,0,0,0,0,0,0,0,0,0,0
35,left,0,0,0,0,0,0,0,0,0,0,0,0,0,0,0,0,0,0,0,0,0,0,0,0,0,0,0,0,0,0,0,0,0,0,0,0,0,0,0,0,0,0,0,0,0,0,0,0,0,0,0,0,0,0,0,0,0,0,0,0,0,0,0
36,right,0,0,0,0,0,0,0,0,0,0,0,0,0,0,0,0,0,0,0,0,0,0,0,0,0,0,0,0,0,0,0,0,0,0,0,0,0,0,0,0,0,0,0,0,0,0,0,0,0,0,0,0,0,0,0,0,0,0,0,0,0,0,0
36,left,0,0,0,0,0,0,0,0,0,0,0,0,0,0,0,0,0,0,0,0,0,0,0,0,0,0,0,0,0,0,0,0,0,0,0,0,0,0,0,0,0,0,0,0,0,0,0,0,0,0,0,0,0,0,0,0,0,0,0,0,0,0,0
