1,right,0,0,0,0,0,0,0,0,0,0,0,0,0,0,0,0,0,0,0,0,0,0,0,0,0,0,0,0,0,0,0,0,0,0,0,0,0,0,0,0,0,0,0,0,0,0,0,0,0,0,0,0,0,0,0,0,0,0,0,0,0,0,0
1,left,0,0,0,0,0,0,0,0,0,0,0,0,0,0,0,0,0,0,0,0,0,0,0,0,0,0,0,0,0,0,0,0,0,0,0,0,0,0,0,0,0,0,0,0,0,0,0,0,0,0,0,0,0,0,0,0,0,0,0,0,0,0,0
2,right,0,0,0,0,0,0,0,0,0,0,0,0,0,0,0,0,0,0,0,0,0,0,0,0,0,0,0,0,0,0,0,0,0,0,0,0,0,0,0,0,0,0,0,0,0,0,0,0,0,0,0,0,0,0,0,0,0,0,0,0,0,0,0
2,left,0,0,0,0,0,0,0,0,0,0,0,0,0,0,0,0,0,0,0,0,0,0,0,0,0,0,0,0,0,0,0,0,0,0,0,0,0,0,0,0,0,0,0,0,0,0,0,0,0,0,0,0,0,0,0,0,0,0,0,0,0,0,0
3,right,0,0,0,0,0,0,0,0,0,0,0,0,0,0,0,0,0,0,0,0,0,0,0,0,0,0,0,0,0,0,0,0,0,0,0,0,0,0,0,0,0,0,0,0,0,0,0,0,0,0,0,0,0,0,0,0,0,0,0,0,0,0,0
3,left,0,0,0,0,0,0,0,0,0,0,0,0,0,0,0,0,0,0,0,0,0,0,0,0,0,0,0,0,0,0,0,0,0,0,0,0,0,0,0,0,0,0,0,0,0,0,0,0,0,0,0,0,0,0,0,0,0,0,0,0,0,0,0
4,right,0,0,0,0,0,0,0,0,0,0,0,0,0,0,0,0,0,0,0,0,0,0,0,0,0,0,0,0,0,0,0,0,0,0,0,0,0,0,0,0,0,0,0,0,0,0,0,0,0,0,0,0,0,0,0,0,0,0,0,0,0,0,0
4,left,0,0,0,0,0,0,0,0,0,0,0,0,0,0,0,0,0,0,0,0,0,0,0,0,0,0,0,0,0,0,0,0,0,0,0,0,0,0,0,0,0,0,0,0,0,0,0,0,0,0,0,0,0,0,0,0,0,0,0,0,0,0,0
5,right,0,0,0,0,0,0,0,0,0,0,0,0,0,0,0,0,0,0,0,0,0,0,0,0,0,0,0,0,0,0,0,0,0,0,0,0,0,0,0,0,0,0,0,0,0,0,0,0,0,0,0,0,0,0,0,0,0,0,0,0,0,0,0
5,left,0,0,0,0,0,0,0,0,0,0,0,0,0,0,0,0,0,0,0,0,0,0,0,0,0,0,0,0,0,0,0,0,0,0,0,0,0,0,0,0,0,0,0,0,0,0,0,0,0,0,0,0,0,0,0,0,0,0,0,0,0,0,0
6,right,0,0,0,0,0,0,0,0,0,0,0,0,0,0,0,0,0,0,0,0,0,0,0,0,0,0,0,0,0,0,0,0,0,0,0,0,0,0,0,0,0,0,0,0,0,0,0,0,0,0,0,0,0,0,0,0,0,0,0,0,0,0,0
6,left,0,0,0,0,0,0,0,0,0,0,0,0,0,0,0,0,0,0,0,0,0,0,0,0,0,0,0,0,0,0,0,0,0,0,0,0,0,0,0,0,0,0,0,0,0,0,0,0,0,0,0,0,0,0,0,0,0,0,0,0,0,0,0
7,right,0.26738932728767395,0.7503857612609863,2.3022531081551278e-07,0.32617342472076416,0.700626015663147,0.007096347864717245,0.38777291774749756,0.6779851317405701,-0.0014272087719291449,0.43882349133491516,0.682255208492279,-0.013531590811908245,0.4741867482662201,0.6970571875572205,-0.025783779099583626,0.3845662772655487,0.6162711977958679,-0.021740896627306938,0.4335753917694092,0.5690211653709412,-0.04238511621952057,0.46929609775543213,0.5659207105636597,-0.055082399398088455,0.49974608421325684,0.572767436504364,-0.06300365924835205,0.36875852942466736,0.6380615830421448,-0.037855759263038635,0.4313516616821289,0.6541798114776611,-0.06132212281227112,0.4635753333568573,0.6979308128356934,-0.06897711008787155,0.48495545983314514,0.7386455535888672,-0.07271628081798553,0.35226309299468994,0.6756122708320618,-0.05288458243012428,0.4145970642566681,0.6980783343315125,-0.07390236109495163,0.44617095589637756,0.7299810647964478,-0.07637250423431396,0.46699845790863037,0.7570674419403076,-0.0761234387755394,0.3387325406074524,0.7185841798782349,-0.06695559620857239,0.38822296261787415,0.7355751395225525,-0.07703036069869995,0.41299617290496826,0.7543211579322815,-0.07373780012130737,0.43222829699516296,0.7684732675552368,-0.07040462642908096
7,left,0,0,0,0,0,0,0,0,0,0,0,0,0,0,0,0,0,0,0,0,0,0,0,0,0,0,0,0,0,0,0,0,0,0,0,0,0,0,0,0,0,0,0,0,0,0,0,0,0,0,0,0,0,0,0,0,0,0,0,0,0,0,0
8,right,0.3109605312347412,0.7046781778335571,3.261898768869287e-07,0.3756215572357178,0.6844857931137085,0.0008080681436695158,0.43269482254981995,0.6587736010551453,-0.009697003290057182,0.4800277054309845,0.6457353234291077,-0.02226567454636097,0.5137069821357727,0.6467971801757812,-0.03381766006350517,0.423031210899353,0.5798735022544861,-0.027057141065597534,0.475372314453125,0.5469666123390198,-0.051321640610694885,0.5121214985847473,0.5482826232910156,-0.06612473726272583,0.5430864095687866,0.555321991443634,-0.0755198746919632,0.40465766191482544,0.5943851470947266,-0.03997426480054855,0.47701016068458557,0.6396915912628174,-0.06709369271993637,0.5071700811386108,0.6848196983337402,-0.0752677246928215,0.5293087363243103,0.7186779379844666,-0.07871643453836441,0.38852545619010925,0.6262103915214539,-0.052849430590867996,0.4576722979545593,0.6732940673828125,-0.07574297487735748,0.4933128356933594,0.7096594572067261,-0.07748429477214813,0.5195719003677368,0.7355891466140747,-0.076309435069561,0.3777066469192505,0.6658946871757507,-0.06562204658985138,0.4297032356262207,0.6966893672943115,-0.07716930657625198,0.45590752363204956,0.7151584625244141,-0.0753529891371727,0.4781884551048279,0.7263063192367554,-0.07311137020587921
8,left,0,0,0,0,0,0,0,0,0,0,0,0,0,0,0,0,0,0,0,0,0,0,0,0,0,0,0,0,0,0,0,0,0,0,0,0,0,0,0,0,0,0,0,0,0,0,0,0,0,0,0,0,0,0,0,0,0,0,0,0,0,0,0
9,right,0.3410343527793884,0.6853902339935303,2.342446805414511e-07,0.4101937711238861,0.6957908272743225,0.007858756929636002,0.458376944065094,0.6699509024620056,-0.00040104208164848387,0.4908105432987213,0.6506072282791138,-0.014096460305154324,0.5110849738121033,0.6389464139938354,-0.029164059087634087,0.4551956355571747,0.5671733617782593,-0.018649034202098846,0.5142579078674316,0.5434284210205078,-0.0399005152285099,0.5486917495727539,0.5504768490791321,-0.05296173691749573,0.5762302279472351,0.5624170303344727,-0.0620330348610878,0.4376968741416931,0.5732277631759644,-0.037161685526371,0.5118235945701599,0.627314567565918,-0.0649816244840622,0.5320197343826294,0.6771235466003418,-0.07392404973506927,0.5464476346969604,0.712068498134613,-0.07782401889562607,0.4210031032562256,0.5989269614219666,-0.0553804486989975,0.49460145831108093,0.6488719582557678,-0.07881880551576614,0.5217893123626709,0.6913660168647766,-0.08102411776781082,0.5410323739051819,0.720987856388092,-0.0808369517326355,0.4084755778312683,0.6365958452224731,-0.07298971712589264,0.465359091758728,0.6592079401016235,-0.08629109710454941,0.4999946057796478,0.6785523295402527,-0.086151622235775,0.5306441187858582,0.6943790316581726,-0.08594348281621933
9,left,0.6418063044548035,0.9735890626907349,2.3011068606137997e-09,0.6634535789489746,0.9174432158470154,-0.031042875722050667,0.6726400852203369,0.8661841750144958,-0.05438651517033577,0.6951690912246704,0.8452208638191223,-0.07254168391227722,0.7326947450637817,0.8551205992698669,-0.09136100113391876,0.6178567409515381,0.9243762493133545,-0.0635271668434143,0.5737890601158142,0.9311774969100952,-0.0876983180642128,0.5393487215042114,0.9374141693115234,-0.10455761104822159,0.5043497085571289,0.9387258291244507,-0.11607285588979721,0.5811504125595093,0.9358522295951843,-0.05484557896852493,0.524665355682373,0.9298322200775146,-0.073154017329216,0.48855018615722656,0.9255900382995605,-0.08237483352422714,0.45887500047683716,0.9188017249107361,-0.09053898602724075,0.5538638830184937,0.9337623119354248,-0.04521973058581352,0.49952492117881775,0.9143697619438171,-0.056255463510751724,0.4660126566886902,0.9002427458763123,-0.061025314033031464,0.43801379203796387,0.886116623878479,-0.0647476390004158,0.537097156047821,0.9264029264450073,-0.03799991309642792,0.49695852398872375,0.9043452143669128,-0.03942710906267166,0.469940721988678,0.8904365301132202,-0.03592809662222862,0.4469197988510132,0.8778193593025208,-0.03480305150151253
10,right,0.3675050735473633,0.6728418469429016,1.468416996885935e-07,0.4289831519126892,0.6866316795349121,0.012292315252125263,0.47818243503570557,0.6734383702278137,0.004408663138747215,0.5169988870620728,0.6677243113517761,-0.00938613060861826,0.5433785915374756,0.6673802137374878,-0.024393975734710693,0.48278725147247314,0.571210503578186,-0.017255907878279686,0.5454214811325073,0.5571717023849487,-0.03871874511241913,0.5771573185920715,0.5692836046218872,-0.05230438709259033,0.6018019318580627,0.5836383700370789,-0.06213047355413437,0.46850597858428955,0.5743191838264465,-0.03770221769809723,0.5399506688117981,0.6349062323570251,-0.06287329643964767,0.5554814338684082,0.6887906193733215,-0.0712297186255455,0.5652331113815308,0.7275924682617188,-0.07623254507780075,0.4534982442855835,0.5986443161964417,-0.057325974106788635,0.5272272825241089,0.6533430814743042,-0.0783860981464386,0.5482877492904663,0.7004069685935974,-0.07809264212846756,0.5627668499946594,0.7345172166824341,-0.07748117297887802,0.4425138533115387,0.6360192894935608,-0.07592697441577911,0.5000904202461243,0.6615363359451294,-0.08850544691085815,0.5331984162330627,0.6829389929771423,-0.08690854907035828,0.5627059936523438,0.7012626528739929,-0.08614090830087662
10,left,0.6505918502807617,0.9324991703033447,4.2566756519590854e-07,0.6724348068237305,0.8783202171325684,-0.0489678829908371,0.6750028133392334,0.8347830176353455,-0.081559918820858,0.6927205920219421,0.8212752938270569,-0.10467670112848282,0.7274549603462219,0.8251658082008362,-0.1278330683708191,0.6173158288002014,0.8969106674194336,-0.09417005628347397,0.5642575621604919,0.9017587304115295,-0.12432217597961426,0.5277396440505981,0.908402144908905,-0.14177434146404266,0.4951494336128235,0.9162833094596863,-0.15234126150608063,0.588174045085907,0.9144328832626343,-0.07726142555475235,0.5266715288162231,0.8971204161643982,-0.10291755944490433,0.48262542486190796,0.8791434168815613,-0.11504288017749786,0.44738882780075073,0.8698906898498535,-0.12313906103372574,0.5678204298019409,0.9196540713310242,-0.05960064381361008,0.5141519904136658,0.8966991901397705,-0.07625611126422882,0.4798796474933624,0.8759334683418274,-0.08687662333250046,0.4537145495414734,0.8638120889663696,-0.0932944044470787,0.5541601777076721,0.9184409976005554,-0.045139722526073456,0.5187605023384094,0.8979082703590393,-0.054354164749383926,0.4920029044151306,0.883990466594696,-0.058707304298877716,0.4715481996536255,0.8744800686836243,-0.061821348965168
11,right,0.3868778944015503,0.665450394153595,6.60980745692541e-08,0.4466233253479004,0.6820053458213806,0.013631739653646946,0.5021231174468994,0.6842858195304871,0.009538410231471062,0.5430381298065186,0.6924309134483337,-0.0013525077374652028,0.5703305006027222,0.7010100483894348,-0.013319700956344604,0.5091912746429443,0.5850356221199036,-0.009291846305131912,0.5759007334709167,0.5851274728775024,-0.02526315301656723,0.6025993227958679,0.6028769016265869,-0.03470133990049362,0.6223011612892151,0.6156255602836609,-0.04189898446202278,0.4977772533893585,0.5838921666145325,-0.030252408236265182,0.5634183287620544,0.6357383728027344,-0.04959942027926445,0.5835440158843994,0.6808562278747559,-0.05697311833500862,0.597659170627594,0.7130618691444397,-0.06271616369485855,0.4831463396549225,0.604210376739502,-0.05046828091144562,0.5448113679885864,0.674015462398529,-0.07065507024526596,0.5588432550430298,0.7233225107192993,-0.07090842723846436,0.5676330924034119,0.7560688257217407,-0.07031643390655518,0.469232439994812,0.6375393271446228,-0.06956943869590759,0.5235779881477356,0.6764140725135803,-0.0832628533244133,0.5557568073272705,0.7081122398376465,-0.08161354809999466,0.5809866189956665,0.7355782389640808,-0.08034849911928177
11,left,0.6525979042053223,0.9292839765548706,6.42181817056553e-07,0.6708553433418274,0.8720287084579468,-0.051494184881448746,0.671222448348999,0.8330270051956177,-0.08642781525850296,0.6886180639266968,0.821100115776062,-0.11251839250326157,0.7213464379310608,0.8211584687232971,-0.13855279982089996,0.613309919834137,0.8968226313591003,-0.09553049504756927,0.5599938035011292,0.8971860408782959,-0.12769271433353424,0.5231389999389648,0.903465747833252,-0.1461184322834015,0.4894813299179077,0.9126931428909302,-0.15743422508239746,0.5876595377922058,0.916467010974884,-0.07933728396892548,0.5250239372253418,0.8936350345611572,-0.10785698890686035,0.4794778823852539,0.8721767067909241,-0.1214636042714119,0.4429778456687927,0.8589367270469666,-0.13004255294799805,0.5707780122756958,0.9231938719749451,-0.06290450692176819,0.5164344906806946,0.8980955481529236,-0.08130776137113571,0.48315924406051636,0.8778887987136841,-0.09093035012483597,0.4580402374267578,0.8654058575630188,-0.09621370583772659,0.5605267286300659,0.9235707521438599,-0.050248000770807266,0.5258359909057617,0.9027965068817139,-0.06081191822886467,0.49869659543037415,0.8875150084495544,-0.06545184552669525,0.4769148826599121,0.8754562735557556,-0.06836235523223877
12,right,0.3747587203979492,0.732670783996582,1.4468271558598644e-07,0.4259980320930481,0.734251081943512,0.013525332324206829,0.4766395390033722,0.7255173921585083,0.009378865361213684,0.5120706558227539,0.726526141166687,-0.0003747641167137772,0.538368284702301,0.734872043132782,-0.011935208924114704,0.5008055567741394,0.6506289839744568,-0.010202053003013134,0.5669420957565308,0.64704829454422,-0.02460709773004055,0.6055535078048706,0.6590244174003601,-0.03507476672530174,0.634545087814331,0.6763915419578552,-0.04256177693605423,0.4914343059062958,0.6616154909133911,-0.029392868280410767,0.555616021156311,0.7329855561256409,-0.0463053397834301,0.5762916803359985,0.7857422828674316,-0.056097500026226044,0.5899806618690491,0.8236362338066101,-0.06292548775672913,0.4789808392524719,0.6906806826591492,-0.046975065022706985,0.5451890230178833,0.7463528513908386,-0.059502601623535156,0.5673436522483826,0.7923351526260376,-0.061143986880779266,0.582961916923523,0.8235294818878174,-0.06329264491796494,0.4684848189353943,0.7272264957427979,-0.06362245231866837,0.5146034955978394,0.7400769591331482,-0.07040157169103622,0.540665864944458,0.7570669651031494,-0.06711482256650925,0.5645607113838196,0.7718810439109802,-0.06526654213666916
12,left,0.6491262316703796,0.9247302412986755,7.085346851454233e-07,0.6642154455184937,0.8682193756103516,-0.05318448692560196,0.664569616317749,0.8305935859680176,-0.08957590907812119,0.6839370727539062,0.8194071650505066,-0.1168215349316597,0.7174293398857117,0.8205816149711609,-0.14452877640724182,0.6065999269485474,0.8909355998039246,-0.09673133492469788,0.5574707984924316,0.8899993896484375,-0.12979008257389069,0.5202932953834534,0.8936398029327393,-0.1493443250656128,0.48687291145324707,0.899647057056427,-0.1614445000886917,0.5824722647666931,0.9120994806289673,-0.08084537088871002,0.5189169645309448,0.8891323804855347,-0.11046524345874786,0.4712803363800049,0.8686602115631104,-0.12576286494731903,0.43308889865875244,0.8542664647102356,-0.13547025620937347,0.5658963918685913,0.9202894568443298,-0.0648755431175232,0.5102141499519348,0.8946994543075562,-0.08480989187955856,0.4702851474285126,0.8720747828483582,-0.09745589643716812,0.43883103132247925,0.8545233607292175,-0.10501410812139511,0.5563998222351074,0.9231717586517334,-0.052524711936712265,0.5203571915626526,0.9008564352989197,-0.06421440094709396,0.49140995740890503,0.8848418593406677,-0.0700925961136818,0.4670451879501343,0.8706003427505493,-0.0741405189037323
13,right,0.3593848943710327,0.7617745399475098,1.860525031815996e-07,0.4126359224319458,0.7586857080459595,0.02433466538786888,0.4689197540283203,0.7431725859642029,0.023566339164972305,0.5100033283233643,0.7451016306877136,0.01595977321267128,0.5379021763801575,0.7584234476089478,0.006276917643845081,0.4983687102794647,0.6767504215240479,-0.010198784060776234,0.5693585872650146,0.6749515533447266,-0.025790449231863022,0.6104311347007751,0.6907588243484497,-0.03582051768898964,0.6390920281410217,0.710802435874939,-0.042497098445892334,0.4860535264015198,0.6832967400550842,-0.03402240574359894,0.5603734254837036,0.7581114172935486,-0.05068213492631912,0.575150191783905,0.812741756439209,-0.05586056411266327,0.5822883248329163,0.8461241722106934,-0.05837378278374672,0.4716811180114746,0.7148634791374207,-0.05515458807349205,0.5504796504974365,0.7670557498931885,-0.06633256375789642,0.5769204497337341,0.8149288892745972,-0.06350705027580261,0.5948010683059692,0.8464008569717407,-0.06227321922779083,0.460059255361557,0.7558675408363342,-0.0742335096001625,0.5178609490394592,0.7740533947944641,-0.08114553987979889,0.5479162335395813,0.7936650514602661,-0.07681579142808914,0.5756212472915649,0.8103621006011963,-0.07328823208808899
13,left,0.6435490250587463,0.9195907115936279,-4.470968317793478e-10,0.6717376708984375,0.8716098070144653,-0.04257296025753021,0.6772321462631226,0.8274388313293457,-0.07290475070476532,0.7004393935203552,0.8139570951461792,-0.09615001082420349,0.7294346690177917,0.8275008797645569,-0.1221901997923851,0.6109817624092102,0.8657845258712769,-0.07446684688329697,0.5654796957969666,0.8876555562019348,-0.10021951049566269,0.5301715731620789,0.8957467079162598,-0.1229453906416893,0.49489331245422363,0.8987977504730225,-0.14036081731319427,0.5783949494361877,0.8679783940315247,-0.05988794565200806,0.5160341262817383,0.8782458901405334,-0.08043269068002701,0.4759965240955353,0.8803181648254395,-0.09987040609121323,0.438668429851532,0.8784289360046387,-0.11846891790628433,0.5559878349304199,0.8603605031967163,-0.044179148972034454,0.5022122859954834,0.8455604314804077,-0.058386314660310745,0.46955326199531555,0.8361306190490723,-0.07092341780662537,0.44174736738204956,0.830083966255188,-0.08213246613740921,0.5437275171279907,0.8477599620819092,-0.03114621341228485,0.5028266310691833,0.8236162066459656,-0.03484095260500908,0.47758305072784424,0.8092805743217468,-0.03525394946336746,0.4579876661300659,0.799593985080719,-0.03912831097841263
14,right,0.3536889851093292,0.7694416046142578,1.9126810002489947e-07,0.4111189842224121,0.7635488510131836,0.028300203382968903,0.46815723180770874,0.7540513873100281,0.030193796381354332,0.5087029933929443,0.7613147497177124,0.024441318586468697,0.5392608642578125,0.7799902558326721,0.016874555498361588,0.49728140234947205,0.6775833964347839,6.26676992396824e-05,0.5694720149040222,0.6780886650085449,-0.01167134940624237,0.6083449721336365,0.6959867477416992,-0.019667379558086395,0.6359754204750061,0.7176713347434998,-0.02497873269021511,0.48732370138168335,0.6867184638977051,-0.024264123290777206,0.5605623722076416,0.759449303150177,-0.03621122986078262,0.5783604383468628,0.8136177659034729,-0.04173574969172478,0.5882371068000793,0.8500716686248779,-0.04548225551843643,0.47509461641311646,0.7184529304504395,-0.04579989239573479,0.5513684153556824,0.7710334062576294,-0.053831543773412704,0.580501914024353,0.8213607668876648,-0.053526002913713455,0.6010193228721619,0.8583003282546997,-0.054375145584344864,0.4647456109523773,0.7586185932159424,-0.064900241792202,0.5265530347824097,0.7821170091629028,-0.06804921478033066,0.5586254000663757,0.8068802356719971,-0.063440702855587,0.5872678756713867,0.8276004195213318,-0.060205698013305664
14,left,0.6773695945739746,0.8971378207206726,-8.372298054837302e-08,0.6776266098022461,0.8755894899368286,-0.03876062482595444,0.671697199344635,0.8374319076538086,-0.06348292529582977,0.693680465221405,0.8217310905456543,-0.08198516815900803,0.7254815101623535,0.8330962061882019,-0.10298052430152893,0.615837812423706,0.8580893278121948,-0.06546080857515335,0.5637165307998657,0.8853248953819275,-0.09213750064373016,0.5266210436820984,0.8935292959213257,-0.11367423087358475,0.4951554834842682,0.895744800567627,-0.12899218499660492,0.6059158444404602,0.8274050354957581,-0.05340706557035446,0.5414936542510986,0.822105884552002,-0.07365705072879791,0.5078219771385193,0.8192237615585327,-0.0888713151216507,0.4783245027065277,0.8173414468765259,-0.10216209292411804,0.6065943837165833,0.7961939573287964,-0.04149286448955536,0.5546754002571106,0.769576370716095,-0.059277571737766266,0.5232842564582825,0.7552543878555298,-0.07230804115533829,0.49745696783065796,0.7446019053459167,-0.08162450045347214,0.6125036478042603,0.7701745629310608,-0.031793784350156784,0.5772058963775635,0.7406225800514221,-0.04234085977077484,0.5548546314239502,0.7268897294998169,-0.0460546612739563,0.5395863056182861,0.718723714351654,-0.04979170113801956
15,right,0.3530846834182739,0.7739961743354797,1.627968941875224e-07,0.4105445444583893,0.7582221031188965,0.033557094633579254,0.4665730595588684,0.7460246086120605,0.03702497482299805,0.5059754848480225,0.7519811987876892,0.03183198720216751,0.5359175801277161,0.7708733677864075,0.024533379822969437,0.4970667362213135,0.6782524585723877,0.003967990633100271,0.569828987121582,0.6802802085876465,-0.006123838480561972,0.6080795526504517,0.6988049745559692,-0.012995963916182518,0.6349666714668274,0.7210977673530579,-0.017749181017279625,0.48687058687210083,0.689511775970459,-0.022863103076815605,0.559779942035675,0.7621300220489502,-0.03282374143600464,0.5787531137466431,0.8140094876289368,-0.03773121535778046,0.590329647064209,0.8499270081520081,-0.0417151153087616,0.47503983974456787,0.7227209210395813,-0.046447329223155975,0.551198422908783,0.774945080280304,-0.05195105820894241,0.5835779905319214,0.8224119544029236,-0.05153677612543106,0.608080267906189,0.8577549457550049,-0.05340301990509033,0.465642511844635,0.7644497156143188,-0.06725204735994339,0.5291959047317505,0.7893661856651306,-0.06810379773378372,0.563808798789978,0.8141227960586548,-0.0628741905093193,0.5953676700592041,0.8353630900382996,-0.060015253722667694
15,left,0.6501896977424622,0.9394669532775879,2.74821900347888e-07,0.670421838760376,0.8848442435264587,-0.038958024233579636,0.6709950566291809,0.8360666632652283,-0.0658862292766571,0.6868353486061096,0.8181099891662598,-0.08442820608615875,0.7189418077468872,0.8292590975761414,-0.10342780500650406,0.6157598495483398,0.8935860395431519,-0.08109822124242783,0.5670262575149536,0.9013837575912476,-0.10424605756998062,0.5283313989639282,0.9077006578445435,-0.1193082258105278,0.49005359411239624,0.914050817489624,-0.12955628335475922,0.5842448472976685,0.90957111120224,-0.0657728910446167,0.5201936960220337,0.9009156227111816,-0.08591733872890472,0.47511953115463257,0.8876113295555115,-0.09747613966464996,0.4365898370742798,0.8796014189720154,-0.10660926252603531,0.5628700256347656,0.9111996293067932,-0.04781247302889824,0.5079233646392822,0.8932276964187622,-0.05810059607028961,0.4745297133922577,0.8746852874755859,-0.06536897271871567,0.4473728835582733,0.8616213202476501,-0.07066556066274643,0.5496509075164795,0.9070518612861633,-0.0322684682905674,0.513658881187439,0.8896574974060059,-0.034071311354637146,0.4878084659576416,0.8765665888786316,-0.03318813815712929,0.46547892689704895,0.8654102683067322,-0.03371097892522812
16,right,0.34823399782180786,0.7789996862411499,2.2734812432645413e-07,0.40715229511260986,0.7629390358924866,0.029345476999878883,0.4638561010360718,0.7483760714530945,0.03089861012995243,0.5044082403182983,0.7536119818687439,0.024926600977778435,0.5348646640777588,0.7707470059394836,0.017123067751526833,0.49365177750587463,0.6805580258369446,-0.0007679233676753938,0.5658537149429321,0.6792903542518616,-0.013297652825713158,0.6049773693084717,0.6981577277183533,-0.021764149889349937,0.6318010091781616,0.7215302586555481,-0.027469661086797714,0.4830981194972992,0.692764937877655,-0.025692975148558617,0.559167742729187,0.7597905993461609,-0.03700144961476326,0.582533061504364,0.8131982684135437,-0.04250333085656166,0.5968334078788757,0.850897490978241,-0.046778131276369095,0.4692594110965729,0.7250831127166748,-0.04770178720355034,0.5456634163856506,0.7742093205451965,-0.05489879474043846,0.5794086456298828,0.8218179941177368,-0.05448758974671364,0.6050382852554321,0.8579015731811523,-0.05601814016699791,0.4564538598060608,0.7660194039344788,-0.06718868017196655,0.5152957439422607,0.7891992330551147,-0.06891379505395889,0.5473029017448425,0.8098987936973572,-0.06351322680711746,0.5768488645553589,0.8265160322189331,-0.06038585305213928
16,left,0.6343375444412231,0.9297036528587341,2.8784606698195603e-08,0.6613518595695496,0.8808467388153076,-0.03399142622947693,0.6702957153320312,0.8359517455101013,-0.061769235879182816,0.6953929662704468,0.8210411667823792,-0.0829971581697464,0.729535698890686,0.8373631834983826,-0.1068882942199707,0.616175651550293,0.8792181611061096,-0.07596661150455475,0.5688061118125916,0.8962993621826172,-0.1044459193944931,0.532058835029602,0.9063941240310669,-0.12609423696994781,0.49487265944480896,0.9141233563423157,-0.14068517088890076,0.5808877348899841,0.8849099278450012,-0.06437144428491592,0.5177391767501831,0.8866807222366333,-0.08580834418535233,0.4738004207611084,0.8869195580482483,-0.10061915218830109,0.43536433577537537,0.889872133731842,-0.11369694024324417,0.5555786490440369,0.8814512491226196,-0.05048217996954918,0.5001850128173828,0.8662096858024597,-0.06352104246616364,0.46758225560188293,0.8570888638496399,-0.07096545398235321,0.4409366846084595,0.8508355021476746,-0.0770135298371315,0.54007887840271,0.871868371963501,-0.03841543197631836,0.5000991821289062,0.8558654189109802,-0.040210604667663574,0.47358277440071106,0.8476225733757019,-0.036707744002342224,0.45175331830978394,0.84056156873703,-0.036278318613767624
17,right,0.3456781506538391,0.7909658551216125,2.885793719542562e-07,0.4018044173717499,0.7609115242958069,0.022831467911601067,0.45582565665245056,0.7358700633049011,0.01958921179175377,0.4968348741531372,0.7310783863067627,0.010194005444645882,0.528430700302124,0.7383733987808228,-0.0006117006414569914,0.4817638397216797,0.6742107272148132,-0.013430789113044739,0.5540959239006042,0.6638889908790588,-0.03280829265713692,0.5949283838272095,0.6834985613822937,-0.045562196522951126,0.6221560835838318,0.7071331143379211,-0.053191691637039185,0.470073401927948,0.6896730661392212,-0.03614469990134239,0.5499213337898254,0.743323028087616,-0.05196409672498703,0.5769675970077515,0.7874768376350403,-0.05797949433326721,0.5925723314285278,0.8175234794616699,-0.062320396304130554,0.4560191035270691,0.7237181067466736,-0.05634321644902229,0.5338829159736633,0.7616010904312134,-0.0663725808262825,0.5666239261627197,0.7983806729316711,-0.06450977176427841,0.589836835861206,0.8253991007804871,-0.06457391381263733,0.4427473247051239,0.7657345533370972,-0.07474127411842346,0.49874433875083923,0.7831092476844788,-0.07965198904275894,0.531671941280365,0.7983342409133911,-0.07491598278284073,0.5617182850837708,0.8115552067756653,-0.07156013697385788
17,left,0.6341710090637207,0.9291814565658569,3.4579008456603333e-07,0.66288822889328,0.8834948539733887,-0.04907730594277382,0.6753151416778564,0.8386841416358948,-0.08210114389657974,0.6916871070861816,0.8239641189575195,-0.10572832077741623,0.7188108563423157,0.8321262001991272,-0.13012322783470154,0.6105888485908508,0.8905320167541504,-0.09129158407449722,0.5639364123344421,0.9051392078399658,-0.119451142847538,0.5246526002883911,0.9137780666351318,-0.13802066445350647,0.4880824387073517,0.9223415851593018,-0.15038703382015228,0.5792194604873657,0.9038586020469666,-0.07332423329353333,0.5158628821372986,0.9020072817802429,-0.09753774851560593,0.4723871350288391,0.890293300151825,-0.11134850233793259,0.4364743232727051,0.8826883435249329,-0.12198081612586975,0.5589510202407837,0.9055334329605103,-0.05379412695765495,0.5042669177055359,0.8935868740081787,-0.06888722628355026,0.4699932336807251,0.8786227107048035,-0.07757735997438431,0.44193941354751587,0.8666994571685791,-0.0835966244339943,0.5453957319259644,0.9036267995834351,-0.03751949220895767,0.5103477239608765,0.8851080536842346,-0.04445670545101166,0.4839160144329071,0.8709927201271057,-0.045841846615076065,0.4624631106853485,0.8572101593017578,-0.047467563301324844
18,right,0.32532161474227905,0.7892227172851562,4.170850047557906e-07,0.376707524061203,0.7385402917861938,0.013163194060325623,0.4294741153717041,0.7016023993492126,0.0065918052569031715,0.4757501184940338,0.688759446144104,-0.004098442383110523,0.5102581977844238,0.6944818496704102,-0.014837829396128654,0.44598543643951416,0.6447046995162964,-0.016920581459999084,0.5204347372055054,0.6362738609313965,-0.03637312725186348,0.5640183687210083,0.6479105949401855,-0.04809463769197464,0.5972630381584167,0.6614276766777039,-0.05508698523044586,0.4366963505744934,0.6682019233703613,-0.03462335839867592,0.526759684085846,0.6984929442405701,-0.05048517882823944,0.564075231552124,0.73613440990448,-0.05548137053847313,0.5897606611251831,0.7646580338478088,-0.05911027267575264,0.4284239411354065,0.707227885723114,-0.05098775401711464,0.5130455493927002,0.7303075790405273,-0.06140206754207611,0.5542631149291992,0.7595900893211365,-0.06060817837715149,0.5842784643173218,0.7823312282562256,-0.061156015843153,0.4222390651702881,0.7552509903907776,-0.0665048137307167,0.48567983508110046,0.7670286297798157,-0.06970853358507156,0.5184024572372437,0.7817748188972473,-0.06521233171224594,0.5457180738449097,0.7939720153808594,-0.06262557208538055
18,left,0.6429353356361389,0.9261157512664795,4.963708306604531e-07,0.6671457886695862,0.8778789639472961,-0.06009425222873688,0.6726272106170654,0.8406975269317627,-0.09928761422634125,0.6888941526412964,0.8302974104881287,-0.12737029790878296,0.7179712653160095,0.8345519304275513,-0.15511855483055115,0.6071375012397766,0.9030489921569824,-0.10735122114419937,0.559791088104248,0.9121019840240479,-0.1436714380979538,0.5230052471160889,0.9214929342269897,-0.16490493714809418,0.48984065651893616,0.9333400130271912,-0.17763717472553253,0.5794095396995544,0.9165480732917786,-0.08635970205068588,0.523052453994751,0.9107012748718262,-0.11839786916971207,0.4809015691280365,0.898422360420227,-0.1337307244539261,0.4471202492713928,0.8923404216766357,-0.1438305824995041,0.5604081153869629,0.9171129465103149,-0.06552542001008987,0.5100714564323425,0.9071961045265198,-0.08891654014587402,0.475267618894577,0.8907878398895264,-0.10250800848007202,0.44670677185058594,0.8793278932571411,-0.11046728491783142,0.5477304458618164,0.9117879867553711,-0.04847077280282974,0.5137633681297302,0.8991639614105225,-0.0627998560667038,0.4856955409049988,0.8884714245796204,-0.07054547220468521,0.46111786365509033,0.8785136938095093,-0.07595411688089371
19,right,0.30388909578323364,0.7886104583740234,5.525998858502135e-07,0.3398195803165436,0.7122694253921509,0.0018011984648182988,0.3903954327106476,0.6588019132614136,-0.010949832387268543,0.44222086668014526,0.6415184140205383,-0.02509659342467785,0.48337629437446594,0.6410293579101562,-0.03937014937400818,0.3929603397846222,0.6122310161590576,-0.04002801701426506,0.4732189178466797,0.5951399803161621,-0.06427875906229019,0.5198617577552795,0.5982897281646729,-0.07652872800827026,0.5549686551094055,0.6018408536911011,-0.08324911445379257,0.38527005910873413,0.6474730968475342,-0.053724318742752075,0.4813099503517151,0.6496315002441406,-0.07592497020959854,0.5317283868789673,0.6722886562347412,-0.08166840672492981,0.5666321516036987,0.691668689250946,-0.08530576527118683,0.38215965032577515,0.6958072781562805,-0.06603653728961945,0.47146686911582947,0.6944044828414917,-0.08284720033407211,0.5209816098213196,0.7112427353858948,-0.08406393229961395,0.5558263063430786,0.7240978479385376,-0.08477506786584854,0.38408374786376953,0.7486472725868225,-0.0779401957988739,0.4542086720466614,0.7404361963272095,-0.08771069347858429,0.490802526473999,0.7459546327590942,-0.08637766540050507,0.5184404253959656,0.7511774897575378,-0.08510752022266388
19,left,0.6385370492935181,0.9320343732833862,4.870872203355248e-07,0.6584525108337402,0.8874236345291138,-0.055635716766119,0.6662629246711731,0.8556128144264221,-0.09342905133962631,0.6858170628547668,0.8428691029548645,-0.1227155551314354,0.7173063158988953,0.8449143767356873,-0.15188738703727722,0.604373037815094,0.9176486134529114,-0.0928778126835823,0.5658437609672546,0.9326534867286682,-0.12511247396469116,0.5321193337440491,0.9480317234992981,-0.1456490159034729,0.49977412819862366,0.9629889726638794,-0.1594352275133133,0.5759239792823792,0.9290927052497864,-0.07669481635093689,0.5266233682632446,0.9322791695594788,-0.10429426282644272,0.487526535987854,0.9319482445716858,-0.11999128758907318,0.45396390557289124,0.9347329139709473,-0.13168662786483765,0.5555176138877869,0.9291767477989197,-0.06129354238510132,0.5063180923461914,0.9280676245689392,-0.08076776564121246,0.46932485699653625,0.9199325442314148,-0.09448975324630737,0.4385736584663391,0.9141920804977417,-0.10396961122751236,0.5419688820838928,0.9251711368560791,-0.049881305545568466,0.5051257610321045,0.9220104217529297,-0.05943869426846504,0.47587332129478455,0.9173473119735718,-0.06525871157646179,0.45152533054351807,0.9110091924667358,-0.07080122828483582
20,right,0.2816757559776306,0.7992227077484131,5.678689376509283e-07,0.3081127107143402,0.7171348333358765,-0.00019471495761536062,0.3514401912689209,0.6566989421844482,-0.013784545473754406,0.40250158309936523,0.6325880885124207,-0.02814718335866928,0.4437272846698761,0.6299749612808228,-0.04271324351429939,0.34616029262542725,0.6108909845352173,-0.041629400104284286,0.42402514815330505,0.5854135751724243,-0.06629824638366699,0.469470739364624,0.575555682182312,-0.07938911765813828,0.5031311511993408,0.5663068294525146,-0.0873875766992569,0.3434813618659973,0.6523235440254211,-0.055116958916187286,0.43918144702911377,0.636409342288971,-0.07932456582784653,0.49368733167648315,0.6467684507369995,-0.0865490660071373,0.5333046913146973,0.6552476286888123,-0.0912570133805275,0.3474114239215851,0.7041226029396057,-0.06724845618009567,0.43472054600715637,0.6862597465515137,-0.08693969994783401,0.4878910779953003,0.6916854977607727,-0.08929862827062607,0.5274432897567749,0.6956835985183716,-0.09009167551994324,0.35738328099250793,0.7571945190429688,-0.07896953076124191,0.42414674162864685,0.7335213422775269,-0.090645432472229,0.46184396743774414,0.7289138436317444,-0.08979031443595886,0.49316319823265076,0.7259633541107178,-0.088650181889534
20,left,0.6299516558647156,0.9319179654121399,5.716994451177015e-07,0.6497974991798401,0.8892031908035278,-0.05903446301817894,0.6574891209602356,0.8665309548377991,-0.09851936250925064,0.6785553693771362,0.8590967059135437,-0.12881061434745789,0.7126756906509399,0.8613691329956055,-0.15894003212451935,0.5950860977172852,0.9313586354255676,-0.0973188653588295,0.5577293634414673,0.9573994278907776,-0.13031642138957977,0.5241369009017944,0.9774451851844788,-0.1506350189447403,0.4934180974960327,0.9943251013755798,-0.1640179455280304,0.5665557384490967,0.9402916431427002,-0.07909180968999863,0.513308584690094,0.9535041451454163,-0.10642398148775101,0.4711981415748596,0.9524611234664917,-0.11971495300531387,0.4360640048980713,0.952392578125,-0.12966708838939667,0.5476225018501282,0.9408777952194214,-0.062137071043252945,0.4985958933830261,0.9508346319198608,-0.08131285756826401,0.4625312089920044,0.9452040195465088,-0.09304340183734894,0.43288034200668335,0.9396487474441528,-0.10107525438070297,0.5355841517448425,0.9385919570922852,-0.049559008330106735,0.49997949600219727,0.9453145861625671,-0.05885320529341698,0.47124212980270386,0.9446509480476379,-0.0639093741774559,0.44685977697372437,0.9405306577682495,-0.06893801689147949
21,right,0.27150267362594604,0.8181665539741516,5.979081265650166e-07,0.28499141335487366,0.7336937785148621,-0.008828621357679367,0.3220531940460205,0.6670443415641785,-0.02842012792825699,0.37304285168647766,0.6395912170410156,-0.04627123475074768,0.41565582156181335,0.6346355080604553,-0.06400173157453537,0.3031054437160492,0.637092113494873,-0.05933836102485657,0.37206897139549255,0.6090258359909058,-0.08709698170423508,0.4147125482559204,0.5933043360710144,-0.10151577740907669,0.4492638111114502,0.5791285634040833,-0.11027680337429047,0.30574125051498413,0.6901154518127441,-0.06964123994112015,0.3989850878715515,0.6621833443641663,-0.09709297865629196,0.45654067397117615,0.6593873500823975,-0.10446101427078247,0.501251220703125,0.657938539981842,-0.10972867161035538,0.31711533665657043,0.7442793250083923,-0.07873176783323288,0.4070119857788086,0.7179736495018005,-0.10159426182508469,0.46084558963775635,0.7108075618743896,-0.1043425127863884,0.5007720589637756,0.7050092220306396,-0.1051497608423233,0.3353721499443054,0.7943068742752075,-0.08780951052904129,0.4019317626953125,0.7594779133796692,-0.10024656355381012,0.43995654582977295,0.7439707517623901,-0.09979040920734406,0.4715157449245453,0.7314055562019348,-0.09956387430429459
21,left,0.6173830032348633,0.9453600645065308,-7.799710743938704e-08,0.6447775363922119,0.9001263976097107,-0.01818137615919113,0.6619589328765869,0.8718535304069519,-0.03687862679362297,0.6860705614089966,0.8687237501144409,-0.054413244128227234,0.7216606736183167,0.889896810054779,-0.07496150583028793,0.6277032494544983,0.9185829162597656,-0.04033012315630913,0.6034660935401917,0.9394211769104004,-0.05942055210471153,0.5804378986358643,0.9528472423553467,-0.07580698281526566,0.5578684210777283,0.9592782258987427,-0.08766868710517883,0.5963158011436462,0.952560305595398,-0.03971640765666962,0.5625702738761902,0.9718925356864929,-0.051603417843580246,0.541027307510376,0.9808858633041382,-0.062568798661232,0.5212109088897705,0.9818181395530701,-0.07502385228872299,0.5719165802001953,0.9706781506538391,-0.03859914466738701,0.5354540348052979,0.9817715287208557,-0.04817705228924751,0.5098462700843811,0.9814475774765015,-0.05537254363298416,0.48674920201301575,0.9748232960700989,-0.06365568935871124,0.5544990301132202,0.9796262383460999,-0.038919951766729355,0.528070330619812,0.9794249534606934,-0.041140224784612656,0.5130618810653687,0.9747980237007141,-0.038675457239151,0.49845248460769653,0.9653300046920776,-0.04060491546988487
22,right,0.2632736265659332,0.8426106572151184,6.556550715686171e-07,0.2730877995491028,0.7641118168830872,-0.02174285426735878,0.3131676912307739,0.6807519793510437,-0.04250524565577507,0.36375048756599426,0.6308295130729675,-0.05813442915678024,0.40163716673851013,0.591320276260376,-0.07308898121118546,0.26620084047317505,0.6966032981872559,-0.07459074258804321,0.33098214864730835,0.6697788834571838,-0.10320225358009338,0.3737718462944031,0.6523675322532654,-0.1153331845998764,0.41069236397743225,0.6376415491104126,-0.12193495780229568,0.27437376976013184,0.7605465054512024,-0.07798469066619873,0.3644310534000397,0.727389395236969,-0.10696179419755936,0.4262116551399231,0.7102075219154358,-0.11270476877689362,0.4773252606391907,0.6979736089706421,-0.11711639165878296,0.29153013229370117,0.8184381723403931,-0.08110111951828003,0.3798527121543884,0.7844915986061096,-0.10861919820308685,0.4364009201526642,0.7620858550071716,-0.11354251950979233,0.4791427254676819,0.7439741492271423,-0.11474978923797607,0.3160325884819031,0.8656712770462036,-0.08463346213102341,0.38210633397102356,0.822899341583252,-0.10193296521902084,0.4185545742511749,0.7970317006111145,-0.10440832376480103,0.44714778661727905,0.7775461077690125,-0.10595262050628662
22,left,0.5925398468971252,0.9376606941223145,-1.7812479313761287e-07,0.6240076422691345,0.8997674584388733,-0.01155819371342659,0.6500171422958374,0.8758106231689453,-0.028415119275450706,0.6801754236221313,0.8798601031303406,-0.04599525034427643,0.7164136171340942,0.9037384986877441,-0.06700699776411057,0.6262377500534058,0.9276652932167053,-0.03460868075489998,0.6088457703590393,0.9525607228279114,-0.05652813985943794,0.5865949392318726,0.9624971747398376,-0.07611627876758575,0.567861020565033,0.9692426919937134,-0.08853781968355179,0.5908469557762146,0.9640681147575378,-0.03792436048388481,0.5565060973167419,0.9753172397613525,-0.04937225952744484,0.5341464281082153,0.9801473617553711,-0.058304768055677414,0.5166522860527039,0.9808415770530701,-0.06884077936410904,0.5582994222640991,0.984034538269043,-0.040637217462062836,0.5219023823738098,0.988493800163269,-0.050419844686985016,0.4939075708389282,0.9859445691108704,-0.054121993482112885,0.4709663391113281,0.9784655570983887,-0.059150900691747665,0.5338064432144165,0.995404064655304,-0.044452864676713943,0.49796926975250244,0.9963618516921997,-0.04608473554253578,0.4732203781604767,0.9919136762619019,-0.04025924578309059,0.4522206485271454,0.983430802822113,-0.039499737322330475
23,right,0.2859842777252197,0.8264126777648926,3.6617663567994896e-07,0.28574463725090027,0.7494645118713379,-0.026069235056638718,0.30929094552993774,0.6762034893035889,-0.05031723529100418,0.3414333760738373,0.6380130648612976,-0.06513452529907227,0.3803982734680176,0.6165077090263367,-0.07949330657720566,0.24445335566997528,0.7358148694038391,-0.10363491624593735,0.3007063567638397,0.7181318402290344,-0.13810473680496216,0.3483421206474304,0.709743320941925,-0.1544099599123001,0.390630304813385,0.7060918807983398,-0.16358835995197296,0.2536201477050781,0.8155198097229004,-0.10278342664241791,0.34563809633255005,0.7791419625282288,-0.1369955837726593,0.40913450717926025,0.7535893321037292,-0.14985428750514984,0.46044841408729553,0.7312527298927307,-0.16086125373840332,0.2797545790672302,0.8721301555633545,-0.09835360199213028,0.3675064742565155,0.8375995755195618,-0.13255468010902405,0.42710232734680176,0.8024418354034424,-0.14593875408172607,0.4708336889743805,0.7697435617446899,-0.15365229547023773,0.31374987959861755,0.9068992733955383,-0.09234771877527237,0.374321848154068,0.8613225221633911,-0.11367207765579224,0.3986166715621948,0.8253287672996521,-0.11820459365844727,0.4166739881038666,0.7894782423973083,-0.122757688164711
23,left,0.5983361601829529,0.9804350733757019,-1.3075080573798914e-07,0.6259446144104004,0.9315105676651001,-0.013140404596924782,0.6480457186698914,0.8949268460273743,-0.0298982672393322,0.6779216527938843,0.8889064192771912,-0.04771292209625244,0.7052067518234253,0.9053882360458374,-0.06914858520030975,0.6178276538848877,0.9383252859115601,-0.02948593720793724,0.5958489775657654,0.9584947824478149,-0.05171933025121689,0.5751448273658752,0.9712615013122559,-0.07294045388698578,0.5566869974136353,0.9778845906257629,-0.08637237548828125,0.578211784362793,0.9699985980987549,-0.03246772289276123,0.5371708869934082,0.9772709608078003,-0.0457078255712986,0.5122989416122437,0.9809702634811401,-0.06037365645170212,0.4914817810058594,0.9809058308601379,-0.07439915090799332,0.5446239113807678,0.9888284802436829,-0.03530319035053253,0.5006672143936157,0.9912740588188171,-0.04736323654651642,0.4686802625656128,0.9886719584465027,-0.056967031210660934,0.4419493079185486,0.9802901744842529,-0.06542634963989258,0.5193688869476318,1.0016098022460938,-0.039015572518110275,0.47799474000930786,0.999912679195404,-0.041974011808633804,0.4505074620246887,0.9955575466156006,-0.038706522434949875,0.4281732738018036,0.9864076972007751,-0.03936576470732689
24,right,0.2776963412761688,0.837266743183136,4.321024960063369e-07,0.28064513206481934,0.7568801045417786,-0.03145980462431908,0.3025928735733032,0.6837278604507446,-0.06019021198153496,0.33361324667930603,0.6441676616668701,-0.07879019528627396,0.37448540329933167,0.6210694313049316,-0.09713978320360184,0.2391553670167923,0.7427012324333191,-0.1143222525715828,0.29751646518707275,0.7292892932891846,-0.1526382565498352,0.34535834193229675,0.7217932343482971,-0.17013590037822723,0.38796329498291016,0.718348503112793,-0.17977049946784973,0.2495594620704651,0.82416832447052,-0.11250156164169312,0.34148475527763367,0.7876660227775574,-0.15126299858093262,0.4064779579639435,0.7615860104560852,-0.16563419997692108,0.45778539776802063,0.7395950555801392,-0.17747235298156738,0.27601689100265503,0.8822191953659058,-0.10730763524770737,0.36363476514816284,0.8459705710411072,-0.14621976017951965,0.42448920011520386,0.808111310005188,-0.16144317388534546,0.4679356813430786,0.7729686498641968,-0.16983507573604584,0.31017741560935974,0.9168247580528259,-0.10082022845745087,0.36993491649627686,0.867557168006897,-0.12603896856307983,0.39554572105407715,0.8280771374702454,-0.1326502412557602,0.41321447491645813,0.7896523475646973,-0.13834598660469055
24,left,0.623120129108429,0.9748057126998901,2.2013203704318585e-07,0.6492935419082642,0.9217973947525024,-0.037357982248067856,0.6611707210540771,0.8847552537918091,-0.06761745363473892,0.6825584769248962,0.8811277747154236,-0.0924370139837265,0.7147293090820312,0.8927136659622192,-0.11799780279397964,0.6086164116859436,0.9299797415733337,-0.07314259558916092,0.5845284461975098,0.9517077803611755,-0.10220880061388016,0.557920515537262,0.9661703109741211,-0.12110094726085663,0.5327856540679932,0.9749611616134644,-0.13307039439678192,0.5761204957962036,0.9604958891868591,-0.06454429030418396,0.5262574553489685,0.9715306162834167,-0.09153362363576889,0.4888041317462921,0.9737973213195801,-0.10460309684276581,0.45803576707839966,0.9746356010437012,-0.11448498070240021,0.5485860705375671,0.978130578994751,-0.05577203631401062,0.4982786178588867,0.980309784412384,-0.07488817721605301,0.4623602628707886,0.9768626689910889,-0.08344317227602005,0.4318511486053467,0.9721411466598511,-0.08870667219161987,0.5292180776596069,0.9865655303001404,-0.04955635592341423,0.4889107346534729,0.9816080927848816,-0.057011812925338745,0.4587886333465576,0.975947916507721,-0.058055900037288666,0.4321902394294739,0.969428300857544,-0.060175418853759766
25,right,0.27428245544433594,0.834946870803833,4.566761901969585e-07,0.27719610929489136,0.7522170543670654,-0.029123252257704735,0.29916590452194214,0.6778358221054077,-0.05817117914557457,0.32912787795066833,0.6364225149154663,-0.07754749804735184,0.3683243691921234,0.6145569682121277,-0.09666036814451218,0.2386171817779541,0.7336887717247009,-0.11293704062700272,0.2965381443500519,0.7182034254074097,-0.1523096114397049,0.346615731716156,0.709007740020752,-0.17079925537109375,0.3899160325527191,0.7049481868743896,-0.1807749718427658,0.25003671646118164,0.8152470588684082,-0.11191461980342865,0.34244534373283386,0.777112603187561,-0.15028735995292664,0.40696996450424194,0.7509883642196655,-0.16275712847709656,0.45660415291786194,0.7302440404891968,-0.17290814220905304,0.27662837505340576,0.8741018772125244,-0.10754426568746567,0.36426687240600586,0.8354260921478271,-0.14372889697551727,0.4233538508415222,0.7993564009666443,-0.1554071605205536,0.46464237570762634,0.7665702700614929,-0.16171766817569733,0.3097812235355377,0.909664511680603,-0.10205153375864029,0.3722461760044098,0.8662595152854919,-0.12503212690353394,0.40122538805007935,0.8318490386009216,-0.12988542020320892,0.42183396220207214,0.7964320182800293,-0.13434603810310364
25,left,0.6230385899543762,0.9784890413284302,4.305307186314167e-07,0.6487300395965576,0.9276246428489685,-0.05030890926718712,0.6586025953292847,0.8929486274719238,-0.08697240054607391,0.678540050983429,0.8810935616493225,-0.11590967327356339,0.7056304216384888,0.887381911277771,-0.14526672661304474,0.5998430848121643,0.9420437216758728,-0.09175991266965866,0.5718769431114197,0.9706873893737793,-0.12340738624334335,0.5436438322067261,0.986848771572113,-0.14365819096565247,0.5151712894439697,0.9977086186408997,-0.15727581083774567,0.5687537789344788,0.9654823541641235,-0.07892902940511703,0.5138381123542786,0.9811087846755981,-0.10790863633155823,0.47029054164886475,0.9805693626403809,-0.12409885227680206,0.43368518352508545,0.978743851184845,-0.1366461217403412,0.5459219813346863,0.9778619408607483,-0.06614743918180466,0.4927331209182739,0.98143470287323,-0.08773785084486008,0.45523175597190857,0.9730780124664307,-0.10120683163404465,0.42453956604003906,0.9652801752090454,-0.11033584177494049,0.5312772393226624,0.9821258187294006,-0.056648869067430496,0.4919217824935913,0.9756987690925598,-0.06854984909296036,0.45998701453208923,0.9676475524902344,-0.07471922785043716,0.43245917558670044,0.9581107497215271,-0.08036825060844421
26,right,0.283672571182251,0.8209463357925415,5.124867357153562e-07,0.28641602396965027,0.7423515915870667,-0.0346500426530838,0.30414021015167236,0.6744087934494019,-0.06906893849372864,0.3294713795185089,0.6349678635597229,-0.09317721426486969,0.36826878786087036,0.6101102232933044,-0.11730407178401947,0.23760677874088287,0.7294606566429138,-0.12658946216106415,0.2951083481311798,0.7130228281021118,-0.1724354326725006,0.3467724323272705,0.7032089829444885,-0.19502274692058563,0.3911551833152771,0.700124979019165,-0.207663431763649,0.248180091381073,0.8091792464256287,-0.12518027424812317,0.3399283289909363,0.77173912525177,-0.1698971390724182,0.40472978353500366,0.7456526756286621,-0.18542177975177765,0.4550478160381317,0.7261265516281128,-0.19790396094322205,0.2747635245323181,0.8670047521591187,-0.12054533511400223,0.3620883524417877,0.8281996846199036,-0.16176995635032654,0.4221756160259247,0.7929991483688354,-0.1748015433549881,0.46507343649864197,0.762198269367218,-0.18219763040542603,0.30809974670410156,0.902377188205719,-0.11520864069461823,0.3687616288661957,0.8622902035713196,-0.1421375721693039,0.4019995331764221,0.8287884593009949,-0.14898641407489777,0.4272887706756592,0.7943650484085083,-0.1551433503627777
26,left,0.5964850783348083,0.9448263645172119,-9.539527212609755e-08,0.6297078132629395,0.8997153043746948,-0.016052162274718285,0.6519584059715271,0.8755300641059875,-0.0362648069858551,0.677396297454834,0.874456524848938,-0.05647551640868187,0.7068040370941162,0.888770341873169,-0.0795246809720993,0.6182807683944702,0.9355671405792236,-0.04587267339229584,0.5886818170547485,0.9584295749664307,-0.0734231099486351,0.5615041851997375,0.9667319059371948,-0.09535668045282364,0.5350522398948669,0.9676411151885986,-0.10984191298484802,0.5791040658950806,0.9647394418716431,-0.048628274351358414,0.5283255577087402,0.9742967486381531,-0.06830544024705887,0.4974771738052368,0.9783329367637634,-0.08232349902391434,0.4710249602794647,0.9727742075920105,-0.09621727466583252,0.5464737415313721,0.97598797082901,-0.0505521185696125,0.4943309426307678,0.9780426621437073,-0.06658265739679337,0.4586597979068756,0.9733366966247559,-0.07427967339754105,0.4271416664123535,0.9614945650100708,-0.08184576779603958,0.5241480469703674,0.9772455096244812,-0.053698088973760605,0.47992587089538574,0.9756942391395569,-0.05976194515824318,0.45106375217437744,0.972925066947937,-0.05787603557109833,0.4241982400417328,0.9645466804504395,-0.05988623946905136
27,right,0.2808496057987213,0.8210220336914062,4.433566971329128e-07,0.2835891842842102,0.740844190120697,-0.028283966705203056,0.30110496282577515,0.6738426089286804,-0.05626934766769409,0.32879963517189026,0.6328015923500061,-0.07582960277795792,0.3646986186504364,0.6032103896141052,-0.09514876455068588,0.23892821371555328,0.7293941974639893,-0.10641782730817795,0.295811265707016,0.7125171422958374,-0.14589498937129974,0.34438642859458923,0.702366292476654,-0.16466879844665527,0.38676363229751587,0.6980950236320496,-0.1745392084121704,0.24949389696121216,0.8081644773483276,-0.10734676569700241,0.34213709831237793,0.7697221636772156,-0.1455390304327011,0.4066823124885559,0.7438754439353943,-0.15755632519721985,0.45597928762435913,0.726353645324707,-0.16713401675224304,0.27479663491249084,0.8652948141098022,-0.10563351213932037,0.36531221866607666,0.8284329175949097,-0.14263390004634857,0.4252240061759949,0.7941890954971313,-0.1534140259027481,0.4675639271736145,0.7636167407035828,-0.15868845582008362,0.30625998973846436,0.9013303518295288,-0.10314614325761795,0.3705999553203583,0.8622816801071167,-0.1269143670797348,0.4042081832885742,0.8316102027893066,-0.1310616135597229,0.4288046956062317,0.7990089654922485,-0.13471175730228424
27,left,0.5956878066062927,0.9707978367805481,-3.736545295396354e-08,0.6243793964385986,0.9137104749679565,-0.010890834033489227,0.6423861384391785,0.8797542452812195,-0.026825251057744026,0.6677736043930054,0.8726082444190979,-0.043944936245679855,0.7042596340179443,0.890553891658783,-0.06347072869539261,0.6097826957702637,0.9413443207740784,-0.027457090094685555,0.5816784501075745,0.9580366611480713,-0.05040222033858299,0.5564247965812683,0.9652537703514099,-0.0708465427160263,0.5329809188842773,0.968346118927002,-0.08438342064619064,0.570286214351654,0.9716802835464478,-0.030907822772860527,0.5243876576423645,0.9793628454208374,-0.045967813581228256,0.49552997946739197,0.980044424533844,-0.05877093970775604,0.47201845049858093,0.9764776229858398,-0.07104405760765076,0.5383411049842834,0.9861530065536499,-0.03420545905828476,0.48840510845184326,0.9839373826980591,-0.04619628190994263,0.45481348037719727,0.9760276079177856,-0.052562519907951355,0.4257059693336487,0.9636865258216858,-0.05840384587645531,0.5170310139656067,0.9890078902244568,-0.03854773938655853,0.47383761405944824,0.9803604483604431,-0.04131872206926346,0.44535714387893677,0.9750798344612122,-0.03750346973538399,0.4199252128601074,0.9660813808441162,-0.03735994175076485
28,right,0.27163782715797424,0.828163743019104,5.299859253682371e-07,0.2767544090747833,0.7473719716072083,-0.03060866706073284,0.2992556691169739,0.6783763766288757,-0.061738062649965286,0.33103275299072266,0.636883020401001,-0.08379244059324265,0.36763206124305725,0.6055244207382202,-0.10570871829986572,0.23886112868785858,0.7373224496841431,-0.11675591766834259,0.2942827343940735,0.7155944108963013,-0.16012851893901825,0.34296196699142456,0.7023307681083679,-0.180769681930542,0.38505005836486816,0.695527195930481,-0.19200432300567627,0.25074952840805054,0.8124195337295532,-0.11712521314620972,0.34279829263687134,0.7723978161811829,-0.15973922610282898,0.4077422022819519,0.7460653185844421,-0.17289993166923523,0.45745137333869934,0.7290482521057129,-0.18307366967201233,0.2756996154785156,0.866692841053009,-0.11472295969724655,0.36329376697540283,0.8277151584625244,-0.15339213609695435,0.4236583709716797,0.7933822870254517,-0.164845809340477,0.466758668422699,0.76442551612854,-0.17095991969108582,0.30591171979904175,0.9011151790618896,-0.11176618188619614,0.368303120136261,0.8629361987113953,-0.13798651099205017,0.40429648756980896,0.8308711051940918,-0.14522409439086914,0.4321196973323822,0.7985314130783081,-0.1512094885110855
28,left,0.6106007695198059,0.959675669670105,-2.9425180514408567e-08,0.6379697918891907,0.9063702821731567,-0.015375874005258083,0.6528226137161255,0.8757885694503784,-0.03339593484997749,0.6751989722251892,0.8718358278274536,-0.05160755664110184,0.7096883058547974,0.8911097645759583,-0.0720677524805069,0.6151604056358337,0.9289639592170715,-0.03490391746163368,0.581925094127655,0.9534085988998413,-0.05902305617928505,0.5543414354324341,0.9638183116912842,-0.07891913503408432,0.5287999510765076,0.965874433517456,-0.09237372130155563,0.5779728889465332,0.9576882719993591,-0.03749290853738785,0.5220036506652832,0.9680401086807251,-0.056334082037210464,0.4867610037326813,0.9701555967330933,-0.07112868130207062,0.45719605684280396,0.9658094048500061,-0.0843542218208313,0.5489526391029358,0.9708939790725708,-0.03978602588176727,0.49305716156959534,0.9736831784248352,-0.05530528351664543,0.45644521713256836,0.969575047492981,-0.06411643326282501,0.42515233159065247,0.9594926238059998,-0.07124768942594528,0.5316288471221924,0.9745890498161316,-0.04327104613184929,0.48727667331695557,0.9718438386917114,-0.04874458163976669,0.45943325757980347,0.9684094190597534,-0.04674359783530235,0.43403542041778564,0.9604932069778442,-0.0477822870016098
29,right,0.2727106809616089,0.8310096859931946,5.34387481820886e-07,0.2770787477493286,0.7501389384269714,-0.03230248764157295,0.30103209614753723,0.6796410083770752,-0.06528931856155396,0.3318682312965393,0.6394109725952148,-0.08831552416086197,0.37015002965927124,0.6115497946739197,-0.11135236918926239,0.24083510041236877,0.7369504570960999,-0.1250137835741043,0.2962535619735718,0.7158172130584717,-0.16930459439754486,0.34411951899528503,0.702955424785614,-0.18927985429763794,0.38617444038391113,0.6959745287895203,-0.20004118978977203,0.2524045705795288,0.8130183815956116,-0.12456640601158142,0.34266918897628784,0.7720463275909424,-0.16991615295410156,0.40664562582969666,0.7449803948402405,-0.18421272933483124,0.45532509684562683,0.7262757420539856,-0.19490112364292145,0.2779875099658966,0.8680657148361206,-0.12079434096813202,0.3642146587371826,0.8281137347221375,-0.16223293542861938,0.42386913299560547,0.7920868396759033,-0.17566798627376556,0.4659583568572998,0.7614744305610657,-0.18274235725402832,0.309542715549469,0.9019657373428345,-0.11607839912176132,0.3697548508644104,0.8582080006599426,-0.14358101785182953,0.40261805057525635,0.824090838432312,-0.15170186758041382,0.4277876913547516,0.7919278144836426,-0.15828654170036316
29,left,0.5996342301368713,0.9456882476806641,-1.5664463504094783e-08,0.6283203363418579,0.8952730298042297,-0.012090198695659637,0.6493893265724182,0.870486319065094,-0.030465716496109962,0.6757626533508301,0.8667219877243042,-0.04912997782230377,0.7095507979393005,0.883322536945343,-0.07069806009531021,0.6184064745903015,0.9333152174949646,-0.03870820254087448,0.5871146321296692,0.9652782082557678,-0.062351420521736145,0.5587426424026489,0.9756233096122742,-0.08202008157968521,0.5333598852157593,0.9757940173149109,-0.09538277983665466,0.5806309580802917,0.9657301902770996,-0.042395055294036865,0.528134286403656,0.9776067733764648,-0.061038073152303696,0.4919658899307251,0.9792187213897705,-0.07539045810699463,0.46331679821014404,0.9736116528511047,-0.0889369398355484,0.5489134192466736,0.9776531457901001,-0.04471568390727043,0.4957634210586548,0.9791184663772583,-0.059560440480709076,0.45664799213409424,0.9741779565811157,-0.06769631057977676,0.42469239234924316,0.9635881781578064,-0.07473444938659668,0.5289425849914551,0.9777812361717224,-0.04779927805066109,0.48615750670433044,0.973936140537262,-0.052346065640449524,0.457548588514328,0.9705615043640137,-0.049370184540748596,0.43102505803108215,0.9641166925430298,-0.05013015866279602
30,right,0.2610805034637451,0.8411282300949097,5.874467206012923e-07,0.2679453492164612,0.7583039999008179,-0.03352997824549675,0.2969954013824463,0.6856863498687744,-0.06874633580446243,0.3310852646827698,0.6447696685791016,-0.09340673685073853,0.36954450607299805,0.6147987842559814,-0.11823724210262299,0.24267172813415527,0.7355214357376099,-0.13431145250797272,0.2975040674209595,0.7147363424301147,-0.18436390161514282,0.34594887495040894,0.7024723887443542,-0.20928947627544403,0.38869261741638184,0.6956201195716858,-0.22371891140937805,0.2543523907661438,0.809240460395813,-0.13416418433189392,0.3439509868621826,0.769933819770813,-0.18498320877552032,0.4077589511871338,0.7438122034072876,-0.2033793330192566,0.4572535753250122,0.7247198224067688,-0.21721699833869934,0.27922338247299194,0.8646171689033508,-0.13040466606616974,0.3655868470668793,0.8247199654579163,-0.17440667748451233,0.4251086115837097,0.7900422811508179,-0.19000737369060516,0.4675692319869995,0.7603439092636108,-0.19942831993103027,0.30932778120040894,0.9000021815299988,-0.12574945390224457,0.3708597421646118,0.8613470196723938,-0.1567467451095581,0.4055554270744324,0.8283383846282959,-0.16843576729297638,0.4325764775276184,0.7963782548904419,-0.17784416675567627
30,left,0.6094304919242859,0.9549418091773987,6.9979524397467685e-09,0.634311854839325,0.9014705419540405,-0.014226678758859634,0.6499587893486023,0.86893230676651,-0.03300854191184044,0.6778203845024109,0.8632696866989136,-0.05232007056474686,0.71462482213974,0.8763848543167114,-0.07415252923965454,0.6174736022949219,0.9299341440200806,-0.03742288053035736,0.5864540934562683,0.9615066051483154,-0.060119401663541794,0.5605883598327637,0.9723633527755737,-0.07825722545385361,0.5358865261077881,0.9718420505523682,-0.09078740328550339,0.581009566783905,0.9608805775642395,-0.040971916168928146,0.5283902883529663,0.9706955552101135,-0.06001519411802292,0.4939793348312378,0.9726611971855164,-0.0741799995303154,0.4652218222618103,0.9663947224617004,-0.08696360141038895,0.5495423078536987,0.9733940362930298,-0.04374067112803459,0.4942869246006012,0.9730069637298584,-0.059700947254896164,0.45580926537513733,0.9680817723274231,-0.06938603520393372,0.4225970506668091,0.9571005702018738,-0.07693975418806076,0.5279533863067627,0.9751504063606262,-0.04742758348584175,0.48294535279273987,0.9703880548477173,-0.05309875309467316,0.4542310833930969,0.9652360677719116,-0.05175149440765381,0.4281930923461914,0.9573596119880676,-0.053397439420223236
31,right,0.270488977432251,0.8274745345115662,5.031423029322468e-07,0.2759256064891815,0.7468031048774719,-0.02756192348897457,0.30293700098991394,0.6731975078582764,-0.05466397479176521,0.33699750900268555,0.6294711232185364,-0.07318244874477386,0.3750123381614685,0.6032043099403381,-0.09152433276176453,0.24912655353546143,0.7274405360221863,-0.10443437099456787,0.30559781193733215,0.7070050835609436,-0.14343945682048798,0.3545759618282318,0.6940460801124573,-0.16185009479522705,0.3963477909564972,0.6860925555229187,-0.17161644995212555,0.2604287564754486,0.8010836243629456,-0.10482680797576904,0.35248640179634094,0.7616763114929199,-0.14270448684692383,0.41609734296798706,0.7358952164649963,-0.15510328114032745,0.46412888169288635,0.7168099880218506,-0.16448275744915009,0.28456220030784607,0.8569438457489014,-0.1026831716299057,0.37221071124076843,0.8178023099899292,-0.13770097494125366,0.43207159638404846,0.7837722301483154,-0.14989376068115234,0.4743850827217102,0.7533727884292603,-0.15637484192848206,0.3139057159423828,0.8932799100875854,-0.09971681237220764,0.37771761417388916,0.8526404500007629,-0.12338878959417343,0.4119134247303009,0.821600079536438,-0.13023437559604645,0.43756693601608276,0.7897707223892212,-0.1356627494096756
31,left,0.6355065107345581,0.9398621320724487,6.417748750209284e-07,0.6514889001846313,0.90166836977005,-0.07171977311372757,0.6536921262741089,0.8814757466316223,-0.11906637251377106,0.6728832721710205,0.869855523109436,-0.1537293791770935,0.7085587382316589,0.8697466850280762,-0.1886521726846695,0.5934051275253296,0.9454725980758667,-0.12084773927927017,0.5585916638374329,0.9703293442726135,-0.15814737975597382,0.5289008021354675,0.9861394762992859,-0.18186669051647186,0.5002655982971191,0.9959825873374939,-0.1976277381181717,0.5625304579734802,0.9493237137794495,-0.09459903091192245,0.5075638890266418,0.9644806385040283,-0.12586893141269684,0.467409610748291,0.9633643627166748,-0.14066475629806519,0.43374642729759216,0.9603724479675293,-0.15232670307159424,0.5434613227844238,0.9463708996772766,-0.06908603757619858,0.49370071291923523,0.9546689391136169,-0.08935870230197906,0.4585498571395874,0.9498643279075623,-0.1009429544210434,0.4317273199558258,0.9435343742370605,-0.10980099439620972,0.5322486162185669,0.9423508048057556,-0.04867510125041008,0.49558958411216736,0.9419976472854614,-0.057647768408060074,0.4679959714412689,0.936882495880127,-0.06310068815946579,0.4447908401489258,0.9292540550231934,-0.06939751654863358
32,right,0.28421497344970703,0.8117879033088684,5.137163157087343e-07,0.28781968355178833,0.7346259355545044,-0.03033977374434471,0.3101404309272766,0.6664078235626221,-0.060120195150375366,0.3392151892185211,0.6241985559463501,-0.0808543935418129,0.37630340456962585,0.5974209904670715,-0.10159429162740707,0.2507368326187134,0.721194326877594,-0.11220429837703705,0.3097414970397949,0.7023690938949585,-0.15404553711414337,0.3595368266105652,0.6878297924995422,-0.17331187427043915,0.40207019448280334,0.6796411275863647,-0.18353956937789917,0.26245254278182983,0.7954115271568298,-0.11218151450157166,0.3541412651538849,0.755514919757843,-0.15307389199733734,0.41772550344467163,0.7279194593429565,-0.16598457098007202,0.4664485454559326,0.70827716588974,-0.17585453391075134,0.28745779395103455,0.8506253361701965,-0.10970858484506607,0.37445130944252014,0.809885561466217,-0.14759182929992676,0.43440669775009155,0.7757951021194458,-0.15999501943588257,0.477469265460968,0.7454292178153992,-0.16653193533420563,0.3176729381084442,0.8851578235626221,-0.10658587515354156,0.37980160117149353,0.8445987701416016,-0.13272757828235626,0.4163574278354645,0.8126248121261597,-0.1409110128879547,0.44504427909851074,0.7791445255279541,-0.14741526544094086
32,left,0.6254303455352783,0.9381402730941772,6.081544370317715e-07,0.641353189945221,0.8971214890480042,-0.060355767607688904,0.6486080884933472,0.8758024573326111,-0.1026286780834198,0.6735334992408752,0.8656724095344543,-0.1354740560054779,0.7106379866600037,0.8611756563186646,-0.16858617961406708,0.5915810465812683,0.9383925795555115,-0.10385417193174362,0.5547468662261963,0.9683595299720764,-0.1396707147359848,0.5242037773132324,0.9865602254867554,-0.1617335081100464,0.497065007686615,0.998559296131134,-0.17554308474063873,0.5626029372215271,0.9481878876686096,-0.08507946878671646,0.5098981261253357,0.9665719270706177,-0.11326849460601807,0.469094455242157,0.9669591784477234,-0.12613458931446075,0.4367009997367859,0.9655658006668091,-0.13576740026474,0.5439150333404541,0.9476533532142639,-0.0675908625125885,0.4946465492248535,0.9557775259017944,-0.08827447146177292,0.45901820063591003,0.9495011568069458,-0.10064773261547089,0.4311869740486145,0.9429715871810913,-0.10893838852643967,0.5326797366142273,0.9426173567771912,-0.05426626652479172,0.4980965256690979,0.9439643025398254,-0.06439664959907532,0.4695388674736023,0.9405627250671387,-0.06958494335412979,0.4457077383995056,0.9353203773498535,-0.07462358474731445
33,right,0.27868348360061646,0.8141003251075745,6.402754024747992e-07,0.28392115235328674,0.7340707778930664,-0.03231077641248703,0.30524975061416626,0.6677781939506531,-0.06819166243076324,0.33574992418289185,0.6278644800186157,-0.09446310997009277,0.37324103713035583,0.5955709218978882,-0.12114398926496506,0.24846044182777405,0.7251785397529602,-0.13150763511657715,0.30428797006607056,0.7003138661384583,-0.18035881221294403,0.35387229919433594,0.6850907206535339,-0.20476987957954407,0.396190345287323,0.676088273525238,-0.21877385675907135,0.2599059045314789,0.79707932472229,-0.13264311850070953,0.3511524498462677,0.7532237768173218,-0.18189705908298492,0.4146355986595154,0.7246960997581482,-0.19789737462997437,0.46150824427604675,0.7044286131858826,-0.2101563811302185,0.2849690616130829,0.8507549166679382,-0.1302778720855713,0.37352684140205383,0.8089051842689514,-0.1716945767402649,0.4333396852016449,0.7728185653686523,-0.1823614239692688,0.47327739000320435,0.7435562014579773,-0.1887330263853073,0.31421637535095215,0.8871986269950867,-0.12751568853855133,0.3781379759311676,0.8489447236061096,-0.1546521633863449,0.4153618812561035,0.8179595470428467,-0.16137264668941498,0.4415706992149353,0.7896137237548828,-0.16761605441570282
33,left,0.6346280574798584,0.9330416917800903,6.562458452208375e-07,0.6476424336433411,0.8915106654167175,-0.06580258905887604,0.650888204574585,0.8720912337303162,-0.10982625931501389,0.675368070602417,0.8635469675064087,-0.1428622156381607,0.7132724523544312,0.8574153184890747,-0.17617353796958923,0.5909373164176941,0.9399998188018799,-0.11034148186445236,0.5495736002922058,0.9658488035202026,-0.14638958871364594,0.5175606608390808,0.9843779802322388,-0.16883696615695953,0.48986756801605225,0.9980620741844177,-0.1830870807170868,0.5639082193374634,0.9451010227203369,-0.08758007735013962,0.5093697309494019,0.9624367356300354,-0.11620741337537766,0.4677231013774872,0.9633716940879822,-0.12956753373146057,0.43446075916290283,0.9632503986358643,-0.13961657881736755,0.5471146106719971,0.9414879083633423,-0.06608808040618896,0.4978303909301758,0.9506442546844482,-0.08588790893554688,0.4615057408809662,0.946174681186676,-0.097701795399189,0.4332832992076874,0.9412843585014343,-0.10587842017412186,0.5373942255973816,0.9358865022659302,-0.04926086962223053,0.5030056238174438,0.9384376406669617,-0.05924111232161522,0.47481977939605713,0.9362030029296875,-0.06475096195936203,0.45184075832366943,0.9317188858985901,-0.06998424232006073
34,right,0.27433767914772034,0.8178040385246277,5.542102599065402e-07,0.2780228555202484,0.7383068799972534,-0.026622222736477852,0.30028921365737915,0.669025719165802,-0.054543159902095795,0.33257532119750977,0.6273531913757324,-0.07453782856464386,0.36829397082328796,0.5978357791900635,-0.09452138096094131,0.2446097731590271,0.7282800674438477,-0.10510998964309692,0.30187225341796875,0.7043073773384094,-0.1451515406370163,0.3506692051887512,0.6886769533157349,-0.16458553075790405,0.39222025871276855,0.6799579858779907,-0.17491041123867035,0.2561856210231781,0.8009626269340515,-0.10691751539707184,0.34832096099853516,0.7563894987106323,-0.1463366001844406,0.4109508991241455,0.727270781993866,-0.15851005911827087,0.45797789096832275,0.7088372707366943,-0.167571559548378,0.28105515241622925,0.8549187779426575,-0.10612132400274277,0.37130987644195557,0.8107728362083435,-0.1408761590719223,0.42988714575767517,0.7743805646896362,-0.15033818781375885,0.4700138568878174,0.7451390027999878,-0.15513159334659576,0.31087639927864075,0.8893882036209106,-0.10479676723480225,0.37663277983665466,0.8486579060554504,-0.12717768549919128,0.4131264090538025,0.8172177672386169,-0.1319323182106018,0.43964001536369324,0.7867595553398132,-0.13611219823360443
34,left,0.636864185333252,0.9641537666320801,1.3853315294909407e-07,0.6588740348815918,0.9134081602096558,-0.03640295937657356,0.6624425649642944,0.8696271777153015,-0.0622338205575943,0.6840842366218567,0.853763997554779,-0.08262433111667633,0.71865314245224,0.8603719472885132,-0.10311014205217361,0.6122736930847168,0.9314459562301636,-0.06554081290960312,0.5764341950416565,0.9636345505714417,-0.09065639972686768,0.5423550009727478,0.9799824953079224,-0.10802783817052841,0.5078407526016235,0.9884795546531677,-0.1205226257443428,0.5759241580963135,0.9467176198959351,-0.054927948862314224,0.5211635828018188,0.9614963531494141,-0.07691171765327454,0.48192980885505676,0.963483452796936,-0.08857037127017975,0.4472385048866272,0.9626669883728027,-0.09892231225967407,0.5481152534484863,0.9511767625808716,-0.04400823265314102,0.493431031703949,0.9572857022285461,-0.05851275473833084,0.45999449491500854,0.9526692628860474,-0.06589125096797943,0.4310430884361267,0.9456205368041992,-0.07151689380407333,0.5298046469688416,0.9512702226638794,-0.03599817305803299,0.4878106117248535,0.9516890645027161,-0.040174540132284164,0.4593127965927124,0.9469017386436462,-0.040255919098854065,0.4337650537490845,0.940536618232727,-0.042428698390722275
35,right,0.27755701541900635,0.8199158906936646,5.820894557473366e-07,0.2804716229438782,0.7424842119216919,-0.03144897520542145,0.29706764221191406,0.6737839579582214,-0.06376420706510544,0.32128840684890747,0.6289233565330505,-0.08726716786623001,0.3519226908683777,0.5874472260475159,-0.11069433391094208,0.24229300022125244,0.7326246500015259,-0.11776171624660492,0.297847718000412,0.7099359035491943,-0.16339515149593353,0.34726229310035706,0.6947764158248901,-0.18617692589759827,0.38933637738227844,0.6864286065101624,-0.1986049860715866,0.25623852014541626,0.8054645657539368,-0.1188751682639122,0.3456323742866516,0.7603901624679565,-0.16384395956993103,0.40956825017929077,0.731201708316803,-0.17900195717811584,0.45694035291671753,0.7118323445320129,-0.19024820625782013,0.28298988938331604,0.8590694665908813,-0.11735708266496658,0.3690239191055298,0.8140092492103577,-0.15691007673740387,0.42835065722465515,0.7777880430221558,-0.16799984872341156,0.4698036313056946,0.7476851940155029,-0.17393597960472107,0.3143632113933563,0.893775224685669,-0.11553369462490082,0.3757920563220978,0.854153573513031,-0.14169596135616302,0.41175854206085205,0.8231188058853149,-0.14801062643527985,0.4384526014328003,0.7922651767730713,-0.15335166454315186
35,left,0.6344168782234192,0.9559820890426636,4.565039262161008e-07,0.658179521560669,0.9107409119606018,-0.056769587099552155,0.6657851934432983,0.8783367872238159,-0.09446917474269867,0.6856269836425781,0.8653671741485596,-0.12262637168169022,0.7163217067718506,0.8682305812835693,-0.1504034847021103,0.5983629822731018,0.9415360689163208,-0.09610821306705475,0.5620908737182617,0.9735912084579468,-0.12773890793323517,0.5293492674827576,0.9918791651725769,-0.14749857783317566,0.498498797416687,1.0060135126113892,-0.16039036214351654,0.5688513517379761,0.9522793889045715,-0.07702716439962387,0.5146199464797974,0.9656015038490295,-0.10359083116054535,0.4723420739173889,0.9614159464836121,-0.11684934794902802,0.43841552734375,0.9590210318565369,-0.12712863087654114,0.5487769842147827,0.9527024626731873,-0.058585621416568756,0.4981733560562134,0.9569117426872253,-0.07779711484909058,0.4626864790916443,0.9476114511489868,-0.09022514522075653,0.434323251247406,0.940845787525177,-0.0985851064324379,0.5363072752952576,0.9489820599555969,-0.04394667595624924,0.49876919388771057,0.9477596282958984,-0.05321257933974266,0.4700075685977936,0.9423530697822571,-0.05829363316297531,0.4462682902812958,0.9356054067611694,-0.06324279308319092
36,right,0.27817702293395996,0.8268531560897827,5.202975899010198e-07,0.28027284145355225,0.7478914856910706,-0.02781420759856701,0.29493340849876404,0.6771059036254883,-0.057404495775699615,0.31955990195274353,0.6305475234985352,-0.07878703624010086,0.34763193130493164,0.586527943611145,-0.100131556391716,0.2428310513496399,0.7392418384552002,-0.11176212131977081,0.2982080578804016,0.7134422063827515,-0.1546594798564911,0.3470282554626465,0.6964857578277588,-0.17597368359565735,0.38814783096313477,0.6867031455039978,-0.18739460408687592,0.2562832236289978,0.8108003735542297,-0.11378592252731323,0.3460502326488495,0.7627779245376587,-0.15488456189632416,0.4086551368236542,0.7331387400627136,-0.1676449328660965,0.454586386680603,0.7146995067596436,-0.177390456199646,0.28200244903564453,0.8625523447990417,-0.11305589973926544,0.37028250098228455,0.8180166482925415,-0.14927895367145538,0.42901092767715454,0.7814452648162842,-0.15909859538078308,0.4693390429019928,0.7518539428710938,-0.16441428661346436,0.3118617534637451,0.8962063789367676,-0.11189640313386917,0.3753359615802765,0.856978178024292,-0.13669559359550476,0.4117501676082611,0.8252837657928467,-0.14266318082809448,0.4385160207748413,0.793937087059021,-0.14759941399097443
36,left,0.6338418126106262,0.943499743938446,5.153306688043813e-07,0.6546880006790161,0.8994474411010742,-0.06281283497810364,0.6597623825073242,0.8774399757385254,-0.1039653867483139,0.679841935634613,0.8672787547111511,-0.13531720638275146,0.7115181684494019,0.8700857162475586,-0.16617104411125183,0.59684157371521,0.9427482485771179,-0.10200047492980957,0.5605693459510803,0.9712550640106201,-0.13770551979541779,0.52837073802948,0.9885250926017761,-0.16053257882595062,0.4980822801589966,1.0017324686050415,-0.1749505251646042,0.5692722201347351,0.9533570408821106,-0.0820816159248352,0.5158960223197937,0.9742638468742371,-0.11028430610895157,0.4734882712364197,0.9748043417930603,-0.12423738092184067,0.4390365183353424,0.9746071100234985,-0.13450105488300323,0.5501121282577515,0.9515628218650818,-0.06375637650489807,0.4989759027957916,0.9618281126022339,-0.08372704684734344,0.4626087248325348,0.9551913738250732,-0.09588432312011719,0.4327605366706848,0.948683500289917,-0.1039884015917778,0.5376374125480652,0.9445992708206177,-0.050161439925432205,0.5010424256324768,0.9490975737571716,-0.059491924941539764,0.47148072719573975,0.9455240964889526,-0.06433136761188507,0.44658488035202026,0.9381206631660461,-0.06913410872220993
