1,right,0,0,0,0,0,0,0,0,0,0,0,0,0,0,0,0,0,0,0,0,0,0,0,0,0,0,0,0,0,0,0,0,0,0,0,0,0,0,0,0,0,0,0,0,0,0,0,0,0,0,0,0,0,0,0,0,0,0,0,0,0,0,0
1,left,0,0,0,0,0,0,0,0,0,0,0,0,0,0,0,0,0,0,0,0,0,0,0,0,0,0,0,0,0,0,0,0,0,0,0,0,0,0,0,0,0,0,0,0,0,0,0,0,0,0,0,0,0,0,0,0,0,0,0,0,0,0,0
2,right,0,0,0,0,0,0,0,0,0,0,0,0,0,0,0,0,0,0,0,0,0,0,0,0,0,0,0,0,0,0,0,0,0,0,0,0,0,0,0,0,0,0,0,0,0,0,0,0,0,0,0,0,0,0,0,0,0,0,0,0,0,0,0
2,left,0,0,0,0,0,0,0,0,0,0,0,0,0,0,0,0,0,0,0,0,0,0,0,0,0,0,0,0,0,0,0,0,0,0,0,0,0,0,0,0,0,0,0,0,0,0,0,0,0,0,0,0,0,0,0,0,0,0,0,0,0,0,0
3,right,0,0,0,0,0,0,0,0,0,0,0,0,0,0,0,0,0,0,0,0,0,0,0,0,0,0,0,0,0,0,0,0,0,0,0,0,0,0,0,0,0,0,0,0,0,0,0,0,0,0,0,0,0,0,0,0,0,0,0,0,0,0,0
3,left,0,0,0,0,0,0,0,0,0,0,0,0,0,0,0,0,0,0,0,0,0,0,0,0,0,0,0,0,0,0,0,0,0,0,0,0,0,0,0,0,0,0,0,0,0,0,0,0,0,0,0,0,0,0,0,0,0,0,0,0,0,0,0
4,right,0,0,0,0,0,0,0,0,0,0,0,0,0,0,0,0,0,0,0,0,0,0,0,0,0,0,0,0,0,0,0,0,0,0,0,0,0,0,0,0,0,0,0,0,0,0,0,0,0,0,0,0,0,0,0,0,0,0,0,0,0,0,0
4,left,0,0,0,0,0,0,0,0,0,0,0,0,0,0,0,0,0,0,0,0,0,0,0,0,0,0,0,0,0,0,0,0,0,0,0,0,0,0,0,0,0,0,0,0,0,0,0,0,0,0,0,0,0,0,0,0,0,0,0,0,0,0,0
5,right,0,0,0,0,0,0,0,0,0,0,0,0,0,0,0,0,0,0,0,0,0,0,0,0,0,0,0,0,0,0,0,0,0,0,0,0,0,0,0,0,0,0,0,0,0,0,0,0,0,0,0,0,0,0,0,0,0,0,0,0,0,0,0
5,left,0,0,0,0,0,0,0,0,0,0,0,0,0,0,0,0,0,0,0,0,0,0,0,0,0,0,0,0,0,0,0,0,0,0,0,0,0,0,0,0,0,0,0,0,0,0,0,0,0,0,0,0,0,0,0,0,0,0,0,0,0,0,0
6,right,0.3631545603275299,0.9423636794090271,2.214706285030843e-07,0.394995778799057,0.9080682992935181,-0.003327604616060853,0.43728935718536377,0.8970680832862854,-0.01445674430578947,0.4740196764469147,0.907210111618042,-0.02447614073753357,0.49854427576065063,0.9219299554824829,-0.034425899386405945,0.4311506152153015,0.8901186585426331,-0.0396476648747921,0.48304060101509094,0.9010167121887207,-0.05593429505825043,0.5082811713218689,0.9198710918426514,-0.06196032837033272,0.5221654772758484,0.936388373374939,-0.06388158351182938,0.42210572957992554,0.9205605387687683,-0.0454183928668499,0.4825500249862671,0.9463247656822205,-0.05883574113249779,0.505535364151001,0.9730765223503113,-0.05818288028240204,0.5142229199409485,0.9928053021430969,-0.057096920907497406,0.41285523772239685,0.9558199644088745,-0.049568597227334976,0.47187963128089905,0.9808335304260254,-0.05965404585003853,0.49305441975593567,1.0029816627502441,-0.05473867058753967,0.49958792328834534,1.0170191526412964,-0.050787363201379776,0.4051711857318878,0.9909535646438599,-0.053402721881866455,0.4506450295448303,1.0045198202133179,-0.05924983695149422,0.4687911868095398,1.0150257349014282,-0.054520245641469955,0.47650906443595886,1.0215368270874023,-0.05027026683092117
6,left,0,0,0,0,0,0,0,0,0,0,0,0,0,0,0,0,0,0,0,0,0,0,0,0,0,0,0,0,0,0,0,0,0,0,0,0,0,0,0,0,0,0,0,0,0,0,0,0,0,0,0,0,0,0,0,0,0,0,0,0,0,0,0
7,right,0.35435575246810913,0.903914749622345,3.9731094148010015e-07,0.3881640136241913,0.8755652904510498,0.002624963875859976,0.42866337299346924,0.860808253288269,-0.004612443968653679,0.46177688241004944,0.8604474067687988,-0.012393158860504627,0.4873003661632538,0.8685257434844971,-0.019547725096344948,0.4338390827178955,0.8454470634460449,-0.024736404418945312,0.479007750749588,0.8461465239524841,-0.03984886780381203,0.5062655210494995,0.8609123229980469,-0.04684560000896454,0.5240973234176636,0.8785290718078613,-0.04991333186626434,0.4251385033130646,0.8686413764953613,-0.03404397517442703,0.4794982969760895,0.8935333490371704,-0.04833773523569107,0.5031139850616455,0.9214377403259277,-0.04995846003293991,0.5137471556663513,0.9433138966560364,-0.04925662279129028,0.4130302369594574,0.9017888903617859,-0.04194976016879082,0.46689245104789734,0.9319534301757812,-0.05286446958780289,0.4836842715740204,0.9577658772468567,-0.0479871965944767,0.48933058977127075,0.9725958108901978,-0.04285458102822304,0.39958444237709045,0.9387420415878296,-0.04928707703948021,0.44096559286117554,0.9650126695632935,-0.05492066591978073,0.4521077275276184,0.9762828350067139,-0.04884001612663269,0.4558188319206238,0.9816662073135376,-0.04270428046584129
7,left,0,0,0,0,0,0,0,0,0,0,0,0,0,0,0,0,0,0,0,0,0,0,0,0,0,0,0,0,0,0,0,0,0,0,0,0,0,0,0,0,0,0,0,0,0,0,0,0,0,0,0,0,0,0,0,0,0,0,0,0,0,0,0
8,right,0.373325377702713,0.8077865242958069,3.4835107953767874e-07,0.40591204166412354,0.7871459126472473,-0.002718787407502532,0.4493480920791626,0.780746579170227,-0.013106606900691986,0.4861999452114105,0.7982925176620483,-0.02405940555036068,0.5119287967681885,0.8195586800575256,-0.03407919034361839,0.44798362255096436,0.7326765656471252,-0.029238827526569366,0.49683666229248047,0.7328546047210693,-0.04973062500357628,0.5213276743888855,0.7573551535606384,-0.06098813936114311,0.5337167978286743,0.7849043011665344,-0.06658673286437988,0.4365549087524414,0.7478837966918945,-0.03801095113158226,0.4925205111503601,0.7628308534622192,-0.057028524577617645,0.5186735987663269,0.7945631146430969,-0.06272158026695251,0.5314571261405945,0.8260354995727539,-0.0655287578701973,0.42542389035224915,0.7759119868278503,-0.046502336859703064,0.4779253900051117,0.8054491281509399,-0.06268582493066788,0.496055543422699,0.8370541334152222,-0.06294576078653336,0.50373375415802,0.8615806102752686,-0.061694059520959854,0.4154594838619232,0.8116299510002136,-0.055031515657901764,0.45333391427993774,0.8410083055496216,-0.06439206749200821,0.46612945199012756,0.863678514957428,-0.062158193439245224,0.4730473458766937,0.8805395364761353,-0.05961870402097702
8,left,0.5245878100395203,0.9382727146148682,6.843342248430417e-08,0.5467957258224487,0.906510055065155,-0.012481066398322582,0.5772640109062195,0.883301854133606,-0.03232165426015854,0.6059797406196594,0.8787394165992737,-0.052373047918081284,0.6342512965202332,0.8834792375564575,-0.07286948710680008,0.5837816596031189,0.9212007522583008,-0.04260855168104172,0.58891361951828,0.9048138856887817,-0.06745723634958267,0.5947694778442383,0.9021597504615784,-0.08307839184999466,0.6028720736503601,0.9023443460464478,-0.09055744856595993,0.5644616484642029,0.9490759968757629,-0.04416145756840706,0.562762975692749,0.9266073703765869,-0.06189649924635887,0.5657856464385986,0.919389009475708,-0.06506680697202682,0.5686402320861816,0.9136649370193481,-0.06811736524105072,0.5385726690292358,0.9688675403594971,-0.04562187194824219,0.5279275178909302,0.9427511096000671,-0.05693730339407921,0.5269220471382141,0.9311826229095459,-0.05369186028838158,0.5264352560043335,0.9251891374588013,-0.05152445659041405,0.5106322169303894,0.9817857146263123,-0.04846414923667908,0.49673524498939514,0.9594844579696655,-0.050089575350284576,0.49107834696769714,0.9455062747001648,-0.04311855882406235,0.4862777590751648,0.9372202157974243,-0.03951002284884453
9,right,0.39388948678970337,0.7322267293930054,1.1343382766426657e-07,0.43099236488342285,0.7140102386474609,0.002268246840685606,0.46662771701812744,0.6952539086341858,-0.004338931757956743,0.4939987361431122,0.6861796975135803,-0.012682112865149975,0.5147106051445007,0.6891295909881592,-0.020983435213565826,0.4754372835159302,0.6494268178939819,-0.02040982060134411,0.5181244015693665,0.6342505812644958,-0.03231101110577583,0.5337058901786804,0.6406080722808838,-0.03687800467014313,0.5452457666397095,0.6500411629676819,-0.039469145238399506,0.4620444178581238,0.6560161113739014,-0.030402764678001404,0.5109696388244629,0.6540094017982483,-0.045169003307819366,0.5314225554466248,0.6679890751838684,-0.04858984425663948,0.5456005930900574,0.6864961981773376,-0.049908049404621124,0.4481016993522644,0.6799724102020264,-0.03947585076093674,0.4954604208469391,0.7126012444496155,-0.05617233365774155,0.5131908655166626,0.7496895790100098,-0.05904980003833771,0.5230979323387146,0.7816742062568665,-0.05898604542016983,0.43463265895843506,0.7129305005073547,-0.04745882749557495,0.469449907541275,0.7414071559906006,-0.056132979691028595,0.47829946875572205,0.7649298310279846,-0.054070305079221725,0.4830165207386017,0.7852457761764526,-0.051871541887521744
9,left,0.5398240089416504,0.8698503971099854,1.2838289364935918e-07,0.5606398582458496,0.844126284122467,-0.02207425981760025,0.5786623954772949,0.8207941055297852,-0.044256702065467834,0.6022956371307373,0.8121297359466553,-0.06437645107507706,0.6257692575454712,0.8068878650665283,-0.08548634499311447,0.5473933815956116,0.8392555713653564,-0.04790959134697914,0.544834315776825,0.8315686583518982,-0.07068853080272675,0.5438922047615051,0.8298778533935547,-0.08616577833890915,0.5427248477935791,0.8292168378829956,-0.09532836824655533,0.5236162543296814,0.8545859456062317,-0.04554367437958717,0.5080835819244385,0.8410388827323914,-0.061802033334970474,0.499805748462677,0.8369268774986267,-0.06822801381349564,0.4945966303348541,0.8319723606109619,-0.0740102082490921,0.5023816823959351,0.8683874607086182,-0.04390416294336319,0.47891297936439514,0.8546208739280701,-0.05652084946632385,0.4643798768520355,0.845947265625,-0.06050005927681923,0.45152610540390015,0.8356141448020935,-0.0639750137925148,0.48586517572402954,0.880579948425293,-0.04380173981189728,0.46526384353637695,0.8697732090950012,-0.05001627281308174,0.45187458395957947,0.860905110836029,-0.050066836178302765,0.44084829092025757,0.8506030440330505,-0.051472585648298264
10,right,0.4028279185295105,0.6920215487480164,1.5323360003094422e-07,0.4358009397983551,0.6750084757804871,0.0043078940361738205,0.4709002673625946,0.6581435799598694,0.00020724294881802052,0.4994143843650818,0.6496102809906006,-0.0053347996436059475,0.5215139985084534,0.646269679069519,-0.010218454524874687,0.47844934463500977,0.6170810461044312,-0.01436544582247734,0.5207540392875671,0.6086495518684387,-0.025435395538806915,0.5395779013633728,0.6210457682609558,-0.02973504364490509,0.5521723031997681,0.6362005472183228,-0.03142134100198746,0.4685749113559723,0.6199630498886108,-0.02392919734120369,0.5183479189872742,0.6168588995933533,-0.03711625188589096,0.5399913191795349,0.6298834681510925,-0.04110660031437874,0.5547035932540894,0.6465641856193542,-0.04243074730038643,0.4563455879688263,0.6375222206115723,-0.032742179930210114,0.49805155396461487,0.6756471395492554,-0.047002267092466354,0.5150241851806641,0.714032769203186,-0.0503113716840744,0.5267709493637085,0.7456650137901306,-0.0505310520529747,0.44289252161979675,0.6634906530380249,-0.040318090468645096,0.47336578369140625,0.6883881688117981,-0.04638662561774254,0.4857754111289978,0.7104009389877319,-0.0443805456161499,0.4955797493457794,0.7287319898605347,-0.04244218021631241
10,left,0.5396997332572937,0.8180519938468933,1.1526056198363221e-07,0.5595966577529907,0.7885556221008301,-0.027410201728343964,0.5753003358840942,0.7661088109016418,-0.04901045188307762,0.5968214869499207,0.7589455246925354,-0.06687664985656738,0.6175281405448914,0.7628684639930725,-0.08572389930486679,0.5292526483535767,0.7831118702888489,-0.048421088606119156,0.5184651613235474,0.7848986983299255,-0.06789495795965195,0.5087870955467224,0.7837282419204712,-0.08174848556518555,0.49813687801361084,0.7815107703208923,-0.09070335328578949,0.5064842104911804,0.7886258363723755,-0.040871478617191315,0.48187148571014404,0.7813812494277954,-0.05566703900694847,0.464486300945282,0.7736428380012512,-0.06403369456529617,0.45119142532348633,0.7661218047142029,-0.07149059325456619,0.4884699881076813,0.7930406928062439,-0.033759452402591705,0.4612741470336914,0.7830291986465454,-0.04523273929953575,0.4435797929763794,0.7708939909934998,-0.05060306563973427,0.4314434230327606,0.7592641711235046,-0.05482130125164986,0.47491079568862915,0.7981528639793396,-0.028499139472842216,0.45460575819015503,0.7858344912528992,-0.03370602801442146,0.4395366311073303,0.7746363878250122,-0.03448827192187309,0.43069708347320557,0.7633873820304871,-0.03627954423427582
11,right,0.36682528257369995,0.6723547577857971,1.6470352193209692e-07,0.41710302233695984,0.6824376583099365,0.009111687541007996,0.4571194052696228,0.6640496850013733,0.0056646233424544334,0.4817832112312317,0.6442239284515381,-0.0009216857142746449,0.5040650963783264,0.6275060772895813,-0.008381864055991173,0.4567314684391022,0.6059427857398987,-0.011821928434073925,0.5043581128120422,0.5941699743270874,-0.025313392281532288,0.5331494212150574,0.6042385101318359,-0.0332682840526104,0.5518921613693237,0.6215330362319946,-0.03821217641234398,0.44523200392723083,0.6101449131965637,-0.025045957416296005,0.5038999915122986,0.6507839560508728,-0.04324674606323242,0.5176224708557129,0.6915400624275208,-0.049377866089344025,0.5211907625198364,0.7200286388397217,-0.05148636922240257,0.4327218234539032,0.6296961903572083,-0.03708774223923683,0.48762908577919006,0.6655847430229187,-0.05193763226270676,0.509099006652832,0.7010419964790344,-0.05258069187402725,0.5208110213279724,0.7266430258750916,-0.05176599696278572,0.42193931341171265,0.6578453183174133,-0.04800577834248543,0.45825672149658203,0.6683979034423828,-0.057364124804735184,0.4792027175426483,0.6829027533531189,-0.0564313568174839,0.4960313141345978,0.6954552531242371,-0.05495185777544975
11,left,0.5410316586494446,0.7784807682037354,8.968463305336627e-08,0.5634987950325012,0.7461580038070679,-0.021497562527656555,0.5787323713302612,0.7214505076408386,-0.0370052345097065,0.6003189086914062,0.7156872153282166,-0.0499156229197979,0.6212512850761414,0.7260898351669312,-0.06402843445539474,0.535111129283905,0.7453505396842957,-0.03239644318819046,0.5118573307991028,0.7541441321372986,-0.045445073395967484,0.4913027584552765,0.75865638256073,-0.05644787847995758,0.4720357358455658,0.7594229578971863,-0.06427862495183945,0.5097956657409668,0.7515994906425476,-0.02555205672979355,0.4807788133621216,0.7478632926940918,-0.034002192318439484,0.4605805575847626,0.7407493591308594,-0.039919644594192505,0.4455874264240265,0.7341770529747009,-0.04553041607141495,0.49260377883911133,0.7550730109214783,-0.018936026841402054,0.46409088373184204,0.7444984912872314,-0.02437315322458744,0.4471360743045807,0.73365318775177,-0.0268218033015728,0.43545472621917725,0.7218008041381836,-0.02883961610496044,0.4808101952075958,0.7572780847549438,-0.014147970825433731,0.46041375398635864,0.7418348789215088,-0.015386615879833698,0.445605605840683,0.7304532527923584,-0.013362870551645756,0.4367269277572632,0.7187469005584717,-0.01257210224866867
12,right,0.419106662273407,0.6547808647155762,1.1967033231030655e-07,0.4477781355381012,0.6387090086936951,0.0020825264509767294,0.47867345809936523,0.6302923560142517,-0.006232941057533026,0.5033718943595886,0.628517746925354,-0.014759192243218422,0.5204359889030457,0.6221097707748413,-0.023783685639500618,0.4802182614803314,0.5982077717781067,-0.03423532843589783,0.5186993479728699,0.5883365869522095,-0.05300656706094742,0.5391312837600708,0.60218346118927,-0.06344479322433472,0.5539198517799377,0.6197712421417236,-0.06987447291612625,0.46843329071998596,0.603056788444519,-0.04377998784184456,0.5055491924285889,0.6413732767105103,-0.06362999230623245,0.5183132886886597,0.674147367477417,-0.06907063722610474,0.5257577300071716,0.7005915641784668,-0.07253516465425491,0.4546363651752472,0.6149083375930786,-0.051938753575086594,0.49142420291900635,0.6535940766334534,-0.06927831470966339,0.5086779594421387,0.6838662624359131,-0.07213196903467178,0.5226821303367615,0.7099047899246216,-0.07379061728715897,0.4427635073661804,0.6304832696914673,-0.05906597524881363,0.4674142003059387,0.6506422162055969,-0.07064078003168106,0.48302993178367615,0.6685748100280762,-0.0719081237912178,0.49755579233169556,0.6860809922218323,-0.07307139039039612
12,left,0.5488070249557495,0.7716914415359497,3.099431467035174e-07,0.567035973072052,0.7363412976264954,-0.028897466138005257,0.575011134147644,0.7089362740516663,-0.05005250126123428,0.5930335521697998,0.7024586796760559,-0.0656217485666275,0.6187008023262024,0.7123995423316956,-0.08172959834337234,0.5360530614852905,0.7446531653404236,-0.06076883152127266,0.5093512535095215,0.7475376725196838,-0.07967614382505417,0.4859028160572052,0.748658299446106,-0.09079945832490921,0.46282297372817993,0.7488777041435242,-0.09817101061344147,0.5125979781150818,0.7542511224746704,-0.050975311547517776,0.4770256578922272,0.7396369576454163,-0.06679394841194153,0.4525308609008789,0.7214564085006714,-0.07361755520105362,0.43209415674209595,0.7076917290687561,-0.07882319390773773,0.4973641335964203,0.7569642663002014,-0.04012887552380562,0.4656933546066284,0.7360461354255676,-0.05073229596018791,0.44672685861587524,0.7140994071960449,-0.057175345718860626,0.430814266204834,0.6962855458259583,-0.06145293638110161,0.4880537986755371,0.7556705474853516,-0.030916228890419006,0.467720091342926,0.734494686126709,-0.0366327203810215,0.4525184631347656,0.7177083492279053,-0.03885122761130333,0.43918943405151367,0.7020935416221619,-0.040848828852176666
13,right,0.3901042938232422,0.6554233431816101,2.1307371866896574e-07,0.4262498617172241,0.6520450711250305,0.0039456188678741455,0.4638720154762268,0.6402243375778198,-0.0020029982551932335,0.4910393953323364,0.6302923560142517,-0.009491241537034512,0.5128911733627319,0.6185399889945984,-0.017611229792237282,0.4586257338523865,0.596730649471283,-0.021171381697058678,0.5041709542274475,0.5888494849205017,-0.03726642206311226,0.5323049426078796,0.6018086671829224,-0.04623406380414963,0.5512868165969849,0.6190022230148315,-0.05142529308795929,0.4479229152202606,0.6042596101760864,-0.03151942044496536,0.5031461715698242,0.6380460858345032,-0.05105934292078018,0.5194587707519531,0.67409747838974,-0.05789602920413017,0.5260677337646484,0.699109673500061,-0.06066400557756424,0.4371701776981354,0.6241810917854309,-0.040696050971746445,0.49062660336494446,0.6552658677101135,-0.05688788741827011,0.511123538017273,0.6886317729949951,-0.05809875577688217,0.5233471393585205,0.7125401496887207,-0.05728582292795181,0.4282997250556946,0.6504921317100525,-0.048954132944345474,0.46237608790397644,0.6627511382102966,-0.05853455513715744,0.4816511273384094,0.6767030358314514,-0.05798177421092987,0.4979832172393799,0.687775731086731,-0.05679532140493393
13,left,0.5483739376068115,0.7659156322479248,3.827127272870712e-07,0.5651415586471558,0.7302725911140442,-0.03296167775988579,0.5730389356613159,0.7085216641426086,-0.056329041719436646,0.5911562442779541,0.7063618302345276,-0.07389364391565323,0.6174978613853455,0.7138760089874268,-0.09178506582975388,0.5348981618881226,0.7458977699279785,-0.06305726617574692,0.5087343454360962,0.7502858638763428,-0.08378259092569351,0.4853864312171936,0.7516292333602905,-0.09656425565481186,0.46280503273010254,0.752156674861908,-0.10523854941129684,0.511839747428894,0.7551694512367249,-0.05277950316667557,0.4780368506908417,0.7429367899894714,-0.06962345540523529,0.4539537727832794,0.7244523167610168,-0.07708559930324554,0.4348908066749573,0.7104818820953369,-0.08272096514701843,0.49721622467041016,0.7570592164993286,-0.04230363294482231,0.4666886627674103,0.7403159141540527,-0.05412265285849571,0.44684773683547974,0.7184879183769226,-0.06108856201171875,0.4313468039035797,0.7013031840324402,-0.06573917716741562,0.4888461232185364,0.754650354385376,-0.03403999283909798,0.4688466787338257,0.7372658848762512,-0.04155772179365158,0.4533592760562897,0.722264289855957,-0.0449804812669754,0.44030535221099854,0.7086141705513,-0.04770582914352417
14,right,0.3757583200931549,0.6636037826538086,2.214831482660884e-07,0.41608256101608276,0.6629736423492432,0.007667491212487221,0.45710864663124084,0.6499031782150269,0.00197966699488461,0.48611465096473694,0.6374257206916809,-0.006029450334608555,0.5115644335746765,0.6238800883293152,-0.01486789807677269,0.4573918282985687,0.6017084717750549,-0.020411228761076927,0.5054088830947876,0.5936207175254822,-0.03667793422937393,0.5340368747711182,0.6071667671203613,-0.045882705599069595,0.5527029037475586,0.6259709000587463,-0.05145600810647011,0.4461202025413513,0.6081210374832153,-0.03320800140500069,0.5050418376922607,0.6465268731117249,-0.05240042507648468,0.5198394656181335,0.6853625774383545,-0.05858562886714935,0.524540364742279,0.7116084098815918,-0.06112009286880493,0.4336105287075043,0.6288856863975525,-0.044464290142059326,0.4913833737373352,0.6587434411048889,-0.059442099183797836,0.5124820470809937,0.6947449445724487,-0.05961989983916283,0.5236437916755676,0.7210400104522705,-0.05880993977189064,0.4220552146434784,0.6572936177253723,-0.05459395796060562,0.4588542580604553,0.6681248545646667,-0.06495556235313416,0.4807538390159607,0.6845478415489197,-0.06487981975078583,0.4987218677997589,0.6987871527671814,-0.06401809304952621
14,left,0.547529935836792,0.7692712545394897,4.812807219423121e-07,0.5649830102920532,0.7336929440498352,-0.037537623196840286,0.5737112164497375,0.7152077555656433,-0.0653943195939064,0.5919792652130127,0.7140416502952576,-0.08643154799938202,0.6175312995910645,0.7182670831680298,-0.10794004052877426,0.5340555310249329,0.7527081966400146,-0.07508417963981628,0.5085276365280151,0.7588914632797241,-0.09963297098875046,0.4846413731575012,0.7604053616523743,-0.11449538916349411,0.46196338534355164,0.7605301737785339,-0.1241728737950325,0.5108548402786255,0.7629109621047974,-0.06253881007432938,0.47573941946029663,0.7503535747528076,-0.08194324374198914,0.4512946605682373,0.7288245558738708,-0.08941048383712769,0.43218594789505005,0.7124904990196228,-0.09493822604417801,0.49637681245803833,0.7645339369773865,-0.04954781010746956,0.46528592705726624,0.7476435899734497,-0.06262073665857315,0.4452488124370575,0.7237140536308289,-0.06855285167694092,0.4303482174873352,0.7052710056304932,-0.07256220281124115,0.48824042081832886,0.7611060738563538,-0.03904753178358078,0.46780282258987427,0.7438392639160156,-0.046882178634405136,0.4523652195930481,0.7274390459060669,-0.04977253079414368,0.4395790994167328,0.7122964262962341,-0.05210376903414726
15,right,0.4296424984931946,0.6534277200698853,1.1121785092882419e-07,0.4497935473918915,0.6331873536109924,0.0013805256457999349,0.47318920493125916,0.6236916780471802,-0.007977886125445366,0.49232742190361023,0.6225160956382751,-0.017091374844312668,0.509570837020874,0.6268501877784729,-0.02711636945605278,0.4785650074481964,0.6029728651046753,-0.03784501925110817,0.5122300982475281,0.5884202122688293,-0.05778238922357559,0.5339607000350952,0.6014417409896851,-0.0702383741736412,0.5499706268310547,0.6191812753677368,-0.07822059094905853,0.4696958065032959,0.616743266582489,-0.04747821390628815,0.5055740475654602,0.6552594304084778,-0.06586592644453049,0.5181723237037659,0.6879573464393616,-0.07126294076442719,0.5256631970405579,0.7120373249053955,-0.07589846849441528,0.45883041620254517,0.6345534324645996,-0.05567748472094536,0.4944632649421692,0.6716812252998352,-0.07282277196645737,0.5112453103065491,0.7001254558563232,-0.07574494928121567,0.525014340877533,0.7228612899780273,-0.0783362090587616,0.4491824805736542,0.6539562344551086,-0.06262542307376862,0.4729956388473511,0.6785092949867249,-0.07390670478343964,0.4861801862716675,0.6975195407867432,-0.07397007197141647,0.49916505813598633,0.7124786972999573,-0.0749274343252182
15,left,0.5463467836380005,0.7701741456985474,4.550250594093086e-07,0.5646445155143738,0.7344405055046082,-0.03957390785217285,0.5731307864189148,0.7169241309165955,-0.06764068454504013,0.5903201699256897,0.7177741527557373,-0.0886082723736763,0.6167601346969604,0.7206149101257324,-0.10989191383123398,0.5348019003868103,0.7565222382545471,-0.07645894587039948,0.5087464451789856,0.7613891363143921,-0.1016615629196167,0.48387250304222107,0.7644860744476318,-0.11706702411174774,0.4613892436027527,0.7663540840148926,-0.1273830384016037,0.5115892887115479,0.7658388614654541,-0.06357650458812714,0.4780983328819275,0.7519270181655884,-0.08190640062093735,0.4539998769760132,0.7339907288551331,-0.08850840479135513,0.43526074290275574,0.7204225063323975,-0.09425631910562515,0.49624103307724,0.7665584683418274,-0.050842490047216415,0.4670754671096802,0.7469320893287659,-0.06362924724817276,0.4467465877532959,0.7269119620323181,-0.0695413276553154,0.43129444122314453,0.7111546397209167,-0.07436098158359528,0.4869227409362793,0.7631754875183105,-0.04091713950037956,0.4684569835662842,0.7432777881622314,-0.04881032183766365,0.4530550241470337,0.7277699708938599,-0.05227341502904892,0.4395997226238251,0.7136056423187256,-0.055750735104084015
16,right,0.40901583433151245,0.6664378643035889,3.567859323538869e-07,0.4292522966861725,0.6391072273254395,-0.0018331294413655996,0.45635977387428284,0.6155961751937866,-0.013087969273328781,0.48356884717941284,0.6091936230659485,-0.02337821014225483,0.5035295486450195,0.6118757724761963,-0.03472878411412239,0.45519134402275085,0.5924842357635498,-0.04289339482784271,0.4921705424785614,0.5795982480049133,-0.063125379383564,0.5186493992805481,0.5856802463531494,-0.07385089993476868,0.5392248034477234,0.5962375998497009,-0.08001925051212311,0.4433019459247589,0.6109833717346191,-0.05027611926198006,0.49557915329933167,0.6419880986213684,-0.07195132225751877,0.5163634419441223,0.6787383556365967,-0.07674633711576462,0.5276275873184204,0.7067223191261292,-0.07812889665365219,0.4338397979736328,0.6393555998802185,-0.05566147342324257,0.48508983850479126,0.6683604121208191,-0.07298413664102554,0.5070391297340393,0.6978041529655457,-0.0732060968875885,0.5214634537696838,0.7208497524261475,-0.07172824442386627,0.42805030941963196,0.6703939437866211,-0.06019393354654312,0.4635048806667328,0.6881289482116699,-0.07220754027366638,0.48228752613067627,0.7042200565338135,-0.07165039330720901,0.49836334586143494,0.7166416645050049,-0.06986836344003677
16,left,0.5412138104438782,0.7678003907203674,4.1468402400823834e-07,0.561224639415741,0.7361087799072266,-0.03765153884887695,0.5706400275230408,0.7182226181030273,-0.06352200359106064,0.5883582830429077,0.7190158367156982,-0.08289311826229095,0.6143784523010254,0.722929835319519,-0.10263324528932571,0.5311890244483948,0.7559380531311035,-0.06862124800682068,0.5071130394935608,0.7659023404121399,-0.09113970398902893,0.4835761785507202,0.7708943486213684,-0.10501755028963089,0.46234560012817383,0.7723702788352966,-0.11449094861745834,0.5065494179725647,0.7617883682250977,-0.056216537952423096,0.475568562746048,0.7536283731460571,-0.07243069261312485,0.4526863098144531,0.7398188710212708,-0.07883671671152115,0.4339788854122162,0.728936493396759,-0.08458380401134491,0.4908055365085602,0.7614281177520752,-0.04418165609240532,0.46346795558929443,0.7488480806350708,-0.0558239221572876,0.4436684846878052,0.7331041693687439,-0.062184665352106094,0.42758023738861084,0.7204298973083496,-0.06733930855989456,0.4818587899208069,0.7603597044944763,-0.03479669615626335,0.46419334411621094,0.7475487589836121,-0.04184103384613991,0.44859370589256287,0.736370861530304,-0.04542185366153717,0.43414872884750366,0.7251293659210205,-0.04903673753142357
17,right,0.41866612434387207,0.6975961923599243,2.2446982939072768e-07,0.43418875336647034,0.6611769199371338,-0.0012517236173152924,0.44671136140823364,0.6241996884346008,-0.0073402137495577335,0.46057718992233276,0.5987012982368469,-0.013412050902843475,0.47354835271835327,0.590194821357727,-0.01976577378809452,0.44542765617370605,0.6061205267906189,-0.023394417017698288,0.46579810976982117,0.5675548315048218,-0.039915647357702255,0.4869205355644226,0.5612760186195374,-0.051232535392045975,0.506344735622406,0.564734697341919,-0.0587395615875721,0.4422437250614166,0.6244877576828003,-0.030236832797527313,0.4729247987270355,0.6276360154151917,-0.04827535152435303,0.49221575260162354,0.6500181555747986,-0.05469502508640289,0.5075845122337341,0.6695093512535095,-0.05768933147192001,0.4368816912174225,0.6513593792915344,-0.03639949858188629,0.4652003347873688,0.6586116552352905,-0.05123196542263031,0.48510584235191345,0.6737344264984131,-0.052374228835105896,0.5034849047660828,0.6890308856964111,-0.0519859604537487,0.4321770668029785,0.6824012994766235,-0.042318008840084076,0.4510182738304138,0.6931058764457703,-0.05299840122461319,0.46455031633377075,0.7028425931930542,-0.052318423986434937,0.47887447476387024,0.7110113501548767,-0.05047481879591942
17,left,0.5406792163848877,0.7597345113754272,3.757058664177748e-07,0.560753345489502,0.736838161945343,-0.042844370007514954,0.5713701844215393,0.7255316376686096,-0.07229676842689514,0.5879271626472473,0.7260076403617859,-0.09459803253412247,0.6111059784889221,0.7273892760276794,-0.1171669065952301,0.5279557108879089,0.7602635622024536,-0.07530761510133743,0.5019358396530151,0.772454559803009,-0.100089892745018,0.47903257608413696,0.7787944078445435,-0.11543875187635422,0.4579433500766754,0.7820410132408142,-0.12583985924720764,0.504497230052948,0.7618178725242615,-0.061652038246393204,0.47173771262168884,0.7624147534370422,-0.08096789568662643,0.4484134316444397,0.7543725371360779,-0.08957870304584503,0.42924368381500244,0.7472704648971558,-0.09679321199655533,0.4894573390483856,0.7575954794883728,-0.04868071526288986,0.45905619859695435,0.7532621622085571,-0.0629630759358406,0.4383304715156555,0.7418734431266785,-0.07094056904315948,0.42170560359954834,0.7315838932991028,-0.07708010077476501,0.4805893003940582,0.7523225545883179,-0.038688722997903824,0.4590311348438263,0.7473387718200684,-0.04718077927827835,0.44140860438346863,0.7402524352073669,-0.05194466561079025,0.42587798833847046,0.7313835620880127,-0.05655459687113762
18,right,0.3043462038040161,0.684344470500946,2.7567728011490544e-07,0.3352704346179962,0.6332674622535706,0.0026906642597168684,0.37600964307785034,0.6043587923049927,-0.006231216713786125,0.4134313762187958,0.6045246720314026,-0.01601289212703705,0.4414825737476349,0.6188935041427612,-0.02564910613000393,0.3813600540161133,0.5838016867637634,-0.028730951249599457,0.4240693151950836,0.5518885254859924,-0.0478585883975029,0.4567379355430603,0.5471154451370239,-0.05887739360332489,0.4836755394935608,0.5491840243339539,-0.06494798511266708,0.38018712401390076,0.6114094853401184,-0.039071593433618546,0.44776156544685364,0.6245312094688416,-0.055145014077425,0.4811568856239319,0.6469976305961609,-0.05991118773818016,0.5021162629127502,0.6668677926063538,-0.06206604093313217,0.3784645199775696,0.6495175361633301,-0.048055700957775116,0.443839430809021,0.6652861833572388,-0.05961095169186592,0.4757033586502075,0.684369683265686,-0.05934317037463188,0.4950987696647644,0.6982616782188416,-0.05835052207112312,0.3776157796382904,0.6892345547676086,-0.05658717826008797,0.42848870158195496,0.7032983899116516,-0.06171272322535515,0.4541216194629669,0.7145226001739502,-0.058110274374485016,0.473913311958313,0.7217159867286682,-0.05500245839357376
18,left,0.5369442701339722,0.7647091150283813,4.4224003659110167e-07,0.555651068687439,0.7359981536865234,-0.04412955418229103,0.5662948489189148,0.7241238951683044,-0.07377609610557556,0.583397626876831,0.7308405041694641,-0.0958857610821724,0.6054477095603943,0.7346581816673279,-0.11851942539215088,0.5253773331642151,0.7686600089073181,-0.07795505970716476,0.500713050365448,0.7798132300376892,-0.10371504724025726,0.4774163067340851,0.7854534983634949,-0.11942531913518906,0.45670583844184875,0.785824716091156,-0.12978075444698334,0.5015647411346436,0.77129727602005,-0.06392424553632736,0.466828852891922,0.7686659097671509,-0.0824071541428566,0.44301655888557434,0.7567504048347473,-0.0900501012802124,0.4250354766845703,0.7441032528877258,-0.09680493921041489,0.486003577709198,0.7657610177993774,-0.05081813782453537,0.45489200949668884,0.7559835910797119,-0.0639258548617363,0.43525636196136475,0.7405374050140381,-0.07123804837465286,0.4211762249469757,0.725868284702301,-0.07751907408237457,0.47756123542785645,0.757865846157074,-0.041003644466400146,0.4565857946872711,0.7474369406700134,-0.0488659143447876,0.4403666853904724,0.7363057732582092,-0.05351037532091141,0.4268084466457367,0.7240955233573914,-0.05839647725224495
19,right,0.27633994817733765,0.6966408491134644,3.262138079662691e-07,0.30461549758911133,0.6417067050933838,-0.004922772757709026,0.34334298968315125,0.5960185527801514,-0.015389354899525642,0.3794029653072357,0.5659403204917908,-0.02349279075860977,0.4053729474544525,0.5414038896560669,-0.03110046684741974,0.32992950081825256,0.5987095832824707,-0.043679773807525635,0.3604208827018738,0.5729808211326599,-0.06567294150590897,0.38933420181274414,0.5664735436439514,-0.07725638151168823,0.41644662618637085,0.5634868741035461,-0.08340030163526535,0.3285079300403595,0.6383039355278015,-0.04974403232336044,0.3954855799674988,0.6354984641075134,-0.066728375852108,0.434804767370224,0.6436436772346497,-0.07060258835554123,0.46407464146614075,0.6514694094657898,-0.07348191738128662,0.3310442864894867,0.6812353134155273,-0.05454479157924652,0.39748212695121765,0.6853002309799194,-0.06920981407165527,0.43446677923202515,0.689445972442627,-0.0698261484503746,0.4599786400794983,0.6900691986083984,-0.06952474266290665,0.33487576246261597,0.7225374579429626,-0.05887364596128464,0.38678354024887085,0.7262570858001709,-0.0673423483967781,0.41354870796203613,0.7283713221549988,-0.06561572104692459,0.4350005090236664,0.7266526818275452,-0.06404697149991989
19,left,0.5420123338699341,0.788361132144928,2.1098466973512586e-08,0.5612034201622009,0.7523887157440186,-0.016930807381868362,0.5707457661628723,0.7247470021247864,-0.030113782733678818,0.5848158597946167,0.718740701675415,-0.04154627397656441,0.6050593852996826,0.7280480265617371,-0.05411669239401817,0.5342286825180054,0.7592620849609375,-0.030815398320555687,0.5128111839294434,0.7802648544311523,-0.04455241933465004,0.494541734457016,0.7904292345046997,-0.05552133545279503,0.47570282220840454,0.7941746711730957,-0.0633331835269928,0.5093412399291992,0.7688552737236023,-0.026986535638570786,0.47748813033103943,0.772326648235321,-0.03718223795294762,0.45753082633018494,0.768176257610321,-0.04375934973359108,0.4424234628677368,0.7620954513549805,-0.049904294312000275,0.4906925857067108,0.7706304788589478,-0.022951994091272354,0.45906856656074524,0.765056848526001,-0.02975541725754738,0.44080597162246704,0.7562426924705505,-0.03411491960287094,0.42703530192375183,0.7458834052085876,-0.03773626685142517,0.4782599210739136,0.7692809104919434,-0.02030922658741474,0.45621001720428467,0.7601823210716248,-0.02108081616461277,0.44317683577537537,0.750770628452301,-0.019253354519605637,0.4332626461982727,0.7400147318840027,-0.01926479861140251
20,right,0.26080983877182007,0.7237840890884399,2.792497468817601e-07,0.2750817537307739,0.6705836653709412,-0.0069755855947732925,0.30215370655059814,0.6190666556358337,-0.02098170667886734,0.33228176832199097,0.5864136815071106,-0.03154533728957176,0.35800114274024963,0.5710523128509521,-0.04218996316194534,0.2809736728668213,0.6376561522483826,-0.056516893208026886,0.2956090569496155,0.6099149584770203,-0.08388815820217133,0.319693922996521,0.5974587798118591,-0.1008090227842331,0.3441423773765564,0.5855668187141418,-0.11108845472335815,0.2808130085468292,0.683658242225647,-0.06253720819950104,0.34536468982696533,0.6694579124450684,-0.08404522389173508,0.3885000944137573,0.6686771512031555,-0.09110745042562485,0.4234215021133423,0.6658855080604553,-0.09665317088365555,0.2882411479949951,0.7311495542526245,-0.06646005809307098,0.3580593466758728,0.7283307313919067,-0.08618588000535965,0.39736929535865784,0.72203528881073,-0.08959629386663437,0.42369556427001953,0.7097119092941284,-0.09065268188714981,0.2995438277721405,0.7751296162605286,-0.0692504346370697,0.3547416627407074,0.773797869682312,-0.08292242884635925,0.37955954670906067,0.7662544846534729,-0.082173652946949,0.396185040473938,0.748809814453125,-0.08085373789072037
20,left,0.5459986925125122,0.7878168821334839,2.5576403572813433e-07,0.5641132593154907,0.755922257900238,-0.030189651995897293,0.5721965432167053,0.7304726243019104,-0.05086079612374306,0.5826231241226196,0.7238661050796509,-0.06617619097232819,0.5994955897331238,0.7315034866333008,-0.08183622360229492,0.5297998785972595,0.7658123970031738,-0.05599178746342659,0.503913402557373,0.7802444100379944,-0.07440441846847534,0.4795914590358734,0.7894697785377502,-0.0861491933465004,0.4570164680480957,0.7971910834312439,-0.0940173864364624,0.5080294609069824,0.7748936414718628,-0.0466056652367115,0.47191983461380005,0.7698180079460144,-0.0625658854842186,0.4455545246601105,0.7588134407997131,-0.07142616808414459,0.42423567175865173,0.7511172890663147,-0.07801239937543869,0.4933435320854187,0.7763091325759888,-0.03674166649580002,0.45937472581863403,0.7675355672836304,-0.0482959970831871,0.43731361627578735,0.7532104253768921,-0.05660581588745117,0.4194825291633606,0.7418782711029053,-0.0621701218187809,0.48428982496261597,0.774462878704071,-0.02870127372443676,0.4614720046520233,0.7647401690483093,-0.03505203500390053,0.44338083267211914,0.7557031512260437,-0.03811617195606232,0.4279026687145233,0.7478657364845276,-0.040788158774375916
21,right,0.26239025592803955,0.7430633306503296,1.704815986158792e-07,0.2726922631263733,0.7044342756271362,-0.008709755726158619,0.28258511424064636,0.6626924872398376,-0.02024873159825802,0.2921513617038727,0.6289331316947937,-0.029570242390036583,0.29875150322914124,0.6026903986930847,-0.03964857757091522,0.26084446907043457,0.678881049156189,-0.03650356084108353,0.2649036645889282,0.6667665243148804,-0.05584987625479698,0.2808469831943512,0.6575139760971069,-0.07043572515249252,0.29827189445495605,0.645251989364624,-0.08057206869125366,0.26995259523391724,0.7141013741493225,-0.03948172554373741,0.30384179949760437,0.7006858587265015,-0.0534638948738575,0.33250218629837036,0.7010437250137329,-0.05992992967367172,0.36090409755706787,0.6961679458618164,-0.06671063601970673,0.28020617365837097,0.7467818856239319,-0.041705142706632614,0.31555548310279846,0.736196756362915,-0.05498906597495079,0.3407936990261078,0.734693169593811,-0.05560680106282234,0.3638862073421478,0.730534553527832,-0.05638753995299339,0.29216742515563965,0.777607798576355,-0.04381827637553215,0.32187241315841675,0.7699442505836487,-0.05115947127342224,0.34253430366516113,0.7646108269691467,-0.04832274466753006,0.3619794249534607,0.7541223168373108,-0.04717019945383072
21,left,0.5408416986465454,0.7766989469528198,3.230948664167954e-07,0.5598098635673523,0.7449654340744019,-0.035828154534101486,0.5660241842269897,0.7258585691452026,-0.05915970727801323,0.5792848467826843,0.7229261994361877,-0.07649216055870056,0.6000028848648071,0.726224422454834,-0.09347596019506454,0.5232795476913452,0.7644144296646118,-0.06155131384730339,0.49569201469421387,0.7770103216171265,-0.08197592943906784,0.4711693823337555,0.7834840416908264,-0.09476134926080704,0.44910597801208496,0.7879415154457092,-0.10322961211204529,0.5026321411132812,0.7713249921798706,-0.049682535231113434,0.4686978757381439,0.7699133157730103,-0.06604018062353134,0.4432840049266815,0.758682370185852,-0.0741548165678978,0.42286065220832825,0.7500839233398438,-0.08014944940805435,0.48930707573890686,0.7695906162261963,-0.03807981684803963,0.45821064710617065,0.7638846039772034,-0.04951142892241478,0.4362458884716034,0.7480095028877258,-0.057098474353551865,0.41879335045814514,0.734619140625,-0.06218286231160164,0.48114973306655884,0.7641947269439697,-0.029002157971262932,0.4590623378753662,0.7578058838844299,-0.035056222230196,0.4417031407356262,0.7493498921394348,-0.03824245557188988,0.4274822771549225,0.7400220632553101,-0.04112027585506439
22,right,0.1800546646118164,0.8062474131584167,2.9432095516312984e-07,0.20586182177066803,0.7442882061004639,-0.009682824835181236,0.24234965443611145,0.6930162906646729,-0.025543682277202606,0.27142807841300964,0.6539402008056641,-0.03824526444077492,0.2834921181201935,0.6138015985488892,-0.051178909838199615,0.21388526260852814,0.7095410227775574,-0.054782114923000336,0.22892692685127258,0.6900085210800171,-0.08430707454681396,0.2514052391052246,0.6831333637237549,-0.10226663202047348,0.27307114005088806,0.6759837865829468,-0.1118655875325203,0.2164038121700287,0.756780743598938,-0.06088962405920029,0.2836992144584656,0.743033230304718,-0.08502333611249924,0.33445680141448975,0.7372004985809326,-0.09444037824869156,0.37447893619537354,0.7345497012138367,-0.10122012346982956,0.22585606575012207,0.8022337555885315,-0.06577104330062866,0.29513034224510193,0.7955062389373779,-0.08814790099859238,0.33996665477752686,0.7844336032867432,-0.09630796313285828,0.3731083273887634,0.7715127468109131,-0.09993572533130646,0.2377251386642456,0.8448789119720459,-0.06976629793643951,0.2940342426300049,0.8438923954963684,-0.08444279432296753,0.3272089660167694,0.8343909978866577,-0.08756262809038162,0.354564368724823,0.8170077800750732,-0.08938226848840714
22,left,0.5451229214668274,0.7911511659622192,2.0241019527134085e-08,0.5662741661071777,0.7555007934570312,-0.019608212634921074,0.5740029811859131,0.7264214754104614,-0.03484635800123215,0.5854021906852722,0.7176394462585449,-0.047273460775613785,0.60514235496521,0.7282018065452576,-0.06003386899828911,0.5338987708091736,0.7615043520927429,-0.03814253956079483,0.5044447779655457,0.7774501442909241,-0.05444970726966858,0.4820813536643982,0.7847766280174255,-0.06574638187885284,0.4590081572532654,0.7855576872825623,-0.07372435927391052,0.5066510438919067,0.7654759287834167,-0.033612098544836044,0.4708213210105896,0.7648977041244507,-0.04795585572719574,0.4489624798297882,0.7590619325637817,-0.05604228377342224,0.4309470057487488,0.7517484426498413,-0.06264405697584152,0.4876810312271118,0.7634788155555725,-0.028443090617656708,0.45370447635650635,0.7553411722183228,-0.03843030333518982,0.4341293275356293,0.743522047996521,-0.04313696548342705,0.41758549213409424,0.7310503721237183,-0.046486519277095795,0.47670042514801025,0.7580128312110901,-0.02465897984802723,0.45255833864212036,0.7446749806404114,-0.027516886591911316,0.4383082985877991,0.7344344854354858,-0.026175934821367264,0.4248872697353363,0.7235984802246094,-0.02623324654996395
23,right,0.1858629584312439,0.8216474652290344,4.265405380010634e-07,0.21380284428596497,0.7595086097717285,-0.0056632705964148045,0.24408762156963348,0.7145078182220459,-0.018018700182437897,0.26750677824020386,0.6797165274620056,-0.027864549309015274,0.27380478382110596,0.6473388075828552,-0.03749614581465721,0.2105160355567932,0.7348748445510864,-0.05072222650051117,0.21628578007221222,0.7151593565940857,-0.07790301740169525,0.23744235932826996,0.7146357893943787,-0.09468068182468414,0.26070016622543335,0.714271068572998,-0.10366346687078476,0.2060646414756775,0.7825877666473389,-0.05742521584033966,0.2730782628059387,0.7721312642097473,-0.08286921679973602,0.3227638304233551,0.7646049857139587,-0.09354855120182037,0.36126863956451416,0.7588233351707458,-0.10006900131702423,0.21323515474796295,0.8282229900360107,-0.06222241371870041,0.2847387194633484,0.8280729055404663,-0.08620503544807434,0.32921791076660156,0.8149958848953247,-0.09401537477970123,0.3604872226715088,0.799837052822113,-0.09587647020816803,0.22700029611587524,0.8683524131774902,-0.06579843908548355,0.28507623076438904,0.8721741437911987,-0.0797724649310112,0.31740570068359375,0.8598185777664185,-0.08104778081178665,0.3421623706817627,0.8414434790611267,-0.08048887550830841
23,left,0.5452557802200317,0.7806182503700256,2.645499250775174e-07,0.5640883445739746,0.7477614879608154,-0.031987667083740234,0.5710892081260681,0.721747636795044,-0.052347294986248016,0.582417905330658,0.7176178693771362,-0.0668969601392746,0.6021132469177246,0.7255586981773376,-0.08097746968269348,0.5267195701599121,0.7624498009681702,-0.05574065074324608,0.49769800901412964,0.7727145552635193,-0.0744919627904892,0.4729464054107666,0.7786570191383362,-0.08599276095628738,0.4497929513454437,0.7832789421081543,-0.09347858279943466,0.504974365234375,0.768252432346344,-0.04483065381646156,0.46968454122543335,0.7623088955879211,-0.060840316116809845,0.4447200298309326,0.7480906248092651,-0.06899989396333694,0.42384839057922363,0.7385657429695129,-0.07483701407909393,0.49112167954444885,0.7664790153503418,-0.03376755490899086,0.45979154109954834,0.756449282169342,-0.04571038857102394,0.43882983922958374,0.7394217848777771,-0.053608667105436325,0.4207872450351715,0.72662353515625,-0.05842345952987671,0.4828189015388489,0.7618433237075806,-0.02470584027469158,0.4619099199771881,0.7502065896987915,-0.031014341861009598,0.44642701745033264,0.7391096949577332,-0.03378625214099884,0.43247586488723755,0.7297574877738953,-0.03601991385221481
24,right,0.1853000372648239,0.8344506621360779,4.6207875925574626e-07,0.20819281041622162,0.774851381778717,-0.008812434040009975,0.23967665433883667,0.7250410318374634,-0.02117754891514778,0.261807918548584,0.6896584033966064,-0.030474506318569183,0.2659122049808502,0.6552801132202148,-0.039851054549217224,0.20427018404006958,0.7464824914932251,-0.05300574004650116,0.20996706187725067,0.7283520698547363,-0.0779155045747757,0.22898894548416138,0.7254115343093872,-0.09154479950666428,0.24835924804210663,0.7213519215583801,-0.09830240160226822,0.20096421241760254,0.7922995686531067,-0.0580081082880497,0.26659002900123596,0.7838934659957886,-0.08256807178258896,0.31569913029670715,0.7728723883628845,-0.09128978848457336,0.3524921238422394,0.7631439566612244,-0.09611582010984421,0.20860321819782257,0.8374797105789185,-0.061538081616163254,0.2792900800704956,0.839545488357544,-0.08574730902910233,0.32561030983924866,0.823759913444519,-0.09390878677368164,0.35728558897972107,0.8047346472740173,-0.09592609852552414,0.22219115495681763,0.8765448927879333,-0.06407717615365982,0.28285256028175354,0.8809438943862915,-0.07922541350126266,0.31602412462234497,0.8693404197692871,-0.08155974745750427,0.33987176418304443,0.8513034582138062,-0.08177526295185089
24,left,0.543632984161377,0.7709023356437683,3.4249126201757463e-07,0.5645614862442017,0.7401924729347229,-0.03908093273639679,0.5723180770874023,0.7234677076339722,-0.06466004252433777,0.5864430069923401,0.7212492227554321,-0.08350490778684616,0.6086143255233765,0.722038745880127,-0.10218072682619095,0.5283546447753906,0.7620433568954468,-0.06767436861991882,0.5013071894645691,0.7715936303138733,-0.09010002762079239,0.4775353968143463,0.7766598463058472,-0.1042010635137558,0.455351322889328,0.7807544469833374,-0.11359966546297073,0.5066509246826172,0.7670816779136658,-0.054972607642412186,0.4735260009765625,0.7645685076713562,-0.0730205625295639,0.44943785667419434,0.7520160675048828,-0.08208765834569931,0.4297967553138733,0.7429090738296509,-0.08880426734685898,0.49281153082847595,0.7639718651771545,-0.042610108852386475,0.4628543555736542,0.7582849860191345,-0.055838849395513535,0.4414762854576111,0.7421382665634155,-0.06444723904132843,0.42439040541648865,0.7294524908065796,-0.07026746869087219,0.4848341941833496,0.7575284242630005,-0.032938066869974136,0.46367403864860535,0.7518940567970276,-0.04073021933436394,0.44715383648872375,0.7432318329811096,-0.04486716166138649,0.4337403178215027,0.7342578768730164,-0.04838414490222931
25,right,0.19641603529453278,0.8308033347129822,5.257389261714707e-07,0.2172863483428955,0.7687937021255493,-0.011665376834571362,0.24376709759235382,0.7195284366607666,-0.025721482932567596,0.2627539038658142,0.6845958828926086,-0.0364898182451725,0.26861223578453064,0.6517953872680664,-0.04758484289050102,0.2041417807340622,0.7459452748298645,-0.05519936978816986,0.2085946798324585,0.7313007116317749,-0.08176380395889282,0.2310328185558319,0.7273858189582825,-0.09724509716033936,0.2532432973384857,0.7232709527015686,-0.10567744076251984,0.20462346076965332,0.7932481169700623,-0.06031074374914169,0.26836198568344116,0.7832950353622437,-0.08533847332000732,0.31875327229499817,0.7733557820320129,-0.09407061338424683,0.3560187816619873,0.7663803100585938,-0.09972181916236877,0.21398141980171204,0.8386878967285156,-0.06432399153709412,0.28288447856903076,0.841127872467041,-0.08874469995498657,0.328444242477417,0.8262709379196167,-0.09458321332931519,0.360071063041687,0.8092412352561951,-0.09595203399658203,0.22717618942260742,0.8779833912849426,-0.06798975169658661,0.2834092676639557,0.8807356953620911,-0.08410273492336273,0.3162672221660614,0.8672702312469482,-0.08553430438041687,0.3406316041946411,0.8504669070243835,-0.08550931513309479
25,left,0.5438487529754639,0.7878916263580322,8.673458751218277e-08,0.5655818581581116,0.7547111511230469,-0.021095044910907745,0.5750892758369446,0.7262873649597168,-0.03737775981426239,0.5871772766113281,0.7172785997390747,-0.050394054502248764,0.6075903177261353,0.7289937734603882,-0.06437628716230392,0.535040020942688,0.759303092956543,-0.04165540635585785,0.5051413774490356,0.7748137712478638,-0.05737360939383507,0.4822933077812195,0.781589150428772,-0.06845663487911224,0.4601706266403198,0.7829285860061646,-0.07630372047424316,0.5084205269813538,0.7640858888626099,-0.03572528064250946,0.4737127423286438,0.7637667655944824,-0.04932194948196411,0.4514288306236267,0.7566702365875244,-0.05800163000822067,0.4335068464279175,0.7491225600242615,-0.0652523934841156,0.4895235598087311,0.7639554738998413,-0.028841577470302582,0.4564051628112793,0.7561618685722351,-0.03819473832845688,0.43707066774368286,0.7433185577392578,-0.04449690505862236,0.42174088954925537,0.7307935953140259,-0.04929862916469574,0.47743985056877136,0.7615429759025574,-0.02316863276064396,0.455068975687027,0.7477673888206482,-0.02600988745689392,0.4414307475090027,0.7361002564430237,-0.025606676936149597,0.4299318194389343,0.7239168882369995,-0.026514895260334015
26,right,0.18578757345676422,0.8216916918754578,3.297804482826905e-07,0.21282467246055603,0.7608928084373474,-0.00995870865881443,0.23866763710975647,0.7174816727638245,-0.025025159120559692,0.2604362964630127,0.6843361854553223,-0.03686730936169624,0.27126702666282654,0.6496081352233887,-0.04860910773277283,0.20372937619686127,0.7425169944763184,-0.05474011227488518,0.21466834843158722,0.7255155444145203,-0.0837998315691948,0.2338002771139145,0.725476086139679,-0.10082393884658813,0.2539340853691101,0.727448046207428,-0.10975747555494308,0.207005113363266,0.7944557070732117,-0.06029803305864334,0.2714664041996002,0.7823471426963806,-0.08723457902669907,0.3215915560722351,0.7728460431098938,-0.09965101629495621,0.3619644343852997,0.7655207514762878,-0.10872875154018402,0.21855641901493073,0.8372488021850586,-0.06442923843860626,0.2870456874370575,0.8371466398239136,-0.09078648686408997,0.3303183317184448,0.8226710557937622,-0.10289599746465683,0.3615056872367859,0.8043882250785828,-0.10860046744346619,0.2321523129940033,0.8735105991363525,-0.06718861311674118,0.28710246086120605,0.8803245425224304,-0.08394915610551834,0.3182075321674347,0.8700764179229736,-0.08958021551370621,0.3418252766132355,0.8490483164787292,-0.0932418629527092
26,left,0.5446058511734009,0.7814724445343018,2.427912022540113e-07,0.563774824142456,0.7487144470214844,-0.029199009761214256,0.5719576478004456,0.7234307527542114,-0.04841015860438347,0.582610547542572,0.7202425599098206,-0.06252387911081314,0.6007954478263855,0.7290555238723755,-0.07622868567705154,0.5285876989364624,0.7634883522987366,-0.051002442836761475,0.4993348717689514,0.7778723239898682,-0.06858936697244644,0.47405514121055603,0.7852098941802979,-0.07971402257680893,0.4510386884212494,0.79008549451828,-0.08703283965587616,0.5065709948539734,0.7705978751182556,-0.041755761951208115,0.47232919931411743,0.7665560841560364,-0.05613447353243828,0.4464627802371979,0.7536659836769104,-0.06404843926429749,0.42525869607925415,0.7452693581581116,-0.06997086107730865,0.49220773577690125,0.7701188325881958,-0.03234202042222023,0.4614024758338928,0.7613306045532227,-0.04321784898638725,0.44050735235214233,0.7448887825012207,-0.05085248872637749,0.42278626561164856,0.732384204864502,-0.055720552802085876,0.4832404851913452,0.7664327621459961,-0.024786457419395447,0.46265631914138794,0.7565175294876099,-0.03051130287349224,0.4462941586971283,0.7461543083190918,-0.03285996615886688,0.43165895342826843,0.7371098399162292,-0.03492538258433342
27,right,0.1920342743396759,0.8286328911781311,5.015047008782858e-07,0.21744877099990845,0.7638247609138489,-0.010254818014800549,0.24272271990776062,0.7173507809638977,-0.025286266580224037,0.26272422075271606,0.6847644448280334,-0.03650857135653496,0.26928219199180603,0.6518246531486511,-0.04768465831875801,0.20632991194725037,0.7457005977630615,-0.06051594018936157,0.21092669665813446,0.7290157675743103,-0.08933498710393906,0.22961796820163727,0.7280188798904419,-0.10555987060070038,0.2500729560852051,0.7254616618156433,-0.11379318684339523,0.20296362042427063,0.7936128377914429,-0.06471384316682816,0.26949554681777954,0.7849564552307129,-0.09359537065029144,0.32203009724617004,0.7729125022888184,-0.10469099879264832,0.36087438464164734,0.7623927593231201,-0.11104126274585724,0.2113039493560791,0.8387306332588196,-0.06679167598485947,0.2817469835281372,0.8383728861808777,-0.09406299889087677,0.3284914791584015,0.8229186534881592,-0.10283241420984268,0.3579903841018677,0.8055051565170288,-0.1045210212469101,0.22663205862045288,0.8759064674377441,-0.06757134199142456,0.28493189811706543,0.8805915117263794,-0.08416777849197388,0.3182663023471832,0.8681791424751282,-0.08687824010848999,0.3408009707927704,0.8500576019287109,-0.08696453273296356
27,left,0.5444335341453552,0.7759606838226318,3.039740477106534e-07,0.5641658902168274,0.7433993220329285,-0.036804065108299255,0.5701960325241089,0.7259707450866699,-0.06085572391748428,0.5834790468215942,0.7216607332229614,-0.07847447693347931,0.6047449111938477,0.7223570346832275,-0.09593500941991806,0.5278320908546448,0.7637474536895752,-0.06441698223352432,0.5011047124862671,0.7761802673339844,-0.08556056767702103,0.4768451452255249,0.7817959785461426,-0.09922105073928833,0.4547926187515259,0.7855243682861328,-0.1083620935678482,0.5066776275634766,0.7706537842750549,-0.05178850516676903,0.4742888808250427,0.7728873491287231,-0.06803073734045029,0.4498927593231201,0.7638379335403442,-0.07580174505710602,0.4299606382846832,0.7572701573371887,-0.08181077986955643,0.4935057461261749,0.7692407965660095,-0.039376676082611084,0.46337613463401794,0.7644216418266296,-0.051153406500816345,0.44111403822898865,0.7491059303283691,-0.05887889489531517,0.4233972728252411,0.7369534969329834,-0.0642579048871994,0.485942006111145,0.7642895579338074,-0.029449086636304855,0.4653850197792053,0.7587688565254211,-0.03637845441699028,0.4482690989971161,0.7509504556655884,-0.03999011591076851,0.4340965151786804,0.7427080273628235,-0.043187279254198074
28,right,0.20298250019550323,0.8272271156311035,5.080428877590748e-07,0.22613228857517242,0.7660436034202576,-0.012453953735530376,0.25040924549102783,0.7178928256034851,-0.026759760454297066,0.2648799419403076,0.6831091642379761,-0.03813019394874573,0.2670028805732727,0.652734637260437,-0.04994571954011917,0.20700351893901825,0.7468074560165405,-0.0543462298810482,0.2099604606628418,0.7356588840484619,-0.08057177066802979,0.2293492704629898,0.732041597366333,-0.09631900489330292,0.24998435378074646,0.7265220284461975,-0.10516639798879623,0.20581090450286865,0.7944397926330566,-0.05949278175830841,0.2679339051246643,0.7846277356147766,-0.08353368192911148,0.31775638461112976,0.7728842496871948,-0.09298575669527054,0.3562332093715668,0.7642706632614136,-0.09972159564495087,0.21467554569244385,0.838873565196991,-0.06367326527833939,0.28298449516296387,0.8414689898490906,-0.08792462944984436,0.32939577102661133,0.826428234577179,-0.09507173299789429,0.3618232011795044,0.8095543384552002,-0.09763188660144806,0.228154718875885,0.8760492205619812,-0.06766843050718307,0.28492462635040283,0.8791663646697998,-0.08391451090574265,0.3182956874370575,0.8655182719230652,-0.08601558208465576,0.34291428327560425,0.8488176465034485,-0.08673405647277832
28,left,0.542324960231781,0.78745436668396,4.1331458255911e-09,0.5640559792518616,0.7526152729988098,-0.016750315204262733,0.5737265944480896,0.7267251014709473,-0.029944462701678276,0.5858240127563477,0.7180024981498718,-0.041243456304073334,0.6059054732322693,0.7297765612602234,-0.053434234112501144,0.5368776917457581,0.7599867582321167,-0.031097952276468277,0.508710503578186,0.7775440812110901,-0.045226167887449265,0.48610466718673706,0.7864112257957458,-0.05602916702628136,0.4632587432861328,0.7885519862174988,-0.0641096755862236,0.5097699761390686,0.7650598287582397,-0.028262190520763397,0.47559940814971924,0.7667127251625061,-0.042065057903528214,0.4543304443359375,0.7637622952461243,-0.0512772835791111,0.43771597743034363,0.757818341255188,-0.058689214289188385,0.49089303612709045,0.765124499797821,-0.024816211313009262,0.4580256938934326,0.7600022554397583,-0.03439830243587494,0.4385308623313904,0.7509128451347351,-0.0401306226849556,0.42344382405281067,0.7400132417678833,-0.0444084107875824,0.47978270053863525,0.7623106837272644,-0.022600919008255005,0.45623141527175903,0.751872718334198,-0.02569727413356304,0.4418298304080963,0.7443744540214539,-0.025067638605833054,0.4295728802680969,0.7349010109901428,-0.025790922343730927
29,right,0.1776537448167801,0.8294937014579773,3.3782043828978203e-07,0.20805460214614868,0.7650372982025146,-0.00663693668320775,0.23539774119853973,0.7199254035949707,-0.019184010103344917,0.2569023370742798,0.6866390705108643,-0.02897470071911812,0.2658340632915497,0.6525673270225525,-0.038093723356723785,0.20409536361694336,0.7409052848815918,-0.048083510249853134,0.20985691249370575,0.7256963849067688,-0.07717642188072205,0.2258007526397705,0.7260217070579529,-0.09503239393234253,0.24323631823062897,0.7270544767379761,-0.10369568318128586,0.20399110019207,0.7908788323402405,-0.05400482192635536,0.27056822180747986,0.7803968191146851,-0.07961961627006531,0.32133015990257263,0.772841215133667,-0.08990652114152908,0.36215507984161377,0.7673208117485046,-0.0964231789112091,0.21357956528663635,0.8348652124404907,-0.05880017578601837,0.28685373067855835,0.8370041847229004,-0.08402889221906662,0.32989856600761414,0.8220152854919434,-0.0937441736459732,0.3600888252258301,0.8045199513435364,-0.09659679234027863,0.2264062464237213,0.8749150037765503,-0.06214739754796028,0.2848915159702301,0.8816773891448975,-0.07726568728685379,0.3173794150352478,0.8696115612983704,-0.08084271848201752,0.3411335349082947,0.8487919569015503,-0.08200107514858246
29,left,0.5498466491699219,0.7829586863517761,2.342673184330124e-07,0.5694195032119751,0.7506366968154907,-0.030419476330280304,0.5766812562942505,0.7222452163696289,-0.04981106519699097,0.586958646774292,0.716317892074585,-0.06358237564563751,0.6056338548660278,0.7231945395469666,-0.07741978019475937,0.5318799018859863,0.761493980884552,-0.05311549827456474,0.5044180750846863,0.7764060497283936,-0.07075249403715134,0.47877639532089233,0.7846629619598389,-0.08241431415081024,0.4555698037147522,0.7904754281044006,-0.09031454473733902,0.5106871128082275,0.7710596919059753,-0.04271493852138519,0.47555965185165405,0.768369734287262,-0.057547055184841156,0.4495733678340912,0.7560818791389465,-0.066431425511837,0.4284120798110962,0.7471324801445007,-0.07321344316005707,0.4974103271961212,0.7716836929321289,-0.031879693269729614,0.4651036858558655,0.7632672190666199,-0.042772915214300156,0.4443139433860779,0.7468156814575195,-0.05067030340433121,0.42751452326774597,0.7332215905189514,-0.05592598766088486,0.4890729784965515,0.7691102027893066,-0.02293897606432438,0.46785882115364075,0.7584020495414734,-0.02898019552230835,0.4520041048526764,0.7470048666000366,-0.03162563964724541,0.4384620189666748,0.7357276678085327,-0.03395196050405502
30,right,0.20297455787658691,0.8197495341300964,5.204759077059862e-07,0.22496426105499268,0.7586849927902222,-0.011457839980721474,0.2457645982503891,0.7151291370391846,-0.028324756771326065,0.2617467939853668,0.683255672454834,-0.04189155995845795,0.26663854718208313,0.6492489576339722,-0.056038279086351395,0.20652087032794952,0.7481682300567627,-0.0628649964928627,0.20760270953178406,0.7313699126243591,-0.09268690645694733,0.22473426163196564,0.7297950387001038,-0.1090560033917427,0.24405644834041595,0.7281522750854492,-0.11766567081212997,0.20483247935771942,0.7960542440414429,-0.0685061663389206,0.2679237127304077,0.7864347100257874,-0.09941518306732178,0.3191750645637512,0.7731602191925049,-0.1109013631939888,0.35778123140335083,0.7623330354690552,-0.11766999214887619,0.21349145472049713,0.8394660949707031,-0.07233300060033798,0.2807292342185974,0.8393577337265015,-0.10251028835773468,0.3275085687637329,0.8242762088775635,-0.11163222789764404,0.35894739627838135,0.8073858022689819,-0.11365889012813568,0.22730660438537598,0.8748466968536377,-0.07496794313192368,0.28186556696891785,0.8799645304679871,-0.0938730463385582,0.31526482105255127,0.8668320775032043,-0.09697290509939194,0.33903568983078003,0.8490628600120544,-0.097706638276577
30,left,0.546683669090271,0.7755759358406067,3.324760484701983e-07,0.5662938356399536,0.7441432476043701,-0.03764494135975838,0.5712793469429016,0.7248471975326538,-0.06167358160018921,0.5838444232940674,0.7201734185218811,-0.07887523621320724,0.6052556037902832,0.7208651900291443,-0.09597045183181763,0.5292412638664246,0.7632803916931152,-0.06572850793600082,0.5031841397285461,0.7757576107978821,-0.08727126568555832,0.47924816608428955,0.7819430828094482,-0.10120217502117157,0.45733022689819336,0.7861464023590088,-0.11063986271619797,0.5085688233375549,0.7701982855796814,-0.052577197551727295,0.47519272565841675,0.7688555717468262,-0.06924006342887878,0.4506418704986572,0.7567256689071655,-0.07751954346895218,0.43083155155181885,0.7471951246261597,-0.08405087143182755,0.4953645169734955,0.7686850428581238,-0.03965010866522789,0.46520549058914185,0.7635966539382935,-0.05143352970480919,0.4434031546115875,0.747208297252655,-0.05939420685172081,0.4263870120048523,0.7332618236541748,-0.06511938571929932,0.48762059211730957,0.7636876106262207,-0.02930004894733429,0.4663671851158142,0.7584474682807922,-0.03666520118713379,0.449680358171463,0.7508385181427002,-0.0409264899790287,0.4355613887310028,0.7423166036605835,-0.04470508545637131
31,right,0.21481433510780334,0.8025369048118591,3.750512860278832e-07,0.2368100881576538,0.7458595037460327,-0.008657148107886314,0.24715100228786469,0.7082765698432922,-0.023482831194996834,0.2568584382534027,0.6818647384643555,-0.03569190204143524,0.2616504430770874,0.652431845664978,-0.0475090853869915,0.1999589055776596,0.7424809336662292,-0.0548238679766655,0.20260554552078247,0.7246919870376587,-0.0852774903178215,0.22064560651779175,0.7277317047119141,-0.10365716367959976,0.2409714311361313,0.7308778166770935,-0.11286373436450958,0.19822797179222107,0.794217586517334,-0.0610685870051384,0.26399436593055725,0.784857451915741,-0.08970402926206589,0.31725001335144043,0.7760910987854004,-0.10182434320449829,0.3602580726146698,0.7668453454971313,-0.1099250465631485,0.21076901257038116,0.8368338942527771,-0.06583847850561142,0.2808516323566437,0.8384871482849121,-0.09394685178995132,0.32649144530296326,0.8235810995101929,-0.10460798442363739,0.3569004535675049,0.8050153255462646,-0.10805122554302216,0.22987991571426392,0.8713415265083313,-0.06935148686170578,0.28347501158714294,0.8803022503852844,-0.08535973727703094,0.31598809361457825,0.8684785962104797,-0.0890459269285202,0.33848851919174194,0.8470224142074585,-0.09101679921150208
31,left,0.5471637845039368,0.7870363593101501,-3.6552521426314044e-11,0.5682870745658875,0.75095534324646,-0.016666218638420105,0.5776386857032776,0.7252898216247559,-0.029415784403681755,0.5906460881233215,0.7165105938911438,-0.04027508199214935,0.6101285219192505,0.7268244624137878,-0.0519973486661911,0.5395792126655579,0.7562622427940369,-0.029846595600247383,0.5135013461112976,0.7744050621986389,-0.044155217707157135,0.4912882447242737,0.7828146815299988,-0.054982032626867294,0.46913060545921326,0.7848921418190002,-0.06282239407300949,0.5133217573165894,0.7614291906356812,-0.026901409029960632,0.47821035981178284,0.7646341323852539,-0.04058399051427841,0.45707517862319946,0.7615358829498291,-0.048904288560152054,0.44159677624702454,0.7551630735397339,-0.05541985481977463,0.4951052665710449,0.7622895240783691,-0.023596063256263733,0.46116387844085693,0.7591426372528076,-0.0334293507039547,0.44144922494888306,0.7509093284606934,-0.03799571096897125,0.4266648590564728,0.7394669651985168,-0.04110310226678848,0.48435652256011963,0.7607594132423401,-0.02160252444446087,0.459947407245636,0.7513049840927124,-0.02500479854643345,0.4457398056983948,0.7434263825416565,-0.02364698052406311,0.4342353940010071,0.7324790954589844,-0.02352764457464218
32,right,0.19160428643226624,0.8201135396957397,3.624344060426665e-07,0.2178816795349121,0.7578281760215759,-0.0073319245129823685,0.23884247243404388,0.7167981266975403,-0.020724214613437653,0.2562897205352783,0.6870425343513489,-0.031068172305822372,0.26462459564208984,0.6554757356643677,-0.0405091792345047,0.19932875037193298,0.7460221648216248,-0.05317840725183487,0.20569884777069092,0.7258579730987549,-0.08238130062818527,0.2255147397518158,0.729122519493103,-0.09930285066366196,0.24687471985816956,0.7340683937072754,-0.1074906587600708,0.19819408655166626,0.7980481386184692,-0.05913986638188362,0.2650926411151886,0.7878627181053162,-0.08724426478147507,0.31744301319122314,0.7789316177368164,-0.09848946332931519,0.35916954278945923,0.7706742286682129,-0.10541720688343048,0.20930704474449158,0.8413506746292114,-0.06341820955276489,0.282078355550766,0.8418715596199036,-0.09044302254915237,0.3263336718082428,0.8267022967338562,-0.10012227296829224,0.35644829273223877,0.8081125020980835,-0.10264498740434647,0.22621145844459534,0.876990556716919,-0.06625620275735855,0.28348028659820557,0.8851151466369629,-0.08189740777015686,0.31494829058647156,0.873196542263031,-0.08509745448827744,0.33724698424339294,0.8517919778823853,-0.08603429794311523
32,left,0.5518321394920349,0.7805190682411194,2.0607106421266508e-07,0.5725064277648926,0.7481682300567627,-0.030569160357117653,0.5808252692222595,0.7208033800125122,-0.05095168575644493,0.5917205214500427,0.7145980000495911,-0.06557943671941757,0.6089585423469543,0.722127377986908,-0.08090154826641083,0.5408658385276794,0.7556086182594299,-0.057029057294130325,0.5181484222412109,0.7717129588127136,-0.07598355412483215,0.4933842122554779,0.7818047404289246,-0.08896094560623169,0.47027939558029175,0.7889133095741272,-0.09795736521482468,0.517553448677063,0.7673707604408264,-0.04705814644694328,0.4823033809661865,0.7673471570014954,-0.06363794207572937,0.4550255537033081,0.7581188678741455,-0.07380113750696182,0.4332469403743744,0.7505987286567688,-0.08177762478590012,0.5020526051521301,0.7699989676475525,-0.036300692707300186,0.4682731628417969,0.763209879398346,-0.047819048166275024,0.4473660886287689,0.7486324906349182,-0.05555415898561478,0.43125227093696594,0.7353959083557129,-0.06109431013464928,0.49269288778305054,0.7686628699302673,-0.027434276416897774,0.47025346755981445,0.7592672109603882,-0.033530302345752716,0.4535526931285858,0.7484204769134521,-0.03576261177659035,0.4394311308860779,0.7367066740989685,-0.038142114877700806
33,right,0.20273412764072418,0.8269138932228088,4.842329985876859e-07,0.22192543745040894,0.7691499590873718,-0.013208424672484398,0.24504604935646057,0.7223141193389893,-0.028313780203461647,0.26012489199638367,0.6900261044502258,-0.0404646173119545,0.26307395100593567,0.6580842137336731,-0.05352690443396568,0.200460746884346,0.75058913230896,-0.05560978129506111,0.20530915260314941,0.7426843643188477,-0.08173903077840805,0.22184762358665466,0.7401559948921204,-0.09697475284337997,0.23906615376472473,0.7374385595321655,-0.10548152774572372,0.20091813802719116,0.7984958291053772,-0.060879308730363846,0.2648265063762665,0.7931000590324402,-0.0851740762591362,0.31238633394241333,0.7823867797851562,-0.09474903345108032,0.3488094210624695,0.7728017568588257,-0.10194941610097885,0.21021319925785065,0.8430172204971313,-0.06526469439268112,0.2792861759662628,0.8482655882835388,-0.09096980094909668,0.3244435489177704,0.8344599008560181,-0.09882699698209763,0.3563794493675232,0.818213701248169,-0.10204712301492691,0.22307437658309937,0.8814975023269653,-0.06928300112485886,0.2798360586166382,0.8854997158050537,-0.08713223785161972,0.31267574429512024,0.8733466863632202,-0.08997549116611481,0.33667564392089844,0.8567178845405579,-0.09149648249149323
33,left,0.5503267049789429,0.7861624956130981,2.9408596446955926e-08,0.5710905194282532,0.7506542205810547,-0.011853115633130074,0.5797731876373291,0.7250427007675171,-0.022412367165088654,0.5930013656616211,0.7157822847366333,-0.031802210956811905,0.6097719669342041,0.7247884273529053,-0.042565539479255676,0.5416767001152039,0.757469117641449,-0.024009201675653458,0.5139114260673523,0.773033857345581,-0.03738664835691452,0.49212223291397095,0.7811725735664368,-0.04859176650643349,0.47042083740234375,0.7836577296257019,-0.05600650608539581,0.5173433423042297,0.7626797556877136,-0.021880896762013435,0.4814775288105011,0.7629559636116028,-0.030931133776903152,0.4555530548095703,0.7565165758132935,-0.03830886632204056,0.4344032406806946,0.7501695156097412,-0.04460052400827408,0.5014548301696777,0.7619364261627197,-0.01910076104104519,0.4673137962818146,0.7547556161880493,-0.024813978001475334,0.44627147912979126,0.7449014186859131,-0.027861986309289932,0.43095025420188904,0.735167384147644,-0.029962295666337013,0.4934168756008148,0.758223831653595,-0.017308369278907776,0.470608115196228,0.7466073632240295,-0.01770537532866001,0.4549684226512909,0.7390021681785583,-0.014335088431835175,0.4426283836364746,0.7309860587120056,-0.012427846901118755
34,right,0.17676889896392822,0.8408362865447998,3.7037511901871767e-07,0.20366933941841125,0.7721222639083862,-0.00831554550677538,0.2327706515789032,0.7249531745910645,-0.021143397316336632,0.2571180462837219,0.694433867931366,-0.031230881810188293,0.26493003964424133,0.6635456085205078,-0.0404706746339798,0.19922320544719696,0.7539337873458862,-0.04916979372501373,0.2093956470489502,0.7405517101287842,-0.0770621970295906,0.22583600878715515,0.7424017190933228,-0.09385296702384949,0.24283349514007568,0.7439387440681458,-0.10204833745956421,0.19838553667068481,0.8029486536979675,-0.05406331643462181,0.2679208517074585,0.793429970741272,-0.08007081598043442,0.31760793924331665,0.7843849658966064,-0.09039345383644104,0.356658011674881,0.7769280076026917,-0.09641029685735703,0.20778703689575195,0.8453816771507263,-0.05771513655781746,0.28348636627197266,0.8439688682556152,-0.08239752054214478,0.32560816407203674,0.8299059867858887,-0.09030452370643616,0.3528404235839844,0.814846396446228,-0.09163560718297958,0.22159598767757416,0.8809376358985901,-0.0604405477643013,0.2818756699562073,0.8884923458099365,-0.07438331097364426,0.31343525648117065,0.8765377998352051,-0.07649162411689758,0.33497700095176697,0.8576648831367493,-0.07642257958650589
34,left,0.555073618888855,0.7807214260101318,2.856534422335244e-07,0.5727189779281616,0.7436034679412842,-0.02866087108850479,0.5783212184906006,0.7139608860015869,-0.04803231731057167,0.5894306302070618,0.7067704200744629,-0.06182028353214264,0.6082316637039185,0.7133533954620361,-0.07602737098932266,0.5403811931610107,0.7563450336456299,-0.056665293872356415,0.5119113326072693,0.7675686478614807,-0.07554087787866592,0.4856136739253998,0.7734150886535645,-0.0873308852314949,0.46197420358657837,0.7782872915267944,-0.09486214071512222,0.5186349153518677,0.7676499485969543,-0.04693721979856491,0.48133283853530884,0.7628270983695984,-0.06396985799074173,0.45229360461235046,0.7496016621589661,-0.07355432212352753,0.429395467042923,0.739226222038269,-0.08046144247055054,0.504150927066803,0.7692872285842896,-0.03617114946246147,0.4701636731624603,0.7583280801773071,-0.04791652411222458,0.4482898712158203,0.7405796647071838,-0.05582486465573311,0.4315689206123352,0.725983202457428,-0.06082579866051674,0.4947570860385895,0.7664593458175659,-0.026997309178113937,0.47275227308273315,0.7533618211746216,-0.033512480556964874,0.4559035301208496,0.740366518497467,-0.03614562004804611,0.4417960047721863,0.7280627489089966,-0.038197096437215805
35,right,0.18437856435775757,0.8485255241394043,4.542341400792793e-07,0.20597127079963684,0.7836913466453552,-0.006678614299744368,0.23634371161460876,0.7322459816932678,-0.017681166529655457,0.2592554986476898,0.6979994773864746,-0.025751862674951553,0.26528915762901306,0.6642806529998779,-0.03360522910952568,0.20066992938518524,0.7571129202842712,-0.05110478028655052,0.2064971625804901,0.7425944805145264,-0.0758456289768219,0.22481688857078552,0.7398682832717896,-0.08916864544153214,0.24363772571086884,0.7369558811187744,-0.0957169160246849,0.20058530569076538,0.8056836128234863,-0.05682209134101868,0.2633811831474304,0.797050952911377,-0.0813567042350769,0.3127862215042114,0.785658061504364,-0.08996661752462387,0.35039880871772766,0.7761293053627014,-0.09490475803613663,0.20976522564888,0.8515338897705078,-0.0607486218214035,0.2782652676105499,0.8529725670814514,-0.0850834921002388,0.3217960298061371,0.8376691937446594,-0.09203929454088211,0.352586954832077,0.8193392753601074,-0.09301113337278366,0.22295846045017242,0.8920778632164001,-0.06343058496713638,0.28086984157562256,0.8931547999382019,-0.0779624879360199,0.31217578053474426,0.8799654841423035,-0.07924793660640717,0.3349218964576721,0.8621404767036438,-0.07853582501411438
35,left,0.5522302985191345,0.7710663676261902,3.957035232815542e-07,0.5697528719902039,0.7368614077568054,-0.03863003849983215,0.5734678506851196,0.7149320244789124,-0.06337171047925949,0.5858064293861389,0.7119683623313904,-0.0806286633014679,0.6075345277786255,0.7157610058784485,-0.09807843714952469,0.5341008901596069,0.7588987350463867,-0.07123517990112305,0.508116602897644,0.7660913467407227,-0.0944366306066513,0.48450738191604614,0.770264208316803,-0.10861437767744064,0.46224409341812134,0.7744076251983643,-0.11789253354072571,0.5142338275909424,0.7675352692604065,-0.057613249868154526,0.48015692830085754,0.7599862813949585,-0.07749120146036148,0.4548431634902954,0.744396984577179,-0.08721280843019485,0.4343823194503784,0.7328786253929138,-0.0941733792424202,0.5012587904930115,0.7674005031585693,-0.043788690119981766,0.4701901972293854,0.7579337358474731,-0.05818573385477066,0.44826221466064453,0.7394852042198181,-0.06704322248697281,0.43091222643852234,0.7245575785636902,-0.07287129014730453,0.49324849247932434,0.7637861371040344,-0.032331064343452454,0.47274982929229736,0.7536214590072632,-0.04165438190102577,0.45638683438301086,0.7420676946640015,-0.046742185950279236,0.44236287474632263,0.7302274703979492,-0.05076398700475693
36,right,0.207482248544693,0.8305977582931519,4.602581498147629e-07,0.22408606112003326,0.7762013673782349,-0.012180843390524387,0.24524711072444916,0.730749249458313,-0.02565813809633255,0.26102977991104126,0.6993749141693115,-0.0365571454167366,0.26517200469970703,0.6709015965461731,-0.048107825219631195,0.20164641737937927,0.7626651525497437,-0.04963192343711853,0.2091110646724701,0.7530199885368347,-0.07366606593132019,0.22630292177200317,0.7501575946807861,-0.08838924020528793,0.2437240034341812,0.7484482526779175,-0.09681025892496109,0.20497550070285797,0.8114022016525269,-0.05496992543339729,0.2646765112876892,0.8022369146347046,-0.07704091817140579,0.31241849064826965,0.7921754121780396,-0.08613169938325882,0.3501405715942383,0.7839379906654358,-0.09308284521102905,0.21554012596607208,0.8556696176528931,-0.059462770819664,0.2794470191001892,0.8561989068984985,-0.08350824564695358,0.32209575176239014,0.8441565632820129,-0.09026409685611725,0.35330715775489807,0.8285505175590515,-0.09280838817358017,0.22905541956424713,0.8937318921089172,-0.06362657248973846,0.28130921721458435,0.8974377512931824,-0.0804736465215683,0.312173068523407,0.8852338194847107,-0.08228086680173874,0.3350813388824463,0.8676710724830627,-0.08302170038223267
36,left,0.551253080368042,0.7834711670875549,7.154869763326133e-08,0.5715805888175964,0.7479318976402283,-0.014752737246453762,0.5791109800338745,0.7191928029060364,-0.02618892304599285,0.591713011264801,0.7099006772041321,-0.03604048863053322,0.6122782230377197,0.7164677381515503,-0.04688068851828575,0.5433484315872192,0.7537312507629395,-0.025991162285208702,0.5160005688667297,0.7672415971755981,-0.038532961159944534,0.49411994218826294,0.7726274132728577,-0.048888858407735825,0.4725506007671356,0.7728338837623596,-0.056003637611866,0.5188655257225037,0.7604940533638,-0.022579669952392578,0.48217901587486267,0.7574004530906677,-0.03162027522921562,0.4569226801395416,0.7486302256584167,-0.03847328945994377,0.4367934465408325,0.7399786710739136,-0.04422825202345848,0.5022319555282593,0.7606172561645508,-0.01871400699019432,0.4677990674972534,0.7491719126701355,-0.023901870474219322,0.44865432381629944,0.7367498278617859,-0.026900729164481163,0.4347178339958191,0.7250479459762573,-0.028945451602339745,0.4923030138015747,0.7569888234138489,-0.016161443665623665,0.4699831008911133,0.7407015562057495,-0.015548905357718468,0.4563373029232025,0.7298049330711365,-0.012055727653205395,0.4463651478290558,0.7199596762657166,-0.010223637335002422
