1,right,0,0,0,0,0,0,0,0,0,0,0,0,0,0,0,0,0,0,0,0,0,0,0,0,0,0,0,0,0,0,0,0,0,0,0,0,0,0,0,0,0,0,0,0,0,0,0,0,0,0,0,0,0,0,0,0,0,0,0,0,0,0,0
1,left,0,0,0,0,0,0,0,0,0,0,0,0,0,0,0,0,0,0,0,0,0,0,0,0,0,0,0,0,0,0,0,0,0,0,0,0,0,0,0,0,0,0,0,0,0,0,0,0,0,0,0,0,0,0,0,0,0,0,0,0,0,0,0
2,right,0,0,0,0,0,0,0,0,0,0,0,0,0,0,0,0,0,0,0,0,0,0,0,0,0,0,0,0,0,0,0,0,0,0,0,0,0,0,0,0,0,0,0,0,0,0,0,0,0,0,0,0,0,0,0,0,0,0,0,0,0,0,0
2,left,0,0,0,0,0,0,0,0,0,0,0,0,0,0,0,0,0,0,0,0,0,0,0,0,0,0,0,0,0,0,0,0,0,0,0,0,0,0,0,0,0,0,0,0,0,0,0,0,0,0,0,0,0,0,0,0,0,0,0,0,0,0,0
3,right,0,0,0,0,0,0,0,0,0,0,0,0,0,0,0,0,0,0,0,0,0,0,0,0,0,0,0,0,0,0,0,0,0,0,0,0,0,0,0,0,0,0,0,0,0,0,0,0,0,0,0,0,0,0,0,0,0,0,0,0,0,0,0
3,left,0,0,0,0,0,0,0,0,0,0,0,0,0,0,0,0,0,0,0,0,0,0,0,0,0,0,0,0,0,0,0,0,0,0,0,0,0,0,0,0,0,0,0,0,0,0,0,0,0,0,0,0,0,0,0,0,0,0,0,0,0,0,0
4,right,0,0,0,0,0,0,0,0,0,0,0,0,0,0,0,0,0,0,0,0,0,0,0,0,0,0,0,0,0,0,0,0,0,0,0,0,0,0,0,0,0,0,0,0,0,0,0,0,0,0,0,0,0,0,0,0,0,0,0,0,0,0,0
4,left,0,0,0,0,0,0,0,0,0,0,0,0,0,0,0,0,0,0,0,0,0,0,0,0,0,0,0,0,0,0,0,0,0,0,0,0,0,0,0,0,0,0,0,0,0,0,0,0,0,0,0,0,0,0,0,0,0,0,0,0,0,0,0
5,right,0,0,0,0,0,0,0,0,0,0,0,0,0,0,0,0,0,0,0,0,0,0,0,0,0,0,0,0,0,0,0,0,0,0,0,0,0,0,0,0,0,0,0,0,0,0,0,0,0,0,0,0,0,0,0,0,0,0,0,0,0,0,0
5,left,0,0,0,0,0,0,0,0,0,0,0,0,0,0,0,0,0,0,0,0,0,0,0,0,0,0,0,0,0,0,0,0,0,0,0,0,0,0,0,0,0,0,0,0,0,0,0,0,0,0,0,0,0,0,0,0,0,0,0,0,0,0,0
6,right,0.34710317850112915,0.9582644104957581,1.1644104347396933e-07,0.383299857378006,0.9304448962211609,0.004980539437383413,0.4288865625858307,0.9173341393470764,-0.0013361172750592232,0.4684935212135315,0.9156107306480408,-0.008823338896036148,0.49834495782852173,0.9169203042984009,-0.015878116711974144,0.42846062779426575,0.9086125493049622,-0.02319907769560814,0.48420125246047974,0.9165300726890564,-0.03843440115451813,0.5030195713043213,0.9465480446815491,-0.043476514518260956,0.5054726600646973,0.9666597843170166,-0.0439312569797039,0.4199333190917969,0.9321317076683044,-0.03198358044028282,0.4824252724647522,0.9446654915809631,-0.04133782163262367,0.49717772006988525,0.9717859029769897,-0.03936923295259476,0.4963427782058716,0.9850167036056519,-0.038164958357810974,0.4105053246021271,0.9604417681694031,-0.03944789990782738,0.46795544028282166,0.973488986492157,-0.04589589312672615,0.4809122085571289,0.9956004023551941,-0.03808797150850296,0.4791012108325958,1.004604458808899,-0.03294144943356514,0.4016507863998413,0.9903624057769775,-0.046203773468732834,0.4458889365196228,1.001616358757019,-0.0483601838350296,0.4596010148525238,1.0176541805267334,-0.040875934064388275,0.4612358808517456,1.0232632160186768,-0.03537876904010773
6,left,0,0,0,0,0,0,0,0,0,0,0,0,0,0,0,0,0,0,0,0,0,0,0,0,0,0,0,0,0,0,0,0,0,0,0,0,0,0,0,0,0,0,0,0,0,0,0,0,0,0,0,0,0,0,0,0,0,0,0,0,0,0,0
7,right,0.3694230318069458,0.8553411960601807,1.973248089370827e-07,0.40085121989250183,0.8222225308418274,-0.0005422496469691396,0.44788333773612976,0.8017873167991638,-0.009523970074951649,0.4899229109287262,0.8025860786437988,-0.0197234395891428,0.5200095176696777,0.8083780407905579,-0.028354037553071976,0.44356054067611694,0.7672595977783203,-0.026448721066117287,0.4944004714488983,0.7691817879676819,-0.04514387995004654,0.5150226354598999,0.7971168160438538,-0.054225437343120575,0.5218589901924133,0.8220974206924438,-0.058234404772520065,0.4344869554042816,0.7916668057441711,-0.03615996986627579,0.49683257937431335,0.8223981261253357,-0.054079048335552216,0.5078835487365723,0.8577723503112793,-0.056741952896118164,0.5055394768714905,0.8767666816711426,-0.05734369531273842,0.4265047013759613,0.8253195285797119,-0.04514007270336151,0.4820387363433838,0.8662133812904358,-0.058218635618686676,0.4745727479457855,0.8844576478004456,-0.04980388656258583,0.46023228764533997,0.8832182884216309,-0.042816244065761566,0.41989296674728394,0.8628297448158264,-0.054447371512651443,0.46583181619644165,0.8940723538398743,-0.05896984040737152,0.456783652305603,0.9018266797065735,-0.04900040850043297,0.4408566355705261,0.89628005027771,-0.04118216782808304
7,left,0.5643458366394043,0.9292750358581543,4.014166066212965e-08,0.5735812783241272,0.8982704877853394,-0.012726861983537674,0.5855230093002319,0.868351936340332,-0.027111027389764786,0.5940069556236267,0.8468564748764038,-0.03995503485202789,0.5993876457214355,0.8301132917404175,-0.054123394191265106,0.6066731214523315,0.9217457175254822,-0.050721973180770874,0.6148152947425842,0.9257386922836304,-0.07323348522186279,0.6141865253448486,0.9193021655082703,-0.08632491528987885,0.6113245487213135,0.9097884297370911,-0.09351438283920288,0.5949330925941467,0.9580849409103394,-0.051786862313747406,0.5809066891670227,0.9661269187927246,-0.07010512053966522,0.5604104995727539,0.9546845555305481,-0.07647736370563507,0.5426205396652222,0.941881000995636,-0.08293911069631577,0.5759387016296387,0.9782296419143677,-0.05158520117402077,0.5512555241584778,0.9803503751754761,-0.06863681226968765,0.5284535884857178,0.9646173119544983,-0.07183271646499634,0.5083341002464294,0.9479472041130066,-0.07389874756336212,0.5565955638885498,0.985898494720459,-0.05177481099963188,0.5346391797065735,0.9852542877197266,-0.062242597341537476,0.5169001221656799,0.9716356992721558,-0.06195421889424324,0.5022915601730347,0.9561939239501953,-0.062494754791259766
8,right,0.3882918357849121,0.7722717523574829,3.093572047419002e-07,0.4199601411819458,0.7415550947189331,0.001988452859222889,0.45714810490608215,0.7178876399993896,-0.007928844541311264,0.4902937710285187,0.7162005305290222,-0.019936421886086464,0.5152459144592285,0.7203047871589661,-0.03117980808019638,0.4593188762664795,0.6787443161010742,-0.030186450108885765,0.5104812383651733,0.6855664253234863,-0.050194885581731796,0.5335460901260376,0.7149068713188171,-0.05829606577754021,0.5418968200683594,0.7439190149307251,-0.06050971895456314,0.44667068123817444,0.699515163898468,-0.04073772951960564,0.50553297996521,0.7259306907653809,-0.05977042391896248,0.5260198712348938,0.7650987505912781,-0.06062176823616028,0.5310689806938171,0.792847216129303,-0.05840926617383957,0.4357157051563263,0.7311475872993469,-0.05023099482059479,0.49118050932884216,0.761974036693573,-0.06436654925346375,0.5003071427345276,0.7958863973617554,-0.05726735666394234,0.4947986304759979,0.8137465119361877,-0.04968490079045296,0.426594614982605,0.7670109272003174,-0.05959701165556908,0.4698335528373718,0.7934263348579407,-0.06642657518386841,0.47957009077072144,0.8106403350830078,-0.05955769494175911,0.4787144362926483,0.8183642625808716,-0.052315421402454376
8,left,0.5701148509979248,0.8677407503128052,9.422201685538312e-08,0.5839371681213379,0.8282326459884644,-0.020097505301237106,0.5898434519767761,0.7994667291641235,-0.03613387793302536,0.5903825759887695,0.7747942209243774,-0.04919295012950897,0.5909545421600342,0.7552410364151001,-0.06352628022432327,0.593599259853363,0.8676503300666809,-0.05220552161335945,0.5906610488891602,0.8761700987815857,-0.07418884336948395,0.5796250700950623,0.8661147952079773,-0.08927217125892639,0.5663995146751404,0.8535047769546509,-0.09876570850610733,0.5746323466300964,0.8970221281051636,-0.049350667744874954,0.5496264696121216,0.8995011448860168,-0.06847032159566879,0.5285233855247498,0.8789855241775513,-0.0781669020652771,0.514299750328064,0.8586329817771912,-0.08695078641176224,0.55242520570755,0.908218502998352,-0.045969408005476,0.5226186513900757,0.9037200212478638,-0.06507103145122528,0.5033892393112183,0.8774698972702026,-0.072347491979599,0.4930649697780609,0.8533076047897339,-0.07685185968875885,0.5325090885162354,0.9074004292488098,-0.04347443953156471,0.506132185459137,0.8957407474517822,-0.056849390268325806,0.4911038875579834,0.8713564872741699,-0.061070628464221954,0.4839474558830261,0.8471132516860962,-0.06471914052963257
9,right,0.3795504868030548,0.7505583167076111,3.0859433763907873e-07,0.41620948910713196,0.7166492342948914,0.005441675428301096,0.45507892966270447,0.695685863494873,-0.00219488563016057,0.4883795380592346,0.693173348903656,-0.012818734161555767,0.5134603977203369,0.6990091800689697,-0.023328645154833794,0.46179327368736267,0.653692901134491,-0.020896224305033684,0.5164252519607544,0.66518235206604,-0.03977704048156738,0.5409814119338989,0.6942691206932068,-0.04949658364057541,0.5511040687561035,0.7211915254592896,-0.05329691991209984,0.45062369108200073,0.6725938320159912,-0.03264544531702995,0.511547327041626,0.7070451974868774,-0.049243345856666565,0.5270289778709412,0.7498512864112854,-0.05108208954334259,0.5262454748153687,0.7773805260658264,-0.05044398084282875,0.4400846064090729,0.703511118888855,-0.043380819261074066,0.4964703917503357,0.7387692332267761,-0.055546849966049194,0.5012553930282593,0.7736513018608093,-0.04895362630486488,0.49301081895828247,0.7917512655258179,-0.04201577976346016,0.43170177936553955,0.7378971576690674,-0.05378412827849388,0.475600004196167,0.7649649977684021,-0.05719920992851257,0.48053061962127686,0.783542811870575,-0.04872220382094383,0.4749746024608612,0.7926301956176758,-0.040807317942380905
9,left,0.5493991374969482,0.8241282105445862,-1.2370509239190142e-07,0.570178210735321,0.7879295349121094,-0.0010735404212027788,0.5825299620628357,0.763394296169281,-0.005475496407598257,0.5953330397605896,0.7479147911071777,-0.008961206302046776,0.6044805645942688,0.7442049980163574,-0.013708803802728653,0.5758088231086731,0.8267422318458557,-0.023392707109451294,0.566527783870697,0.8381299376487732,-0.031530771404504776,0.5495748519897461,0.8314368724822998,-0.04071344807744026,0.5369091629981995,0.8218939900398254,-0.047094423323869705,0.5513421893119812,0.8572369813919067,-0.023122726008296013,0.5349249839782715,0.8578951358795166,-0.02480643056333065,0.5226953625679016,0.8386827111244202,-0.027417661622166634,0.5144692063331604,0.8207963109016418,-0.03299557417631149,0.5262702703475952,0.8676460385322571,-0.02060363069176674,0.5115509629249573,0.859734058380127,-0.019334247335791588,0.5028048157691956,0.8396553993225098,-0.017689315602183342,0.497305303812027,0.8208134174346924,-0.019111644476652145,0.5050013661384583,0.8666543960571289,-0.01809430681169033,0.49353379011154175,0.8587576746940613,-0.011278247460722923,0.48782938718795776,0.8423110246658325,-0.00321398489177227,0.48473984003067017,0.8280419111251831,0.0003077790897805244
10,right,0.3861338496208191,0.7145189642906189,1.1402724453546398e-07,0.42253828048706055,0.6867048144340515,0.006177687086164951,0.46129265427589417,0.6651236414909363,-0.002169948536902666,0.49547433853149414,0.6632846593856812,-0.014212984591722488,0.5230430364608765,0.6710120439529419,-0.025875413790345192,0.4724937081336975,0.6222301721572876,-0.0219672080129385,0.527752161026001,0.6418009400367737,-0.04074476659297943,0.5480229258537292,0.675071120262146,-0.049239929765462875,0.5546762347221375,0.7022531628608704,-0.0521475113928318,0.46001163125038147,0.6366738080978394,-0.03417021036148071,0.5205032229423523,0.679914116859436,-0.051353514194488525,0.5274444818496704,0.7262016534805298,-0.0509076826274395,0.5210297703742981,0.7530005574226379,-0.04825425148010254,0.44919443130493164,0.6649025678634644,-0.04534819349646568,0.5053464770317078,0.7099539041519165,-0.0577051043510437,0.5014360547065735,0.746626615524292,-0.04845826327800751,0.4877757132053375,0.7630351185798645,-0.039556100964546204,0.4405951499938965,0.6977415680885315,-0.05629870295524597,0.4851660430431366,0.7322473526000977,-0.05863095074892044,0.4855455458164215,0.7530040144920349,-0.04825549200177193,0.4764648973941803,0.7619786262512207,-0.03925791755318642
10,left,0.5509883165359497,0.8075276613235474,1.8422122494143878e-08,0.5707262754440308,0.7719908356666565,-0.006764573976397514,0.587716281414032,0.7559019327163696,-0.014610067009925842,0.599518895149231,0.7593703269958496,-0.021378153935074806,0.6131538152694702,0.774319589138031,-0.029075734317302704,0.5734134316444397,0.8193843364715576,-0.0277726948261261,0.5507644414901733,0.8192560076713562,-0.039974916726350784,0.5304867029190063,0.8068918585777283,-0.05162365362048149,0.5120036602020264,0.790158212184906,-0.0605539008975029,0.547722339630127,0.8425703048706055,-0.027940524742007256,0.5203535556793213,0.8275153636932373,-0.034532543271780014,0.5028539896011353,0.807415246963501,-0.03969753533601761,0.4880985617637634,0.7867283225059509,-0.04712818190455437,0.524534285068512,0.8455609083175659,-0.026750899851322174,0.5010092258453369,0.8225120902061462,-0.029870077967643738,0.4900181293487549,0.8019810318946838,-0.030226463451981544,0.4816966950893402,0.7823395729064941,-0.032908301800489426,0.5062446594238281,0.8380074501037598,-0.02633884735405445,0.4903683662414551,0.8217027187347412,-0.02390419878065586,0.48328912258148193,0.8064148426055908,-0.019069163128733635,0.4770072102546692,0.7892788648605347,-0.018223976716399193
11,right,0.3789937496185303,0.7152895927429199,2.1003496897264995e-07,0.4199342131614685,0.6885889172554016,0.009124319069087505,0.46256834268569946,0.6711034774780273,0.0031780574936419725,0.4971138536930084,0.6741208434104919,-0.006992309354245663,0.5249741077423096,0.6822837591171265,-0.016867859289050102,0.47809746861457825,0.6244763135910034,-0.013978671282529831,0.5327502489089966,0.6449967622756958,-0.03361181542277336,0.5546467900276184,0.678500771522522,-0.044637542217969894,0.5617179870605469,0.7080546617507935,-0.04912802577018738,0.46727919578552246,0.6368629932403564,-0.027548743411898613,0.527801513671875,0.6820100545883179,-0.04382781684398651,0.5360973477363586,0.7296974062919617,-0.04507936164736748,0.5314735174179077,0.7559290528297424,-0.04370325058698654,0.4562973380088806,0.6633189916610718,-0.04043436795473099,0.5139579176902771,0.7053948640823364,-0.05197988823056221,0.5123328566551208,0.7448835372924805,-0.04321010783314705,0.5009356737136841,0.7625037431716919,-0.03474897891283035,0.4461525082588196,0.6961299180984497,-0.0530846081674099,0.4898975193500519,0.7302236557006836,-0.05577125400304794,0.48971936106681824,0.7516343593597412,-0.04612845927476883,0.48137176036834717,0.7589589357376099,-0.03730387985706329
11,left,0.5560545921325684,0.806310772895813,1.1753816409054707e-07,0.5773102045059204,0.7673887014389038,-0.015067558735609055,0.593842625617981,0.7467530965805054,-0.02905079536139965,0.6065153479576111,0.7516317367553711,-0.04023636505007744,0.6278260350227356,0.776107132434845,-0.052876926958560944,0.574061930179596,0.8018755912780762,-0.04610729217529297,0.5499411225318909,0.8083394169807434,-0.06416229903697968,0.5277578234672546,0.7971055507659912,-0.0785137191414833,0.5076954364776611,0.7802969813346863,-0.08912735432386398,0.5468770265579224,0.8234245777130127,-0.043024592101573944,0.5156556963920593,0.8120830059051514,-0.0546942837536335,0.4958776831626892,0.7909665703773499,-0.06088823825120926,0.4813057482242584,0.7696119546890259,-0.06871513277292252,0.5244998931884766,0.8264868259429932,-0.038509901612997055,0.49680274724960327,0.8073740601539612,-0.044792741537094116,0.48383015394210815,0.7863849401473999,-0.04730755090713501,0.47674816846847534,0.7657298445701599,-0.051069315522909164,0.50712651014328,0.8208733201026917,-0.03528871014714241,0.49021315574645996,0.8048822283744812,-0.03631890192627907,0.4808295667171478,0.7858577370643616,-0.03526114299893379,0.47387513518333435,0.76496821641922,-0.0368863083422184
12,right,0.3799314796924591,0.723831057548523,1.580972650572221e-07,0.4249899685382843,0.6980952620506287,0.011299002915620804,0.46786588430404663,0.6834672093391418,0.0054733483120799065,0.5008294582366943,0.6886647343635559,-0.005001972895115614,0.5274462699890137,0.6991958022117615,-0.01536589302122593,0.48363885283470154,0.6362888813018799,-0.01255421806126833,0.5396307706832886,0.661106526851654,-0.030311886221170425,0.558718204498291,0.6952526569366455,-0.0410538949072361,0.5623987913131714,0.7233191728591919,-0.045906368643045425,0.47369420528411865,0.6493883728981018,-0.026805929839611053,0.531611979007721,0.6966032981872559,-0.03876066952943802,0.5386943221092224,0.7377405762672424,-0.039662010967731476,0.5334950089454651,0.758469820022583,-0.04018249362707138,0.4616813063621521,0.6756596565246582,-0.040117066353559494,0.5171821117401123,0.715854287147522,-0.047002922743558884,0.5167819857597351,0.7477516531944275,-0.03946268558502197,0.506974458694458,0.7617017030715942,-0.034336645156145096,0.4499613046646118,0.708297610282898,-0.05297679454088211,0.4903028607368469,0.7381632924079895,-0.05187603831291199,0.49020591378211975,0.7551196217536926,-0.04216696321964264,0.48286673426628113,0.7601821422576904,-0.035203587263822556
12,left,0.5475632548332214,0.7889522314071655,1.0004200134972052e-07,0.5694738626480103,0.7550762891769409,-0.010768907144665718,0.5887344479560852,0.7402923107147217,-0.022092260420322418,0.6043997406959534,0.7449000477790833,-0.03120923601090908,0.6246190667152405,0.7697351574897766,-0.041777756065130234,0.5701651573181152,0.7918881773948669,-0.03894546627998352,0.5505534410476685,0.8023627400398254,-0.054455436766147614,0.5309218764305115,0.7920326590538025,-0.06789673864841461,0.5124655365943909,0.7758815884590149,-0.07793744653463364,0.5434387922286987,0.8137418627738953,-0.03704201802611351,0.5151219964027405,0.8057926297187805,-0.04567166045308113,0.4968750476837158,0.784090518951416,-0.05074821785092354,0.48290157318115234,0.7615476846694946,-0.058138664811849594,0.5207995176315308,0.8183227181434631,-0.03347223624587059,0.4958806335926056,0.801600992679596,-0.037492964416742325,0.48342493176460266,0.779474675655365,-0.038874126970767975,0.4764114022254944,0.758094072341919,-0.041955895721912384,0.5038908123970032,0.8134483098983765,-0.03079092502593994,0.4891810119152069,0.7977088093757629,-0.029481349512934685,0.48071569204330444,0.77793288230896,-0.026338428258895874,0.47474607825279236,0.7566845417022705,-0.026584433391690254
13,right,0.3785593807697296,0.7289478182792664,1.8187776618106e-07,0.4265107214450836,0.7072086930274963,0.01062855776399374,0.4689694941043854,0.6922240853309631,0.0035219492856413126,0.5037827491760254,0.6947034597396851,-0.008206618949770927,0.5312687754631042,0.7048078179359436,-0.019599394872784615,0.48237523436546326,0.6384143233299255,-0.01459171436727047,0.5399842858314514,0.6662262082099915,-0.0340331494808197,0.5590426921844482,0.7025060057640076,-0.04598236829042435,0.5619008541107178,0.7307487726211548,-0.05141157656908035,0.47173914313316345,0.6513707637786865,-0.028928546234965324,0.5318777561187744,0.6998289823532104,-0.04184281453490257,0.540186882019043,0.7438338994979858,-0.04343631491065025,0.5347694754600525,0.7658205032348633,-0.04448968917131424,0.45997804403305054,0.6782030463218689,-0.04233600199222565,0.5167308449745178,0.7209659218788147,-0.05013153329491615,0.5174543857574463,0.7553084492683411,-0.04307813197374344,0.5077224969863892,0.7707726359367371,-0.03814448416233063,0.4492783546447754,0.7113744616508484,-0.05532066524028778,0.49163246154785156,0.7432557344436646,-0.05483586713671684,0.4923900067806244,0.7613389492034912,-0.04533524438738823,0.4851424992084503,0.7670435905456543,-0.038416191935539246
13,left,0.5451409220695496,0.7953514456748962,1.226134145326796e-07,0.5692933201789856,0.762967050075531,-0.011232905089855194,0.5907561779022217,0.7463904619216919,-0.022514041513204575,0.6063863039016724,0.7494965195655823,-0.03129319101572037,0.6268888711929321,0.772491991519928,-0.041246071457862854,0.5651399493217468,0.7942941784858704,-0.03960493952035904,0.5428273677825928,0.8020685911178589,-0.05524645000696182,0.5226637125015259,0.7902612686157227,-0.06847299635410309,0.5049585700035095,0.7734189033508301,-0.07803788781166077,0.5377222299575806,0.8140771389007568,-0.0366678386926651,0.5094441175460815,0.8050095438957214,-0.04490932449698448,0.4925839900970459,0.7827088236808777,-0.04892578348517418,0.48067009449005127,0.7609495520591736,-0.05497003719210625,0.5159485340118408,0.8178393840789795,-0.032069601118564606,0.4922935962677002,0.7985936999320984,-0.03546299412846565,0.48127639293670654,0.7763797640800476,-0.03569827973842621,0.4759436845779419,0.7559816241264343,-0.037464603781700134,0.4996677041053772,0.8136329650878906,-0.028368467465043068,0.4867463707923889,0.7964314818382263,-0.02696457877755165,0.478866845369339,0.7755649089813232,-0.023440076038241386,0.47390416264533997,0.7537046670913696,-0.022699778899550438
14,right,0.3909386396408081,0.7171649932861328,1.4905850775903673e-07,0.4324136972427368,0.6983615159988403,0.007097021210938692,0.472351610660553,0.6831285953521729,-0.002077920362353325,0.5062763690948486,0.6856571435928345,-0.01521112397313118,0.5322607159614563,0.69501131772995,-0.028067536652088165,0.487068235874176,0.639056384563446,-0.022426245734095573,0.5433750152587891,0.6677910685539246,-0.043669573962688446,0.5613921880722046,0.7055399417877197,-0.05582118034362793,0.565484881401062,0.7334654331207275,-0.06169695779681206,0.4748747646808624,0.6511128544807434,-0.035954251885414124,0.5327378511428833,0.7036576271057129,-0.052828818559646606,0.5362579822540283,0.7489399313926697,-0.05408618971705437,0.5293592810630798,0.7701994180679321,-0.05432849004864693,0.46230706572532654,0.6771593689918518,-0.04861956089735031,0.5181801915168762,0.7249879240989685,-0.0595691055059433,0.5142233967781067,0.7596569061279297,-0.05135997757315636,0.5029615759849548,0.7733712196350098,-0.04531575366854668,0.45122939348220825,0.7092289328575134,-0.0611649751663208,0.49095019698143005,0.748559296131134,-0.06345608085393906,0.4890040159225464,0.7656968832015991,-0.05436700955033302,0.4815511107444763,0.7696475982666016,-0.0476527102291584
14,left,0.5476357936859131,0.8087009787559509,1.528135840089817e-07,0.5707517266273499,0.7757283449172974,-0.013678213581442833,0.5902906060218811,0.7559274435043335,-0.026410521939396858,0.6063874959945679,0.7557640671730042,-0.03697909787297249,0.6308717131614685,0.7722532153129578,-0.048677247017621994,0.5625044703483582,0.8007439374923706,-0.03783740848302841,0.5378199815750122,0.808013379573822,-0.05183888226747513,0.519524872303009,0.7967207431793213,-0.06277292221784592,0.5024852156639099,0.7794398069381714,-0.07108072191476822,0.5363357663154602,0.8186162710189819,-0.03531261906027794,0.50758957862854,0.8113874793052673,-0.04397287592291832,0.4910680651664734,0.7901244759559631,-0.04840627312660217,0.47880929708480835,0.7683141827583313,-0.05430944263935089,0.5161902904510498,0.8229371309280396,-0.03165937960147858,0.49145030975341797,0.8084492683410645,-0.03706291690468788,0.48016607761383057,0.7873705625534058,-0.03936895728111267,0.4732030928134918,0.7675391435623169,-0.042056553065776825,0.5017507076263428,0.8197095394134521,-0.02903626300394535,0.4858347773551941,0.8056688904762268,-0.029647327959537506,0.47717034816741943,0.7865666747093201,-0.02782975323498249,0.47082144021987915,0.7663941979408264,-0.02818092331290245
15,right,0.4018963575363159,0.7103748321533203,2.0802897893190675e-07,0.43745550513267517,0.6881713271141052,0.0037780669517815113,0.4761882722377777,0.675337016582489,-0.006235722452402115,0.508879542350769,0.6822295188903809,-0.018814828246831894,0.5325353145599365,0.6955319046974182,-0.03109901212155819,0.4895218312740326,0.637828528881073,-0.02672579698264599,0.5432993769645691,0.6703740954399109,-0.04657326638698578,0.5609752535820007,0.7076247334480286,-0.05706701800227165,0.5651905536651611,0.7349075675010681,-0.0619000568985939,0.47756487131118774,0.6525223255157471,-0.038030918687582016,0.5328322052955627,0.704980194568634,-0.054620105773210526,0.5387250781059265,0.7489681243896484,-0.05557303875684738,0.5337717533111572,0.7707821130752563,-0.05530031770467758,0.4653758406639099,0.6792781949043274,-0.048338696360588074,0.5174465775489807,0.7254940271377563,-0.058776311576366425,0.5169721245765686,0.75917649269104,-0.051415469497442245,0.5080927610397339,0.7730283141136169,-0.04586745426058769,0.45447590947151184,0.7114460468292236,-0.05863971635699272,0.4918396770954132,0.7481563091278076,-0.061043426394462585,0.4911145269870758,0.7633370757102966,-0.05276477709412575,0.4844692349433899,0.7663868069648743,-0.04652843624353409
15,left,0.5547932386398315,0.8087482452392578,1.4763293165742652e-07,0.5732944011688232,0.7732071280479431,-0.013256479054689407,0.5912370085716248,0.7532405257225037,-0.025172419846057892,0.6068030595779419,0.7494725584983826,-0.034585945308208466,0.6293898224830627,0.7688438892364502,-0.04569942504167557,0.5620226860046387,0.7942112684249878,-0.03532906621694565,0.5385152101516724,0.8034582138061523,-0.04817114770412445,0.519623339176178,0.79371178150177,-0.05988813564181328,0.501802921295166,0.7778186798095703,-0.069179005920887,0.536004364490509,0.8107078671455383,-0.031568605452775955,0.5068597197532654,0.8076366782188416,-0.038393184542655945,0.49023690819740295,0.7884928584098816,-0.044536277651786804,0.47677648067474365,0.7687362432479858,-0.05249771848320961,0.5155156850814819,0.8169896602630615,-0.02646104246377945,0.4914235472679138,0.8056524991989136,-0.03061477281153202,0.47920820116996765,0.7870908379554749,-0.034692250192165375,0.47084641456604004,0.7702094316482544,-0.03922804445028305,0.5005978345870972,0.8178834915161133,-0.022149819880723953,0.4851010739803314,0.8035391569137573,-0.022969022393226624,0.47663217782974243,0.785071611404419,-0.02208060957491398,0.47040265798568726,0.7654485702514648,-0.023132484406232834
16,right,0.3912455141544342,0.7228150367736816,2.3855969288888446e-07,0.4295990467071533,0.6993198990821838,0.006745586637407541,0.47035157680511475,0.6859737038612366,-0.001528003136627376,0.5056502819061279,0.6921574473381042,-0.012713571079075336,0.5325750708580017,0.7047221660614014,-0.02381751872599125,0.48609837889671326,0.6443852186203003,-0.021667132154107094,0.5403107404708862,0.6728199124336243,-0.04001517966389656,0.5626251101493835,0.7057519555091858,-0.05013125762343407,0.5699028968811035,0.7334903478622437,-0.0548274889588356,0.47503694891929626,0.6580997705459595,-0.03373892605304718,0.5324311256408691,0.7088144421577454,-0.047787342220544815,0.5370334386825562,0.7513816952705383,-0.04767006263136864,0.5310086607933044,0.7715893983840942,-0.04692162573337555,0.4635630249977112,0.6856205463409424,-0.044648583978414536,0.5190408825874329,0.7296741008758545,-0.05312597006559372,0.5162619948387146,0.7612358927726746,-0.044117700308561325,0.5051631927490234,0.7726536393165588,-0.03763144835829735,0.45297306776046753,0.7178765535354614,-0.05537007004022598,0.4915980398654938,0.7524489164352417,-0.05609834939241409,0.4900725483894348,0.7672697901725769,-0.04661884158849716,0.4827266037464142,0.7692716717720032,-0.0394454188644886
16,left,0.5639663934707642,0.8147174715995789,1.361362649276998e-07,0.5825127363204956,0.7766313552856445,-0.020708855241537094,0.5932472348213196,0.752649188041687,-0.03628280758857727,0.6060754060745239,0.7500359416007996,-0.04784427955746651,0.6270490288734436,0.7687475085258484,-0.06038197502493858,0.5674586296081543,0.7977797985076904,-0.05029132962226868,0.5366582870483398,0.8030917048454285,-0.06841433793306351,0.5153042674064636,0.7928155660629272,-0.08196192234754562,0.495990514755249,0.7754114866256714,-0.09218712896108627,0.5410802960395813,0.8124635219573975,-0.0444021001458168,0.5094015002250671,0.8110276460647583,-0.05525578185915947,0.49184250831604004,0.7926207780838013,-0.06087613105773926,0.47766366600990295,0.7714253664016724,-0.06816272437572479,0.5200231075286865,0.8176884651184082,-0.03774111345410347,0.4923968017101288,0.8094456791877747,-0.044419065117836,0.47982242703437805,0.7896708846092224,-0.04750592261552811,0.47195494174957275,0.7701877355575562,-0.05136709287762642,0.5039277672767639,0.8161978125572205,-0.03268740698695183,0.48687753081321716,0.8054531216621399,-0.035009272396564484,0.4782436490058899,0.788045346736908,-0.034755438566207886,0.4724142551422119,0.7692590951919556,-0.03642978519201279
17,right,0.3819412291049957,0.725598931312561,2.5302995254605776e-07,0.42446595430374146,0.699644923210144,0.006852828897535801,0.46779754757881165,0.6860647201538086,-0.0020693177357316017,0.5043179988861084,0.692129373550415,-0.014327185228466988,0.53337162733078,0.7034434676170349,-0.02664978988468647,0.48287302255630493,0.6403452754020691,-0.02429710514843464,0.5387853384017944,0.6623959541320801,-0.044595975428819656,0.5608600974082947,0.6952105164527893,-0.055603716522455215,0.568142831325531,0.7237766981124878,-0.06069415435194969,0.470994234085083,0.6546245217323303,-0.03743665665388107,0.5317786931991577,0.7015705704689026,-0.05355319753289223,0.5391700863838196,0.7471969127655029,-0.054883189499378204,0.533669114112854,0.7710535526275635,-0.05500791221857071,0.45810994505882263,0.6841438412666321,-0.04923757165670395,0.5157761573791504,0.7263570427894592,-0.05958450213074684,0.5148030519485474,0.7608217000961304,-0.051080960780382156,0.5035781264305115,0.7752692699432373,-0.04439564049243927,0.44594645500183105,0.7185265421867371,-0.06076119840145111,0.4900606870651245,0.7506048083305359,-0.06227511540055275,0.4906367361545563,0.7670552730560303,-0.052306048572063446,0.4828132688999176,0.7713413238525391,-0.04449641704559326
17,left,0.574912965297699,0.8248717188835144,4.4608131588574906e-07,0.59110426902771,0.7849955558776855,-0.0363297238945961,0.5993493795394897,0.7635519504547119,-0.06239990144968033,0.6110098958015442,0.7601620554924011,-0.08235602080821991,0.6285098791122437,0.7619315385818481,-0.1019379198551178,0.566496729850769,0.8157318830490112,-0.06925144046545029,0.5435143113136292,0.8190060257911682,-0.09374058246612549,0.5230706334114075,0.8065257668495178,-0.10753882676362991,0.5049422979354858,0.7925077080726624,-0.11581304669380188,0.5436505079269409,0.8305867910385132,-0.058713097125291824,0.5170053243637085,0.8200736045837402,-0.07847587764263153,0.4972400963306427,0.7962983250617981,-0.08588430285453796,0.4840681552886963,0.7757391333580017,-0.09121609479188919,0.5267898440361023,0.8336765766143799,-0.04861684888601303,0.501990556716919,0.8202451467514038,-0.06522133201360703,0.4871465265750885,0.7953017950057983,-0.07250392436981201,0.47786569595336914,0.7747879028320312,-0.07655727863311768,0.5148032307624817,0.8283427357673645,-0.04082295671105385,0.4952578544616699,0.8173560500144958,-0.05062684044241905,0.48443669080734253,0.7993173003196716,-0.05434965714812279,0.4769323766231537,0.7830127477645874,-0.05712979659438133
18,right,0.3874324560165405,0.7101001739501953,2.760889969977143e-07,0.42113545536994934,0.6747711300849915,-0.0011809644056484103,0.46085381507873535,0.652364194393158,-0.014533204957842827,0.4978754222393036,0.6516613364219666,-0.028945213183760643,0.5242404341697693,0.6612428426742554,-0.04310937970876694,0.46463170647621155,0.6120927333831787,-0.039760176092386246,0.5252026915550232,0.6249364018440247,-0.06244285777211189,0.550837516784668,0.6571171879768372,-0.07435701042413712,0.5638994574546814,0.6862322092056274,-0.0802626758813858,0.44894909858703613,0.6352304220199585,-0.04954575374722481,0.5119197368621826,0.6687795519828796,-0.06981838494539261,0.5345008373260498,0.7099275588989258,-0.07316749542951584,0.5408403873443604,0.7396926879882812,-0.07478009909391403,0.43568041920661926,0.6692377328872681,-0.05797251686453819,0.49368739128112793,0.6994063258171082,-0.07352404296398163,0.5084101557731628,0.7326695322990417,-0.06959846615791321,0.5085394978523254,0.7538424134254456,-0.06567081063985825,0.4266972243785858,0.7066093683242798,-0.06620331853628159,0.4714791774749756,0.727135419845581,-0.07350319623947144,0.4814728796482086,0.7417716383934021,-0.06765716522932053,0.48180457949638367,0.7500779628753662,-0.062489885836839676
18,left,0.5562459230422974,0.8036857843399048,5.244196898956943e-08,0.5777221918106079,0.768074631690979,-0.013848674483597279,0.5927532911300659,0.7539101839065552,-0.02784838154911995,0.6068379282951355,0.7569316029548645,-0.04053696617484093,0.6291548013687134,0.7749081254005432,-0.054566673934459686,0.5739386081695557,0.8060900568962097,-0.03743961825966835,0.5570744872093201,0.8131553530693054,-0.053780172020196915,0.5400344729423523,0.8080549836158752,-0.06552378088235855,0.5225990414619446,0.7968473434448242,-0.07431184500455856,0.5478406548500061,0.8258638381958008,-0.03726070001721382,0.518831729888916,0.8232495188713074,-0.051831260323524475,0.49884453415870667,0.808199942111969,-0.05974350497126579,0.4818623960018158,0.7885779738426208,-0.06787971407175064,0.5253894925117493,0.8309134840965271,-0.03629213571548462,0.4970614016056061,0.8240318894386292,-0.04745066910982132,0.48242872953414917,0.8055037260055542,-0.0522049181163311,0.47105827927589417,0.7846566438674927,-0.05649123340845108,0.508910596370697,0.827564001083374,-0.03631078451871872,0.48697027564048767,0.8228946328163147,-0.039248671382665634,0.4762016534805298,0.8084344863891602,-0.03812886029481888,0.46870774030685425,0.7908650040626526,-0.0397428460419178
19,right,0.36392441391944885,0.7148058414459229,3.5143125387548935e-07,0.39784741401672363,0.6733712553977966,0.0014088787138462067,0.4365646541118622,0.6451295614242554,-0.008801987394690514,0.4750748574733734,0.637479305267334,-0.020176773890852928,0.5058412551879883,0.6382020711898804,-0.03167805075645447,0.4350777268409729,0.6061259508132935,-0.03110307641327381,0.4919789135456085,0.6065641641616821,-0.051573581993579865,0.5232058167457581,0.6268697381019592,-0.06316675990819931,0.5435378551483154,0.6490269899368286,-0.06957071274518967,0.42564094066619873,0.6334670782089233,-0.041733842343091965,0.4909771978855133,0.653270423412323,-0.061056673526763916,0.518750786781311,0.6847840547561646,-0.06621351838111877,0.5315220952033997,0.7106303572654724,-0.06895526498556137,0.41688358783721924,0.6699275970458984,-0.051085215061903,0.4737188518047333,0.688701331615448,-0.06456051021814346,0.494601309299469,0.7116181254386902,-0.06248088926076889,0.5029069185256958,0.7267756462097168,-0.06041092798113823,0.4097660183906555,0.7084136605262756,-0.06015193089842796,0.4497554898262024,0.7207029461860657,-0.0662519559264183,0.4664264917373657,0.7275655269622803,-0.062222789973020554,0.4752797484397888,0.7315716743469238,-0.05872071534395218
19,left,0.5547387599945068,0.7912939786911011,1.0253105386937023e-07,0.5787189602851868,0.7559919357299805,-0.015190327540040016,0.5951746106147766,0.7503462433815002,-0.02984461560845375,0.6106708645820618,0.7581096291542053,-0.042679764330387115,0.6292240023612976,0.7748531103134155,-0.05709316208958626,0.5756164789199829,0.8124198317527771,-0.03969993814826012,0.5563445687294006,0.8252824544906616,-0.056574977934360504,0.5369322896003723,0.8191786408424377,-0.07014474272727966,0.5178056359291077,0.8042185306549072,-0.08080124109983444,0.5501546263694763,0.8315685987472534,-0.03863311558961868,0.5205822587013245,0.8329371213912964,-0.05491361394524574,0.49778082966804504,0.8170671463012695,-0.06639218330383301,0.477849543094635,0.7960940599441528,-0.0778360664844513,0.5275391340255737,0.8329949378967285,-0.03637799620628357,0.49770089983940125,0.827587366104126,-0.05012864992022514,0.4805845022201538,0.8102360963821411,-0.05655968189239502,0.46720752120018005,0.7902549505233765,-0.06220676377415657,0.5105645656585693,0.8244694471359253,-0.034959279000759125,0.48972976207733154,0.8161271810531616,-0.040359459817409515,0.4787921607494354,0.8030368089675903,-0.03987056761980057,0.47000211477279663,0.7861653566360474,-0.04223738983273506
20,right,0.3306269943714142,0.7232347726821899,3.945974640373606e-07,0.3591882288455963,0.6715902090072632,-0.0028839462902396917,0.3983607292175293,0.6338816285133362,-0.015623063780367374,0.43672674894332886,0.6234304904937744,-0.02806464582681656,0.4654349982738495,0.6230161190032959,-0.03978615999221802,0.38218939304351807,0.5995481610298157,-0.04026969149708748,0.4349602162837982,0.5888415575027466,-0.06159934028983116,0.46933794021606445,0.5967839360237122,-0.07286837697029114,0.49499091506004333,0.6091729998588562,-0.07871308922767639,0.373368501663208,0.6347535252571106,-0.04887070134282112,0.44303804636001587,0.6412279009819031,-0.0694880411028862,0.47628501057624817,0.6641820669174194,-0.07193250954151154,0.4955560266971588,0.6836451888084412,-0.0724639818072319,0.3695998787879944,0.6781628727912903,-0.05614082142710686,0.43731802701950073,0.6871722340583801,-0.07106239348649979,0.4592883884906769,0.7028368711471558,-0.0646926760673523,0.4673299789428711,0.7128576636314392,-0.05885123088955879,0.37003055214881897,0.7238647937774658,-0.06350912898778915,0.42440685629844666,0.725919246673584,-0.06877092272043228,0.43790650367736816,0.7265323400497437,-0.060938190668821335,0.44145503640174866,0.7244294881820679,-0.05459228530526161
20,left,0.5447885394096375,0.7926115393638611,7.696525727851622e-08,0.5713953375816345,0.7631259560585022,-0.013594483025372028,0.594213604927063,0.7593469619750977,-0.028869977220892906,0.6092718243598938,0.7696117162704468,-0.04319023713469505,0.628771185874939,0.7837916612625122,-0.05910904332995415,0.5767924189567566,0.8190032243728638,-0.038720227777957916,0.5595526099205017,0.8314375281333923,-0.05635037273168564,0.5389894843101501,0.8244910836219788,-0.06945222616195679,0.5197913646697998,0.8111454248428345,-0.07919126749038696,0.5525452494621277,0.8410776257514954,-0.039950255304574966,0.5221361517906189,0.8409135341644287,-0.05643901973962784,0.5002407431602478,0.8265852928161621,-0.0653151422739029,0.4823431968688965,0.8077394366264343,-0.07413872331380844,0.5294972062110901,0.8442444205284119,-0.04024539142847061,0.5005737543106079,0.8363661766052246,-0.05424707755446434,0.48415303230285645,0.8197228312492371,-0.05826517567038536,0.47125861048698425,0.8009071946144104,-0.061729758977890015,0.5118001103401184,0.8371075391769409,-0.04148528724908829,0.4904487431049347,0.8312782049179077,-0.04684313386678696,0.47941961884498596,0.8190529346466064,-0.04481886327266693,0.4700119197368622,0.8032211661338806,-0.04563726857304573
21,right,0.3182423710823059,0.7316644191741943,4.2094956143046147e-07,0.34830427169799805,0.6771674156188965,-0.004804502706974745,0.39140015840530396,0.6332342624664307,-0.018036214634776115,0.434428870677948,0.6140322089195251,-0.03041190281510353,0.46837809681892395,0.6018604040145874,-0.04277140274643898,0.3598988354206085,0.6067297458648682,-0.044337183237075806,0.40743881464004517,0.5979523658752441,-0.06643306463956833,0.44251906871795654,0.60294508934021,-0.07854106277227402,0.4709881544113159,0.6111171841621399,-0.08582860231399536,0.34965619444847107,0.6469391584396362,-0.05339236930012703,0.41566798090934753,0.6511837840080261,-0.0741920992732048,0.45428550243377686,0.6675483584403992,-0.0777340903878212,0.4786436855792999,0.6803972721099854,-0.08063707500696182,0.3461655080318451,0.6928491592407227,-0.06147657334804535,0.4099816679954529,0.6983734965324402,-0.0784992203116417,0.4382688105106354,0.7081409096717834,-0.07518869638442993,0.451172798871994,0.712200403213501,-0.07227836549282074,0.3484635651111603,0.7379409074783325,-0.06958019733428955,0.400068461894989,0.7402337193489075,-0.07788945734500885,0.4197407066822052,0.7395212650299072,-0.07349245250225067,0.4279487729072571,0.7369483113288879,-0.07037046551704407
21,left,0.5434463620185852,0.7942869067192078,1.0168954389655482e-07,0.5717805027961731,0.7670779824256897,-0.015223410911858082,0.5943343043327332,0.7642973065376282,-0.029843024909496307,0.6097714900970459,0.7722790241241455,-0.042903363704681396,0.6286200881004333,0.7836499810218811,-0.05775391682982445,0.571368932723999,0.8241214752197266,-0.03751877322793007,0.5544115900993347,0.8375862836837769,-0.05393022298812866,0.5346009731292725,0.830929160118103,-0.06707476824522018,0.5156688094139099,0.8167884349822998,-0.07726774364709854,0.5453938245773315,0.8401006460189819,-0.03691835701465607,0.5165839791297913,0.8406607508659363,-0.05080612376332283,0.49521616101264954,0.8268627524375916,-0.060173992067575455,0.47764497995376587,0.8090727925300598,-0.07009334862232208,0.5234407186508179,0.8403884172439575,-0.035383064299821854,0.49479734897613525,0.834919810295105,-0.047767989337444305,0.47918131947517395,0.8206801414489746,-0.05215996131300926,0.46695077419281006,0.8043044805526733,-0.05635974183678627,0.5074332356452942,0.8324894309043884,-0.03485554829239845,0.4878346920013428,0.827623724937439,-0.03987005725502968,0.4763943552970886,0.8185975551605225,-0.03783245012164116,0.4666088819503784,0.805781900882721,-0.038740839809179306
22,right,0.3052983582019806,0.7281990051269531,6.050046295058564e-07,0.3308095335960388,0.6822642087936401,-0.013268466107547283,0.368845671415329,0.6476339101791382,-0.028078004717826843,0.40344709157943726,0.6349784135818481,-0.03984314948320389,0.4309823513031006,0.6184967756271362,-0.051313307136297226,0.3345639705657959,0.6305172443389893,-0.05356256663799286,0.3721719980239868,0.6229393482208252,-0.07815553992986679,0.4067709445953369,0.6299279928207397,-0.09257286041975021,0.43672052025794983,0.6413435935974121,-0.10100401192903519,0.32257217168807983,0.6730991005897522,-0.05811573937535286,0.381533145904541,0.6831587553024292,-0.08157958090305328,0.42093753814697266,0.6971268653869629,-0.0870765820145607,0.44788670539855957,0.7088702917098999,-0.09033066779375076,0.3163769543170929,0.7217066884040833,-0.06196577101945877,0.3704683780670166,0.7372244596481323,-0.08128326386213303,0.3994614779949188,0.7419191598892212,-0.07847883552312851,0.41426166892051697,0.7401646375656128,-0.07516340911388397,0.31447720527648926,0.7661376595497131,-0.06647904217243195,0.35633113980293274,0.7786555886268616,-0.07821446657180786,0.3747088313102722,0.7775240540504456,-0.07423242181539536,0.38291674852371216,0.772572934627533,-0.07049817591905594
22,left,0.5480068922042847,0.7990230321884155,1.2191226517188625e-07,0.5735815763473511,0.7663067579269409,-0.015071077272295952,0.5941511988639832,0.762197732925415,-0.0305881816893816,0.6099910736083984,0.7722141146659851,-0.044940803200006485,0.6306453943252563,0.7884141802787781,-0.06105703115463257,0.5776671171188354,0.8220061659812927,-0.03891800343990326,0.5608243346214294,0.8355140089988708,-0.056070465594530106,0.5397045612335205,0.831066370010376,-0.06808535009622574,0.520179033279419,0.8200322389602661,-0.07703740149736404,0.5522293448448181,0.8415154218673706,-0.0394870787858963,0.520495593547821,0.8440213203430176,-0.05627591535449028,0.4969935119152069,0.8304682970046997,-0.06494070589542389,0.478330135345459,0.8113781809806824,-0.0731414183974266,0.5288102626800537,0.84464430809021,-0.03931396082043648,0.4990963935852051,0.8389931321144104,-0.05411333963274956,0.4831905663013458,0.8227745890617371,-0.058407172560691833,0.47128570079803467,0.8043277263641357,-0.061391524970531464,0.5113579034805298,0.8377780914306641,-0.04016933590173721,0.49069052934646606,0.8319509029388428,-0.04606970399618149,0.4791741669178009,0.8193953037261963,-0.04427944868803024,0.4699960947036743,0.8034061789512634,-0.044864654541015625
23,right,0.29754775762557983,0.7549726963043213,4.6988435542516527e-07,0.33081111311912537,0.70550137758255,-0.012758336029946804,0.36735305190086365,0.672261118888855,-0.03028920665383339,0.39738187193870544,0.6548243761062622,-0.046112578362226486,0.42151135206222534,0.638450026512146,-0.06209945306181908,0.3247539699077606,0.6492908596992493,-0.05319427698850632,0.3606049716472626,0.644309937953949,-0.07970187067985535,0.3938678503036499,0.6536368131637573,-0.09677984565496445,0.42293858528137207,0.6667598485946655,-0.10795564204454422,0.30947405099868774,0.6908116340637207,-0.06090161204338074,0.3710528314113617,0.7050200700759888,-0.08837860822677612,0.4123746454715729,0.7189584970474243,-0.09703564643859863,0.44074341654777527,0.7297230362892151,-0.10353732854127884,0.30319052934646606,0.7363061308860779,-0.06817647814750671,0.36287686228752136,0.757148265838623,-0.0910693034529686,0.3944568932056427,0.7605101466178894,-0.08986975252628326,0.4118385910987854,0.7587127685546875,-0.08835411071777344,0.3034399747848511,0.7789807319641113,-0.0763915404677391,0.34943947196006775,0.7943028211593628,-0.08981868624687195,0.3696652054786682,0.7915485501289368,-0.0863671526312828,0.37876036763191223,0.7853392958641052,-0.0838388055562973
23,left,0.5482922196388245,0.8024561405181885,5.701555139125958e-08,0.5756984949111938,0.77302485704422,-0.015444491989910603,0.5958715677261353,0.7676793336868286,-0.030194610357284546,0.610553503036499,0.7741127610206604,-0.04345192760229111,0.6316439509391785,0.789185643196106,-0.05837363377213478,0.5733050107955933,0.8224595785140991,-0.03730468451976776,0.5563498139381409,0.8366503119468689,-0.05372530221939087,0.535940408706665,0.8316139578819275,-0.06706758588552475,0.5166724324226379,0.8193080425262451,-0.07745768874883652,0.5484527349472046,0.8395741581916809,-0.036873959004879,0.5184390544891357,0.8422878384590149,-0.0499432310461998,0.4977475702762604,0.8290454149246216,-0.05816299095749855,0.4816395342350006,0.8100689053535461,-0.06735765188932419,0.5265153646469116,0.8420633673667908,-0.03582298383116722,0.49846306443214417,0.8381419777870178,-0.047429148107767105,0.4842441976070404,0.8228382468223572,-0.05087832733988762,0.4737294316291809,0.8037234544754028,-0.05460298806428909,0.5102897882461548,0.8370455503463745,-0.03597716987133026,0.49074673652648926,0.8304420709609985,-0.04036560654640198,0.48038792610168457,0.8167786598205566,-0.03798484057188034,0.472774475812912,0.7989933490753174,-0.038747403770685196
24,right,0.29583194851875305,0.7548519968986511,4.741730776913755e-07,0.33035433292388916,0.707636296749115,-0.012175393290817738,0.3664376139640808,0.674903154373169,-0.029929840937256813,0.39566898345947266,0.6583926677703857,-0.04654878005385399,0.4189216196537018,0.6424662470817566,-0.06337418407201767,0.32485872507095337,0.6507266759872437,-0.051860060542821884,0.3598291575908661,0.6459282636642456,-0.0796409472823143,0.39293035864830017,0.6558208465576172,-0.09767986088991165,0.4217163324356079,0.6694378852844238,-0.10929972678422928,0.3079371452331543,0.6884825229644775,-0.06082320958375931,0.36738717555999756,0.7052178978919983,-0.09091628342866898,0.40957868099212646,0.7190467715263367,-0.10170631110668182,0.43929988145828247,0.7311054468154907,-0.10874129831790924,0.3005973696708679,0.7320021986961365,-0.06936760246753693,0.35948771238327026,0.759490966796875,-0.09420774132013321,0.39147016406059265,0.7637711763381958,-0.09503424167633057,0.4102552831172943,0.7631517648696899,-0.09412491321563721,0.3004506528377533,0.773716390132904,-0.07887949794530869,0.3447931706905365,0.7949051856994629,-0.09410681575536728,0.3659886419773102,0.7945724129676819,-0.09223255515098572,0.37717169523239136,0.7907366752624512,-0.09019599109888077
24,left,0.5474464893341064,0.8051295876502991,1.0410311546138473e-07,0.5729499459266663,0.7696365118026733,-0.013262243941426277,0.5946238040924072,0.7640224695205688,-0.02819828875362873,0.6129014492034912,0.7740468978881836,-0.042531609535217285,0.6354930400848389,0.7904742956161499,-0.05838970094919205,0.579057514667511,0.8250564336776733,-0.03487320989370346,0.5650242567062378,0.8360603451728821,-0.05085908621549606,0.5465454459190369,0.8305894732475281,-0.0628662183880806,0.5285481214523315,0.8187753558158875,-0.07178701460361481,0.5543807744979858,0.8471835851669312,-0.03607332706451416,0.5238590836524963,0.8495537638664246,-0.049754247069358826,0.5013124942779541,0.8365004658699036,-0.05639198422431946,0.48363733291625977,0.8181321024894714,-0.0637064278125763,0.5313006639480591,0.8527357578277588,-0.03675176203250885,0.5023947358131409,0.8477895259857178,-0.04866392910480499,0.4872141480445862,0.8312196731567383,-0.05132507532835007,0.4758630692958832,0.8112003207206726,-0.05388288199901581,0.5140025019645691,0.847528338432312,-0.03851873800158501,0.4941179156303406,0.8426385521888733,-0.04202493652701378,0.48295146226882935,0.8302587270736694,-0.03875526785850525,0.4736650586128235,0.8138676881790161,-0.0387924388051033
25,right,0.29511505365371704,0.7565395832061768,5.027543465985218e-07,0.32877203822135925,0.7099151611328125,-0.013292420655488968,0.36537861824035645,0.6758005023002625,-0.03162700682878494,0.3953334093093872,0.6596086621284485,-0.04819998890161514,0.41939836740493774,0.6445452570915222,-0.06473620980978012,0.32436585426330566,0.6495056748390198,-0.05505197495222092,0.36060017347335815,0.6440737843513489,-0.08302318304777145,0.395870566368103,0.6557618379592896,-0.10056724399328232,0.42553359270095825,0.6712936758995056,-0.11154361069202423,0.30712297558784485,0.6885692477226257,-0.0631071925163269,0.37062495946884155,0.7069355845451355,-0.09309360384941101,0.41456326842308044,0.7219926118850708,-0.10235537588596344,0.4441262185573578,0.7331089377403259,-0.10813624411821365,0.2998408079147339,0.7330962419509888,-0.07076480239629745,0.36324870586395264,0.7593643069267273,-0.09502700716257095,0.39660024642944336,0.763322651386261,-0.09415923804044724,0.4152749180793762,0.7618677020072937,-0.09215819090604782,0.29999491572380066,0.775653600692749,-0.07948291301727295,0.34881049394607544,0.7942055463790894,-0.09444035589694977,0.3700251877307892,0.7927643060684204,-0.09137492626905441,0.3805055022239685,0.7884557843208313,-0.08831995725631714
25,left,0.5717779397964478,0.8314430117607117,9.38141511142021e-08,0.5911393761634827,0.7854837775230408,-0.022049477323889732,0.6024163365364075,0.7701331973075867,-0.04043659567832947,0.61295485496521,0.7755664587020874,-0.0566069521009922,0.6358602643013,0.7914481163024902,-0.0739487037062645,0.571366012096405,0.8169728517532349,-0.04083549976348877,0.5455072522163391,0.8261407613754272,-0.058838509023189545,0.5233290791511536,0.8213922381401062,-0.07351580262184143,0.5022871494293213,0.8069940209388733,-0.08509088307619095,0.5479883551597595,0.8387277126312256,-0.037809230387210846,0.5188422203063965,0.8440396785736084,-0.05184241756796837,0.4984370470046997,0.8320983052253723,-0.060951657593250275,0.4804094135761261,0.8127690553665161,-0.07058253139257431,0.5295220017433167,0.8493949770927429,-0.034985460340976715,0.5010006427764893,0.8499383330345154,-0.04718216508626938,0.4874435365200043,0.8356791138648987,-0.05135045573115349,0.4769396483898163,0.8162826299667358,-0.05553511157631874,0.5157095193862915,0.8537970781326294,-0.034159719944000244,0.49344801902770996,0.8481978178024292,-0.039751529693603516,0.48379644751548767,0.8354056477546692,-0.03836402669548988,0.4770730137825012,0.8183993697166443,-0.039414532482624054
26,right,0.29195263981819153,0.7553628087043762,4.934860271532671e-07,0.325484037399292,0.7087868452072144,-0.012628183700144291,0.36252114176750183,0.6735223531723022,-0.0305019523948431,0.39339929819107056,0.6573179364204407,-0.04667958244681358,0.4188297390937805,0.6433770656585693,-0.06290509551763535,0.3239898979663849,0.6477302312850952,-0.053985513746738434,0.3608952462673187,0.6411258578300476,-0.0813496857881546,0.3963298499584198,0.6526442170143127,-0.09856504946947098,0.4256119728088379,0.6681597828865051,-0.10937981307506561,0.3075238764286041,0.6863200664520264,-0.06222505867481232,0.3711918294429779,0.7045842409133911,-0.09158501774072647,0.41514119505882263,0.7194936871528625,-0.10068058967590332,0.4444848299026489,0.7304283380508423,-0.10638190060853958,0.30034691095352173,0.7307603359222412,-0.0700690969824791,0.3648865222930908,0.7568687200546265,-0.09380873292684555,0.3983616530895233,0.7612848877906799,-0.09347344934940338,0.4174782633781433,0.7604242563247681,-0.0919213593006134,0.30040594935417175,0.7739223837852478,-0.07888089865446091,0.34980177879333496,0.7921629548072815,-0.09354566037654877,0.3709367513656616,0.7911337018013,-0.09084218740463257,0.3821123540401459,0.787302553653717,-0.08812807500362396
26,left,0.5635302066802979,0.8147618174552917,1.2052851161570288e-07,0.5833134651184082,0.77284175157547,-0.020043032243847847,0.5969969034194946,0.7648811340332031,-0.03756510093808174,0.6114530563354492,0.7703807353973389,-0.05309496074914932,0.6316452622413635,0.7815684676170349,-0.06996410340070724,0.5775021910667419,0.8250656127929688,-0.04332372173666954,0.5551197528839111,0.8405216932296753,-0.061840713024139404,0.530206024646759,0.8351677060127258,-0.07669779658317566,0.5058550238609314,0.8210799694061279,-0.08849108219146729,0.5558037161827087,0.8484553098678589,-0.041425593197345734,0.5251701474189758,0.8528960347175598,-0.05653432011604309,0.5001588463783264,0.8378000259399414,-0.06628185510635376,0.47789672017097473,0.8165875673294067,-0.07681461423635483,0.5359567403793335,0.8572014570236206,-0.0391363725066185,0.5076172351837158,0.8555139899253845,-0.05254663899540901,0.4915861189365387,0.8385459780693054,-0.05726129189133644,0.479190856218338,0.8175355195999146,-0.061945248395204544,0.5202357769012451,0.8571472764015198,-0.03858418017625809,0.49875980615615845,0.8542351126670837,-0.04575984552502632,0.48809921741485596,0.8407209515571594,-0.045971158891916275,0.48013895750045776,0.8217546939849854,-0.04852771386504173
27,right,0.29104185104370117,0.7560243010520935,4.973225600224396e-07,0.32708385586738586,0.7086839079856873,-0.012079396285116673,0.36598384380340576,0.6744595766067505,-0.02951301634311676,0.397156298160553,0.6587607264518738,-0.04533790796995163,0.4223863184452057,0.6447927355766296,-0.061189934611320496,0.326701283454895,0.6497125029563904,-0.05401204898953438,0.3611711859703064,0.6421773433685303,-0.08073284476995468,0.3965626060962677,0.6523860692977905,-0.09749973565340042,0.42649590969085693,0.6674298048019409,-0.10815909504890442,0.31009095907211304,0.687709629535675,-0.06235371530056,0.3724620044231415,0.7066418528556824,-0.09114942699670792,0.4167215824127197,0.7217518091201782,-0.10037845373153687,0.44604456424713135,0.7329479455947876,-0.10627086460590363,0.30243319272994995,0.7316150069236755,-0.0700301080942154,0.3646690249443054,0.7585612535476685,-0.09298090636730194,0.39826956391334534,0.7630774974822998,-0.09224896132946014,0.41652435064315796,0.7625405192375183,-0.0905773863196373,0.30162620544433594,0.7745303511619568,-0.07870595157146454,0.3501875102519989,0.7935065627098083,-0.09255357086658478,0.3711925745010376,0.7914525270462036,-0.08949346840381622,0.3813641667366028,0.7872897982597351,-0.08664208650588989
27,left,0.5605042576789856,0.8165847659111023,1.6573072514347587e-07,0.5828648209571838,0.7712238430976868,-0.017331119626760483,0.5971441864967346,0.7682563066482544,-0.034282442182302475,0.6131125688552856,0.7763910889625549,-0.050223689526319504,0.6333009004592896,0.7878040671348572,-0.06768415123224258,0.5803453922271729,0.8270891904830933,-0.03752466291189194,0.5585387349128723,0.8430034518241882,-0.05332820490002632,0.534559965133667,0.8382668495178223,-0.0665542408823967,0.5104696154594421,0.826071560382843,-0.07724174857139587,0.5596355199813843,0.8521485924720764,-0.03660581260919571,0.5303769707679749,0.8603198528289795,-0.050792526453733444,0.5077257752418518,0.8463846445083618,-0.06067996099591255,0.4862710237503052,0.8248339295387268,-0.07097215950489044,0.5387595295906067,0.8610678315162659,-0.03521181643009186,0.5093551874160767,0.8625707626342773,-0.04842711240053177,0.49259212613105774,0.84449303150177,-0.05357462540268898,0.4788196384906769,0.8232713341712952,-0.058273039758205414,0.5210291743278503,0.8576627373695374,-0.03520212695002556,0.49790507555007935,0.8553159832954407,-0.0413099005818367,0.4867744743824005,0.8412609696388245,-0.04053763300180435,0.4789717197418213,0.8218675851821899,-0.04235327988862991
28,right,0.2938430905342102,0.7523455023765564,5.043742703492171e-07,0.32783043384552,0.7052319049835205,-0.011391518637537956,0.3662106990814209,0.6723755598068237,-0.027279185131192207,0.3972886800765991,0.6557161211967468,-0.04164354130625725,0.42242223024368286,0.6406520009040833,-0.05609094351530075,0.32755374908447266,0.6500348448753357,-0.050083037465810776,0.36254966259002686,0.6448478102684021,-0.07492876797914505,0.3972604274749756,0.6530513167381287,-0.09042983502149582,0.42593324184417725,0.6663877367973328,-0.10024971514940262,0.31146830320358276,0.6898158192634583,-0.057817332446575165,0.3733980059623718,0.7078661322593689,-0.08399584889411926,0.41658520698547363,0.7202540636062622,-0.09212130308151245,0.4452809989452362,0.7297531366348267,-0.09776293486356735,0.303945392370224,0.7336887717247009,-0.06507115066051483,0.36491650342941284,0.7588128447532654,-0.08669812232255936,0.3981858789920807,0.7623656392097473,-0.08603329956531525,0.41585004329681396,0.7612230777740479,-0.08452866226434708,0.30257293581962585,0.7750459909439087,-0.07321642339229584,0.3503274917602539,0.7934155464172363,-0.08647701144218445,0.37158840894699097,0.7910597920417786,-0.08382196724414825,0.38151267170906067,0.7864515781402588,-0.08136329799890518
28,left,0.554487943649292,0.8085795044898987,1.7484492786934425e-07,0.5778393149375916,0.7664235234260559,-0.01682492345571518,0.595036506652832,0.7660498023033142,-0.03439052402973175,0.6135661005973816,0.7756938934326172,-0.05092310160398483,0.6333287954330444,0.7877543568611145,-0.06891627609729767,0.5796005129814148,0.8306592702865601,-0.03992342948913574,0.5589749217033386,0.8491865396499634,-0.057636696845293045,0.5351711511611938,0.8424317836761475,-0.07247743755578995,0.5118502974510193,0.8286327123641968,-0.0839395746588707,0.5589908361434937,0.85502690076828,-0.039397452026605606,0.5271362066268921,0.8625413179397583,-0.05484311655163765,0.5041944980621338,0.8466879725456238,-0.06453222781419754,0.4836333990097046,0.8238092660903931,-0.07454951107501984,0.5375465154647827,0.8615261912345886,-0.038189519196748734,0.5065355896949768,0.8617878556251526,-0.05182106792926788,0.4905017614364624,0.842654287815094,-0.05544041842222214,0.4781608283519745,0.8200532793998718,-0.058897461742162704,0.5196232199668884,0.8558114767074585,-0.038391049951314926,0.4971618950366974,0.8528568744659424,-0.04372352361679077,0.48586055636405945,0.8380995988845825,-0.04135645925998688,0.4778871536254883,0.8180826902389526,-0.04211306571960449
29,right,0.3038618862628937,0.7691135406494141,3.5053236047133396e-07,0.32772380113601685,0.7300941944122314,-0.011687297374010086,0.3615311086177826,0.705383837223053,-0.02640661969780922,0.39235416054725647,0.6961357593536377,-0.03974449634552002,0.41370144486427307,0.6824436783790588,-0.05365968868136406,0.3243919610977173,0.702738344669342,-0.04726690053939819,0.36593085527420044,0.697417676448822,-0.06811307370662689,0.39614272117614746,0.7054932117462158,-0.08116340637207031,0.4179209768772125,0.7179295420646667,-0.0890011265873909,0.3108610212802887,0.7450835108757019,-0.052218057215213776,0.37541329860687256,0.7526698112487793,-0.07064955681562424,0.4157411456108093,0.7659642696380615,-0.07615017145872116,0.44258230924606323,0.7817309498786926,-0.08124051988124847,0.3075943887233734,0.7863118648529053,-0.05654511600732803,0.3710647523403168,0.8005767464637756,-0.0706007182598114,0.4042792022228241,0.8006852269172668,-0.06940972059965134,0.42229288816452026,0.8015671968460083,-0.06956178694963455,0.31118908524513245,0.8220177888870239,-0.06186309829354286,0.35736894607543945,0.8381965756416321,-0.06875744462013245,0.37374988198280334,0.8352035880088806,-0.06444860994815826,0.3783423602581024,0.8315327167510986,-0.062594935297966
29,left,0.5384432673454285,0.8272874355316162,1.25931762795517e-07,0.5652256608009338,0.7913672924041748,-0.015148977749049664,0.5919923186302185,0.7888060808181763,-0.031457770615816116,0.6144237518310547,0.7979611754417419,-0.04734377935528755,0.6327176690101624,0.8065663576126099,-0.06391862779855728,0.576396644115448,0.853768527507782,-0.0370100699365139,0.5777286291122437,0.8686032891273499,-0.06021982431411743,0.5770204067230225,0.8610738515853882,-0.07721254229545593,0.5730312466621399,0.841701090335846,-0.08781097829341888,0.5535266399383545,0.8745399713516235,-0.03781116381287575,0.532032310962677,0.8861657381057739,-0.056651849299669266,0.515550971031189,0.873769998550415,-0.06755726039409637,0.5001986026763916,0.8508127927780151,-0.07778506726026535,0.5291574001312256,0.8789007663726807,-0.03853137418627739,0.5048913359642029,0.8831633925437927,-0.05689246952533722,0.49162736535072327,0.8671201467514038,-0.06266792863607407,0.4803345203399658,0.8438907265663147,-0.06634552031755447,0.5085064768791199,0.8707154393196106,-0.0402466356754303,0.4902487099170685,0.8726575970649719,-0.048800792545080185,0.4792620539665222,0.8611813187599182,-0.047984953969717026,0.46887513995170593,0.8426386713981628,-0.04913891851902008
30,right,0,0,0,0,0,0,0,0,0,0,0,0,0,0,0,0,0,0,0,0,0,0,0,0,0,0,0,0,0,0,0,0,0,0,0,0,0,0,0,0,0,0,0,0,0,0,0,0,0,0,0,0,0,0,0,0,0,0,0,0,0,0,0
30,left,0.5266616344451904,0.8959203958511353,3.532076959800179e-07,0.5553309917449951,0.8772929310798645,-0.019002819433808327,0.5818126201629639,0.8564292788505554,-0.04027635604143143,0.5855623483657837,0.8380074501037598,-0.05741147696971893,0.5763862133026123,0.83352130651474,-0.07524285465478897,0.5861300230026245,0.9369611740112305,-0.07135233283042908,0.5891982913017273,0.9203658103942871,-0.09957004338502884,0.5818616151809692,0.8890162110328674,-0.11310341209173203,0.5791003108024597,0.8712637424468994,-0.11862926930189133,0.558804988861084,0.9584121108055115,-0.06936420500278473,0.552480936050415,0.9195014834403992,-0.09086692333221436,0.5426724553108215,0.8707658648490906,-0.0917530208826065,0.5392313003540039,0.8427974581718445,-0.09387600421905518,0.5302613377571106,0.9614298939704895,-0.06594422459602356,0.5221055150032043,0.9162744879722595,-0.08231385052204132,0.5165001153945923,0.8728866577148438,-0.07729507982730865,0.5158859491348267,0.8498631119728088,-0.07362308353185654,0.504338264465332,0.9543424248695374,-0.06369996815919876,0.49896982312202454,0.9149086475372314,-0.07270074635744095,0.4963204860687256,0.8804987668991089,-0.06824558228254318,0.49560680985450745,0.8616806864738464,-0.0655609518289566
31,right,0,0,0,0,0,0,0,0,0,0,0,0,0,0,0,0,0,0,0,0,0,0,0,0,0,0,0,0,0,0,0,0,0,0,0,0,0,0,0,0,0,0,0,0,0,0,0,0,0,0,0,0,0,0,0,0,0,0,0,0,0,0,0
31,left,0,0,0,0,0,0,0,0,0,0,0,0,0,0,0,0,0,0,0,0,0,0,0,0,0,0,0,0,0,0,0,0,0,0,0,0,0,0,0,0,0,0,0,0,0,0,0,0,0,0,0,0,0,0,0,0,0,0,0,0,0,0,0
32,right,0,0,0,0,0,0,0,0,0,0,0,0,0,0,0,0,0,0,0,0,0,0,0,0,0,0,0,0,0,0,0,0,0,0,0,0,0,0,0,0,0,0,0,0,0,0,0,0,0,0,0,0,0,0,0,0,0,0,0,0,0,0,0
32,left,0,0,0,0,0,0,0,0,0,0,0,0,0,0,0,0,0,0,0,0,0,0,0,0,0,0,0,0,0,0,0,0,0,0,0,0,0,0,0,0,0,0,0,0,0,0,0,0,0,0,0,0,0,0,0,0,0,0,0,0,0,0,0
33,right,0,0,0,0,0,0,0,0,0,0,0,0,0,0,0,0,0,0,0,0,0,0,0,0,0,0,0,0,0,0,0,0,0,0,0,0,0,0,0,0,0,0,0,0,0,0,0,0,0,0,0,0,0,0,0,0,0,0,0,0,0,0,0
33,left,0,0,0,0,0,0,0,0,0,0,0,0,0,0,0,0,0,0,0,0,0,0,0,0,0,0,0,0,0,0,0,0,0,0,0,0,0,0,0,0,0,0,0,0,0,0,0,0,0,0,0,0,0,0,0,0,0,0,0,0,0,0,0
34,right,0,0,0,0,0,0,0,0,0,0,0,0,0,0,0,0,0,0,0,0,0,0,0,0,0,0,0,0,0,0,0,0,0,0,0,0,0,0,0,0,0,0,0,0,0,0,0,0,0,0,0,0,0,0,0,0,0,0,0,0,0,0,0
34,left,0,0,0,0,0,0,0,0,0,0,0,0,0,0,0,0,0,0,0,0,0,0,0,0,0,0,0,0,0,0,0,0,0,0,0,0,0,0,0,0,0,0,0,0,0,0,0,0,0,0,0,0,0,0,0,0,0,0,0,0,0,0,0
35,right,0,0,0,0,0,0,0,0,0,0,0,0,0,0,0,0,0,0,0,0,0,0,0,0,0,0,0,0,0,0,0,0,0,0,0,0,0,0,0,0,0,0,0,0,0,0,0,0,0,0,0,0,0,0,0,0,0,0,0,0,0,0,0
35,left,0,0,0,0,0,0,0,0,0,0,0,0,0,0,0,0,0,0,0,0,0,0,0,0,0,0,0,0,0,0,0,0,0,0,0,0,0,0,0,0,0,0,0,0,0,0,0,0,0,0,0,0,0,0,0,0,0,0,0,0,0,0,0
36,right,0,0,0,0,0,0,0,0,0,0,0,0,0,0,0,0,0,0,0,0,0,0,0,0,0,0,0,0,0,0,0,0,0,0,0,0,0,0,0,0,0,0,0,0,0,0,0,0,0,0,0,0,0,0,0,0,0,0,0,0,0,0,0
36,left,0,0,0,0,0,0,0,0,0,0,0,0,0,0,0,0,0,0,0,0,0,0,0,0,0,0,0,0,0,0,0,0,0,0,0,0,0,0,0,0,0,0,0,0,0,0,0,0,0,0,0,0,0,0,0,0,0,0,0,0,0,0,0
