1,right,0,0,0,0,0,0,0,0,0,0,0,0,0,0,0,0,0,0,0,0,0,0,0,0,0,0,0,0,0,0,0,0,0,0,0,0,0,0,0,0,0,0,0,0,0,0,0,0,0,0,0,0,0,0,0,0,0,0,0,0,0,0,0
1,left,0,0,0,0,0,0,0,0,0,0,0,0,0,0,0,0,0,0,0,0,0,0,0,0,0,0,0,0,0,0,0,0,0,0,0,0,0,0,0,0,0,0,0,0,0,0,0,0,0,0,0,0,0,0,0,0,0,0,0,0,0,0,0
2,right,0,0,0,0,0,0,0,0,0,0,0,0,0,0,0,0,0,0,0,0,0,0,0,0,0,0,0,0,0,0,0,0,0,0,0,0,0,0,0,0,0,0,0,0,0,0,0,0,0,0,0,0,0,0,0,0,0,0,0,0,0,0,0
2,left,0,0,0,0,0,0,0,0,0,0,0,0,0,0,0,0,0,0,0,0,0,0,0,0,0,0,0,0,0,0,0,0,0,0,0,0,0,0,0,0,0,0,0,0,0,0,0,0,0,0,0,0,0,0,0,0,0,0,0,0,0,0,0
3,right,0,0,0,0,0,0,0,0,0,0,0,0,0,0,0,0,0,0,0,0,0,0,0,0,0,0,0,0,0,0,0,0,0,0,0,0,0,0,0,0,0,0,0,0,0,0,0,0,0,0,0,0,0,0,0,0,0,0,0,0,0,0,0
3,left,0,0,0,0,0,0,0,0,0,0,0,0,0,0,0,0,0,0,0,0,0,0,0,0,0,0,0,0,0,0,0,0,0,0,0,0,0,0,0,0,0,0,0,0,0,0,0,0,0,0,0,0,0,0,0,0,0,0,0,0,0,0,0
4,right,0,0,0,0,0,0,0,0,0,0,0,0,0,0,0,0,0,0,0,0,0,0,0,0,0,0,0,0,0,0,0,0,0,0,0,0,0,0,0,0,0,0,0,0,0,0,0,0,0,0,0,0,0,0,0,0,0,0,0,0,0,0,0
4,left,0,0,0,0,0,0,0,0,0,0,0,0,0,0,0,0,0,0,0,0,0,0,0,0,0,0,0,0,0,0,0,0,0,0,0,0,0,0,0,0,0,0,0,0,0,0,0,0,0,0,0,0,0,0,0,0,0,0,0,0,0,0,0
5,right,0,0,0,0,0,0,0,0,0,0,0,0,0,0,0,0,0,0,0,0,0,0,0,0,0,0,0,0,0,0,0,0,0,0,0,0,0,0,0,0,0,0,0,0,0,0,0,0,0,0,0,0,0,0,0,0,0,0,0,0,0,0,0
5,left,0,0,0,0,0,0,0,0,0,0,0,0,0,0,0,0,0,0,0,0,0,0,0,0,0,0,0,0,0,0,0,0,0,0,0,0,0,0,0,0,0,0,0,0,0,0,0,0,0,0,0,0,0,0,0,0,0,0,0,0,0,0,0
6,right,0,0,0,0,0,0,0,0,0,0,0,0,0,0,0,0,0,0,0,0,0,0,0,0,0,0,0,0,0,0,0,0,0,0,0,0,0,0,0,0,0,0,0,0,0,0,0,0,0,0,0,0,0,0,0,0,0,0,0,0,0,0,0
6,left,0,0,0,0,0,0,0,0,0,0,0,0,0,0,0,0,0,0,0,0,0,0,0,0,0,0,0,0,0,0,0,0,0,0,0,0,0,0,0,0,0,0,0,0,0,0,0,0,0,0,0,0,0,0,0,0,0,0,0,0,0,0,0
7,right,0,0,0,0,0,0,0,0,0,0,0,0,0,0,0,0,0,0,0,0,0,0,0,0,0,0,0,0,0,0,0,0,0,0,0,0,0,0,0,0,0,0,0,0,0,0,0,0,0,0,0,0,0,0,0,0,0,0,0,0,0,0,0
7,left,0,0,0,0,0,0,0,0,0,0,0,0,0,0,0,0,0,0,0,0,0,0,0,0,0,0,0,0,0,0,0,0,0,0,0,0,0,0,0,0,0,0,0,0,0,0,0,0,0,0,0,0,0,0,0,0,0,0,0,0,0,0,0
8,right,0.30472660064697266,0.7457191944122314,6.353432269179393e-08,0.37368351221084595,0.7531628012657166,0.027273856103420258,0.4267773926258087,0.7223390936851501,0.03124108538031578,0.46268802881240845,0.7060208320617676,0.02445901930332184,0.48928382992744446,0.6987367272377014,0.016850195825099945,0.425606369972229,0.6114345788955688,0.018921999260783195,0.49823853373527527,0.5909083485603333,0.008450496941804886,0.5355578064918518,0.6178501844406128,0.000927807588595897,0.5574955344200134,0.6519320011138916,-0.00415155291557312,0.41943779587745667,0.6127496957778931,-0.006331968121230602,0.5007690191268921,0.6564162373542786,-0.0187394842505455,0.5207746624946594,0.7064136862754822,-0.023635979741811752,0.5330663323402405,0.7423517107963562,-0.02686740644276142,0.41455507278442383,0.6345340013504028,-0.031245511025190353,0.49046429991722107,0.6808164119720459,-0.04048658534884453,0.5147066712379456,0.7280292510986328,-0.04045687988400459,0.5306341052055359,0.7612524628639221,-0.041322872042655945,0.41288578510284424,0.670168936252594,-0.05495776981115341,0.4735429286956787,0.6871839165687561,-0.05785362422466278,0.5075920820236206,0.7100397348403931,-0.05420831963419914,0.5345371961593628,0.7316941022872925,-0.052596043795347214
8,left,0.6953847408294678,0.9434137344360352,1.224698422674919e-07,0.6184439063072205,0.9245871901512146,-0.0306758601218462,0.5509999394416809,0.8937792778015137,-0.04568040743470192,0.504134476184845,0.8673526644706726,-0.05761713162064552,0.4657427966594696,0.8516163229942322,-0.06844887882471085,0.5590234398841858,0.7678424119949341,-0.023640086874365807,0.5091122984886169,0.698470950126648,-0.043550606817007065,0.46790003776550293,0.6654817461967468,-0.06103970482945442,0.4320211410522461,0.643680214881897,-0.0735546350479126,0.593829333782196,0.7480475306510925,-0.02134690061211586,0.5526958703994751,0.7049030065536499,-0.03626750409603119,0.5187905430793762,0.6868311166763306,-0.048111267387866974,0.49474310874938965,0.6762784719467163,-0.05677809566259384,0.6289957761764526,0.7490075826644897,-0.023973984643816948,0.598666787147522,0.7026022672653198,-0.03739624843001366,0.5662932991981506,0.6708768010139465,-0.045680899173021317,0.5411878228187561,0.649541974067688,-0.05263545364141464,0.6642543077468872,0.7651075124740601,-0.030050121247768402,0.6568682193756104,0.7467541694641113,-0.041113559156656265,0.6451888084411621,0.7414165735244751,-0.044753000140190125,0.6378392577171326,0.7420332431793213,-0.046563904732465744
9,right,0.376547634601593,0.6973199248313904,1.6065666841313941e-07,0.4398053288459778,0.7051076889038086,0.012483526021242142,0.4863690733909607,0.6800243854522705,0.008185870945453644,0.5220247507095337,0.6667208671569824,-0.0015560860047116876,0.5485640168190002,0.6641411781311035,-0.011416273191571236,0.4881882071495056,0.5842462778091431,-0.0026429560966789722,0.5527540445327759,0.5876649618148804,-0.019573502242565155,0.5823088884353638,0.6191844940185547,-0.03155427426099777,0.6014016270637512,0.6506984233856201,-0.04019222408533096,0.47329533100128174,0.5911044478416443,-0.02206285670399666,0.5423091650009155,0.6593194007873535,-0.04565437138080597,0.5567910075187683,0.7193617820739746,-0.05625322461128235,0.5668626427650452,0.762493908405304,-0.061659034341573715,0.45817455649375916,0.6131989359855652,-0.04174567386507988,0.524725615978241,0.6692764759063721,-0.06285236030817032,0.5485816597938538,0.7228179574012756,-0.06753497570753098,0.5680158734321594,0.7617597579956055,-0.06990101933479309,0.44501423835754395,0.642831027507782,-0.06030347943305969,0.48658454418182373,0.6549360156059265,-0.0751698911190033,0.5126782059669495,0.6663103103637695,-0.07776398956775665,0.5400959849357605,0.6751239895820618,-0.07952113449573517
9,left,0,0,0,0,0,0,0,0,0,0,0,0,0,0,0,0,0,0,0,0,0,0,0,0,0,0,0,0,0,0,0,0,0,0,0,0,0,0,0,0,0,0,0,0,0,0,0,0,0,0,0,0,0,0,0,0,0,0,0,0,0,0,0
10,right,0.3553643524646759,0.7095763683319092,1.8866457196509145e-07,0.4334684908390045,0.7195661067962646,0.00882551446557045,0.48291492462158203,0.698004961013794,0.0015659213531762362,0.5175096988677979,0.6836798191070557,-0.010298548266291618,0.5529772043228149,0.6802036166191101,-0.022393006831407547,0.47670385241508484,0.6044967770576477,-0.010966907255351543,0.5473961234092712,0.6125221848487854,-0.029874136671423912,0.5833566784858704,0.6425197124481201,-0.04203693941235542,0.6089638471603394,0.672077476978302,-0.050571002066135406,0.4634493291378021,0.6080294847488403,-0.02950369566679001,0.5440214276313782,0.664627194404602,-0.05915030092000961,0.5653636455535889,0.7264500856399536,-0.07244358956813812,0.5768679976463318,0.7689582109451294,-0.07718820869922638,0.4480196535587311,0.6317825317382812,-0.047438059002161026,0.5225897431373596,0.6815371513366699,-0.07225827127695084,0.5527039766311646,0.7364633679389954,-0.07766344398260117,0.5744216442108154,0.7702129483222961,-0.0780210942029953,0.4342760741710663,0.6659428477287292,-0.06447258591651917,0.47949880361557007,0.6643998026847839,-0.07927463948726654,0.5138555765151978,0.6648027300834656,-0.08167239278554916,0.5472162961959839,0.6646104454994202,-0.0823436751961708
10,left,0.6456493139266968,0.8925217986106873,2.62282604523989e-08,0.6759514212608337,0.8438702821731567,-0.04045094549655914,0.6836063265800476,0.7937890291213989,-0.06829194724559784,0.7063328623771667,0.7649139165878296,-0.08896642923355103,0.728024423122406,0.7686002254486084,-0.11146168410778046,0.6092613339424133,0.8333712816238403,-0.07028103619813919,0.5501945614814758,0.8425287008285522,-0.09317430853843689,0.5078654885292053,0.8488613963127136,-0.11311912536621094,0.4656573534011841,0.853115975856781,-0.1282244324684143,0.5748539566993713,0.8360980749130249,-0.05470802262425423,0.5029565095901489,0.8384273052215576,-0.0735839381814003,0.4554264545440674,0.8402271270751953,-0.09181490540504456,0.4130820035934448,0.8452951908111572,-0.10894915461540222,0.5505713820457458,0.8333202004432678,-0.03711468353867531,0.48765379190444946,0.8123465180397034,-0.047708433121442795,0.45087534189224243,0.8024696707725525,-0.05612736567854881,0.4222024083137512,0.7997686862945557,-0.06447775661945343,0.5368340015411377,0.8232517242431641,-0.02216177061200142,0.4939638376235962,0.7922386527061462,-0.021962450817227364,0.4680904746055603,0.778511643409729,-0.0178536307066679,0.44806984066963196,0.7707945704460144,-0.018091732636094093
11,right,0.359408974647522,0.726942777633667,1.3820155686516955e-07,0.4291781485080719,0.7363150715827942,0.013966547325253487,0.4821661710739136,0.7195888161659241,0.011675134301185608,0.5167728662490845,0.7114162445068359,0.0048217009752988815,0.5487050414085388,0.7043735384941101,-0.0023377302568405867,0.49345582723617554,0.6303597688674927,-0.006576244719326496,0.5633507966995239,0.6323532462120056,-0.02024485170841217,0.5991398692131042,0.65818852186203,-0.029787233099341393,0.6238452196121216,0.6856523752212524,-0.03628095984458923,0.48334449529647827,0.6391972899436951,-0.024044981226325035,0.5544936656951904,0.6951583623886108,-0.04084585979580879,0.576386034488678,0.7493369579315186,-0.04958076775074005,0.5907735824584961,0.7843021750450134,-0.05523223802447319,0.4687729775905609,0.665494978427887,-0.04013825207948685,0.5357441902160645,0.7110525369644165,-0.05476143956184387,0.5584932565689087,0.7611667513847351,-0.056491557508707047,0.5750815272331238,0.7917507290840149,-0.057813674211502075,0.45516544580459595,0.7005553245544434,-0.055053312331438065,0.4969933032989502,0.6907942295074463,-0.06431689858436584,0.5261368155479431,0.6862809658050537,-0.06406504660844803,0.554572343826294,0.6829662919044495,-0.06410052627325058
11,left,0.6353069543838501,0.8856263756752014,1.1522863729851451e-07,0.6661719679832458,0.8342652320861816,-0.040325943380594254,0.6784497499465942,0.7874666452407837,-0.06998401880264282,0.704609751701355,0.7630437016487122,-0.09291968494653702,0.734082818031311,0.7705849409103394,-0.11829099804162979,0.6052066087722778,0.825020968914032,-0.07021456211805344,0.550646185874939,0.8346038460731506,-0.09335628151893616,0.511140763759613,0.8463701009750366,-0.11387163400650024,0.4699350595474243,0.8557498455047607,-0.1288357526063919,0.5706862807273865,0.839496910572052,-0.05504550412297249,0.5045734643936157,0.8329629898071289,-0.07315975427627563,0.45971089601516724,0.8316864967346191,-0.09065554291009903,0.4203692674636841,0.8333002924919128,-0.10665176063776016,0.5470426082611084,0.8435249924659729,-0.03793627396225929,0.49113696813583374,0.8168124556541443,-0.046306416392326355,0.45758843421936035,0.8041497468948364,-0.05351071059703827,0.4306725859642029,0.7980614304542542,-0.060722291469573975,0.5322774648666382,0.8390325307846069,-0.023699766024947166,0.4911091923713684,0.8103022575378418,-0.020858878269791603,0.4650702178478241,0.7975988984107971,-0.015022886916995049,0.44434767961502075,0.7891167402267456,-0.01384627353399992
12,right,0.3591061234474182,0.736052930355072,7.588271699887628e-08,0.43272665143013,0.747074544429779,0.02191876620054245,0.4855034649372101,0.7297771573066711,0.020697781816124916,0.5211784243583679,0.7226407527923584,0.012628528289496899,0.5530951023101807,0.7236850261688232,0.0038985987193882465,0.4936005473136902,0.6323127746582031,-0.0020842384546995163,0.5698069930076599,0.6384734511375427,-0.017021456733345985,0.6067532300949097,0.6711571216583252,-0.02825893834233284,0.631829559803009,0.7016110420227051,-0.03620424121618271,0.483335018157959,0.638717532157898,-0.02405621111392975,0.5559120178222656,0.7045837044715881,-0.042365748435258865,0.559744656085968,0.7590830326080322,-0.049973562359809875,0.5615175366401672,0.7864981889724731,-0.05489248409867287,0.47102388739585876,0.6660512685775757,-0.04423237591981888,0.5459365844726562,0.7229493856430054,-0.05855917930603027,0.556745171546936,0.7745814323425293,-0.05747842788696289,0.5632562637329102,0.8025519847869873,-0.05734729394316673,0.4609449803829193,0.7037997245788574,-0.06270492076873779,0.510771632194519,0.7065195441246033,-0.07132582366466522,0.5414928197860718,0.7118150591850281,-0.06978850811719894,0.570636510848999,0.7148000597953796,-0.06914748251438141
12,left,0.6429623365402222,0.8928443193435669,1.9310854781906528e-07,0.6737723350524902,0.8349111080169678,-0.03739389032125473,0.6802284121513367,0.7869711518287659,-0.06541785597801208,0.7048469185829163,0.762673556804657,-0.08685190975666046,0.7318199872970581,0.7714638710021973,-0.11048533022403717,0.6104162931442261,0.825947642326355,-0.06734944880008698,0.557313084602356,0.8384729623794556,-0.08984915912151337,0.5186545252799988,0.8515238761901855,-0.10997647792100906,0.4776073694229126,0.8608605861663818,-0.12373058497905731,0.5763195753097534,0.8488924503326416,-0.05174773186445236,0.5186331868171692,0.8367331624031067,-0.06767518073320389,0.4788937568664551,0.824884295463562,-0.08106669783592224,0.44534724950790405,0.8186925649642944,-0.09256287664175034,0.5556401014328003,0.8584041595458984,-0.034054648131132126,0.5090312957763672,0.819608211517334,-0.04001159593462944,0.48435938358306885,0.790677547454834,-0.03914351761341095,0.46830955147743225,0.7688370943069458,-0.03901348635554314,0.543172299861908,0.8572609424591064,-0.01926710270345211,0.5099965333938599,0.8187659978866577,-0.01578802801668644,0.4916996359825134,0.7928128242492676,-0.004691398702561855,0.48109331727027893,0.7695212364196777,0.0025565980467945337
13,right,0.35339629650115967,0.7412134408950806,8.392638761733906e-08,0.4252648949623108,0.7426475286483765,0.03367384150624275,0.4784035086631775,0.7245228886604309,0.03825492784380913,0.5127484798431396,0.7167313098907471,0.03302089869976044,0.5423123240470886,0.7159775495529175,0.02577838860452175,0.4955785870552063,0.6394937634468079,0.010044007562100887,0.5694839954376221,0.6423535346984863,-0.00162961904425174,0.6049961447715759,0.6718248724937439,-0.009921357966959476,0.6278091669082642,0.7022718787193298,-0.014988373965024948,0.48588407039642334,0.6455137729644775,-0.017571108415722847,0.5614891648292542,0.7097786664962769,-0.02959548681974411,0.5754234194755554,0.7651047110557556,-0.03436817228794098,0.583516001701355,0.7990429997444153,-0.03809480369091034,0.4740048050880432,0.6696663498878479,-0.042864274233579636,0.5483683347702026,0.730274498462677,-0.0517561249434948,0.5630713701248169,0.7836772799491882,-0.048778388649225235,0.5731530785560608,0.8162562847137451,-0.0479617603123188,0.4643934667110443,0.7050489187240601,-0.0657459944486618,0.521452009677887,0.7176544070243835,-0.06847275048494339,0.5514464974403381,0.7315720915794373,-0.06253611296415329,0.5789429545402527,0.7416009902954102,-0.05917241796851158
13,left,0.6564532518386841,0.8937985897064209,4.938788720210141e-07,0.6748947501182556,0.8387272357940674,-0.04763380065560341,0.6733005046844482,0.7932851910591125,-0.07869582623243332,0.6914838552474976,0.777719259262085,-0.10115186125040054,0.7260380983352661,0.7850967049598694,-0.12386613339185715,0.5998655557632446,0.8445602059364319,-0.08377805352210999,0.5392331480979919,0.8490983843803406,-0.11123301088809967,0.49553725123405457,0.8578007817268372,-0.12901821732521057,0.4581940770149231,0.8715233206748962,-0.13904669880867004,0.5760425925254822,0.8663133382797241,-0.06534340977668762,0.5029536485671997,0.8477550148963928,-0.08888611197471619,0.4533594846725464,0.8272879719734192,-0.10282442718744278,0.41608232259750366,0.8167857527732849,-0.11083439737558365,0.5623365044593811,0.8721745014190674,-0.045705702155828476,0.5000585317611694,0.8482384085655212,-0.0593823604285717,0.45633888244628906,0.8258415460586548,-0.07086698710918427,0.4219682216644287,0.8128535747528076,-0.07670585811138153,0.5545151233673096,0.8722007870674133,-0.029113205149769783,0.5127965807914734,0.8508603572845459,-0.035060133785009384,0.4786279797554016,0.8366223573684692,-0.037439845502376556,0.45104628801345825,0.8274344205856323,-0.03818836063146591
14,right,0.35000941157341003,0.7435439825057983,3.912116497417628e-08,0.42232954502105713,0.739499032497406,0.043790608644485474,0.4751279950141907,0.7250924110412598,0.052523303776979446,0.5102382302284241,0.7202485203742981,0.049530990421772,0.5390719771385193,0.720792829990387,0.04392031952738762,0.49239927530288696,0.6391626000404358,0.01895357109606266,0.5707828998565674,0.644920825958252,0.01095519494265318,0.6081821322441101,0.674891471862793,0.004684594925493002,0.6319804787635803,0.7062459588050842,0.0009598543983884156,0.4827837347984314,0.6455783247947693,-0.01302250288426876,0.5607255101203918,0.7176664471626282,-0.021887894719839096,0.5712844133377075,0.7716546654701233,-0.025484096258878708,0.5752593278884888,0.8034530878067017,-0.028476176783442497,0.4729079008102417,0.671997606754303,-0.04173041135072708,0.5512219071388245,0.735718846321106,-0.04637246951460838,0.567245602607727,0.7896363139152527,-0.042792126536369324,0.5776756405830383,0.8230202198028564,-0.042501043528318405,0.46631765365600586,0.7089506387710571,-0.06717073172330856,0.5283511281013489,0.7241265177726746,-0.0668061152100563,0.557340681552887,0.7442700266838074,-0.05920085310935974,0.5832882523536682,0.7602099776268005,-0.054841235280036926
14,left,0.644864022731781,0.9044917821884155,1.2666744453326828e-07,0.6702525615692139,0.8462997674942017,-0.03918410465121269,0.6768877506256104,0.7958521842956543,-0.0685754269361496,0.7018100619316101,0.7742844223976135,-0.09073875844478607,0.7314566373825073,0.7806072235107422,-0.11494535207748413,0.6069822907447815,0.8412051796913147,-0.07604360580444336,0.553713321685791,0.8494065999984741,-0.10237796604633331,0.5165644288063049,0.8569090366363525,-0.12306980788707733,0.4766126275062561,0.8641936779022217,-0.1370299607515335,0.5755178332328796,0.8545076847076416,-0.06057954579591751,0.5074230432510376,0.848640501499176,-0.08171220123767853,0.4620864987373352,0.8453054428100586,-0.09785059094429016,0.4214271605014801,0.8461320996284485,-0.1116499975323677,0.5531681776046753,0.855880618095398,-0.04287765547633171,0.4923224449157715,0.830672562122345,-0.05442628636956215,0.45724132657051086,0.8148633241653442,-0.06138220429420471,0.42902684211730957,0.8047155737876892,-0.06694655120372772,0.5388110280036926,0.8470823764801025,-0.027548110112547874,0.497598260641098,0.8179692625999451,-0.02709978073835373,0.47244176268577576,0.801855742931366,-0.022082550451159477,0.4525221586227417,0.7880921363830566,-0.0205842237919569
15,right,0.34876352548599243,0.7494820356369019,1.809772811611765e-07,0.41299161314964294,0.7267135977745056,0.03660344332456589,0.46736598014831543,0.7045462131500244,0.040387462824583054,0.5071994662284851,0.701891303062439,0.034929655492305756,0.5386200547218323,0.70929354429245,0.027170415967702866,0.49063265323638916,0.6359445452690125,0.0015361991245299578,0.5669742226600647,0.6379390954971313,-0.011110558174550533,0.6054703593254089,0.6652358174324036,-0.01926269754767418,0.629840075969696,0.6955671310424805,-0.02412659488618374,0.47955867648124695,0.6467731595039368,-0.027221858501434326,0.5591697096824646,0.7154212594032288,-0.03821071237325668,0.583421528339386,0.7705747485160828,-0.04204507917165756,0.59694504737854,0.8079876899719238,-0.0455598421394825,0.46609655022621155,0.6776318550109863,-0.052487097680568695,0.5441415905952454,0.730982780456543,-0.059485409408807755,0.5734239816665649,0.7830083966255188,-0.0570649616420269,0.5944372415542603,0.8198930025100708,-0.05734904110431671,0.4545544981956482,0.7186176180839539,-0.07470346242189407,0.5161423683166504,0.7367663383483887,-0.07643347978591919,0.5463199615478516,0.7589220404624939,-0.06947039067745209,0.5722705721855164,0.7777397632598877,-0.06503381580114365
15,left,0.6414501667022705,0.9001452922821045,1.382203862476672e-08,0.6709123849868774,0.848098635673523,-0.04068834334611893,0.6799963712692261,0.8040238618850708,-0.07442887872457504,0.7089647650718689,0.7838050723075867,-0.10205491632223129,0.740067720413208,0.7925254106521606,-0.1334173083305359,0.6090561747550964,0.8457633852958679,-0.08187855035066605,0.5567240715026855,0.8561334013938904,-0.11171341687440872,0.5200762748718262,0.8680388331413269,-0.13641172647476196,0.4804061949253082,0.8775025606155396,-0.15393966436386108,0.5747747421264648,0.8565887212753296,-0.06897616386413574,0.5062471628189087,0.8578373193740845,-0.09392078965902328,0.4602925479412079,0.8611875772476196,-0.11682052165269852,0.4182511568069458,0.86297607421875,-0.1378270983695984,0.5508562326431274,0.853672444820404,-0.053896546363830566,0.49065667390823364,0.8341304659843445,-0.07043004781007767,0.4499988555908203,0.8288432359695435,-0.08573533594608307,0.4178456664085388,0.8273519277572632,-0.09903247654438019,0.5386553406715393,0.8390755653381348,-0.040930312126874924,0.4945402145385742,0.8074650168418884,-0.044046446681022644,0.46752750873565674,0.7950074672698975,-0.04433285444974899,0.447056382894516,0.7883740067481995,-0.0488889180123806
16,right,0.34498822689056396,0.7539610266685486,1.9660505756746716e-07,0.4070381224155426,0.7281007170677185,0.03387675806879997,0.4625101089477539,0.7037132978439331,0.03613952174782753,0.5033769011497498,0.6990204453468323,0.029747044667601585,0.5361454486846924,0.7089228630065918,0.02113410457968712,0.48643192648887634,0.6368992924690247,-0.0031522768549621105,0.5634815692901611,0.6351990699768066,-0.017246317118406296,0.6031149625778198,0.6598615646362305,-0.025307804346084595,0.6284795999526978,0.6881652474403381,-0.029842261224985123,0.47445148229599,0.649101972579956,-0.03045269288122654,0.5566326975822449,0.7138004302978516,-0.041835248470306396,0.5822514891624451,0.7659125328063965,-0.044536881148815155,0.597694456577301,0.8003275990486145,-0.047382619231939316,0.46223586797714233,0.6829022169113159,-0.05444147810339928,0.5431950688362122,0.7325745820999146,-0.06210172548890114,0.5754005908966064,0.7799484133720398,-0.059204358607530594,0.5982763767242432,0.8142670392990112,-0.05900515988469124,0.4529515206813812,0.7261682748794556,-0.07559596002101898,0.517755389213562,0.7467058897018433,-0.07823723554611206,0.5522058606147766,0.7684734463691711,-0.07209964841604233,0.582831621170044,0.7863644361495972,-0.06813395768404007
16,left,0.6375872492790222,0.9035090208053589,7.157758830089733e-08,0.6683881282806396,0.8508484363555908,-0.0474880114197731,0.677729606628418,0.8071093559265137,-0.0838422030210495,0.7050546407699585,0.7885584831237793,-0.11232594400644302,0.7395458817481995,0.7972795367240906,-0.14362733066082,0.6047719717025757,0.8425211310386658,-0.08581191301345825,0.5554256439208984,0.8533208966255188,-0.11699981242418289,0.518201470375061,0.8642328381538391,-0.14316655695438385,0.4779687821865082,0.8740620613098145,-0.1619158536195755,0.5686610341072083,0.8499349355697632,-0.06858693063259125,0.5020017027854919,0.8523091077804565,-0.09271158277988434,0.45885205268859863,0.855475902557373,-0.11380644887685776,0.4186076521873474,0.8567317128181458,-0.13341385126113892,0.5436134338378906,0.8473002910614014,-0.04974505305290222,0.4844132661819458,0.8288674354553223,-0.06430689245462418,0.44831931591033936,0.822697639465332,-0.07544244825839996,0.4197431206703186,0.8193620443344116,-0.08577615022659302,0.5306364893913269,0.8352691531181335,-0.03394409269094467,0.48725196719169617,0.8085724711418152,-0.03567454591393471,0.46072715520858765,0.7984316945075989,-0.033876750618219376,0.44036877155303955,0.7918568849563599,-0.036452095955610275
17,right,0.32699698209762573,0.7499315142631531,3.971189812546072e-07,0.37794262170791626,0.6938944458961487,0.014017024077475071,0.4359574615955353,0.6591309309005737,0.006584275979548693,0.4833972454071045,0.6510467529296875,-0.004789826925843954,0.5185590982437134,0.6674880981445312,-0.017114782705903053,0.45834678411483765,0.6129382848739624,-0.023359358310699463,0.5324673652648926,0.600653350353241,-0.04391747713088989,0.5771787762641907,0.615423321723938,-0.055058758705854416,0.6102704405784607,0.635422945022583,-0.06182592734694481,0.4514823257923126,0.6422412991523743,-0.04265819489955902,0.5423733592033386,0.6861070990562439,-0.060385268181562424,0.5752086043357849,0.7302033305168152,-0.06521416455507278,0.5956742167472839,0.7629016041755676,-0.06866944581270218,0.4422610402107239,0.6866816282272339,-0.05981701612472534,0.5281845927238464,0.7167375683784485,-0.07220587879419327,0.5656346082687378,0.7517867684364319,-0.06951802968978882,0.5926283001899719,0.7781357169151306,-0.06870780885219574,0.4325433075428009,0.7377490401268005,-0.07578280568122864,0.49607667326927185,0.7494693398475647,-0.08115697652101517,0.530171811580658,0.7632700800895691,-0.0758214145898819,0.5598260164260864,0.7746424674987793,-0.07243576645851135
17,left,0.6404809951782227,0.8883631825447083,3.519526714512722e-08,0.6704372763633728,0.8324971199035645,-0.025891359895467758,0.6837049722671509,0.7918082475662231,-0.052544236183166504,0.7106634378433228,0.7774097323417664,-0.07510007917881012,0.7421138286590576,0.7954145073890686,-0.10134390741586685,0.6254522204399109,0.8307181000709534,-0.06178074702620506,0.5764055848121643,0.8523229360580444,-0.08534757792949677,0.5405934453010559,0.8669900894165039,-0.10537834465503693,0.5035417079925537,0.8772216439247131,-0.11904033273458481,0.5918571352958679,0.846135139465332,-0.05335645750164986,0.5339545011520386,0.8451409339904785,-0.06967993080615997,0.49507957696914673,0.8477707505226135,-0.08235042542219162,0.46045637130737305,0.8542840480804443,-0.094328872859478,0.5675792098045349,0.8501275181770325,-0.04205333814024925,0.5187299251556396,0.8262955546379089,-0.04868411272764206,0.4913502335548401,0.8142552375793457,-0.04851868748664856,0.4702962636947632,0.8081642985343933,-0.050077371299266815,0.5522527098655701,0.8459566831588745,-0.032561104744672775,0.5140379667282104,0.822492778301239,-0.029134977608919144,0.49272942543029785,0.809808611869812,-0.01873547025024891,0.47675657272338867,0.7994455695152283,-0.013061488047242165
18,right,0.2893347442150116,0.7556169033050537,4.2961420376741444e-07,0.3298177719116211,0.6802027821540833,0.006105724722146988,0.3858782947063446,0.6207059621810913,-0.0035698930732905865,0.4371301531791687,0.5873236060142517,-0.015732046216726303,0.4768354296684265,0.5648455619812012,-0.028855592012405396,0.40046370029449463,0.5885823369026184,-0.03265555202960968,0.47413042187690735,0.5547019243240356,-0.0556747168302536,0.5213992595672607,0.5520482659339905,-0.06763514131307602,0.5600285530090332,0.5533166527748108,-0.07486565411090851,0.39542150497436523,0.6235530376434326,-0.049268268048763275,0.4931102991104126,0.6324427127838135,-0.0719584971666336,0.5396323204040527,0.6632106900215149,-0.07997983694076538,0.5713058114051819,0.6899341344833374,-0.08440753817558289,0.39124780893325806,0.6753779649734497,-0.06423498690128326,0.48207226395606995,0.6785180568695068,-0.08099256455898285,0.5330280661582947,0.6966732144355774,-0.08463677763938904,0.5690882802009583,0.7105203866958618,-0.08701242506504059,0.39023318886756897,0.7338931560516357,-0.07841483503580093,0.4611249268054962,0.7281277179718018,-0.08890317380428314,0.5011430978775024,0.7313171029090881,-0.08985508233308792,0.5340538024902344,0.7356539964675903,-0.09034854173660278
18,left,0.6466385126113892,0.9104359149932861,2.739240301252721e-07,0.6714668869972229,0.8586190938949585,-0.03848518431186676,0.6757571697235107,0.8070129156112671,-0.0652097687125206,0.6925227046012878,0.7917528748512268,-0.08442872017621994,0.7243390679359436,0.7983942627906799,-0.10489749908447266,0.6143969893455505,0.8586094975471497,-0.07554501295089722,0.5639680027961731,0.8660215139389038,-0.09924095124006271,0.5246930122375488,0.8751217126846313,-0.11490222066640854,0.4871663749217987,0.8878026008605957,-0.12461085617542267,0.5858595967292786,0.878188967704773,-0.06147755682468414,0.5216695666313171,0.8705337643623352,-0.08040966838598251,0.4748690724372864,0.8621319532394409,-0.0929158627986908,0.43663865327835083,0.8610550165176392,-0.10226184874773026,0.5665050745010376,0.8823014497756958,-0.04535689577460289,0.5108523368835449,0.8634554147720337,-0.05494260415434837,0.47239601612091064,0.8488837480545044,-0.06409090757369995,0.4420095682144165,0.8403127789497375,-0.07045770436525345,0.554957389831543,0.8809519410133362,-0.03180655464529991,0.5190383791923523,0.8603026866912842,-0.034238316118717194,0.49174952507019043,0.8469333052635193,-0.034469809383153915,0.469695121049881,0.8373303413391113,-0.035174597054719925
19,right,0.2766207456588745,0.7844749689102173,4.4096148599237495e-07,0.2986483573913574,0.6934940814971924,-0.006986057385802269,0.33693981170654297,0.604893147945404,-0.022555824369192123,0.37479862570762634,0.5453212857246399,-0.036356549710035324,0.40032273530960083,0.4935554265975952,-0.05014347285032272,0.32539352774620056,0.5968441963195801,-0.059390824288129807,0.39123791456222534,0.5442147254943848,-0.08734379708766937,0.43442124128341675,0.521713137626648,-0.09948190301656723,0.46921849250793457,0.5046746730804443,-0.10579253733158112,0.3270091414451599,0.6493694186210632,-0.06966874748468399,0.42620840668678284,0.6133397817611694,-0.09622447937726974,0.48338037729263306,0.6104249954223633,-0.10310300439596176,0.525062620639801,0.6106562614440918,-0.10770929604768753,0.3360826373100281,0.7061555981636047,-0.07842428237199783,0.43264836072921753,0.6673064231872559,-0.1008378118276596,0.4905584752559662,0.6544746160507202,-0.10579972714185715,0.5329421758651733,0.6430565714836121,-0.1085580438375473,0.35158205032348633,0.7601994276046753,-0.08655068278312683,0.42426836490631104,0.7223471403121948,-0.10121618956327438,0.46369031071662903,0.7055561542510986,-0.10376101732254028,0.49522966146469116,0.6901400685310364,-0.1057104617357254
19,left,0.6486926078796387,0.8983746767044067,4.2564542468426225e-07,0.6698716878890991,0.8456053733825684,-0.0479498915374279,0.6728674173355103,0.8024581670761108,-0.08018944412469864,0.6907763481140137,0.7923493981361389,-0.10390250384807587,0.723076343536377,0.7982882261276245,-0.1274154931306839,0.6080473065376282,0.8647884726524353,-0.08843982964754105,0.5495446920394897,0.8743339776992798,-0.11901689320802689,0.5066105127334595,0.8873661160469055,-0.13630415499210358,0.46983346343040466,0.9053528904914856,-0.14561550319194794,0.5830764174461365,0.8817837238311768,-0.07230736315250397,0.5135258436203003,0.8769966959953308,-0.0982341393828392,0.46500736474990845,0.8691278696060181,-0.11122353374958038,0.4278998374938965,0.8697565197944641,-0.11903432756662369,0.5653467774391174,0.8834316730499268,-0.05546382814645767,0.5054211616516113,0.8707950711250305,-0.07230735570192337,0.46523621678352356,0.8586927652359009,-0.08313475549221039,0.43305036425590515,0.8529872894287109,-0.08882290869951248,0.5536701679229736,0.8788911700248718,-0.04172966629266739,0.5129456520080566,0.8617812395095825,-0.050734665244817734,0.4817872643470764,0.8500167727470398,-0.054527293890714645,0.45684677362442017,0.842133641242981,-0.0564170703291893
20,right,0.2715807557106018,0.796737551689148,6.036557351762895e-07,0.28397053480148315,0.7102974057197571,-0.012090777978301048,0.31588059663772583,0.622684895992279,-0.03111838549375534,0.3494151532649994,0.5587484836578369,-0.04606778919696808,0.3588101863861084,0.4970492124557495,-0.061709094792604446,0.28994226455688477,0.6208512783050537,-0.07494321465492249,0.34923452138900757,0.573590874671936,-0.10736341029405594,0.3906244933605194,0.5470618009567261,-0.12267821282148361,0.42619404196739197,0.5267238616943359,-0.1316545307636261,0.29953622817993164,0.6780534982681274,-0.08390037715435028,0.39232730865478516,0.627882719039917,-0.11600471287965775,0.45289692282676697,0.6093347668647766,-0.1263454258441925,0.49944519996643066,0.5964202284812927,-0.13403448462486267,0.3164213001728058,0.7344187498092651,-0.09065810590982437,0.40750154852867126,0.6843909621238708,-0.11981401592493057,0.4652990698814392,0.6598474979400635,-0.12752144038677216,0.5086734294891357,0.6392859816551208,-0.13188466429710388,0.3375910222530365,0.7843915224075317,-0.09644238650798798,0.40505337715148926,0.7410014271736145,-0.11776873469352722,0.44377464056015015,0.7170355916023254,-0.12311716377735138,0.4753744304180145,0.6951889395713806,-0.12679634988307953
20,left,0.6463680267333984,0.901441216468811,5.797094217996346e-07,0.6658053398132324,0.8543878793716431,-0.06429138034582138,0.6665410995483398,0.821807324886322,-0.10568851232528687,0.6841610670089722,0.8008632063865662,-0.13601596653461456,0.7175326347351074,0.7919903993606567,-0.16589541733264923,0.5961316227912903,0.8742275834083557,-0.10786069184541702,0.5473849177360535,0.8769146203994751,-0.14605258405208588,0.5102095007896423,0.8870462775230408,-0.16934454441070557,0.47500860691070557,0.903866171836853,-0.18333736062049866,0.5718643665313721,0.8830808401107788,-0.0871330052614212,0.509162425994873,0.8747960925102234,-0.12116941064596176,0.4612728953361511,0.8652021884918213,-0.13906516134738922,0.42266005277633667,0.8633084893226624,-0.15028603374958038,0.5552522540092468,0.8803984522819519,-0.06727753579616547,0.4996251165866852,0.8711802959442139,-0.09111659973859787,0.45702695846557617,0.8579265475273132,-0.10673782229423523,0.42199182510375977,0.8499149680137634,-0.11595916002988815,0.5453184247016907,0.8742323517799377,-0.05200840160250664,0.506584644317627,0.8625218868255615,-0.0661182850599289,0.47455450892448425,0.8545886278152466,-0.07466893643140793,0.4479546844959259,0.8476529717445374,-0.08051371574401855
21,right,0.25981712341308594,0.8184555172920227,6.854409662082617e-07,0.26661407947540283,0.7352709770202637,-0.01639433205127716,0.2921266257762909,0.6456616520881653,-0.03638420253992081,0.3199257254600525,0.5797368288040161,-0.05179959908127785,0.3231727182865143,0.5181638598442078,-0.06811712682247162,0.26082590222358704,0.6605730056762695,-0.07728738337755203,0.31878089904785156,0.6089140176773071,-0.1092006042599678,0.35872453451156616,0.5772752165794373,-0.12317196279764175,0.39312419295310974,0.5517075061798096,-0.13099302351474762,0.27621012926101685,0.719752848148346,-0.08459287881851196,0.364764928817749,0.6524053812026978,-0.11627422273159027,0.4252832531929016,0.6242406964302063,-0.12495642900466919,0.47240954637527466,0.6063204407691956,-0.13089293241500854,0.2981674075126648,0.7753650546073914,-0.09023114293813705,0.3865017592906952,0.7108630537986755,-0.1199323758482933,0.4439244866371155,0.6780361533164978,-0.1259915679693222,0.4864349365234375,0.6513341069221497,-0.1285240799188614,0.32384154200553894,0.8215693831443787,-0.09529374539852142,0.38709786534309387,0.7687271237373352,-0.11735184490680695,0.42542269825935364,0.7408316731452942,-0.12135379016399384,0.45553743839263916,0.7173168659210205,-0.12354478240013123
21,left,0.643997848033905,0.8995969891548157,5.615708573714073e-07,0.6643671989440918,0.8519005179405212,-0.0601879358291626,0.6660634875297546,0.8209810853004456,-0.09924431145191193,0.6824802756309509,0.8025248050689697,-0.1283874362707138,0.715658962726593,0.7940887808799744,-0.15692245960235596,0.596992015838623,0.8754846453666687,-0.10013636946678162,0.5450830459594727,0.8817588090896606,-0.13611644506454468,0.5073199272155762,0.8919666409492493,-0.15800410509109497,0.4728041887283325,0.9065309762954712,-0.1712661236524582,0.5714365243911743,0.885413408279419,-0.08146390318870544,0.5083072781562805,0.8773515820503235,-0.1113283559679985,0.4616684913635254,0.8674132227897644,-0.126277893781662,0.4254612624645233,0.8643172383308411,-0.13600483536720276,0.5540438890457153,0.8841143250465393,-0.06405355036258698,0.49918514490127563,0.873393177986145,-0.0843060091137886,0.4586558938026428,0.8597308397293091,-0.0971551239490509,0.4266589879989624,0.8510915040969849,-0.10505684465169907,0.5436447858810425,0.8798296451568604,-0.05128730088472366,0.5057408213615417,0.8682698011398315,-0.06300806254148483,0.47493278980255127,0.8584516048431396,-0.06979452073574066,0.45026594400405884,0.8493829369544983,-0.07465612143278122
22,right,0.24431027472019196,0.8528580069541931,4.844753220822895e-07,0.23914030194282532,0.7745646834373474,-0.015082965604960918,0.24987515807151794,0.6957420110702515,-0.030886299908161163,0.25917848944664,0.63704913854599,-0.04126588627696037,0.24677440524101257,0.5906755924224854,-0.052363667637109756,0.22045397758483887,0.7408499121665955,-0.06335791945457458,0.25361090898513794,0.7180398106575012,-0.092990443110466,0.28317102789878845,0.6926330327987671,-0.11039596050977707,0.31344515085220337,0.6686757206916809,-0.12157624959945679,0.24871620535850525,0.7966187000274658,-0.06831668317317963,0.32308486104011536,0.7326352596282959,-0.09234283119440079,0.37174656987190247,0.6950889229774475,-0.1030927300453186,0.41649577021598816,0.6632013320922852,-0.11307793110609055,0.27801740169525146,0.8451888561248779,-0.07196638733148575,0.3537518084049225,0.7831974029541016,-0.0996394082903862,0.39889127016067505,0.7489091753959656,-0.10972419381141663,0.4376090466976166,0.7176791429519653,-0.11630994826555252,0.30762481689453125,0.886029839515686,-0.07434015721082687,0.3578563630580902,0.847221851348877,-0.09650903940200806,0.38746359944343567,0.8229162693023682,-0.10214082151651382,0.41442519426345825,0.79318767786026,-0.10677273571491241
22,left,0.6455461382865906,0.9007769227027893,5.789720489701722e-07,0.6624295711517334,0.8551916480064392,-0.06122402474284172,0.6633951663970947,0.8249198198318481,-0.10091963410377502,0.6808868050575256,0.8042163848876953,-0.13078516721725464,0.7147689461708069,0.7934153079986572,-0.16014137864112854,0.5943577885627747,0.8792950510978699,-0.09974850714206696,0.5429187417030334,0.885888934135437,-0.135822594165802,0.504332423210144,0.8958542346954346,-0.1580091416835785,0.4693607687950134,0.9094208478927612,-0.17172205448150635,0.5702547430992126,0.8865861892700195,-0.08126159757375717,0.5077601075172424,0.8797683715820312,-0.1125350296497345,0.4605754613876343,0.8713447451591492,-0.12902319431304932,0.42317408323287964,0.8694065809249878,-0.13971537351608276,0.5533638596534729,0.8839344382286072,-0.06424720585346222,0.49811434745788574,0.8754446506500244,-0.08633928745985031,0.45722413063049316,0.863733172416687,-0.1009092852473259,0.42386406660079956,0.8568478226661682,-0.10978211462497711,0.5434046387672424,0.8793255686759949,-0.05192907899618149,0.5056326389312744,0.8691783547401428,-0.06494574248790741,0.4744541347026825,0.8608756065368652,-0.07307901978492737,0.4489893317222595,0.8532532453536987,-0.07889675348997116
23,right,0.2295498549938202,0.901563823223114,6.201286737450573e-07,0.22874382138252258,0.8168959617614746,-0.01710798777639866,0.23200199007987976,0.7436988353729248,-0.03696756809949875,0.2298295795917511,0.6935679912567139,-0.052214596420526505,0.21158814430236816,0.6556261777877808,-0.06859666109085083,0.1974996030330658,0.8093041777610779,-0.06352998316287994,0.2221854031085968,0.7921268939971924,-0.09724277257919312,0.2491094321012497,0.7691096067428589,-0.119076669216156,0.2773406505584717,0.7483559846878052,-0.1323753297328949,0.2247302532196045,0.8638305068016052,-0.06914267688989639,0.3006143569946289,0.799197256565094,-0.09807080030441284,0.3537929356098175,0.7588369250297546,-0.11161733418703079,0.40091150999069214,0.7253825068473816,-0.12248446047306061,0.2551024556159973,0.9092170596122742,-0.07377500832080841,0.3349713385105133,0.8467984199523926,-0.10606905072927475,0.38414496183395386,0.809977650642395,-0.11634829640388489,0.42233744263648987,0.7774062752723694,-0.12129875272512436,0.28416234254837036,0.9472258687019348,-0.07748543471097946,0.34372714161872864,0.9074805378913879,-0.10117964446544647,0.37921667098999023,0.8822523951530457,-0.10478319972753525,0.4069061875343323,0.8548769354820251,-0.10691309720277786
23,left,0.6385387778282166,0.8980110287666321,6.056828283362847e-07,0.6590627431869507,0.8522557616233826,-0.06567245721817017,0.6607365012168884,0.8199282884597778,-0.10767696052789688,0.6789144277572632,0.8041495680809021,-0.13853393495082855,0.7148780822753906,0.794759213924408,-0.169436976313591,0.5929826498031616,0.8790473341941833,-0.11019693315029144,0.545005738735199,0.8871486783027649,-0.14818398654460907,0.5083507299423218,0.8989793658256531,-0.17168793082237244,0.47447627782821655,0.9141312837600708,-0.18653956055641174,0.5668839812278748,0.8866750001907349,-0.08917417377233505,0.5052419900894165,0.8802743554115295,-0.12171223759651184,0.45888763666152954,0.8729594349861145,-0.13896524906158447,0.42208147048950195,0.8722525238990784,-0.15088056027889252,0.548639714717865,0.8850254416465759,-0.06932739913463593,0.49402305483818054,0.8751785159111023,-0.092493437230587,0.4538813531398773,0.8641982078552246,-0.10812472552061081,0.4223688542842865,0.8588325381278992,-0.11825999617576599,0.5378270149230957,0.8829824328422546,-0.054233696311712265,0.500381350517273,0.871722400188446,-0.0688014030456543,0.4699166715145111,0.8641321063041687,-0.07832507789134979,0.44534578919410706,0.8573371171951294,-0.08548258244991302
24,right,0.21913161873817444,0.9175100922584534,7.000917321420275e-07,0.2249159961938858,0.8287178874015808,-0.025826558470726013,0.23181743919849396,0.754523754119873,-0.04984501749277115,0.22902293503284454,0.7120594382286072,-0.06922964751720428,0.21075326204299927,0.6753280758857727,-0.08969271928071976,0.19084876775741577,0.8196989893913269,-0.07484935969114304,0.21992085874080658,0.7971062064170837,-0.11383071541786194,0.24481189250946045,0.7702073454856873,-0.1406509280204773,0.26853126287460327,0.7450522184371948,-0.15716435015201569,0.21201902627944946,0.8784231543540955,-0.07942967861890793,0.2972107529640198,0.8230887651443481,-0.1177573949098587,0.35671934485435486,0.7731431722640991,-0.13802270591259003,0.40564480423927307,0.7292742133140564,-0.15290524065494537,0.2411958873271942,0.9243065714836121,-0.08354728668928146,0.333330363035202,0.8686751127243042,-0.12290119379758835,0.3863682150840759,0.8198849558830261,-0.13653390109539032,0.4260449707508087,0.7798073887825012,-0.1430295705795288,0.2725527286529541,0.9562915563583374,-0.08848979324102402,0.3417589068412781,0.9160404205322266,-0.11883003264665604,0.380661278963089,0.8793210387229919,-0.1262131929397583,0.4111384153366089,0.8455718755722046,-0.1300685703754425
24,left,0.6410806179046631,0.8984689116477966,5.938351250733831e-07,0.6611063480377197,0.8541777729988098,-0.06503961980342865,0.6642146706581116,0.8224533796310425,-0.10699615627527237,0.6825975179672241,0.8044542074203491,-0.13821212947368622,0.7172413468360901,0.7937993407249451,-0.16944681107997894,0.5900030732154846,0.8800777196884155,-0.10599317401647568,0.5431807637214661,0.8868269920349121,-0.1435404121875763,0.5070224404335022,0.8996668457984924,-0.1675805300474167,0.47305160760879517,0.9157094359397888,-0.18285498023033142,0.5640825629234314,0.8837977647781372,-0.08469650894403458,0.5034695863723755,0.8788275122642517,-0.11612216383218765,0.4584578573703766,0.8699131608009338,-0.1329011172056198,0.4217715263366699,0.8665059208869934,-0.1442900151014328,0.5471642017364502,0.8790762424468994,-0.0648093968629837,0.49348849058151245,0.8738568425178528,-0.08695283532142639,0.45320144295692444,0.8622359037399292,-0.10176840424537659,0.4203519821166992,0.8551971316337585,-0.11109810322523117,0.537703812122345,0.873744547367096,-0.04973100498318672,0.5000908374786377,0.8663312196731567,-0.06321720778942108,0.46887698769569397,0.8621889352798462,-0.07163335382938385,0.44355159997940063,0.8587477803230286,-0.07771342992782593
25,right,0.22315044701099396,0.9217275381088257,7.234680197143462e-07,0.2243095189332962,0.8283790946006775,-0.026524687185883522,0.22874410450458527,0.7529104948043823,-0.05098976194858551,0.22676114737987518,0.708083987236023,-0.0702492743730545,0.20996436476707458,0.669146716594696,-0.09019889682531357,0.18969997763633728,0.8067903518676758,-0.0780276283621788,0.21654081344604492,0.7926084995269775,-0.11853726208209991,0.24171435832977295,0.7702679634094238,-0.14684996008872986,0.264024019241333,0.7483128905296326,-0.16385193169116974,0.2117728441953659,0.8668285608291626,-0.08183175325393677,0.29526638984680176,0.8114697337150574,-0.11964492499828339,0.35293319821357727,0.7592611312866211,-0.1401568353176117,0.40009406208992004,0.7160326838493347,-0.15497027337551117,0.24233144521713257,0.9149872064590454,-0.08502613753080368,0.3303394019603729,0.8560463190078735,-0.12265687435865402,0.38342714309692383,0.8033720254898071,-0.13622452318668365,0.42289429903030396,0.7634344696998596,-0.14240671694278717,0.27316784858703613,0.950061559677124,-0.08905608206987381,0.3398395776748657,0.9076585173606873,-0.11809813231229782,0.3773505687713623,0.8679324388504028,-0.12496286630630493,0.40666699409484863,0.8348909616470337,-0.12774014472961426
25,left,0.6435402631759644,0.8994085788726807,5.480789582179568e-07,0.6633662581443787,0.8532179594039917,-0.06365514546632767,0.6645885109901428,0.8197073340415955,-0.10443183034658432,0.6820098757743835,0.7996764183044434,-0.1345830112695694,0.7154600620269775,0.7875744104385376,-0.16461732983589172,0.5909367799758911,0.87319415807724,-0.10388205200433731,0.5437832474708557,0.878454327583313,-0.14040231704711914,0.5085130929946899,0.8903310894966125,-0.16358129680156708,0.4750286042690277,0.9060656428337097,-0.17833387851715088,0.5650133490562439,0.8783593773841858,-0.08262770622968674,0.5045516490936279,0.8721109628677368,-0.11425286531448364,0.45966973900794983,0.8635549545288086,-0.13173513114452362,0.42219531536102295,0.8601676225662231,-0.14381450414657593,0.5485071539878845,0.8748491406440735,-0.06251971423625946,0.49525538086891174,0.8670895099639893,-0.08492162078619003,0.454259991645813,0.8567332029342651,-0.10081952065229416,0.4208776354789734,0.8506341576576233,-0.11094930022954941,0.5393370389938354,0.8702406287193298,-0.046958718448877335,0.5013067126274109,0.8609920740127563,-0.060492485761642456,0.4699343144893646,0.8567804098129272,-0.06972205638885498,0.443917840719223,0.853255569934845,-0.07660733908414841
26,right,0.22333401441574097,0.9071388840675354,7.376255553026567e-07,0.2253713458776474,0.814115047454834,-0.027379872277379036,0.22904041409492493,0.740568220615387,-0.0536484457552433,0.22652238607406616,0.7031895518302917,-0.07461139559745789,0.21052978932857513,0.6659910678863525,-0.09630069881677628,0.19227702915668488,0.8004220724105835,-0.08608714491128922,0.21780045330524445,0.7896376848220825,-0.12804429233074188,0.24370941519737244,0.7641778588294983,-0.1571662724018097,0.2672341465950012,0.7398518323898315,-0.17553676664829254,0.21183978021144867,0.8635378479957581,-0.09100157022476196,0.2938094735145569,0.8118618726730347,-0.1344204545021057,0.3529766798019409,0.7575423717498779,-0.15768225491046906,0.3998343348503113,0.7122085094451904,-0.1742897927761078,0.24167802929878235,0.912920355796814,-0.09463869780302048,0.3300698697566986,0.8598007559776306,-0.13679035007953644,0.38464367389678955,0.8060219883918762,-0.1511126160621643,0.42232024669647217,0.7648695111274719,-0.1576850712299347,0.27269574999809265,0.9469816088676453,-0.09904805570840836,0.340384304523468,0.9056292772293091,-0.1312807947397232,0.3787481188774109,0.864710807800293,-0.1390039175748825,0.40796738862991333,0.8308104276657104,-0.1425977349281311
26,left,0.6407501697540283,0.8995316028594971,5.576671355811413e-07,0.6626960039138794,0.8504431247711182,-0.06134197115898132,0.6664267182350159,0.8154425024986267,-0.10130540281534195,0.6835872530937195,0.7971692085266113,-0.1310078501701355,0.7163000106811523,0.7879005074501038,-0.16039644181728363,0.5945850014686584,0.8686574101448059,-0.10304217785596848,0.5444566607475281,0.8756524920463562,-0.13989950716495514,0.5077444314956665,0.8867331743240356,-0.16263185441493988,0.4729185104370117,0.9019533395767212,-0.1766762137413025,0.5674139261245728,0.8796816468238831,-0.08323338627815247,0.5047447085380554,0.8713513016700745,-0.11486627161502838,0.45833340287208557,0.8612538576126099,-0.1311415284872055,0.42084574699401855,0.857943594455719,-0.14182031154632568,0.5492456555366516,0.880520224571228,-0.06440041959285736,0.49503910541534424,0.8696421384811401,-0.08643241226673126,0.45407283306121826,0.8567759394645691,-0.10048577934503555,0.42117804288864136,0.8496026396751404,-0.10895702242851257,0.5385840535163879,0.8788002133369446,-0.05003203824162483,0.5013701915740967,0.8675729632377625,-0.06296896934509277,0.47047632932662964,0.8611488342285156,-0.07033292949199677,0.4453577399253845,0.8561490178108215,-0.07545440644025803
27,right,0.2239760011434555,0.9034690260887146,7.51714196667308e-07,0.22749438881874084,0.8084818124771118,-0.02894694358110428,0.2307911515235901,0.7347517013549805,-0.05643189325928688,0.22786986827850342,0.699787974357605,-0.0787549689412117,0.20938095450401306,0.6632293462753296,-0.10198856890201569,0.19011972844600677,0.7994970679283142,-0.08796917647123337,0.2147739976644516,0.7846391201019287,-0.13150835037231445,0.24251355230808258,0.7604990005493164,-0.16191668808460236,0.2680550515651703,0.7381203174591064,-0.18138322234153748,0.21258488297462463,0.8625087141990662,-0.09355209767818451,0.2948884665966034,0.8086358308792114,-0.13966749608516693,0.3541012406349182,0.7551465630531311,-0.16505321860313416,0.3997398316860199,0.7106145620346069,-0.18335047364234924,0.24423573911190033,0.9110445976257324,-0.09811729192733765,0.3304220736026764,0.8552125096321106,-0.14313237369060516,0.38419848680496216,0.8012592792510986,-0.1595195233821869,0.42040809988975525,0.7601630687713623,-0.1677563190460205,0.27550992369651794,0.9437222480773926,-0.10346591472625732,0.3420373201370239,0.902942955493927,-0.1380372792482376,0.3801172077655792,0.8627859354019165,-0.1471494883298874,0.40872859954833984,0.8290141224861145,-0.15205740928649902
27,left,0.6464667320251465,0.903087317943573,5.065940058557317e-07,0.6649510264396667,0.8487884998321533,-0.054546985775232315,0.6661977171897888,0.8146273493766785,-0.09146615862846375,0.6827737092971802,0.796150267124176,-0.11941861361265182,0.7150399684906006,0.7866507172584534,-0.14676472544670105,0.5966602563858032,0.8677830100059509,-0.09439193457365036,0.5422244071960449,0.8719743490219116,-0.12938566505908966,0.5046745538711548,0.8823583126068115,-0.15028153359889984,0.4701880216598511,0.8984774351119995,-0.16250939667224884,0.5704386830329895,0.8799344897270203,-0.07710239291191101,0.5043765306472778,0.869845449924469,-0.10637527704238892,0.45729416608810425,0.8585934042930603,-0.12067193537950516,0.42069992423057556,0.8554700613021851,-0.12955638766288757,0.5531929135322571,0.8803504705429077,-0.06052868813276291,0.49682846665382385,0.8677942156791687,-0.07998832315206528,0.4547320306301117,0.854922890663147,-0.0924491435289383,0.42120420932769775,0.8488280773162842,-0.09967107325792313,0.5435938835144043,0.8760541081428528,-0.04800262674689293,0.5046193599700928,0.8657393455505371,-0.05842968821525574,0.47208574414253235,0.8601837754249573,-0.06442645937204361,0.4456329643726349,0.8569978475570679,-0.06849753856658936
28,right,0.2220015823841095,0.8983904123306274,7.396273531412589e-07,0.22607652842998505,0.8058239817619324,-0.02883981727063656,0.2306256890296936,0.7336596250534058,-0.056091587990522385,0.22690971195697784,0.6985678672790527,-0.0784623771905899,0.2090790718793869,0.6610761880874634,-0.10161862522363663,0.1890699863433838,0.7998087406158447,-0.08457496017217636,0.21531438827514648,0.7854860424995422,-0.12714418768882751,0.2412145733833313,0.7603728771209717,-0.15698875486850739,0.26456475257873535,0.7370821833610535,-0.17616158723831177,0.21065479516983032,0.8632453083992004,-0.09023132175207138,0.293606698513031,0.808587908744812,-0.13580520451068878,0.35281044244766235,0.754892110824585,-0.1606447547674179,0.39867687225341797,0.709784746170044,-0.17845483124256134,0.24139581620693207,0.9114782214164734,-0.0951492041349411,0.32930824160575867,0.8545417785644531,-0.1398441046476364,0.38317805528640747,0.8002176880836487,-0.1552840769290924,0.4196941554546356,0.758340060710907,-0.16273847222328186,0.27267181873321533,0.9441649913787842,-0.10093989223241806,0.33941128849983215,0.9021586775779724,-0.13466762006282806,0.37749940156936646,0.8596737384796143,-0.14297102391719818,0.40589410066604614,0.823329508304596,-0.14735879004001617
28,left,0.6432859301567078,0.9012166261672974,5.054745315646869e-07,0.6641010642051697,0.8485020399093628,-0.05490662902593613,0.6665231585502625,0.8133092522621155,-0.09164325147867203,0.6836464405059814,0.7949799299240112,-0.1196068823337555,0.7151247262954712,0.7876141667366028,-0.147249236702919,0.59720379114151,0.8663924336433411,-0.09431008249521255,0.543339192867279,0.8703550696372986,-0.12951570749282837,0.5054427981376648,0.8790013790130615,-0.15062463283538818,0.47090309858322144,0.8938535451889038,-0.16290248930454254,0.5720822811126709,0.8803130388259888,-0.07786169648170471,0.5056103467941284,0.8710225224494934,-0.10864999890327454,0.45731455087661743,0.8597286343574524,-0.12507060170173645,0.4193817973136902,0.8560311794281006,-0.13528457283973694,0.5548279881477356,0.8817346096038818,-0.06207297742366791,0.496629536151886,0.8691496253013611,-0.08339681476354599,0.45336753129959106,0.8566874265670776,-0.09788674116134644,0.4183416962623596,0.8491883277893066,-0.10627150535583496,0.5444983839988708,0.8785068392753601,-0.050220124423503876,0.503241777420044,0.8682529330253601,-0.06231114640831947,0.4698948264122009,0.8621448874473572,-0.06951912492513657,0.44293737411499023,0.8566691875457764,-0.07432986050844193
29,right,0.2464982569217682,0.860525906085968,6.30502086096385e-07,0.23527081310749054,0.7929536700248718,-0.04056350886821747,0.23562629520893097,0.7293500900268555,-0.0863012745976448,0.23626992106437683,0.6925663352012634,-0.12107265740633011,0.21731530129909515,0.6511826515197754,-0.1587912142276764,0.18609564006328583,0.8051811456680298,-0.1598728746175766,0.2126476764678955,0.7747470140457153,-0.22413422167301178,0.2481219470500946,0.7546350359916687,-0.26101580262184143,0.28225600719451904,0.7392445802688599,-0.28402066230773926,0.21587079763412476,0.8705672025680542,-0.16375179588794708,0.2939405143260956,0.7954229116439819,-0.2242468148469925,0.35099923610687256,0.748534083366394,-0.25020867586135864,0.39907965064048767,0.7076935768127441,-0.2719448208808899,0.25335294008255005,0.9132453203201294,-0.16393698751926422,0.3317546248435974,0.8416478633880615,-0.21935327351093292,0.38371390104293823,0.7922865152359009,-0.23999935388565063,0.42496567964553833,0.7480947375297546,-0.2547578513622284,0.29031747579574585,0.9418318271636963,-0.1633550226688385,0.34391704201698303,0.8951702117919922,-0.20280076563358307,0.3766288459300995,0.8634732365608215,-0.21653752028942108,0.4042641818523407,0.8289452195167542,-0.22991085052490234
29,left,0.646368682384491,0.9017764329910278,4.897589747088205e-07,0.6667412519454956,0.848800778388977,-0.05413394421339035,0.6677693128585815,0.8132774233818054,-0.08971728384494781,0.6837496757507324,0.7945810556411743,-0.11658814549446106,0.7153704166412354,0.7872455716133118,-0.1428508758544922,0.5993937253952026,0.867956280708313,-0.09162315726280212,0.5442226529121399,0.8725810647010803,-0.12564043700695038,0.506397008895874,0.8813993334770203,-0.14595571160316467,0.47205376625061035,0.8959508538246155,-0.15792535245418549,0.5734980702400208,0.8802825212478638,-0.07512187957763672,0.5073578953742981,0.869602620601654,-0.10462527722120285,0.46039414405822754,0.8589774370193481,-0.11978024244308472,0.4236730635166168,0.8568130135536194,-0.1290290504693985,0.556140661239624,0.881129264831543,-0.05944296717643738,0.499025821685791,0.8671902418136597,-0.07996493577957153,0.45638763904571533,0.8559345006942749,-0.09346006065607071,0.42197519540786743,0.8513888716697693,-0.1010214313864708,0.5460116267204285,0.8776073455810547,-0.047719117254018784,0.5060029029846191,0.8656570911407471,-0.05981793627142906,0.47294941544532776,0.8606147766113281,-0.06676147133111954,0.44610482454299927,0.8586210012435913,-0.07108841836452484
30,right,0.2449582815170288,0.8710418939590454,5.631582666865143e-07,0.2359796166419983,0.7962712049484253,-0.026339424774050713,0.23480352759361267,0.729859471321106,-0.0560220405459404,0.23553778231143951,0.6884317398071289,-0.07812569290399551,0.2176177203655243,0.6477692127227783,-0.10134608298540115,0.18894115090370178,0.8049653768539429,-0.10574650764465332,0.2200593650341034,0.7709503769874573,-0.15211139619350433,0.2541079521179199,0.751835286617279,-0.17793527245521545,0.2856762409210205,0.7372791767120361,-0.19225160777568817,0.22156663239002228,0.8713102340698242,-0.11061260849237442,0.2999674677848816,0.7922049760818481,-0.1520584523677826,0.3582635521888733,0.7438662052154541,-0.16728462278842926,0.40647581219673157,0.7054030299186707,-0.1791415959596634,0.2584041655063629,0.9176674485206604,-0.11331146210432053,0.3344951868057251,0.8441423773765564,-0.15477512776851654,0.3886573910713196,0.7944475412368774,-0.16710807383060455,0.43151530623435974,0.7486593127250671,-0.173545703291893,0.2935458719730377,0.9489108324050903,-0.11496947705745697,0.3477243185043335,0.8978334665298462,-0.14335107803344727,0.3803383409976959,0.8658268451690674,-0.14785388112068176,0.4066464900970459,0.829778254032135,-0.15195946395397186
30,left,0.6466223001480103,0.9013087749481201,5.175627961762075e-07,0.6681255102157593,0.8486111164093018,-0.057108502835035324,0.6687349677085876,0.812666654586792,-0.0940394178032875,0.684105396270752,0.7942428588867188,-0.12151363492012024,0.714929461479187,0.7881702184677124,-0.14855313301086426,0.5985406637191772,0.8693631887435913,-0.0964239090681076,0.5443754196166992,0.8721417188644409,-0.1316472589969635,0.5066442489624023,0.8809953331947327,-0.15291157364845276,0.4717790484428406,0.8967767953872681,-0.16537883877754211,0.5728293061256409,0.8814927339553833,-0.07826261967420578,0.5060862898826599,0.871071457862854,-0.10893513262271881,0.45811423659324646,0.8591535091400146,-0.1253393143415451,0.4201020896434784,0.8557525873184204,-0.135527566075325,0.5556939840316772,0.8814131617546082,-0.06081273779273033,0.4984772205352783,0.8685132265090942,-0.08208416402339935,0.45532721281051636,0.8559691905975342,-0.09680160135030746,0.42038625478744507,0.8499163389205933,-0.10532005876302719,0.5457243323326111,0.8769190311431885,-0.04741731286048889,0.5052838921546936,0.8664911985397339,-0.05964476242661476,0.4727914333343506,0.8617037534713745,-0.06716226041316986,0.4464532434940338,0.859137773513794,-0.07213398814201355
31,right,0.24947386980056763,0.8690694570541382,5.76903687488084e-07,0.238619863986969,0.7957882881164551,-0.032881055027246475,0.23887822031974792,0.730509877204895,-0.0688101053237915,0.24125638604164124,0.6918727159500122,-0.09580705314874649,0.2249058187007904,0.6514347791671753,-0.12431098520755768,0.1927572786808014,0.8081120848655701,-0.12666022777557373,0.2223937213420868,0.7737423777580261,-0.18017785251140594,0.2556084990501404,0.7541587352752686,-0.20964030921459198,0.28687119483947754,0.7388268709182739,-0.22664010524749756,0.22432531416416168,0.8734459280967712,-0.13074356317520142,0.30266761779785156,0.7972773909568787,-0.18103717267513275,0.36006319522857666,0.7502540946006775,-0.19991420209407806,0.40739235281944275,0.7112911939620972,-0.21454302966594696,0.2611578404903412,0.9172808527946472,-0.13238650560379028,0.3396259844303131,0.845519483089447,-0.18108157813549042,0.39309340715408325,0.7973747849464417,-0.1962052881717682,0.43511730432510376,0.7527768611907959,-0.2046678513288498,0.2967953383922577,0.9459993839263916,-0.1332029402256012,0.3519751727581024,0.8971976041793823,-0.16687095165252686,0.3858228921890259,0.866073727607727,-0.17492705583572388,0.4133429527282715,0.8315249681472778,-0.1820511519908905
31,left,0.647598385810852,0.9035325050354004,4.958804993293597e-07,0.6673794388771057,0.84721839427948,-0.051850128918886185,0.6686172485351562,0.810032069683075,-0.08614356070756912,0.6839631795883179,0.7929002642631531,-0.11219324916601181,0.7157164216041565,0.7855856418609619,-0.13788560032844543,0.6022383570671082,0.8647701740264893,-0.0884963721036911,0.5483671426773071,0.8722324967384338,-0.12075207382440567,0.5116608142852783,0.8816854357719421,-0.14019890129566193,0.478352814912796,0.8956044912338257,-0.15192024409770966,0.5760614275932312,0.8813385963439941,-0.07296928763389587,0.5121086835861206,0.8693822026252747,-0.100226029753685,0.46657824516296387,0.8582268953323364,-0.11403874307870865,0.43117856979370117,0.8553252220153809,-0.12270821630954742,0.558890163898468,0.8857715725898743,-0.05819995328783989,0.5032190680503845,0.8692705035209656,-0.07687956094741821,0.4630671739578247,0.8549690842628479,-0.0890992283821106,0.4313039779663086,0.8476436734199524,-0.09612663835287094,0.5496792197227478,0.8854976892471313,-0.04727586358785629,0.5113703012466431,0.8705690503120422,-0.05792921781539917,0.4800097346305847,0.8610641956329346,-0.0635681301355362,0.45498397946357727,0.8547989726066589,-0.06717486679553986
32,right,0.24977073073387146,0.8737567067146301,6.292956413744832e-07,0.23811891674995422,0.8011707663536072,-0.03690304234623909,0.23865333199501038,0.7345303893089294,-0.07831283658742905,0.23990508913993835,0.697386622428894,-0.10954950749874115,0.22454962134361267,0.6560741662979126,-0.14302709698677063,0.19155912101268768,0.8115666508674622,-0.14680881798267365,0.21889755129814148,0.7772314548492432,-0.2067728042602539,0.25137102603912354,0.7578157186508179,-0.23956307768821716,0.281829833984375,0.7441498041152954,-0.25882411003112793,0.22282040119171143,0.8769853711128235,-0.15065915882587433,0.30103930830955505,0.7999688386917114,-0.20872659981250763,0.3597143590450287,0.7528825998306274,-0.23235292732715607,0.40872079133987427,0.7126856446266174,-0.2505636215209961,0.2604396343231201,0.9203331470489502,-0.151258185505867,0.33678582310676575,0.8469016551971436,-0.205863356590271,0.3910635709762573,0.7978259921073914,-0.22645291686058044,0.43404167890548706,0.7530781626701355,-0.23911939561367035,0.2967514395713806,0.9487006664276123,-0.15068385004997253,0.3513809144496918,0.8989014029502869,-0.1893884241580963,0.384788453578949,0.8672013282775879,-0.20240214467048645,0.41300854086875916,0.8326757550239563,-0.21369966864585876
32,left,0.6477857232093811,0.8983625173568726,5.432636953628389e-07,0.6696799993515015,0.8437730669975281,-0.05888136103749275,0.6710485816001892,0.8055769801139832,-0.097166046500206,0.6881645321846008,0.7911312580108643,-0.12498695403337479,0.7206188440322876,0.7880384922027588,-0.15272803604602814,0.6034271717071533,0.8662465214729309,-0.10359357297420502,0.5499565005302429,0.8685234785079956,-0.14010044932365417,0.5124897956848145,0.877295732498169,-0.16182607412338257,0.47808146476745605,0.8931741714477539,-0.17438054084777832,0.5781405568122864,0.8815094232559204,-0.08413775265216827,0.5113842487335205,0.8710012435913086,-0.11662650853395462,0.46310263872146606,0.8591397404670715,-0.1340613216161728,0.42434120178222656,0.855347216129303,-0.14487287402153015,0.5603285431861877,0.8826392292976379,-0.06481817364692688,0.5026781558990479,0.868947446346283,-0.08714791387319565,0.45967379212379456,0.8546962141990662,-0.10254959762096405,0.42473265528678894,0.8461728096008301,-0.11154960840940475,0.5490959882736206,0.8790122270584106,-0.04941413551568985,0.5093198418617249,0.8664629459381104,-0.06250928342342377,0.4774133861064911,0.8587838411331177,-0.07043038308620453,0.4512781500816345,0.85206139087677,-0.07572361081838608
33,right,0.2501377761363983,0.865312397480011,6.658968345618632e-07,0.23794423043727875,0.7937341928482056,-0.0402422696352005,0.23845183849334717,0.7324174046516418,-0.08512367308139801,0.2406986802816391,0.7002991437911987,-0.11922185122966766,0.22568678855895996,0.6643596887588501,-0.15576110780239105,0.1921626180410385,0.8092646598815918,-0.155239999294281,0.2196272611618042,0.7806054949760437,-0.21978312730789185,0.2512702941894531,0.7610954642295837,-0.2565598785877228,0.2808021008968353,0.746722400188446,-0.27842825651168823,0.22205087542533875,0.8765697479248047,-0.15864571928977966,0.30106121301651,0.8029251098632812,-0.22084331512451172,0.36093008518218994,0.7543672919273376,-0.24741218984127045,0.4119874835014343,0.7133053541183472,-0.2676948308944702,0.2593543231487274,0.9203283786773682,-0.1587003767490387,0.33617308735847473,0.8484371304512024,-0.21600773930549622,0.3893720507621765,0.7972683906555176,-0.23853552341461182,0.43232372403144836,0.7528243064880371,-0.2525143027305603,0.2958218455314636,0.9484644532203674,-0.15778814256191254,0.34932225942611694,0.902545154094696,-0.1984126716852188,0.3827188313007355,0.8692178130149841,-0.21301579475402832,0.41207581758499146,0.8340706825256348,-0.22553983330726624
33,left,0.6516516208648682,0.905768871307373,5.644869816023856e-07,0.670342206954956,0.8473867177963257,-0.055476151406764984,0.6696579456329346,0.8097688555717468,-0.0922110453248024,0.6850401759147644,0.7914594411849976,-0.11955146491527557,0.7173455953598022,0.7821232676506042,-0.14669270813465118,0.6039959192276001,0.8663614988327026,-0.09659000486135483,0.5493662357330322,0.870391309261322,-0.13084614276885986,0.5121591091156006,0.8799973726272583,-0.1514771431684494,0.4768538177013397,0.8951699137687683,-0.16414672136306763,0.577031135559082,0.8846083879470825,-0.0796440914273262,0.5098411440849304,0.8705298900604248,-0.11014361679553986,0.46104854345321655,0.8579462766647339,-0.12649299204349518,0.42253822088241577,0.8538655638694763,-0.13691306114196777,0.559270441532135,0.8907051682472229,-0.06308072060346603,0.5012590885162354,0.8712124824523926,-0.08441885560750961,0.45761749148368835,0.8557404279708862,-0.09963055700063705,0.4230576753616333,0.8479681611061096,-0.10874777287244797,0.5494364500045776,0.8910604119300842,-0.05033539980649948,0.5107244849205017,0.8750592470169067,-0.06320078670978546,0.4785032272338867,0.8661624789237976,-0.07104343920946121,0.45241910219192505,0.8605290055274963,-0.07636752724647522
34,right,0.2520028352737427,0.8633863925933838,6.713776770084223e-07,0.23965966701507568,0.7914396524429321,-0.03750943765044212,0.23717764019966125,0.732050895690918,-0.07847176492214203,0.23823386430740356,0.6987038254737854,-0.10965007543563843,0.22539566457271576,0.6609389185905457,-0.1422666311264038,0.19122016429901123,0.8126224279403687,-0.14030784368515015,0.22042711079120636,0.7808558940887451,-0.19999875128269196,0.2533261775970459,0.760537326335907,-0.23298010230064392,0.2838978171348572,0.7458658218383789,-0.2515900433063507,0.22270965576171875,0.8803131580352783,-0.1433677226305008,0.3022134006023407,0.8035798668861389,-0.19924160838127136,0.3624579608440399,0.7545364499092102,-0.22071243822574615,0.41264981031417847,0.7153809070587158,-0.23686003684997559,0.26067739725112915,0.9236704111099243,-0.14384271204471588,0.3375796973705292,0.849873960018158,-0.19619311392307281,0.390398770570755,0.800142228603363,-0.21322228014469147,0.4326157569885254,0.7567713856697083,-0.222693532705307,0.2977907657623291,0.9502675533294678,-0.14368024468421936,0.3523913621902466,0.9029160737991333,-0.18022724986076355,0.3867042660713196,0.870211660861969,-0.19047896564006805,0.41525858640670776,0.8352305293083191,-0.19898855686187744
34,left,0.6477435231208801,0.9036551713943481,4.869584131483862e-07,0.6677072644233704,0.846917986869812,-0.0493679903447628,0.6697826981544495,0.8067639470100403,-0.08291023969650269,0.6864525079727173,0.7904412746429443,-0.10846685618162155,0.7199464440345764,0.7845120429992676,-0.1339685320854187,0.6027175188064575,0.8620491027832031,-0.08681285381317139,0.5493389964103699,0.8666279315948486,-0.11952895671129227,0.5137104988098145,0.8769194483757019,-0.13962163031101227,0.48092183470726013,0.8935368657112122,-0.15143157541751862,0.5760449767112732,0.8801958560943604,-0.0721990093588829,0.5094271898269653,0.8675622344017029,-0.09919746220111847,0.4620978534221649,0.8555330038070679,-0.11356352269649506,0.42551541328430176,0.852379560470581,-0.12262896448373795,0.5583997964859009,0.8856072425842285,-0.05801859870553017,0.5014588832855225,0.8682243227958679,-0.07594532519578934,0.45895352959632874,0.8536648750305176,-0.08886975049972534,0.42519402503967285,0.8465969562530518,-0.09654159843921661,0.5489131212234497,0.8859148025512695,-0.04743073880672455,0.5097483992576599,0.8729061484336853,-0.05724140629172325,0.4786098599433899,0.8667309880256653,-0.06264059245586395,0.45385876297950745,0.8639333844184875,-0.06619954854249954
35,right,0.25355222821235657,0.8753778338432312,7.317071322177071e-07,0.24131536483764648,0.8016138672828674,-0.048546161502599716,0.2404552400112152,0.7362402081489563,-0.10066477209329605,0.24037951231002808,0.7060143351554871,-0.14007440209388733,0.22937637567520142,0.6698340177536011,-0.18219824135303497,0.19868090748786926,0.8121943473815918,-0.17593061923980713,0.22727122902870178,0.7819114923477173,-0.24566780030727386,0.2577056586742401,0.7633674740791321,-0.2847709655761719,0.2853192985057831,0.7485506534576416,-0.3086693584918976,0.2288353443145752,0.8797997236251831,-0.17680464684963226,0.3054646849632263,0.8090671896934509,-0.24655629694461823,0.3623967468738556,0.7626468539237976,-0.2790204882621765,0.4103565216064453,0.7191639542579651,-0.30438661575317383,0.2654346227645874,0.9222764372825623,-0.1738341897726059,0.3384343087673187,0.8578457236289978,-0.23554524779319763,0.3925096392631531,0.8066602349281311,-0.26386481523513794,0.43514883518218994,0.761961817741394,-0.2830570936203003,0.30113646388053894,0.9484978914260864,-0.17011535167694092,0.3545340597629547,0.9038801193237305,-0.21232278645038605,0.3888263702392578,0.8708912134170532,-0.23150211572647095,0.4181942939758301,0.836720883846283,-0.24913546442985535
35,left,0.6510122418403625,0.9015037417411804,5.025372615818924e-07,0.6712021827697754,0.845390796661377,-0.05467379838228226,0.6722741723060608,0.8057515025138855,-0.09143661707639694,0.688876211643219,0.7889975905418396,-0.11896225064992905,0.722104012966156,0.7844457626342773,-0.14642877876758575,0.6049667596817017,0.8639158606529236,-0.09680735319852829,0.550663948059082,0.865449070930481,-0.1323467493057251,0.5138611793518066,0.8749921321868896,-0.15375733375549316,0.4795389175415039,0.8926438093185425,-0.1662113070487976,0.579755425453186,0.8833383321762085,-0.07994136214256287,0.5134278535842896,0.8696883320808411,-0.11166215687990189,0.4659554958343506,0.8576002717018127,-0.12869666516780853,0.4285004734992981,0.8544758558273315,-0.13908638060092926,0.5625942349433899,0.8882031440734863,-0.06331627070903778,0.5044331550598145,0.8715813159942627,-0.08515615016222,0.4611367881298065,0.8569703102111816,-0.10032990574836731,0.42639660835266113,0.848493754863739,-0.10901891440153122,0.5520846843719482,0.8867905139923096,-0.05037954822182655,0.5109791159629822,0.870985209941864,-0.06317082047462463,0.47742652893066406,0.8626353740692139,-0.07076903432607651,0.45018428564071655,0.856140673160553,-0.07568953931331635
36,right,0.2705734968185425,0.8371388912200928,6.151323077574489e-07,0.252056747674942,0.7779067158699036,-0.03811626881361008,0.2489234209060669,0.730750560760498,-0.08250126242637634,0.24684399366378784,0.7068375945091248,-0.11637447774410248,0.2334517389535904,0.6709392070770264,-0.15342487394809723,0.19154998660087585,0.8166690468788147,-0.15783417224884033,0.21659179031848907,0.791431188583374,-0.2206425815820694,0.25030505657196045,0.7671787738800049,-0.2569063603878021,0.28137245774269104,0.747552216053009,-0.2786594033241272,0.22177767753601074,0.8843256831169128,-0.16122455894947052,0.3009245991706848,0.8096229434013367,-0.2191593497991562,0.3604065179824829,0.7587417364120483,-0.2447270154953003,0.4104628562927246,0.7150318622589111,-0.2659962475299835,0.2624368667602539,0.9248988628387451,-0.1605241298675537,0.3386627435684204,0.854390561580658,-0.21445602178573608,0.3916173577308655,0.8018592596054077,-0.2375383824110031,0.4333847165107727,0.7572064399719238,-0.2531987428665161,0.3032614290714264,0.9475921392440796,-0.15849648416042328,0.3548424243927002,0.9010619521141052,-0.19566383957862854,0.3882339894771576,0.8684150576591492,-0.20943088829517365,0.4181801974773407,0.8333486914634705,-0.22273042798042297
36,left,0.6541268825531006,0.9046690464019775,5.207669460105535e-07,0.6717607975006104,0.8452103734016418,-0.05028526112437248,0.6715542674064636,0.8068574666976929,-0.08473853766918182,0.6876223683357239,0.788647472858429,-0.11121352761983871,0.7195031642913818,0.780408501625061,-0.137597918510437,0.6057803630828857,0.8635456562042236,-0.08828607201576233,0.5500678420066833,0.8668968081474304,-0.12102141231298447,0.5131721496582031,0.876313328742981,-0.14097370207309723,0.4791155755519867,0.8927485942840576,-0.15294165909290314,0.5804183483123779,0.8825427293777466,-0.07369857281446457,0.5121597051620483,0.8690847158432007,-0.10261143743991852,0.4633999466896057,0.8561726808547974,-0.1184547021985054,0.42537829279899597,0.8523045778274536,-0.12832309305667877,0.5639612078666687,0.8888717293739319,-0.05940220504999161,0.5050725340843201,0.8705351948738098,-0.07914949208498001,0.46054548025131226,0.8554927706718445,-0.09350136667490005,0.42507293820381165,0.8476320505142212,-0.10187004506587982,0.5550623536109924,0.888624906539917,-0.048608433455228806,0.5145511627197266,0.8753803372383118,-0.059716735035181046,0.48131459951400757,0.8689398169517517,-0.0661415085196495,0.4549720585346222,0.865380048751831,-0.0703638419508934
