1,right,0,0,0,0,0,0,0,0,0,0,0,0,0,0,0,0,0,0,0,0,0,0,0,0,0,0,0,0,0,0,0,0,0,0,0,0,0,0,0,0,0,0,0,0,0,0,0,0,0,0,0,0,0,0,0,0,0,0,0,0,0,0,0
1,left,0,0,0,0,0,0,0,0,0,0,0,0,0,0,0,0,0,0,0,0,0,0,0,0,0,0,0,0,0,0,0,0,0,0,0,0,0,0,0,0,0,0,0,0,0,0,0,0,0,0,0,0,0,0,0,0,0,0,0,0,0,0,0
2,right,0,0,0,0,0,0,0,0,0,0,0,0,0,0,0,0,0,0,0,0,0,0,0,0,0,0,0,0,0,0,0,0,0,0,0,0,0,0,0,0,0,0,0,0,0,0,0,0,0,0,0,0,0,0,0,0,0,0,0,0,0,0,0
2,left,0,0,0,0,0,0,0,0,0,0,0,0,0,0,0,0,0,0,0,0,0,0,0,0,0,0,0,0,0,0,0,0,0,0,0,0,0,0,0,0,0,0,0,0,0,0,0,0,0,0,0,0,0,0,0,0,0,0,0,0,0,0,0
3,right,0,0,0,0,0,0,0,0,0,0,0,0,0,0,0,0,0,0,0,0,0,0,0,0,0,0,0,0,0,0,0,0,0,0,0,0,0,0,0,0,0,0,0,0,0,0,0,0,0,0,0,0,0,0,0,0,0,0,0,0,0,0,0
3,left,0,0,0,0,0,0,0,0,0,0,0,0,0,0,0,0,0,0,0,0,0,0,0,0,0,0,0,0,0,0,0,0,0,0,0,0,0,0,0,0,0,0,0,0,0,0,0,0,0,0,0,0,0,0,0,0,0,0,0,0,0,0,0
4,right,0,0,0,0,0,0,0,0,0,0,0,0,0,0,0,0,0,0,0,0,0,0,0,0,0,0,0,0,0,0,0,0,0,0,0,0,0,0,0,0,0,0,0,0,0,0,0,0,0,0,0,0,0,0,0,0,0,0,0,0,0,0,0
4,left,0,0,0,0,0,0,0,0,0,0,0,0,0,0,0,0,0,0,0,0,0,0,0,0,0,0,0,0,0,0,0,0,0,0,0,0,0,0,0,0,0,0,0,0,0,0,0,0,0,0,0,0,0,0,0,0,0,0,0,0,0,0,0
5,right,0,0,0,0,0,0,0,0,0,0,0,0,0,0,0,0,0,0,0,0,0,0,0,0,0,0,0,0,0,0,0,0,0,0,0,0,0,0,0,0,0,0,0,0,0,0,0,0,0,0,0,0,0,0,0,0,0,0,0,0,0,0,0
5,left,0,0,0,0,0,0,0,0,0,0,0,0,0,0,0,0,0,0,0,0,0,0,0,0,0,0,0,0,0,0,0,0,0,0,0,0,0,0,0,0,0,0,0,0,0,0,0,0,0,0,0,0,0,0,0,0,0,0,0,0,0,0,0
6,right,0,0,0,0,0,0,0,0,0,0,0,0,0,0,0,0,0,0,0,0,0,0,0,0,0,0,0,0,0,0,0,0,0,0,0,0,0,0,0,0,0,0,0,0,0,0,0,0,0,0,0,0,0,0,0,0,0,0,0,0,0,0,0
6,left,0,0,0,0,0,0,0,0,0,0,0,0,0,0,0,0,0,0,0,0,0,0,0,0,0,0,0,0,0,0,0,0,0,0,0,0,0,0,0,0,0,0,0,0,0,0,0,0,0,0,0,0,0,0,0,0,0,0,0,0,0,0,0
7,right,0,0,0,0,0,0,0,0,0,0,0,0,0,0,0,0,0,0,0,0,0,0,0,0,0,0,0,0,0,0,0,0,0,0,0,0,0,0,0,0,0,0,0,0,0,0,0,0,0,0,0,0,0,0,0,0,0,0,0,0,0,0,0
7,left,0,0,0,0,0,0,0,0,0,0,0,0,0,0,0,0,0,0,0,0,0,0,0,0,0,0,0,0,0,0,0,0,0,0,0,0,0,0,0,0,0,0,0,0,0,0,0,0,0,0,0,0,0,0,0,0,0,0,0,0,0,0,0
8,right,0.33411842584609985,0.7175285816192627,3.285042566858465e-07,0.401673823595047,0.7127798795700073,-0.001146514667198062,0.44903919100761414,0.6812419295310974,-0.008914737030863762,0.48352715373039246,0.6539046764373779,-0.018829090520739555,0.5145220756530762,0.6370359659194946,-0.028287136927247047,0.4390403628349304,0.5917761325836182,-0.016844037920236588,0.475022554397583,0.5500569343566895,-0.035892751067876816,0.5033318996429443,0.5355272889137268,-0.04851652309298515,0.5310550332069397,0.5280857086181641,-0.05750875174999237,0.42009449005126953,0.5870404839515686,-0.029594996944069862,0.4657682180404663,0.5482920408248901,-0.05638375133275986,0.5027990341186523,0.5399993658065796,-0.07104004174470901,0.5381510853767395,0.5400766730308533,-0.07941742241382599,0.3994980454444885,0.607347846031189,-0.042453814297914505,0.45938900113105774,0.6345027685165405,-0.07198302447795868,0.4985886514186859,0.6784892678260803,-0.08204658329486847,0.5266206860542297,0.7160180807113647,-0.08436065167188644,0.38013267517089844,0.6434628367424011,-0.05468607693910599,0.42882171273231506,0.6544225215911865,-0.07534229010343552,0.45854926109313965,0.675213098526001,-0.08040963113307953,0.4840085208415985,0.6955339908599854,-0.08181437849998474
8,left,0.6612266302108765,0.9349919557571411,7.76418005443702e-08,0.6772549152374268,0.8844462037086487,-0.048013221472501755,0.6710657477378845,0.8449668288230896,-0.07994229346513748,0.6856754422187805,0.8236737847328186,-0.10373930633068085,0.7271392345428467,0.8300809860229492,-0.12703880667686462,0.6159729957580566,0.895385205745697,-0.08250755816698074,0.5718164443969727,0.9233410954475403,-0.11478739231824875,0.5335544347763062,0.9403685331344604,-0.13700208067893982,0.496105432510376,0.9563237428665161,-0.15162888169288635,0.5798747539520264,0.9016993045806885,-0.06609280407428741,0.5225481986999512,0.9225627779960632,-0.09214363992214203,0.4824674427509308,0.93169105052948,-0.10518787801265717,0.4488512873649597,0.9430299997329712,-0.11520769447088242,0.5523776412010193,0.9000365734100342,-0.04986688122153282,0.4956240952014923,0.9062900543212891,-0.06802819669246674,0.46056851744651794,0.9045169353485107,-0.07829418778419495,0.43058615922927856,0.9066757559776306,-0.08465900272130966,0.5341779589653015,0.8953870534896851,-0.03704219311475754,0.4894590377807617,0.8956855535507202,-0.04350191727280617,0.46075791120529175,0.892895519733429,-0.045290034264326096,0.43701332807540894,0.8915956020355225,-0.047757476568222046
9,right,0.3555515706539154,0.6872074007987976,3.8702728488715366e-07,0.41851192712783813,0.6921024322509766,0.004379161633551121,0.47011375427246094,0.6681466698646545,-0.004416478797793388,0.5092450380325317,0.6503554582595825,-0.01617332734167576,0.5311807990074158,0.6313419342041016,-0.02923659235239029,0.4654844105243683,0.5709158778190613,-0.026409856975078583,0.5071420073509216,0.5394189953804016,-0.051071468740701675,0.5404017567634583,0.5324823260307312,-0.06628600507974625,0.5678985118865967,0.5317381620407104,-0.07675424218177795,0.4461038410663605,0.5743067860603333,-0.04230687767267227,0.5075963139533997,0.6261168718338013,-0.0725122019648552,0.5358921885490417,0.6789120435714722,-0.08348013460636139,0.5562390089035034,0.7223563194274902,-0.08787618577480316,0.42540669441223145,0.5959138870239258,-0.05758464336395264,0.49057406187057495,0.6473962664604187,-0.08520179986953735,0.5233367085456848,0.6949386596679688,-0.08936626464128494,0.5471760034561157,0.7332156896591187,-0.08855392783880234,0.40656474232673645,0.6290223002433777,-0.07201431691646576,0.45499876141548157,0.6462039351463318,-0.09133616089820862,0.48491033911705017,0.6686344146728516,-0.09387286752462387,0.5104303359985352,0.6898913383483887,-0.0935702845454216
9,left,0.6529414653778076,0.9211366772651672,4.0060265860120126e-07,0.6661117076873779,0.8714946508407593,-0.05649707466363907,0.6582366228103638,0.8425519466400146,-0.0903143584728241,0.6681317090988159,0.8258708715438843,-0.11471569538116455,0.6997290849685669,0.8242017030715942,-0.13737055659294128,0.5873866081237793,0.9027799367904663,-0.08313141018152237,0.54337078332901,0.9234941005706787,-0.1127348393201828,0.5059280395507812,0.9385458827018738,-0.13175068795681,0.47239238023757935,0.9551901817321777,-0.14383265376091003,0.5627917647361755,0.9116998314857483,-0.06400617957115173,0.5042387843132019,0.9141848683357239,-0.0884765088558197,0.45947980880737305,0.9072480201721191,-0.10091582685709,0.4247146248817444,0.9085522294044495,-0.10903389751911163,0.5464749932289124,0.909054696559906,-0.046571556478738785,0.49346789717674255,0.9080016016960144,-0.06173913925886154,0.45667093992233276,0.8971227407455444,-0.07179248332977295,0.426368772983551,0.8928644061088562,-0.07787436991930008,0.5382409691810608,0.9037383198738098,-0.03400899097323418,0.4996478855609894,0.8981578946113586,-0.04106193408370018,0.4699084162712097,0.8908402919769287,-0.04569879174232483,0.44569289684295654,0.8868759274482727,-0.04936233535408974
10,right,0.325714647769928,0.6879079341888428,1.713951860438101e-07,0.402608186006546,0.7142988443374634,0.00933084823191166,0.46302467584609985,0.7082415819168091,0.0025330428034067154,0.5033286809921265,0.7044642567634583,-0.009815269149839878,0.5369696617126465,0.7018465995788574,-0.02364647388458252,0.4693637490272522,0.6031879782676697,-0.014243405312299728,0.5244505405426025,0.5743424892425537,-0.0342874638736248,0.5658550262451172,0.5699917078018188,-0.04898726940155029,0.5991809964179993,0.5756360292434692,-0.05908150225877762,0.4531404972076416,0.5991564393043518,-0.03324263170361519,0.5255146026611328,0.6684123873710632,-0.0640217736363411,0.5452534556388855,0.7308754324913025,-0.07884777337312698,0.5521390438079834,0.7741708159446716,-0.08453984558582306,0.4348887801170349,0.6199315786361694,-0.050711121410131454,0.5034210085868835,0.6828854084014893,-0.07647093385457993,0.5317288041114807,0.7371455430984497,-0.08102298527956009,0.5468576550483704,0.7758293151855469,-0.08011513203382492,0.41885682940483093,0.6540614366531372,-0.06727098673582077,0.4710308015346527,0.673517107963562,-0.08336564898490906,0.5036061406135559,0.701026976108551,-0.08220822364091873,0.5289347767829895,0.7279934883117676,-0.07869074493646622
10,left,0.6341840624809265,0.903765082359314,6.521828481709235e-07,0.6507400870323181,0.8585025072097778,-0.06787034869194031,0.6469547152519226,0.8315062522888184,-0.10961519181728363,0.658085823059082,0.8162201642990112,-0.1395750194787979,0.6851951479911804,0.8086448907852173,-0.169120192527771,0.576513946056366,0.8998220562934875,-0.10722649097442627,0.5296453833580017,0.9138566255569458,-0.1444944590330124,0.4919353127479553,0.9253966808319092,-0.16839078068733215,0.45779889822006226,0.9393803477287292,-0.18356730043888092,0.5514258742332458,0.9049319624900818,-0.08317608386278152,0.4923165440559387,0.9084709286689758,-0.1151966080069542,0.44656461477279663,0.898745596408844,-0.1320895403623581,0.4099597632884979,0.8938559889793396,-0.1432461440563202,0.5373827219009399,0.9004276990890503,-0.060531556606292725,0.48566076159477234,0.9000584483146667,-0.08282699435949326,0.4479917287826538,0.884638249874115,-0.09645082801580429,0.4181206226348877,0.8734029531478882,-0.1048268973827362,0.5306333303451538,0.8933990001678467,-0.04287958890199661,0.4966292679309845,0.8880503177642822,-0.05599265545606613,0.4703908860683441,0.8795754909515381,-0.06373602896928787,0.44913041591644287,0.8702152967453003,-0.0694967582821846
11,right,0.3446803092956543,0.6840940713882446,3.270252477705071e-07,0.41362908482551575,0.7177151441574097,0.010514738969504833,0.46938541531562805,0.7107477188110352,0.004913608077913523,0.5110796093940735,0.7058929800987244,-0.006728264968842268,0.537598729133606,0.7034767866134644,-0.019633924588561058,0.4888436198234558,0.600286602973938,-0.009321094490587711,0.5440603494644165,0.5831610560417175,-0.029768554493784904,0.5822646021842957,0.5856651663780212,-0.04502267390489578,0.6147599220275879,0.5924767255783081,-0.05740438029170036,0.47617781162261963,0.6013474464416504,-0.030801650136709213,0.5379186272621155,0.6728623509407043,-0.05909669026732445,0.5559042692184448,0.7378792762756348,-0.0730559453368187,0.5670624375343323,0.7888492345809937,-0.0799480527639389,0.456315815448761,0.6226953864097595,-0.05185509845614433,0.5181834101676941,0.6864488124847412,-0.07631001621484756,0.5443738698959351,0.7469127774238586,-0.0810108408331871,0.564445436000824,0.793998122215271,-0.08197952061891556,0.4349716305732727,0.6581545472145081,-0.07227566838264465,0.48521435260772705,0.6922147870063782,-0.08733741194009781,0.5124201774597168,0.7253310084342957,-0.08687111735343933,0.5356612801551819,0.7546775341033936,-0.08561531454324722
11,left,0.639406681060791,0.8935971856117249,6.836204420324066e-07,0.6516256928443909,0.8488834500312805,-0.06654337048530579,0.646144688129425,0.8232236504554749,-0.10763607174158096,0.6586669087409973,0.808619499206543,-0.13726885616779327,0.6861991286277771,0.7981622219085693,-0.16658836603164673,0.5776854157447815,0.8960515856742859,-0.10326236486434937,0.5292811393737793,0.906547486782074,-0.1381046622991562,0.4931410849094391,0.916458249092102,-0.1608559787273407,0.4603973627090454,0.9279366731643677,-0.17590662837028503,0.5563668012619019,0.9023668766021729,-0.08009204268455505,0.4980649948120117,0.8972493410110474,-0.1101921871304512,0.4541304409503937,0.8840281963348389,-0.1268511563539505,0.418154239654541,0.8760193586349487,-0.13838617503643036,0.544254720211029,0.8984950184822083,-0.05857841297984123,0.493025004863739,0.8908931016921997,-0.07984534651041031,0.45526793599128723,0.8763056993484497,-0.09326677024364471,0.424917995929718,0.8665013909339905,-0.10192620754241943,0.5384812355041504,0.8920419812202454,-0.0420270673930645,0.5019773244857788,0.8812273740768433,-0.055370982736349106,0.47411343455314636,0.8714719414710999,-0.06354249268770218,0.4515402019023895,0.8632369637489319,-0.06977586448192596
12,right,0.3338792026042938,0.7172991633415222,2.1971781904994714e-07,0.40155190229415894,0.7376468777656555,0.016499105840921402,0.4613043963909149,0.7255957126617432,0.01524801179766655,0.5033991932868958,0.7178902626037598,0.007972369901835918,0.5349650979042053,0.7146483063697815,-0.0004996421048417687,0.48508381843566895,0.6417548656463623,-0.007523776032030582,0.5498837828636169,0.6204973459243774,-0.02290775068104267,0.5933544635772705,0.6229379177093506,-0.03298776596784592,0.6259003281593323,0.6335373520851135,-0.03973384201526642,0.4734468460083008,0.6450576782226562,-0.02720721997320652,0.5426033735275269,0.7109799981117249,-0.04765523970127106,0.5615081787109375,0.7662658095359802,-0.055473443120718,0.5671893358230591,0.805620551109314,-0.05806013196706772,0.4576893746852875,0.6695044040679932,-0.04512929171323776,0.5235919952392578,0.7287342548370361,-0.06044101342558861,0.5485100746154785,0.7775411605834961,-0.05923030152916908,0.5621030330657959,0.8123246431350708,-0.056873828172683716,0.44222909212112427,0.7043872475624084,-0.0618642158806324,0.49219247698783875,0.7332900762557983,-0.06964124739170074,0.5190480351448059,0.7600216269493103,-0.0648239329457283,0.5391110777854919,0.783136785030365,-0.059995170682668686
12,left,0.6263655424118042,0.9188637137413025,1.1194773463785168e-07,0.6458626389503479,0.8627640604972839,-0.041701048612594604,0.6460370421409607,0.8156396150588989,-0.06928916275501251,0.6606732606887817,0.795504093170166,-0.08895621448755264,0.6925033330917358,0.8057064414024353,-0.10897005349397659,0.5888561606407166,0.8733784556388855,-0.07255050539970398,0.540074348449707,0.891279399394989,-0.09594611078500748,0.502480149269104,0.9016591906547546,-0.11357640475034714,0.46287107467651367,0.9086582064628601,-0.12671706080436707,0.5549466013908386,0.8811056613922119,-0.05641743540763855,0.4887263774871826,0.8871467113494873,-0.07644706964492798,0.447071373462677,0.8875653743743896,-0.0896172896027565,0.4091097116470337,0.8891703486442566,-0.10130127519369125,0.5316235423088074,0.8807259202003479,-0.03884446248412132,0.47262874245643616,0.8756923079490662,-0.05031796544790268,0.44154438376426697,0.8687694072723389,-0.055767230689525604,0.41567158699035645,0.862886905670166,-0.06032613292336464,0.5159583687782288,0.8744814991950989,-0.02427944540977478,0.47335416078567505,0.8660963773727417,-0.025019977241754532,0.4467753767967224,0.8601058721542358,-0.021770557388663292,0.4239465594291687,0.8539469242095947,-0.021518457680940628
13,right,0.3352818489074707,0.7297994494438171,2.3224538381327875e-07,0.3960001766681671,0.7291684150695801,0.020903566852211952,0.4550817310810089,0.7185529470443726,0.020236799493432045,0.49517330527305603,0.7146883606910706,0.013516508974134922,0.5250583291053772,0.7171052098274231,0.0059380787424743176,0.48416265845298767,0.6518705487251282,-0.008960559964179993,0.553480327129364,0.6314852833747864,-0.024931566789746284,0.5966470241546631,0.6380302309989929,-0.03521222248673439,0.6279682517051697,0.6522571444511414,-0.042056210339069366,0.4733424484729767,0.6602180004119873,-0.03057432360947132,0.539753794670105,0.7256906032562256,-0.047698285430669785,0.5612382292747498,0.7769684791564941,-0.05483931675553322,0.5744168162345886,0.8139292597770691,-0.05926534906029701,0.4584598243236542,0.6859729886054993,-0.050075288861989975,0.5235274434089661,0.7410392761230469,-0.06286413222551346,0.5537869334220886,0.7880598306655884,-0.06338613480329514,0.5776178240776062,0.8244587182998657,-0.0643850788474083,0.4446364641189575,0.7201235890388489,-0.06785828620195389,0.4943195581436157,0.7464700937271118,-0.07395071536302567,0.5194970965385437,0.7723520398139954,-0.06944834440946579,0.5413310527801514,0.7950268387794495,-0.0661453828215599
13,left,0.6302756667137146,0.9223937392234802,1.1444867453747065e-07,0.6487708687782288,0.8629777431488037,-0.04057063162326813,0.6457222104072571,0.8137713074684143,-0.06726869195699692,0.6590376496315002,0.7928716540336609,-0.08597563207149506,0.6874091029167175,0.803565263748169,-0.10598450899124146,0.5899136066436768,0.8688316345214844,-0.07190857082605362,0.5397061109542847,0.890352189540863,-0.09307517111301422,0.5016570091247559,0.9013999104499817,-0.11042521893978119,0.4623282253742218,0.9059334397315979,-0.12393644452095032,0.5576573610305786,0.878779411315918,-0.05482944846153259,0.4916519522666931,0.887906551361084,-0.07452399283647537,0.4485262930393219,0.889599084854126,-0.09201925992965698,0.4091334342956543,0.892389714717865,-0.10776552557945251,0.5343378186225891,0.8794098496437073,-0.0354151725769043,0.4737916588783264,0.8746259212493896,-0.04631951451301575,0.4384458065032959,0.8698616027832031,-0.056668225675821304,0.4095075726509094,0.8679105043411255,-0.06555598974227905,0.5190823078155518,0.872157871723175,-0.018417712301015854,0.47424423694610596,0.8597889542579651,-0.018092865124344826,0.4462301731109619,0.8555642366409302,-0.017089836299419403,0.4221862554550171,0.8533601760864258,-0.01940973661839962
14,right,0.33759915828704834,0.7366218566894531,1.3852985603080015e-07,0.39704781770706177,0.7365620136260986,0.026286453008651733,0.45364660024642944,0.7250121831893921,0.02753250114619732,0.49103325605392456,0.719117283821106,0.02186432294547558,0.5208922624588013,0.7213399410247803,0.015251455828547478,0.4843423664569855,0.6561495065689087,-0.004987610969692469,0.5551841259002686,0.6391949653625488,-0.01945059560239315,0.5985739827156067,0.6451999545097351,-0.02883979119360447,0.6301893591880798,0.6593518853187561,-0.03500647097826004,0.47444236278533936,0.6622931957244873,-0.028656043112277985,0.5353981256484985,0.7366835474967957,-0.04472982883453369,0.5501593351364136,0.7828560471534729,-0.05039569362998009,0.5589078068733215,0.8141236305236816,-0.05348449572920799,0.46092867851257324,0.6886327266693115,-0.049733035266399384,0.5253187417984009,0.7500393986701965,-0.061479486525058746,0.5549378395080566,0.795355498790741,-0.060732658952474594,0.5788373351097107,0.8296173810958862,-0.0609641969203949,0.44890427589416504,0.7241417765617371,-0.06852756440639496,0.4993489682674408,0.7531221508979797,-0.0743023157119751,0.5272120237350464,0.7794923782348633,-0.06918445229530334,0.5537919402122498,0.8031701445579529,-0.06517384946346283
14,left,0.6311154365539551,0.9114440679550171,3.9938001350492414e-07,0.6444248557090759,0.8661434054374695,-0.056031305342912674,0.6406760215759277,0.8290305137634277,-0.09006808698177338,0.6541294455528259,0.812201738357544,-0.11393071711063385,0.6878383755683899,0.8160321712493896,-0.13632981479167938,0.5742956399917603,0.8903546333312988,-0.08953225612640381,0.5249661207199097,0.901473879814148,-0.12031228840351105,0.4868053197860718,0.91253662109375,-0.13960178196430206,0.4540829062461853,0.9265546798706055,-0.15115733444690704,0.5492337942123413,0.8965594172477722,-0.0679912269115448,0.4900122284889221,0.8928030133247375,-0.09386800974607468,0.4482033848762512,0.881830096244812,-0.10624679177999496,0.4163193106651306,0.879838764667511,-0.11427782475948334,0.5324090123176575,0.8924118280410767,-0.04719217121601105,0.47898343205451965,0.8855703473091125,-0.0651412233710289,0.4445876181125641,0.8716044425964355,-0.07544484734535217,0.41692954301834106,0.8646262884140015,-0.08075443655252457,0.5215214490890503,0.8857412338256836,-0.03031647764146328,0.48195141553878784,0.8753103613853455,-0.03830651938915253,0.4537839889526367,0.8645473718643188,-0.04173547029495239,0.4302717447280884,0.8569406867027283,-0.04417968541383743
15,right,0.3400813937187195,0.754836916923523,1.6932249025103374e-07,0.3998035490512848,0.7559962868690491,0.02283947356045246,0.4560796916484833,0.7413751482963562,0.02195071056485176,0.49286404252052307,0.7353946566581726,0.014336355030536652,0.5210753083229065,0.7356070876121521,0.005197967402637005,0.4872730076313019,0.6722707748413086,-0.013172881677746773,0.5592935085296631,0.6585713624954224,-0.03139861300587654,0.6035013794898987,0.6662130951881409,-0.04300043731927872,0.6353817582130432,0.681232213973999,-0.050681717693805695,0.4759698510169983,0.6792316436767578,-0.03673015534877777,0.5418571829795837,0.7507456541061401,-0.05779588595032692,0.5589397549629211,0.7980685830116272,-0.06592666357755661,0.5670714378356934,0.8305044174194336,-0.07044701278209686,0.45989879965782166,0.7059313654899597,-0.057698141783475876,0.5267187356948853,0.760960578918457,-0.07479092478752136,0.5521785020828247,0.8054133057594299,-0.07613575458526611,0.5703334808349609,0.8392784595489502,-0.07668984681367874,0.4456081986427307,0.7427583932876587,-0.07662718743085861,0.4971272647380829,0.7626090049743652,-0.08797695487737656,0.5272141098976135,0.7863530516624451,-0.08669533580541611,0.5547852516174316,0.811369776725769,-0.0848466083407402
15,left,0.6306856274604797,0.9099696278572083,6.109670493970043e-07,0.6480488777160645,0.8643966317176819,-0.06461641937494278,0.6489183902740479,0.837485671043396,-0.10517192631959915,0.6634734869003296,0.828307032585144,-0.1348983347415924,0.693869948387146,0.8318864107131958,-0.1642843633890152,0.579486072063446,0.9059031009674072,-0.10258232057094574,0.5325706005096436,0.91609787940979,-0.13662098348140717,0.493680864572525,0.9271987080574036,-0.1578715592622757,0.4592514932155609,0.9399637579917908,-0.17198984324932098,0.5555368065834045,0.9126906394958496,-0.08078434318304062,0.49804627895355225,0.9115892052650452,-0.11158830672502518,0.4539724588394165,0.9028715491294861,-0.12869124114513397,0.4187301993370056,0.8988091349601746,-0.14063569903373718,0.5399757623672485,0.9110425114631653,-0.060221798717975616,0.4887324273586273,0.9073464870452881,-0.08207421749830246,0.45133328437805176,0.8951268792152405,-0.09639077633619308,0.4211192727088928,0.8877186179161072,-0.10558748245239258,0.5300067663192749,0.907304048538208,-0.04429301247000694,0.4933806359767914,0.8984098434448242,-0.05698573589324951,0.4643293619155884,0.8906733393669128,-0.06534356623888016,0.4398661255836487,0.8842668533325195,-0.07202252000570297
16,right,0.33929526805877686,0.7577958703041077,2.292388359137476e-07,0.39923715591430664,0.7547307014465332,0.01879175379872322,0.4578600525856018,0.7420398592948914,0.015012758783996105,0.4967607855796814,0.7384799122810364,0.005380348302423954,0.5266469717025757,0.7429918646812439,-0.005347337108105421,0.4884890913963318,0.6765055656433105,-0.018854066729545593,0.5608558654785156,0.6626726984977722,-0.03979549929499626,0.6048945188522339,0.6732757687568665,-0.0524425208568573,0.6358436942100525,0.6919159889221191,-0.06002528965473175,0.4753035306930542,0.6841869950294495,-0.04082285240292549,0.5405224561691284,0.7562454342842102,-0.0645766407251358,0.5602306127548218,0.8046298623085022,-0.07268588244915009,0.5697058439254761,0.8392565250396729,-0.07620172947645187,0.4573781490325928,0.7114364504814148,-0.060446847230196,0.5241599082946777,0.7640613317489624,-0.07913020998239517,0.5513949394226074,0.8081818222999573,-0.07928379625082016,0.5703104138374329,0.8431851863861084,-0.07797419279813766,0.4416066110134125,0.7483055591583252,-0.07834163308143616,0.4945778548717499,0.7724187970161438,-0.08975941687822342,0.524958074092865,0.7960242629051208,-0.08713651448488235,0.5521727204322815,0.8190732598304749,-0.08355149626731873
16,left,0.6340498328208923,0.9485721588134766,6.068591318353356e-08,0.6494655013084412,0.8851671814918518,-0.04207662492990494,0.6448083519935608,0.8385458588600159,-0.07145173847675323,0.6607638001441956,0.8266136050224304,-0.09341268241405487,0.699425220489502,0.8444738388061523,-0.11676986515522003,0.5905410647392273,0.8992955684661865,-0.0794902965426445,0.5447614192962646,0.9213652014732361,-0.10670263320207596,0.5085169076919556,0.9356443881988525,-0.1263408213853836,0.47175848484039307,0.944787859916687,-0.14042367041110992,0.5575387477874756,0.9107803702354431,-0.06365446001291275,0.4965583086013794,0.9270761013031006,-0.08793465793132782,0.4560808837413788,0.9301638603210449,-0.10220020264387131,0.4203706383705139,0.9308705925941467,-0.11421822011470795,0.5342186689376831,0.9099071025848389,-0.046311717480421066,0.47499045729637146,0.9092656373977661,-0.06237933784723282,0.44056984782218933,0.900978147983551,-0.07046951353549957,0.41220685839653015,0.8927573561668396,-0.07626565545797348,0.5192283391952515,0.902018129825592,-0.03163265436887741,0.47643059492111206,0.8908163905143738,-0.03632369264960289,0.45019227266311646,0.8800650238990784,-0.03550475835800171,0.4293111562728882,0.8685939311981201,-0.03672417625784874
17,right,0.33879292011260986,0.7584585547447205,2.854283422948356e-07,0.4019055962562561,0.7530492544174194,0.016820579767227173,0.46272584795951843,0.7387835383415222,0.013114889152348042,0.5043553113937378,0.7349024415016174,0.0037928936071693897,0.5360042452812195,0.7403990626335144,-0.00668942229822278,0.4898756742477417,0.6762362718582153,-0.018783990293741226,0.559671938419342,0.6639490127563477,-0.039562590420246124,0.6038820743560791,0.6737107038497925,-0.052261125296354294,0.6354109644889832,0.689867377281189,-0.06035030260682106,0.4748763144016266,0.6861895322799683,-0.0399140790104866,0.5446436405181885,0.7525611519813538,-0.06338723748922348,0.569318413734436,0.8023203611373901,-0.07284164428710938,0.5834454298019409,0.8391174674034119,-0.07807926088571548,0.4562525451183319,0.7145016193389893,-0.05893024057149887,0.5242053866386414,0.7654481530189514,-0.07831622660160065,0.5523362159729004,0.8113895058631897,-0.08076727390289307,0.5716776251792908,0.8478586077690125,-0.08130969107151031,0.4399529993534088,0.7522095441818237,-0.0763668492436409,0.49484601616859436,0.7802343368530273,-0.08804728090763092,0.5250047445297241,0.8058668971061707,-0.08716312050819397,0.5508636236190796,0.8295932412147522,-0.08549609780311584
17,left,0.6207544803619385,0.9338690042495728,4.4853695158053597e-07,0.6453397870063782,0.8869251608848572,-0.06149565801024437,0.6511520743370056,0.8539938926696777,-0.1002439558506012,0.6656689643859863,0.8429726362228394,-0.12802353501319885,0.6953856945037842,0.8449599146842957,-0.15481095016002655,0.5821124911308289,0.9138062000274658,-0.10097326338291168,0.538237988948822,0.9309046268463135,-0.13469235599040985,0.4998541474342346,0.9444422125816345,-0.15518786013126373,0.46540749073028564,0.9575967192649841,-0.16828405857086182,0.55171138048172,0.9229147434234619,-0.07859164476394653,0.49630776047706604,0.9233855605125427,-0.106527179479599,0.45637503266334534,0.911418616771698,-0.1194857731461525,0.4254155457019806,0.9060218334197998,-0.12852755188941956,0.5320002436637878,0.9215794801712036,-0.05696510523557663,0.4800609350204468,0.9159261584281921,-0.07642628997564316,0.4475501775741577,0.8997504115104675,-0.08650881797075272,0.421867698431015,0.8897852301597595,-0.09247633069753647,0.5192729234695435,0.9172074198722839,-0.03966228663921356,0.48153430223464966,0.9087663888931274,-0.04996670410037041,0.45407605171203613,0.8980425000190735,-0.054406456649303436,0.43100374937057495,0.8892378807067871,-0.05782356858253479
18,right,0.33269089460372925,0.7613697648048401,2.4656083041918464e-07,0.39257171750068665,0.7376717329025269,0.02182251401245594,0.4519241154193878,0.7154647707939148,0.0205459576100111,0.4955792725086212,0.706305742263794,0.013231100514531136,0.5287946462631226,0.7064889073371887,0.004256978165358305,0.4797651469707489,0.664824366569519,-0.013471946120262146,0.5470067262649536,0.6516587734222412,-0.031664494425058365,0.590650737285614,0.6567744016647339,-0.04278380796313286,0.6246010661125183,0.6667395830154419,-0.050192613154649734,0.4672044515609741,0.682092010974884,-0.036202311515808105,0.539214551448822,0.745718240737915,-0.0562293566763401,0.5645368695259094,0.7945078611373901,-0.06414370983839035,0.5806165933609009,0.8299224376678467,-0.06873176991939545,0.4518730640411377,0.7173721194267273,-0.05641068145632744,0.5238547921180725,0.7662091851234436,-0.07284057885408401,0.5585596561431885,0.8103219270706177,-0.07503169029951096,0.5846377611160278,0.8431466817855835,-0.07620333135128021,0.43847551941871643,0.7606706023216248,-0.0745668038725853,0.4981852173805237,0.788981556892395,-0.08434874564409256,0.531093955039978,0.814302921295166,-0.08290129899978638,0.5611681938171387,0.835490345954895,-0.08149158954620361
18,left,0.6237209439277649,0.9332500100135803,8.870119927451015e-08,0.6472253203392029,0.8762229084968567,-0.031666215509176254,0.654925525188446,0.8321871161460876,-0.056594159454107285,0.6746707558631897,0.8220762610435486,-0.07567905634641647,0.7099935412406921,0.8462006449699402,-0.09716326743364334,0.6014721393585205,0.8828997611999512,-0.061224326491355896,0.5599543452262878,0.9133327007293701,-0.08237448334693909,0.525123655796051,0.929311215877533,-0.1008632481098175,0.48846206068992615,0.9382977485656738,-0.11469117552042007,0.5662720799446106,0.8951863646507263,-0.04866082966327667,0.50787353515625,0.9070383906364441,-0.0639965832233429,0.46664905548095703,0.9096737504005432,-0.07718478888273239,0.428770512342453,0.9122469425201416,-0.08986344933509827,0.5409390330314636,0.89928138256073,-0.03374272584915161,0.486702561378479,0.897014319896698,-0.04077804461121559,0.45565950870513916,0.8925180435180664,-0.04551130533218384,0.4303634464740753,0.8895173072814941,-0.050487417727708817,0.5240882635116577,0.8973818421363831,-0.020944971591234207,0.4838414192199707,0.8917662501335144,-0.01914667896926403,0.45833736658096313,0.889997661113739,-0.014193986542522907,0.43865966796875,0.8868236541748047,-0.012851701118052006
19,right,0.32668536901474,0.7590264678001404,3.4242941637785407e-07,0.3852059841156006,0.7316135764122009,0.015971804037690163,0.4444913864135742,0.708683967590332,0.011933115310966969,0.48867857456207275,0.7002680897712708,0.0032335270661860704,0.5213488340377808,0.6963764429092407,-0.006620524451136589,0.46866393089294434,0.6560314297676086,-0.02032035030424595,0.5370553731918335,0.6359221339225769,-0.04075773432850838,0.5827042460441589,0.6376274228096008,-0.053201306611299515,0.6188270449638367,0.6452069282531738,-0.06126253306865692,0.4570466876029968,0.6767138242721558,-0.04063704237341881,0.534542441368103,0.7288116812705994,-0.06257610023021698,0.566082239151001,0.7756109833717346,-0.07165496796369553,0.585357666015625,0.8109170198440552,-0.0765245333313942,0.4432956278324127,0.7149189710617065,-0.05878834426403046,0.5188647508621216,0.7549890279769897,-0.07616083323955536,0.5575129389762878,0.7951327562332153,-0.07933609187602997,0.5850829482078552,0.8245128989219666,-0.08074870705604553,0.43155989050865173,0.7613344788551331,-0.07535300403833389,0.49339723587036133,0.7850927114486694,-0.08502553403377533,0.526839017868042,0.805702269077301,-0.08373309671878815,0.5553574562072754,0.8224178552627563,-0.08234502375125885
19,left,0.6211105585098267,0.9334798455238342,9.744061202354715e-08,0.6463243365287781,0.8764714002609253,-0.03244999051094055,0.6551967859268188,0.8336143493652344,-0.057472944259643555,0.675940990447998,0.8237621188163757,-0.07652654498815536,0.7117425799369812,0.8465167880058289,-0.09737908840179443,0.5991360545158386,0.8839235901832581,-0.06188405305147171,0.5581290125846863,0.9118719100952148,-0.0824083536863327,0.5234490633010864,0.9266759753227234,-0.09962718933820724,0.4866103529930115,0.9339959621429443,-0.11308186501264572,0.5620766282081604,0.8948573470115662,-0.049979694187641144,0.5033227801322937,0.9072935581207275,-0.06677201390266418,0.46498459577560425,0.909603476524353,-0.08016794174909592,0.42870640754699707,0.9090104699134827,-0.09294343739748001,0.5355945825576782,0.897820770740509,-0.03590077906847,0.48171043395996094,0.8967493176460266,-0.04457429423928261,0.45198333263397217,0.8927399516105652,-0.05045979470014572,0.4257965683937073,0.8879608511924744,-0.05617183446884155,0.5189248919487,0.8950291275978088,-0.024047531187534332,0.47894027829170227,0.8870665431022644,-0.023448791354894638,0.45322105288505554,0.8840305805206299,-0.0198660995811224,0.4311675727367401,0.8793721795082092,-0.019636094570159912
20,right,0.3097206950187683,0.7469069361686707,4.417619265950634e-07,0.36391082406044006,0.6907466650009155,0.010122548788785934,0.4211769700050354,0.6538307070732117,0.0024622746277600527,0.46692749857902527,0.6383535265922546,-0.00813603587448597,0.49937811493873596,0.6434938311576843,-0.019431255757808685,0.4421336352825165,0.6173073053359985,-0.026788750663399696,0.5119612216949463,0.5950049161911011,-0.04745473712682724,0.5572288632392883,0.594304084777832,-0.05887471139431,0.5941012501716614,0.5985134840011597,-0.06600084155797958,0.4342990219593048,0.6487736701965332,-0.04363582655787468,0.5260200500488281,0.6864035725593567,-0.06348895281553268,0.5615960359573364,0.727946937084198,-0.07059246301651001,0.5840141773223877,0.7604889869689941,-0.07420942932367325,0.4249766170978546,0.6952114105224609,-0.058296140283346176,0.5115975737571716,0.7255508899688721,-0.071709543466568,0.5540758371353149,0.7577983140945435,-0.07294856011867523,0.584306001663208,0.7818545699119568,-0.0736498311161995,0.41735151410102844,0.7486310601234436,-0.0719236508011818,0.48381736874580383,0.7628448009490967,-0.07827095687389374,0.5195353031158447,0.7757856845855713,-0.07586286962032318,0.5500503182411194,0.7861245274543762,-0.07390929013490677
20,left,0.6241228580474854,0.9229211211204529,3.67932244671465e-07,0.6506521701812744,0.8761506080627441,-0.056661587208509445,0.6604514122009277,0.8346356153488159,-0.09251105040311813,0.6762911081314087,0.821563184261322,-0.11832180619239807,0.7044753432273865,0.8287068605422974,-0.1433245986700058,0.5928748846054077,0.9003854393959045,-0.09399094432592392,0.5446489453315735,0.9173977971076965,-0.12615974247455597,0.5055665969848633,0.9280158877372742,-0.14617806673049927,0.47068822383880615,0.939153254032135,-0.15885566174983978,0.564336895942688,0.9112707376480103,-0.07448507100343704,0.5053166151046753,0.9124462604522705,-0.1017591804265976,0.4623115658760071,0.9023421406745911,-0.1156972125172615,0.42807644605636597,0.8992878794670105,-0.12560297548770905,0.5451724529266357,0.9094380140304565,-0.05545828491449356,0.4933930039405823,0.9022960066795349,-0.07456613332033157,0.4599371552467346,0.8866454362869263,-0.08484386652708054,0.43180224299430847,0.8764560222625732,-0.09104423224925995,0.5321017503738403,0.9030693173408508,-0.0404987633228302,0.4960387945175171,0.8917140364646912,-0.05060916021466255,0.4692067801952362,0.8798255920410156,-0.054454952478408813,0.4464494585990906,0.86946040391922,-0.05752832069993019
21,right,0.29604634642601013,0.7440435886383057,5.163444711797638e-07,0.34444040060043335,0.6773312091827393,0.008998649194836617,0.4026549756526947,0.6431100368499756,0.0003969818935729563,0.45392459630966187,0.6426040530204773,-0.010800929740071297,0.4903273582458496,0.6623448729515076,-0.022363102063536644,0.4210708439350128,0.6053740978240967,-0.029956694692373276,0.49153658747673035,0.5727623105049133,-0.051871608942747116,0.5384235978126526,0.5708387494087219,-0.06396464258432388,0.5757275819778442,0.5752058029174805,-0.0712495893239975,0.4195671081542969,0.640975832939148,-0.04654437303543091,0.5145037174224854,0.6626393795013428,-0.06796479225158691,0.559870183467865,0.7004688382148743,-0.07630550116300583,0.5887562036514282,0.731908917427063,-0.08054503053426743,0.4163079857826233,0.6894242763519287,-0.06092599406838417,0.5035653114318848,0.7119852900505066,-0.07546642422676086,0.5490635633468628,0.7403932213783264,-0.07765686511993408,0.5805400013923645,0.76127690076828,-0.07872230559587479,0.41254469752311707,0.7426060438156128,-0.07437741756439209,0.4801356792449951,0.7539374828338623,-0.08093462884426117,0.5166676640510559,0.7632189393043518,-0.07846110314130783,0.5476990938186646,0.7686307430267334,-0.07626310735940933
21,left,0.638617992401123,0.9197636842727661,6.093745241741999e-07,0.6571812033653259,0.8704549670219421,-0.06879319995641708,0.6574152708053589,0.8442516922950745,-0.11382334679365158,0.6712088584899902,0.828737199306488,-0.14607322216033936,0.6995160579681396,0.8227530121803284,-0.17752067744731903,0.5935943126678467,0.9073561429977417,-0.11912327259778976,0.5501493215560913,0.9141089916229248,-0.15861782431602478,0.5135003924369812,0.9232163429260254,-0.1820719838142395,0.47822242975234985,0.9367005825042725,-0.1965019851922989,0.56630539894104,0.9151801466941833,-0.09434854984283447,0.5093033909797668,0.9111133217811584,-0.12923839688301086,0.4650334417819977,0.8972406387329102,-0.14539004862308502,0.4297714829444885,0.8901909589767456,-0.15572205185890198,0.5486308336257935,0.9120686054229736,-0.06998565793037415,0.49806180596351624,0.9111061096191406,-0.09402884542942047,0.45995014905929565,0.8958839774131775,-0.10681532323360443,0.43027469515800476,0.8867289423942566,-0.11428379267454147,0.5380992889404297,0.9038242101669312,-0.05033936724066734,0.503026008605957,0.9034026265144348,-0.06322439014911652,0.47356441617012024,0.8993233442306519,-0.06993918120861053,0.44958966970443726,0.8963453769683838,-0.07495028525590897
22,right,0.2764868140220642,0.7592035531997681,4.6981776335996983e-07,0.31520020961761475,0.6809974908828735,0.005098260473459959,0.3679856061935425,0.6333091259002686,-0.005507711786776781,0.42090705037117004,0.6261974573135376,-0.017482515424489975,0.4616946876049042,0.6381804347038269,-0.029915720224380493,0.3814008831977844,0.5996942520141602,-0.037351448088884354,0.4511110782623291,0.5584027767181396,-0.0604839101433754,0.497906893491745,0.5452812314033508,-0.07279796153306961,0.5359165072441101,0.5380122065544128,-0.07988516986370087,0.3840584456920624,0.6405894756317139,-0.05206365883350372,0.4813120365142822,0.6385908126831055,-0.07188480347394943,0.5353291034698486,0.6587154865264893,-0.07936964929103851,0.5733863115310669,0.6787709593772888,-0.08410317450761795,0.3856459856033325,0.6940984129905701,-0.06456079334020615,0.4784804582595825,0.6934557557106018,-0.07947003096342087,0.5297419428825378,0.7081906199455261,-0.0822097584605217,0.5658026933670044,0.720607578754425,-0.08388735353946686,0.3886758089065552,0.750558078289032,-0.0761236771941185,0.46143805980682373,0.7426183819770813,-0.08445572853088379,0.49815335869789124,0.7455716729164124,-0.08224853873252869,0.5274742245674133,0.7482472658157349,-0.08012322336435318
22,left,0.6359782218933105,0.9198533892631531,6.688177904834447e-07,0.653393566608429,0.8648815155029297,-0.06544089317321777,0.6531723737716675,0.8382306098937988,-0.10812927782535553,0.6694579124450684,0.8265228271484375,-0.1390203833580017,0.7008582353591919,0.8223432302474976,-0.16949626803398132,0.5941753387451172,0.9033915996551514,-0.11369002610445023,0.5465220212936401,0.9136543273925781,-0.15167614817619324,0.5092353820800781,0.9262704849243164,-0.1739940643310547,0.47493410110473633,0.9422657489776611,-0.18739746510982513,0.5680344104766846,0.9165949821472168,-0.09002843499183655,0.5088937282562256,0.9153857231140137,-0.12206080555915833,0.4640539586544037,0.9056288003921509,-0.13664114475250244,0.42846328020095825,0.8998823165893555,-0.14613229036331177,0.5515936017036438,0.9181312918663025,-0.0667375922203064,0.49947720766067505,0.9141700267791748,-0.0885334312915802,0.46079689264297485,0.899366021156311,-0.10017038881778717,0.4313211441040039,0.8882766366004944,-0.10710455477237701,0.5414807200431824,0.9144426584243774,-0.04796045273542404,0.5073861479759216,0.9076350331306458,-0.05916156992316246,0.4798080325126648,0.8993619084358215,-0.06471244245767593,0.4573036730289459,0.8915190100669861,-0.06905116140842438
23,right,0.2737109065055847,0.7730539441108704,5.27609984146693e-07,0.30628105998039246,0.6916994452476501,0.0028890373650938272,0.3562631905078888,0.6325539350509644,-0.009622983634471893,0.40900295972824097,0.6078879237174988,-0.02234685607254505,0.45241880416870117,0.6010215878486633,-0.03542732819914818,0.35834673047065735,0.6047500967979431,-0.0478852204978466,0.4282321333885193,0.5611432790756226,-0.07259837538003922,0.475648432970047,0.5465517044067383,-0.08435021340847015,0.51385498046875,0.5386735796928406,-0.09053082019090652,0.3609440326690674,0.6495885848999023,-0.06147703528404236,0.46343162655830383,0.6375738382339478,-0.08407368510961533,0.5209873914718628,0.6533110737800598,-0.09058702737092972,0.558158814907074,0.6703144311904907,-0.09407421201467514,0.36621537804603577,0.7054874300956726,-0.07230821251869202,0.4657471477985382,0.6920225024223328,-0.08893947303295135,0.5192399621009827,0.7002209424972534,-0.08954367786645889,0.553836464881897,0.7080543637275696,-0.08928427845239639,0.3743951916694641,0.7614690661430359,-0.08201281726360321,0.4509226083755493,0.7429962754249573,-0.0908539891242981,0.4892994165420532,0.7409186959266663,-0.087200827896595,0.5180492401123047,0.7387414574623108,-0.08383767306804657
23,left,0.6366850733757019,0.9191107153892517,7.289089012374461e-07,0.6531994938850403,0.8628279566764832,-0.06642523407936096,0.6519237756729126,0.8348785638809204,-0.11042105406522751,0.6685250997543335,0.8247526288032532,-0.14212603867053986,0.7001912593841553,0.8217849135398865,-0.1736651062965393,0.5954735279083252,0.9046344757080078,-0.11946135759353638,0.5479463934898376,0.9132898449897766,-0.15896902978420258,0.5100067257881165,0.9255557060241699,-0.18224869668483734,0.47501152753829956,0.9424145221710205,-0.19640840590000153,0.5697121024131775,0.9218313694000244,-0.09582436829805374,0.5085121393203735,0.9163773655891418,-0.12913015484809875,0.46210747957229614,0.9033049941062927,-0.14416885375976562,0.425592303276062,0.8956933617591858,-0.1540416181087494,0.5530129671096802,0.9258137345314026,-0.07227346301078796,0.4989812970161438,0.9178904294967651,-0.0944732278585434,0.4600769281387329,0.9007613658905029,-0.10586126148700714,0.4312182664871216,0.8888925313949585,-0.11286532133817673,0.5427094101905823,0.9235482215881348,-0.05328768491744995,0.5074042081832886,0.9120878577232361,-0.06546986103057861,0.4791684150695801,0.900959849357605,-0.07133205235004425,0.4564673900604248,0.8911952972412109,-0.07590201497077942
24,right,0.2500915825366974,0.7955150008201599,5.418964974523988e-07,0.2775611877441406,0.7073630690574646,-0.013081408105790615,0.3280332684516907,0.6219236254692078,-0.029182134196162224,0.3762592375278473,0.5613015294075012,-0.04078824818134308,0.40597981214523315,0.5028824210166931,-0.05192476883530617,0.30732741951942444,0.6351655125617981,-0.06662539392709732,0.3710646629333496,0.5966423749923706,-0.09481892734766006,0.41965556144714355,0.5805438756942749,-0.10677947849035263,0.4607807397842407,0.5707392692565918,-0.11244688928127289,0.3142864406108856,0.696478545665741,-0.07203610241413116,0.414461225271225,0.6704400181770325,-0.0977652296423912,0.47618821263313293,0.6687459945678711,-0.1036597490310669,0.5210664868354797,0.6692694425582886,-0.10769768059253693,0.3266018033027649,0.7577569484710693,-0.07558900862932205,0.4257867634296417,0.7261921763420105,-0.09804864227771759,0.48301050066947937,0.7172489166259766,-0.10026730597019196,0.5214118361473083,0.710692286491394,-0.1002083569765091,0.34158653020858765,0.8120340704917908,-0.07863719016313553,0.41779884696006775,0.7737733721733093,-0.09134940803050995,0.4582284092903137,0.7570029497146606,-0.09024181216955185,0.48759981989860535,0.7436548471450806,-0.08905370533466339
24,left,0.6327683329582214,0.9361417889595032,-3.0545798779257893e-08,0.6512394547462463,0.8841026425361633,-0.03422298654913902,0.6535379886627197,0.8353202939033508,-0.058032188564538956,0.67082679271698,0.8146480321884155,-0.07559186220169067,0.7054170370101929,0.8269973993301392,-0.09317057579755783,0.6001764535903931,0.8939349055290222,-0.06437239795923233,0.5544312596321106,0.9164800047874451,-0.09077025949954987,0.5185421705245972,0.9304937720298767,-0.1103096455335617,0.481783390045166,0.9397095441818237,-0.12376949936151505,0.5635707974433899,0.9007866382598877,-0.05289969593286514,0.5040782690048218,0.9083926677703857,-0.07251601666212082,0.46710699796676636,0.9120930433273315,-0.08344045281410217,0.43473732471466064,0.9146276712417603,-0.09352891147136688,0.5354232788085938,0.8979372382164001,-0.04066117852926254,0.48100534081459045,0.894338071346283,-0.052658602595329285,0.4479283094406128,0.8918331265449524,-0.05811811983585358,0.4201754331588745,0.8895508050918579,-0.06281061470508575,0.5175358653068542,0.8902571797370911,-0.03113383613526821,0.4788223206996918,0.8782429695129395,-0.032906532287597656,0.45403510332107544,0.8725613355636597,-0.030327508226037025,0.4317125976085663,0.8691575527191162,-0.030504262074828148
25,right,0.24481326341629028,0.8182544112205505,5.519978572010587e-07,0.2661997675895691,0.7310336828231812,-0.01808951050043106,0.31133314967155457,0.6421495079994202,-0.0350438728928566,0.35388699173927307,0.5799942016601562,-0.04609783738851547,0.3795735836029053,0.5204481482505798,-0.05655600503087044,0.27790549397468567,0.6670926809310913,-0.07170386612415314,0.33510029315948486,0.6318038702011108,-0.098639115691185,0.37935924530029297,0.6167830228805542,-0.10922187566757202,0.4192616641521454,0.6073357462882996,-0.11385145783424377,0.28811630606651306,0.7341655492782593,-0.07396654784679413,0.3867150545120239,0.700222373008728,-0.09876134991645813,0.4495922923088074,0.6899176239967346,-0.10488562285900116,0.4989605247974396,0.6859555244445801,-0.1094769686460495,0.3048989474773407,0.7942824363708496,-0.0743936225771904,0.40334010124206543,0.7619853615760803,-0.0971614271402359,0.46059173345565796,0.7444093227386475,-0.10117067396640778,0.5006533265113831,0.7322382926940918,-0.1022099107503891,0.32577842473983765,0.8433036208152771,-0.07437466830015182,0.4000933766365051,0.8005717992782593,-0.08657130599021912,0.4393603801727295,0.7780369520187378,-0.08589500933885574,0.4680272936820984,0.7613835334777832,-0.08547168225049973
25,left,0.6306906342506409,0.9301367998123169,3.400772072836844e-07,0.6542667150497437,0.8771916627883911,-0.05041201785206795,0.657465934753418,0.8404566049575806,-0.08278550952672958,0.6678082346916199,0.8292361497879028,-0.1062743291258812,0.6957283020019531,0.8326248526573181,-0.12886160612106323,0.5940005779266357,0.9030606746673584,-0.08598141372203827,0.545336902141571,0.9223654270172119,-0.11616058647632599,0.5051971673965454,0.9382362961769104,-0.13443739712238312,0.47031939029693604,0.9545601010322571,-0.14581306278705597,0.5633617639541626,0.9174720644950867,-0.06956563889980316,0.5043879747390747,0.9218888878822327,-0.09350860118865967,0.4593958556652069,0.9159157276153564,-0.10522349178791046,0.4246490001678467,0.9162092804908752,-0.11369788646697998,0.5413354635238647,0.9191184043884277,-0.05360157787799835,0.48826342821121216,0.9151220917701721,-0.06981395930051804,0.4539267420768738,0.9022459387779236,-0.0794428214430809,0.4266397953033447,0.8959162831306458,-0.08549372851848602,0.5276756882667542,0.9147049784660339,-0.04138597100973129,0.4895917773246765,0.907867431640625,-0.04974605143070221,0.4619596302509308,0.8990808129310608,-0.053249649703502655,0.43966928124427795,0.8934304714202881,-0.055940255522727966
26,right,0.22053809463977814,0.8442482352256775,5.416596877694246e-07,0.23561546206474304,0.7580947279930115,-0.025431964546442032,0.27599090337753296,0.6679235696792603,-0.04594035819172859,0.31412336230278015,0.6080147624015808,-0.05877308547496796,0.33986106514930725,0.5497786402702332,-0.07094793021678925,0.2339453101158142,0.725971519947052,-0.08427052199840546,0.2858085632324219,0.7043478488922119,-0.11308638751506805,0.33002904057502747,0.6942859292030334,-0.1250009983778,0.3713741898536682,0.6837072372436523,-0.13083206117153168,0.24376483261585236,0.8013260960578918,-0.08365906774997711,0.3455671966075897,0.7693969011306763,-0.1111808642745018,0.41439977288246155,0.7520677447319031,-0.11916134506464005,0.4709990620613098,0.7363334894180298,-0.12606273591518402,0.26214760541915894,0.8645894527435303,-0.08114460110664368,0.36375072598457336,0.8311486840248108,-0.1098794937133789,0.42826274037361145,0.8089330792427063,-0.11818565428256989,0.47385138273239136,0.7891976833343506,-0.12177103757858276,0.28701499104499817,0.9118822813034058,-0.07804016023874283,0.36408674716949463,0.8678020238876343,-0.09440852701663971,0.3993600606918335,0.8421275019645691,-0.09523733705282211,0.42222490906715393,0.8186593055725098,-0.09665610641241074
26,left,0.6310166120529175,0.9256410002708435,5.217822263148264e-07,0.6498031616210938,0.8764992952346802,-0.060253530740737915,0.650649905204773,0.8474714159965515,-0.09873612970113754,0.6663542985916138,0.8334323763847351,-0.12697671353816986,0.6970266103744507,0.8302381038665771,-0.15471689403057098,0.588776171207428,0.9155424237251282,-0.10049322992563248,0.5453956127166748,0.9257736206054688,-0.13478931784629822,0.509191632270813,0.9397292733192444,-0.15562395751476288,0.47616153955459595,0.9563663005828857,-0.1686457246541977,0.5641074180603027,0.9283257126808167,-0.0809113159775734,0.5054644346237183,0.9287755489349365,-0.1100476086139679,0.46074178814888,0.9224095344543457,-0.12489058077335358,0.4255180358886719,0.9206458330154419,-0.13493432104587555,0.5456621050834656,0.9279714226722717,-0.062278661876916885,0.4916703999042511,0.9248697757720947,-0.08219879865646362,0.45457133650779724,0.9130337834358215,-0.09428098052740097,0.4254313111305237,0.9052338600158691,-0.10187511891126633,0.5336151719093323,0.9223933219909668,-0.048141367733478546,0.49520373344421387,0.9174444675445557,-0.0592530257999897,0.46581795811653137,0.9112293720245361,-0.06540337949991226,0.4421817660331726,0.9050753116607666,-0.07023763656616211
27,right,0.20216232538223267,0.8691180944442749,5.980030550745141e-07,0.22289685904979706,0.7765896916389465,-0.025806207209825516,0.26282554864883423,0.6875388026237488,-0.0470881313085556,0.299675315618515,0.6271119117736816,-0.060259364545345306,0.3228367269039154,0.5686542391777039,-0.07267999649047852,0.22159752249717712,0.746113121509552,-0.08580326288938522,0.26883551478385925,0.7269879579544067,-0.11844158917665482,0.3101683259010315,0.7179416418075562,-0.13370254635810852,0.3489607572555542,0.7098392248153687,-0.1413963884115219,0.2332921028137207,0.819308876991272,-0.08558667451143265,0.3338382840156555,0.7887687683105469,-0.11747344583272934,0.40137678384780884,0.7689263224601746,-0.12888048589229584,0.45485350489616394,0.7559685707092285,-0.13732372224330902,0.2525201737880707,0.8813118934631348,-0.08365850150585175,0.3533134162425995,0.8517614006996155,-0.11469919979572296,0.4189576208591461,0.825267493724823,-0.1267036646604538,0.46414899826049805,0.8032280802726746,-0.13243412971496582,0.2773474454879761,0.9266005754470825,-0.0810767263174057,0.35211485624313354,0.8879517912864685,-0.09980156272649765,0.38800564408302307,0.8575679063796997,-0.10414334386587143,0.4117142856121063,0.8311267495155334,-0.10767826437950134
27,left,0.6222749948501587,0.9286456108093262,6.175031330712955e-07,0.640192985534668,0.8779262900352478,-0.06488605588674545,0.6445388793945312,0.8511692881584167,-0.1083722785115242,0.6637182235717773,0.8380417227745056,-0.14097076654434204,0.69797283411026,0.8313686847686768,-0.17325682938098907,0.592538058757782,0.9162954092025757,-0.11200084537267685,0.5501874685287476,0.9295594692230225,-0.14871646463871002,0.515455961227417,0.9447398781776428,-0.17039760947227478,0.4835492968559265,0.9599173665046692,-0.18440797924995422,0.5646345615386963,0.9307515025138855,-0.0917426273226738,0.5086255073547363,0.9346454739570618,-0.12219738215208054,0.46621882915496826,0.9316097497940063,-0.13606472313404083,0.4326300621032715,0.9300014972686768,-0.1465928852558136,0.54469233751297,0.932894229888916,-0.07258925586938858,0.49132412672042847,0.9281010627746582,-0.09494137763977051,0.4534042179584503,0.9164513349533081,-0.1079614982008934,0.42401111125946045,0.9069564342498779,-0.11703546345233917,0.5314907431602478,0.9293246269226074,-0.05803824961185455,0.4939236044883728,0.921091616153717,-0.07021402567625046,0.46444663405418396,0.9138055443763733,-0.07727991044521332,0.44013938307762146,0.9059107899665833,-0.08390390872955322
28,right,0.19497382640838623,0.8853271007537842,6.197266770868737e-07,0.21685916185379028,0.7924744486808777,-0.028759563341736794,0.25687211751937866,0.7034850120544434,-0.05175530165433884,0.29006025195121765,0.6443417072296143,-0.06604588031768799,0.3108082711696625,0.5826026201248169,-0.0800250843167305,0.21066494286060333,0.7657290697097778,-0.09482645243406296,0.25995442271232605,0.7463926672935486,-0.12990154325962067,0.29962077736854553,0.7379022240638733,-0.14635838568210602,0.33611342310905457,0.7308511734008789,-0.15488959848880768,0.225037083029747,0.8419550061225891,-0.09310269355773926,0.3262181580066681,0.8118366599082947,-0.12925167381763458,0.3958953320980072,0.7887392640113831,-0.14454951882362366,0.45089560747146606,0.7718249559402466,-0.15595898032188416,0.24638184905052185,0.9036389589309692,-0.08905177563428879,0.34658411145210266,0.8699734210968018,-0.12332058697938919,0.4131196141242981,0.8405120372772217,-0.13855846226215363,0.458108127117157,0.8168110251426697,-0.14652305841445923,0.2718782126903534,0.9462082386016846,-0.08419118076562881,0.345631867647171,0.9040294885635376,-0.10484259575605392,0.3809131383895874,0.869740903377533,-0.11178697645664215,0.4030299782752991,0.8405117988586426,-0.11760849505662918
28,left,0.6255549192428589,0.9298771619796753,5.644928364745283e-07,0.644401490688324,0.88320392370224,-0.06569164991378784,0.6485487222671509,0.8565317988395691,-0.1097928136587143,0.6668235063552856,0.842646598815918,-0.14282819628715515,0.6989165544509888,0.8374750018119812,-0.17571336030960083,0.5936710238456726,0.921631932258606,-0.11293354630470276,0.551421046257019,0.9339436888694763,-0.15086759626865387,0.5170471668243408,0.9479177594184875,-0.17400425672531128,0.4846336543560028,0.9622397422790527,-0.18918175995349884,0.5655300617218018,0.9351759552955627,-0.09251867234706879,0.5137753486633301,0.9452084302902222,-0.12518063187599182,0.47385427355766296,0.9474636316299438,-0.14158840477466583,0.44029951095581055,0.9507954120635986,-0.15384036302566528,0.5457342863082886,0.9359917640686035,-0.07309897989034653,0.49381864070892334,0.9374863505363464,-0.09811613708734512,0.45536568760871887,0.9286206960678101,-0.11307740956544876,0.42393818497657776,0.9219526052474976,-0.12312956154346466,0.5328541398048401,0.9309734106063843,-0.05799437314271927,0.495125949382782,0.9275176525115967,-0.0724676325917244,0.46481651067733765,0.9230470061302185,-0.08070709556341171,0.43896323442459106,0.9170752763748169,-0.08782970905303955
29,right,0.19260437786579132,0.8878883123397827,7.33715182832384e-07,0.21214452385902405,0.7950450778007507,-0.03210729733109474,0.25030526518821716,0.7050212621688843,-0.05949084460735321,0.28453823924064636,0.6466097831726074,-0.07679453492164612,0.30595967173576355,0.5833170413970947,-0.09433261305093765,0.20724603533744812,0.7641337513923645,-0.11267991364002228,0.25491321086883545,0.7434086799621582,-0.15362919867038727,0.2979971170425415,0.7321465611457825,-0.17392122745513916,0.3387340307235718,0.7227984070777893,-0.18557550013065338,0.22353073954582214,0.842166006565094,-0.11066531389951706,0.3233920931816101,0.8108880519866943,-0.1545887440443039,0.39571547508239746,0.7866940498352051,-0.17433053255081177,0.45306840538978577,0.7679770588874817,-0.18906813859939575,0.24644315242767334,0.9037114977836609,-0.10523097217082977,0.3429207503795624,0.870068371295929,-0.144179105758667,0.40962517261505127,0.8394913673400879,-0.16080482304096222,0.4555264711380005,0.814786434173584,-0.17021098732948303,0.27291977405548096,0.9441999793052673,-0.09890266507863998,0.3431490957736969,0.9054341316223145,-0.1232018917798996,0.3788772225379944,0.8716542720794678,-0.1317472606897354,0.40293779969215393,0.8431189656257629,-0.13897861540317535
29,left,0.6277730464935303,0.9350071549415588,6.50851347927528e-07,0.6442596316337585,0.889721155166626,-0.06749612838029861,0.6443848609924316,0.8627195358276367,-0.11173509061336517,0.6605880856513977,0.842863142490387,-0.14459066092967987,0.6934393048286438,0.8321377038955688,-0.1774720400571823,0.5867916345596313,0.923778772354126,-0.11230593919754028,0.5457467436790466,0.9405034780502319,-0.14937353134155273,0.5110617876052856,0.9563574194908142,-0.17191742360591888,0.4799080193042755,0.9699798226356506,-0.18664014339447021,0.5601456761360168,0.9329990148544312,-0.09039322286844254,0.5043720006942749,0.9399288296699524,-0.1214485689997673,0.4615257680416107,0.9358716607093811,-0.1362525373697281,0.4277483820915222,0.9312918186187744,-0.1473434418439865,0.5427501201629639,0.9324169158935547,-0.06995638459920883,0.48987457156181335,0.9313784837722778,-0.09249778091907501,0.45242565870285034,0.9212515354156494,-0.10567927360534668,0.4234490394592285,0.9114134311676025,-0.11484452337026596,0.5325405597686768,0.928532063961029,-0.05436135455965996,0.494891494512558,0.9223289489746094,-0.06695010513067245,0.4653036892414093,0.915428638458252,-0.07456814497709274,0.44081005454063416,0.9067399501800537,-0.08150049299001694
30,right,0.19451099634170532,0.8852435350418091,7.539799184996809e-07,0.2125782072544098,0.793794572353363,-0.031175285577774048,0.24924862384796143,0.7036136388778687,-0.05853690207004547,0.2838568389415741,0.6454024910926819,-0.07539784908294678,0.30693039298057556,0.5829304456710815,-0.0920834168791771,0.20607101917266846,0.7637653350830078,-0.1154417023062706,0.2535586953163147,0.7406843900680542,-0.15648773312568665,0.29820626974105835,0.7292004227638245,-0.17638356983661652,0.340130090713501,0.7206968069076538,-0.18748457729816437,0.22223906219005585,0.8417490720748901,-0.11292959749698639,0.3238458037376404,0.8079867362976074,-0.15709440410137177,0.39642637968063354,0.7835164070129395,-0.175540491938591,0.4531627297401428,0.7653220891952515,-0.18918375670909882,0.24610427021980286,0.902197539806366,-0.10662294924259186,0.3460293412208557,0.8666200637817383,-0.14443804323673248,0.4125814437866211,0.8339667916297913,-0.15938468277454376,0.45690518617630005,0.810158908367157,-0.16760870814323425,0.2743871808052063,0.9421374201774597,-0.09931910783052444,0.3475658595561981,0.9015607833862305,-0.12181013822555542,0.38235586881637573,0.8680983781814575,-0.1288607120513916,0.4039420783519745,0.841132402420044,-0.13506388664245605
30,left,0.628893256187439,0.9334540963172913,5.877776061424811e-07,0.6471514105796814,0.8849131464958191,-0.06408406794071198,0.6481502056121826,0.8581214547157288,-0.10537775605916977,0.6648315191268921,0.8434821367263794,-0.1357654184103012,0.6969814300537109,0.8343610763549805,-0.1657809615135193,0.5872910618782043,0.9259839057922363,-0.10597126930952072,0.5444155931472778,0.9398525953292847,-0.1417764574289322,0.5082259774208069,0.9541310667991638,-0.1640218049287796,0.4752735495567322,0.9690154194831848,-0.17841321229934692,0.5618540644645691,0.9383641481399536,-0.08481615036725998,0.5066050291061401,0.9453630447387695,-0.11490360647439957,0.46309372782707214,0.9405431151390076,-0.13008244335651398,0.4286560118198395,0.9380235075950623,-0.1409110575914383,0.5442126989364624,0.9377048015594482,-0.06485455483198166,0.49170148372650146,0.9392715096473694,-0.08681463450193405,0.45269694924354553,0.9286080002784729,-0.1003093346953392,0.4219701886177063,0.9199212789535522,-0.10903759300708771,0.5333133935928345,0.9312873482704163,-0.04944470152258873,0.4947032630443573,0.9283933639526367,-0.06214243173599243,0.4639492928981781,0.921800434589386,-0.06965000927448273,0.43891641497612,0.9139801859855652,-0.07575173676013947
31,right,0.19551651179790497,0.8820674419403076,7.412112381643965e-07,0.21629421412944794,0.7894120812416077,-0.028593558818101883,0.2540932893753052,0.7005552649497986,-0.052788011729717255,0.28897926211357117,0.6417104601860046,-0.06739652901887894,0.3098944127559662,0.5799357295036316,-0.08174433559179306,0.21031709015369415,0.7587504386901855,-0.10314483195543289,0.258657842874527,0.7390514612197876,-0.14060084521770477,0.3017231523990631,0.7282121181488037,-0.15858875215053558,0.34185540676116943,0.7192522287368774,-0.16813969612121582,0.22484010457992554,0.8366333246231079,-0.100864477455616,0.3267269432544708,0.8035125732421875,-0.14030039310455322,0.39868655800819397,0.778626561164856,-0.15622198581695557,0.45494234561920166,0.7600125670433044,-0.1678096503019333,0.24749216437339783,0.898135244846344,-0.09543284773826599,0.3483271598815918,0.8640782833099365,-0.130109965801239,0.4157203435897827,0.8302488327026367,-0.14369595050811768,0.46086204051971436,0.8046620488166809,-0.15054957568645477,0.27494075894355774,0.9388856887817383,-0.08910731226205826,0.3494252562522888,0.8985933065414429,-0.10914040356874466,0.3856522738933563,0.863416850566864,-0.11494456976652145,0.40853822231292725,0.8347396850585938,-0.11984854936599731
31,left,0.6300039291381836,0.9321871995925903,6.429994527934468e-07,0.6455639600753784,0.8877512812614441,-0.06500563025474548,0.6467404961585999,0.8613878488540649,-0.10765080153942108,0.6633223295211792,0.8442675471305847,-0.13931719958782196,0.6950305700302124,0.8384348154067993,-0.17073805630207062,0.5872161388397217,0.9243488907814026,-0.10801500082015991,0.5450726747512817,0.9419803619384766,-0.1437748223543167,0.5102035999298096,0.9586479663848877,-0.165387362241745,0.47842666506767273,0.9731528162956238,-0.17935003340244293,0.56010901927948,0.9342926144599915,-0.08660849183797836,0.5052850246429443,0.9417896270751953,-0.11672726273536682,0.4632561206817627,0.9377670884132385,-0.13103929162025452,0.42951518297195435,0.9334153532981873,-0.1414337009191513,0.5434391498565674,0.9344168305397034,-0.06641256809234619,0.49221271276474,0.9352315068244934,-0.08844096958637238,0.4547167420387268,0.9249140024185181,-0.10126551985740662,0.425212562084198,0.9149640798568726,-0.10978246480226517,0.5338664054870605,0.9307752847671509,-0.050724755972623825,0.4982439875602722,0.9263609647750854,-0.06225670874118805,0.4694761037826538,0.9202045798301697,-0.06865909695625305,0.4451127052307129,0.912306547164917,-0.07443047314882278
32,right,0.20199614763259888,0.8805944919586182,7.512009574384138e-07,0.22006618976593018,0.7890564799308777,-0.030416399240493774,0.2565803527832031,0.7013211846351624,-0.05716995522379875,0.2908053398132324,0.6426092386245728,-0.07400427013635635,0.3116702437400818,0.579921305179596,-0.09089627116918564,0.21488308906555176,0.7584770321846008,-0.1115478053689003,0.26467910408973694,0.7349373698234558,-0.1513940989971161,0.3081667721271515,0.7227609157562256,-0.17013582587242126,0.34819313883781433,0.7146687507629395,-0.18020851910114288,0.23032569885253906,0.8359622955322266,-0.10975372791290283,0.3322352468967438,0.8001616597175598,-0.1517157405614853,0.40378180146217346,0.776158332824707,-0.16831205785274506,0.459250807762146,0.7597060203552246,-0.18051086366176605,0.25351038575172424,0.8963832855224609,-0.10455426573753357,0.3539106249809265,0.8598411083221436,-0.1407741904258728,0.41953614354133606,0.8283538818359375,-0.1541619747877121,0.4634360373020172,0.8048839569091797,-0.16139934957027435,0.28076520562171936,0.9372150897979736,-0.09856699407100677,0.3554704487323761,0.8975625038146973,-0.1205272525548935,0.3931245505809784,0.8651739954948425,-0.1268814653158188,0.4172499179840088,0.8386809825897217,-0.13232432305812836
32,left,0.6304435133934021,0.9305843114852905,5.762346404480923e-07,0.6480017900466919,0.8828034996986389,-0.06623154878616333,0.6490744352340698,0.8575063943862915,-0.10944835841655731,0.6674532294273376,0.8448086380958557,-0.14111340045928955,0.6994746327400208,0.8415153622627258,-0.172587588429451,0.591628909111023,0.9258397221565247,-0.11291471123695374,0.547758936882019,0.942621648311615,-0.1503157615661621,0.5114585757255554,0.9572516083717346,-0.1730661392211914,0.4783291816711426,0.9714295268058777,-0.18752779066562653,0.5653102993965149,0.9371822476387024,-0.0904359519481659,0.5126328468322754,0.9509341716766357,-0.12166421115398407,0.4716072678565979,0.9528971314430237,-0.13702131807804108,0.4374861419200897,0.9556984305381775,-0.14829352498054504,0.5472708344459534,0.936091959476471,-0.06879880279302597,0.49540960788726807,0.9414865374565125,-0.09220034629106522,0.4565018117427826,0.9341715574264526,-0.10673657804727554,0.42556464672088623,0.9283943176269531,-0.11624657362699509,0.5355600714683533,0.9295236468315125,-0.051463376730680466,0.4974130690097809,0.9282215237617493,-0.06389974057674408,0.46666890382766724,0.9233303070068359,-0.0713740736246109,0.44109922647476196,0.9162759184837341,-0.07790232449769974
33,right,0.20303875207901,0.8805099725723267,7.485320452360611e-07,0.22285033762454987,0.7881669402122498,-0.028556255623698235,0.25886595249176025,0.7000373601913452,-0.05333755165338516,0.2921738028526306,0.6407110691070557,-0.06882019340991974,0.3108140230178833,0.5788912177085876,-0.08427886664867401,0.21986103057861328,0.7554923295974731,-0.10266292095184326,0.2683659493923187,0.7346760630607605,-0.13956359028816223,0.31200262904167175,0.7253140211105347,-0.15731999278068542,0.3529682457447052,0.7182729840278625,-0.16679257154464722,0.23414719104766846,0.8331823945045471,-0.10083942860364914,0.33578696846961975,0.7996841073036194,-0.13866068422794342,0.4069634675979614,0.7760103940963745,-0.15427178144454956,0.46223410964012146,0.7590513229370117,-0.166034996509552,0.25593429803848267,0.8956481218338013,-0.0958176702260971,0.3572428822517395,0.8611668348312378,-0.12932102382183075,0.42357197403907776,0.8298554420471191,-0.1422552466392517,0.46731752157211304,0.8070225119590759,-0.1490246057510376,0.2825307250022888,0.9372889995574951,-0.08996488153934479,0.35737335681915283,0.8958483934402466,-0.10956411808729172,0.3940211534500122,0.8623919486999512,-0.11465714871883392,0.4174715280532837,0.8358274698257446,-0.11908455193042755
33,left,0.6301752328872681,0.9371436834335327,6.574637723133492e-07,0.6455565094947815,0.8922106623649597,-0.06654303520917892,0.6459957361221313,0.8661133646965027,-0.11001533269882202,0.6623153686523438,0.847399890422821,-0.14243647456169128,0.6936450004577637,0.8356449007987976,-0.17483370006084442,0.5863707065582275,0.9286473393440247,-0.10839638859033585,0.5438644289970398,0.9450064897537231,-0.1450052559375763,0.5090235471725464,0.9601901769638062,-0.1676025390625,0.47753477096557617,0.9734525084495544,-0.18215735256671906,0.5610169172286987,0.9371185302734375,-0.08666325360536575,0.5060877799987793,0.942632794380188,-0.11655241996049881,0.4635237455368042,0.938618540763855,-0.13119350373744965,0.4286932349205017,0.9346963167190552,-0.1420021504163742,0.5446312427520752,0.9364121556282043,-0.06655954569578171,0.49320098757743835,0.9358940124511719,-0.08851960301399231,0.4561725854873657,0.926369309425354,-0.1015772894024849,0.42613017559051514,0.9175496697425842,-0.11041133850812912,0.5350590348243713,0.9325534105300903,-0.05125080794095993,0.4986947178840637,0.9268620610237122,-0.06326904892921448,0.4697091579437256,0.9203648567199707,-0.07020185887813568,0.4451383650302887,0.9125617146492004,-0.07641106843948364
34,right,0.20669600367546082,0.8771260380744934,7.509120791837631e-07,0.22602033615112305,0.7861971259117126,-0.028958795592188835,0.2620289921760559,0.6987860202789307,-0.05420296639204025,0.29550039768218994,0.6392159461975098,-0.06981571018695831,0.3155538737773895,0.5763716101646423,-0.08562039583921432,0.22014477849006653,0.7546395063400269,-0.1054600179195404,0.2728249728679657,0.7321178913116455,-0.1408301442861557,0.3181110620498657,0.7229936718940735,-0.15618322789669037,0.36053842306137085,0.7165958285331726,-0.16424164175987244,0.23463526368141174,0.8326418995857239,-0.1034424901008606,0.3385796546936035,0.7980413436889648,-0.1412670612335205,0.40913206338882446,0.7755544185638428,-0.1561182588338852,0.46342262625694275,0.758897602558136,-0.1674225926399231,0.2564995288848877,0.8950176239013672,-0.09792082756757736,0.36027246713638306,0.8610280752182007,-0.13198459148406982,0.4281705617904663,0.8292673230171204,-0.14524175226688385,0.47332584857940674,0.8052483201026917,-0.15246005356311798,0.28344565629959106,0.935309648513794,-0.09133782982826233,0.3587287962436676,0.8937385082244873,-0.11156720668077469,0.3946177661418915,0.8601111769676208,-0.11701764166355133,0.4170234501361847,0.8325363397598267,-0.12204194813966751
34,left,0.6296642422676086,0.9329876899719238,6.220602131179476e-07,0.6468214392662048,0.8885960578918457,-0.0681399255990982,0.6463464498519897,0.8612539172172546,-0.1122497096657753,0.6629753708839417,0.8452799320220947,-0.14439961314201355,0.6937309503555298,0.8370049595832825,-0.17629632353782654,0.5867798328399658,0.9301537871360779,-0.11386748403310776,0.5455542802810669,0.9426646828651428,-0.15183447301387787,0.5106890797615051,0.9563351273536682,-0.17524978518486023,0.47824156284332275,0.9700485467910767,-0.19041137397289276,0.5614970326423645,0.9402809143066406,-0.09081555902957916,0.5079527497291565,0.9482249021530151,-0.12431652843952179,0.46595802903175354,0.9453994631767273,-0.14170971512794495,0.4311295747756958,0.9436490535736084,-0.1541253626346588,0.5444051027297974,0.9385986924171448,-0.06873906403779984,0.49242305755615234,0.9406327605247498,-0.0940432921051979,0.45375803112983704,0.9304104447364807,-0.1095384955406189,0.4227951765060425,0.9219350814819336,-0.11947993189096451,0.5335773229598999,0.932389497756958,-0.05107119306921959,0.49556440114974976,0.9298563003540039,-0.06576710939407349,0.46531936526298523,0.9245908260345459,-0.07457291334867477,0.4394474923610687,0.9177303910255432,-0.08178228884935379
35,right,0.2049560546875,0.8762437701225281,7.294053148143576e-07,0.22508037090301514,0.782663881778717,-0.027643581852316856,0.26222550868988037,0.6959331035614014,-0.05128312483429909,0.29748037457466125,0.6366992592811584,-0.06588320434093475,0.3175838887691498,0.57530277967453,-0.08056104928255081,0.2231762558221817,0.7531290054321289,-0.09886164218187332,0.2745415270328522,0.731625497341156,-0.13347119092941284,0.3184107542037964,0.7223861217498779,-0.1491493433713913,0.35905009508132935,0.7152502536773682,-0.15719637274742126,0.23770123720169067,0.8305760622024536,-0.09694460034370422,0.3398682475090027,0.7948633432388306,-0.1318739503622055,0.41058892011642456,0.7717681527137756,-0.14543408155441284,0.4652448296546936,0.7558452486991882,-0.15584716200828552,0.2594301104545593,0.8929963111877441,-0.09204844385385513,0.36138561367988586,0.8576179146766663,-0.12394268810749054,0.4280721843242645,0.8271843194961548,-0.13638989627361298,0.47205227613449097,0.8051928877830505,-0.1428665816783905,0.2860073447227478,0.9339204430580139,-0.08627784252166748,0.3605843186378479,0.8923647999763489,-0.10518258810043335,0.39676767587661743,0.8592240810394287,-0.11028046160936356,0.420332133769989,0.8324497938156128,-0.11473096162080765
35,left,0.6281352639198303,0.9344652891159058,6.631316864513792e-07,0.6440004110336304,0.8919405341148376,-0.06349187344312668,0.6454928517341614,0.8651295304298401,-0.10565831512212753,0.664446234703064,0.847409188747406,-0.13745635747909546,0.6984528303146362,0.8387745022773743,-0.16941934823989868,0.5884124040603638,0.9280952215194702,-0.10600545257329941,0.5466229915618896,0.9448546767234802,-0.1418040245771408,0.5112195014953613,0.9588515758514404,-0.16359315812587738,0.4793117344379425,0.9696257710456848,-0.17775046825408936,0.5615738034248352,0.9388182163238525,-0.08625268191099167,0.5076397657394409,0.9458641409873962,-0.11553598195314407,0.46475815773010254,0.9405276775360107,-0.12950122356414795,0.4305146336555481,0.9340181946754456,-0.13991059362888336,0.5442607998847961,0.9393430352210999,-0.06800280511379242,0.4925095736980438,0.9401286244392395,-0.09006304293870926,0.4546770453453064,0.929731011390686,-0.10321260243654251,0.42436671257019043,0.9190546274185181,-0.1120930165052414,0.5341665148735046,0.9358888864517212,-0.05424196645617485,0.49713876843452454,0.9307292699813843,-0.06660959869623184,0.4665816128253937,0.9239647388458252,-0.07372424751520157,0.44042491912841797,0.9149671196937561,-0.08004139363765717
36,right,0.20717352628707886,0.877224326133728,7.526686545133998e-07,0.22588640451431274,0.787952184677124,-0.03099171817302704,0.26251035928726196,0.6993610262870789,-0.05842917785048485,0.295183002948761,0.6397637724876404,-0.07587146759033203,0.3151417672634125,0.5768365859985352,-0.09356138110160828,0.22083666920661926,0.7575448155403137,-0.11288866400718689,0.27334168553352356,0.7331032156944275,-0.15181079506874084,0.3181912302970886,0.7221993803977966,-0.1690971851348877,0.3600488603115082,0.7145079970359802,-0.17848877608776093,0.23627303540706635,0.835089921951294,-0.11109421402215958,0.3382682204246521,0.7977781295776367,-0.15270966291427612,0.4097830057144165,0.7746577858924866,-0.16897501051425934,0.46541184186935425,0.7577129006385803,-0.18106085062026978,0.2585919499397278,0.8958329558372498,-0.10579705238342285,0.3587011396884918,0.8578826785087585,-0.1424863338470459,0.4256630539894104,0.8275192379951477,-0.15653404593467712,0.47081518173217773,0.8037340641021729,-0.16426408290863037,0.2853998839855194,0.9360507130622864,-0.09954892843961716,0.3587978482246399,0.8942938446998596,-0.12264527380466461,0.3970460295677185,0.8617991805076599,-0.12988562881946564,0.4225761294364929,0.8335244059562683,-0.1361050009727478
36,left,0.6318002939224243,0.9344353079795837,6.295324510574574e-07,0.6464373469352722,0.8884982466697693,-0.06308172643184662,0.6470280885696411,0.8621891736984253,-0.1040593832731247,0.6648949384689331,0.8459692001342773,-0.13443727791309357,0.6978006958961487,0.8425489068031311,-0.16452206671237946,0.5881686806678772,0.9256508946418762,-0.10395025461912155,0.5453292727470398,0.9446834325790405,-0.1382143646478653,0.5101514458656311,0.9618063569068909,-0.15882033109664917,0.4784451127052307,0.9764167070388794,-0.1720835119485855,0.5622541904449463,0.9346484541893005,-0.08317922055721283,0.5068089962005615,0.9432501792907715,-0.11201278865337372,0.46399638056755066,0.9405624270439148,-0.12588730454444885,0.4297347068786621,0.9372788667678833,-0.13593992590904236,0.5460220575332642,0.9341692924499512,-0.06363163143396378,0.4944717586040497,0.9357613921165466,-0.08463235944509506,0.4564259350299835,0.9267866015434265,-0.09738994389772415,0.4264072775840759,0.9182575941085815,-0.10584274679422379,0.53653883934021,0.930344820022583,-0.04852364584803581,0.5010234713554382,0.9263191819190979,-0.05952724069356918,0.4720577597618103,0.9212721586227417,-0.0658988431096077,0.4475281834602356,0.9149755239486694,-0.07161693274974823
