1,right,0,0,0,0,0,0,0,0,0,0,0,0,0,0,0,0,0,0,0,0,0,0,0,0,0,0,0,0,0,0,0,0,0,0,0,0,0,0,0,0,0,0,0,0,0,0,0,0,0,0,0,0,0,0,0,0,0,0,0,0,0,0,0
1,left,0,0,0,0,0,0,0,0,0,0,0,0,0,0,0,0,0,0,0,0,0,0,0,0,0,0,0,0,0,0,0,0,0,0,0,0,0,0,0,0,0,0,0,0,0,0,0,0,0,0,0,0,0,0,0,0,0,0,0,0,0,0,0
2,right,0,0,0,0,0,0,0,0,0,0,0,0,0,0,0,0,0,0,0,0,0,0,0,0,0,0,0,0,0,0,0,0,0,0,0,0,0,0,0,0,0,0,0,0,0,0,0,0,0,0,0,0,0,0,0,0,0,0,0,0,0,0,0
2,left,0,0,0,0,0,0,0,0,0,0,0,0,0,0,0,0,0,0,0,0,0,0,0,0,0,0,0,0,0,0,0,0,0,0,0,0,0,0,0,0,0,0,0,0,0,0,0,0,0,0,0,0,0,0,0,0,0,0,0,0,0,0,0
3,right,0,0,0,0,0,0,0,0,0,0,0,0,0,0,0,0,0,0,0,0,0,0,0,0,0,0,0,0,0,0,0,0,0,0,0,0,0,0,0,0,0,0,0,0,0,0,0,0,0,0,0,0,0,0,0,0,0,0,0,0,0,0,0
3,left,0,0,0,0,0,0,0,0,0,0,0,0,0,0,0,0,0,0,0,0,0,0,0,0,0,0,0,0,0,0,0,0,0,0,0,0,0,0,0,0,0,0,0,0,0,0,0,0,0,0,0,0,0,0,0,0,0,0,0,0,0,0,0
4,right,0,0,0,0,0,0,0,0,0,0,0,0,0,0,0,0,0,0,0,0,0,0,0,0,0,0,0,0,0,0,0,0,0,0,0,0,0,0,0,0,0,0,0,0,0,0,0,0,0,0,0,0,0,0,0,0,0,0,0,0,0,0,0
4,left,0,0,0,0,0,0,0,0,0,0,0,0,0,0,0,0,0,0,0,0,0,0,0,0,0,0,0,0,0,0,0,0,0,0,0,0,0,0,0,0,0,0,0,0,0,0,0,0,0,0,0,0,0,0,0,0,0,0,0,0,0,0,0
5,right,0,0,0,0,0,0,0,0,0,0,0,0,0,0,0,0,0,0,0,0,0,0,0,0,0,0,0,0,0,0,0,0,0,0,0,0,0,0,0,0,0,0,0,0,0,0,0,0,0,0,0,0,0,0,0,0,0,0,0,0,0,0,0
5,left,0,0,0,0,0,0,0,0,0,0,0,0,0,0,0,0,0,0,0,0,0,0,0,0,0,0,0,0,0,0,0,0,0,0,0,0,0,0,0,0,0,0,0,0,0,0,0,0,0,0,0,0,0,0,0,0,0,0,0,0,0,0,0
6,right,0,0,0,0,0,0,0,0,0,0,0,0,0,0,0,0,0,0,0,0,0,0,0,0,0,0,0,0,0,0,0,0,0,0,0,0,0,0,0,0,0,0,0,0,0,0,0,0,0,0,0,0,0,0,0,0,0,0,0,0,0,0,0
6,left,0,0,0,0,0,0,0,0,0,0,0,0,0,0,0,0,0,0,0,0,0,0,0,0,0,0,0,0,0,0,0,0,0,0,0,0,0,0,0,0,0,0,0,0,0,0,0,0,0,0,0,0,0,0,0,0,0,0,0,0,0,0,0
7,right,0,0,0,0,0,0,0,0,0,0,0,0,0,0,0,0,0,0,0,0,0,0,0,0,0,0,0,0,0,0,0,0,0,0,0,0,0,0,0,0,0,0,0,0,0,0,0,0,0,0,0,0,0,0,0,0,0,0,0,0,0,0,0
7,left,0,0,0,0,0,0,0,0,0,0,0,0,0,0,0,0,0,0,0,0,0,0,0,0,0,0,0,0,0,0,0,0,0,0,0,0,0,0,0,0,0,0,0,0,0,0,0,0,0,0,0,0,0,0,0,0,0,0,0,0,0,0,0
8,right,0.32125264406204224,0.9237142205238342,2.622461181545077e-07,0.3440866768360138,0.8959872126579285,-0.009286139160394669,0.38104724884033203,0.8759112358093262,-0.020353343337774277,0.4157441556453705,0.8730841875076294,-0.029593393206596375,0.4423910677433014,0.8759934902191162,-0.03825704753398895,0.3791140913963318,0.8698301911354065,-0.0380544550716877,0.42795100808143616,0.8766214847564697,-0.054971322417259216,0.4543081820011139,0.8878645300865173,-0.06197911873459816,0.47375285625457764,0.8976567387580872,-0.06552060693502426,0.37296169996261597,0.8985915184020996,-0.040948886424303055,0.42626187205314636,0.9204387664794922,-0.05657343938946724,0.4465813934803009,0.9483664035797119,-0.05916342884302139,0.4583374857902527,0.9712466597557068,-0.06038098409771919,0.3663538694381714,0.9310911297798157,-0.043016377836465836,0.4152197241783142,0.9570364952087402,-0.057169727981090546,0.42666852474212646,0.978400707244873,-0.05400661379098892,0.4303351938724518,0.9906131029129028,-0.050470102578401566,0.36099347472190857,0.9616859555244446,-0.04530361667275429,0.39782819151878357,0.9831342697143555,-0.055766116827726364,0.40946125984191895,0.9977961778640747,-0.05349332094192505,0.4141738712787628,1.0056689977645874,-0.050506725907325745
8,left,0,0,0,0,0,0,0,0,0,0,0,0,0,0,0,0,0,0,0,0,0,0,0,0,0,0,0,0,0,0,0,0,0,0,0,0,0,0,0,0,0,0,0,0,0,0,0,0,0,0,0,0,0,0,0,0,0,0,0,0,0,0,0
9,right,0.3187177777290344,0.8065189123153687,3.393318195321626e-07,0.34811320900917053,0.7781648635864258,-0.0020692970138043165,0.388223260641098,0.7651634216308594,-0.01245076209306717,0.4220934212207794,0.7770474553108215,-0.023160122334957123,0.44632279872894287,0.7960528135299683,-0.03342485427856445,0.3978574573993683,0.7352126240730286,-0.029480474069714546,0.44350895285606384,0.7447749376296997,-0.04941872879862785,0.46961385011672974,0.7664754390716553,-0.06080413982272148,0.486757755279541,0.7895844578742981,-0.06712520867586136,0.38858357071876526,0.756515383720398,-0.038014404475688934,0.4416283071041107,0.7893495559692383,-0.0567745566368103,0.4627988338470459,0.8278383016586304,-0.06255272775888443,0.4740179479122162,0.8603061437606812,-0.06531085073947906,0.3780890107154846,0.7877369523048401,-0.0459366999566555,0.42756345868110657,0.8207190632820129,-0.061112113296985626,0.44351422786712646,0.8544491529464722,-0.06069168075919151,0.4519558548927307,0.8792097568511963,-0.059231050312519073,0.36752375960350037,0.8242074847221375,-0.05377130210399628,0.4021880328655243,0.8503952622413635,-0.062232378870248795,0.4112304151058197,0.8690130710601807,-0.05924501270055771,0.41668713092803955,0.8818590641021729,-0.0562019981443882
9,left,0.4672280550003052,0.9530950784683228,6.742910585444406e-08,0.45394167304039,0.9443756341934204,-0.017517754808068275,0.43755409121513367,0.9448758959770203,-0.029763221740722656,0.42408302426338196,0.9612520337104797,-0.0406433641910553,0.4115600287914276,0.977954089641571,-0.05107887089252472,0.47879230976104736,0.9646463394165039,-0.03593597933650017,0.491959810256958,0.9367967844009399,-0.05837452411651611,0.49442917108535767,0.9229766726493835,-0.07231594622135162,0.49323275685310364,0.9088456630706787,-0.08024729043245316,0.4913835823535919,0.9652512073516846,-0.037007130682468414,0.49913302063941956,0.9357174634933472,-0.059865813702344894,0.501174807548523,0.9172033071517944,-0.06790734827518463,0.5025702118873596,0.8985938429832458,-0.07352689653635025,0.49585726857185364,0.9601942896842957,-0.03926640376448631,0.5033507943153381,0.9291662573814392,-0.06425105035305023,0.5062024593353271,0.9098575711250305,-0.06920367479324341,0.5065664649009705,0.894317626953125,-0.07011406123638153,0.49382007122039795,0.9529576301574707,-0.04237483814358711,0.5000099539756775,0.9207322001457214,-0.05880364030599594,0.5061477422714233,0.9079263806343079,-0.06015092134475708,0.508414089679718,0.9004665613174438,-0.06108524277806282
10,right,0.3314245939254761,0.7658868432044983,2.0499874153756537e-07,0.3669457733631134,0.7399186491966248,0.0022652128245681524,0.4094122350215912,0.7252954244613647,-0.005824337713420391,0.44487568736076355,0.7276772260665894,-0.015294462442398071,0.4670306146144867,0.7419217228889465,-0.025110945105552673,0.416087806224823,0.6920889616012573,-0.024871982634067535,0.4678013026714325,0.6955015659332275,-0.03961348906159401,0.4892992079257965,0.7205309271812439,-0.04726449400186539,0.5004363656044006,0.7457749843597412,-0.051281459629535675,0.40165603160858154,0.7097469568252563,-0.03407980874180794,0.4549989402294159,0.7537099719047546,-0.04859677329659462,0.4754354655742645,0.7911518216133118,-0.0518222451210022,0.48615437746047974,0.8198068141937256,-0.05415118858218193,0.38737308979034424,0.7380077242851257,-0.04224522411823273,0.4361289143562317,0.7803771495819092,-0.05414101481437683,0.45639336109161377,0.8113905787467957,-0.054924339056015015,0.46752458810806274,0.8358744382858276,-0.05534087494015694,0.3769007921218872,0.7706627249717712,-0.04983797296881676,0.414587140083313,0.7986881732940674,-0.05488738417625427,0.42726460099220276,0.8194705843925476,-0.0514591708779335,0.4349769055843353,0.8375512361526489,-0.048926256597042084
10,left,0.5309233665466309,0.9103538393974304,-2.8069164770272437e-08,0.49308910965919495,0.9242444634437561,-0.01281480211764574,0.4504651427268982,0.9291462302207947,-0.021134283393621445,0.41783955693244934,0.9296391606330872,-0.028707876801490784,0.3895227909088135,0.9369404911994934,-0.03649725764989853,0.45917150378227234,0.9236807227134705,-0.030318735167384148,0.42928579449653625,0.9233683347702026,-0.05096326768398285,0.4120401442050934,0.9261074066162109,-0.06279602646827698,0.3964623212814331,0.9294576048851013,-0.0711207389831543,0.47707468271255493,0.9036460518836975,-0.034747857600450516,0.46334409713745117,0.897438645362854,-0.058012381196022034,0.4663652181625366,0.8981756567955017,-0.06457693874835968,0.46700841188430786,0.8975602984428406,-0.06826689094305038,0.5001371502876282,0.8869626522064209,-0.04051405191421509,0.4960455596446991,0.8743463754653931,-0.06593090295791626,0.5032446384429932,0.877863347530365,-0.06769661605358124,0.5048616528511047,0.8807029724121094,-0.06651703268289566,0.5253191590309143,0.8729950189590454,-0.04673999175429344,0.5290875434875488,0.8572558164596558,-0.06852518022060394,0.5361394882202148,0.8649999499320984,-0.07186596840620041,0.5382822155952454,0.8728793263435364,-0.07232411205768585
11,right,0.3361213207244873,0.7412193417549133,2.5801617198339954e-07,0.3680644631385803,0.710412859916687,-0.0011715852888301015,0.41268083453178406,0.6914936900138855,-0.009946328587830067,0.450764000415802,0.6920880079269409,-0.019343942403793335,0.4775242209434509,0.700344443321228,-0.028092768043279648,0.4212892949581146,0.6600526571273804,-0.02559756115078926,0.4707690179347992,0.6645848155021667,-0.04280000180006027,0.4945775270462036,0.6875036954879761,-0.052236173301935196,0.5097954273223877,0.7103042006492615,-0.057312797755002975,0.40806451439857483,0.6779177188873291,-0.03368787467479706,0.45969995856285095,0.729930579662323,-0.04989355430006981,0.4802556037902832,0.769039511680603,-0.05372381955385208,0.4938221275806427,0.7980278730392456,-0.0560000017285347,0.39439770579338074,0.706383228302002,-0.04142623394727707,0.44242092967033386,0.7558081150054932,-0.05450761690735817,0.4638972878456116,0.7877894639968872,-0.05416850000619888,0.47903209924697876,0.8108239769935608,-0.05354302376508713,0.3833407163619995,0.739674985408783,-0.04914908856153488,0.4210987687110901,0.7717397212982178,-0.055342067033052444,0.4359753429889679,0.7929608821868896,-0.05195723474025726,0.44770291447639465,0.8094404935836792,-0.04924992099404335
11,left,0,0,0,0,0,0,0,0,0,0,0,0,0,0,0,0,0,0,0,0,0,0,0,0,0,0,0,0,0,0,0,0,0,0,0,0,0,0,0,0,0,0,0,0,0,0,0,0,0,0,0,0,0,0,0,0,0,0,0,0,0,0,0
12,right,0.3391006886959076,0.7042379379272461,2.0085140306491667e-07,0.3752332329750061,0.684973955154419,0.0003174058219883591,0.41882795095443726,0.6673482656478882,-0.006695626303553581,0.45490261912345886,0.6623067259788513,-0.014748301357030869,0.482480525970459,0.6596096158027649,-0.02260429598391056,0.4268559217453003,0.6269471049308777,-0.024005567654967308,0.4780345559120178,0.6233575940132141,-0.040295377373695374,0.5052508115768433,0.6418125033378601,-0.04910007119178772,0.523334801197052,0.6621353626251221,-0.054017454385757446,0.4146615266799927,0.6409807205200195,-0.03226674348115921,0.4680229723453522,0.690963625907898,-0.0486283116042614,0.48714444041252136,0.7290554046630859,-0.052444037050008774,0.4977043867111206,0.756260097026825,-0.054390277713537216,0.4016619622707367,0.6673832535743713,-0.039901573210954666,0.4520900547504425,0.7131482362747192,-0.0530453696846962,0.47420668601989746,0.7439687848091125,-0.05225391313433647,0.48876190185546875,0.7664756774902344,-0.05101897567510605,0.3909873962402344,0.6986030340194702,-0.0473872646689415,0.4295911192893982,0.7300061583518982,-0.053796958178281784,0.4486953616142273,0.7498859763145447,-0.05084790661931038,0.46403011679649353,0.7659071087837219,-0.04809679836034775
12,left,0.5402774214744568,0.8218799233436584,7.236014898381882e-09,0.5266646146774292,0.7826827168464661,-0.016773506999015808,0.5029418468475342,0.7564733028411865,-0.028539206832647324,0.48161908984184265,0.7361320853233337,-0.03727272152900696,0.46736830472946167,0.7238892912864685,-0.046942226588726044,0.4882489740848541,0.7950175404548645,-0.03925377503037453,0.45495548844337463,0.8119175434112549,-0.05640855059027672,0.43015122413635254,0.8209992051124573,-0.06732114404439926,0.40669524669647217,0.8264387249946594,-0.07574030011892319,0.4777086079120636,0.807866096496582,-0.0377960279583931,0.4358387291431427,0.8108871579170227,-0.0567498616874218,0.40729326009750366,0.8078032732009888,-0.0680692046880722,0.38052311539649963,0.8047627210617065,-0.07677459716796875,0.469679594039917,0.8180930018424988,-0.03600369393825531,0.4275144934654236,0.8199524283409119,-0.05482737347483635,0.4014627933502197,0.8135635852813721,-0.06494773179292679,0.37790149450302124,0.8090680241584778,-0.07137195765972137,0.4646050035953522,0.8263768553733826,-0.034352097660303116,0.4295145869255066,0.8386958241462708,-0.049437765032052994,0.4080091118812561,0.8482465147972107,-0.05579506605863571,0.3893396556377411,0.8565993309020996,-0.0602310374379158
13,right,0.3496679365634918,0.6862407922744751,2.8267464813325205e-07,0.38463109731674194,0.6721606850624084,0.0007434572326019406,0.4269199073314667,0.6561328768730164,-0.006326776929199696,0.46260327100753784,0.6514282822608948,-0.014031337574124336,0.4898681342601776,0.6476277709007263,-0.021576259285211563,0.4335823655128479,0.6127815246582031,-0.023608436807990074,0.48224979639053345,0.6125741004943848,-0.03955204039812088,0.5108516812324524,0.6273641586303711,-0.048166658729314804,0.5301223993301392,0.6441397666931152,-0.053046293556690216,0.42127567529678345,0.6236109733581543,-0.032133013010025024,0.4741640090942383,0.673680305480957,-0.04837409779429436,0.49254438281059265,0.7104000449180603,-0.0529874823987484,0.5026321411132812,0.736034095287323,-0.05518629774451256,0.4077456593513489,0.6471275091171265,-0.03991511091589928,0.4594558775424957,0.6922710537910461,-0.05276709422469139,0.4826611280441284,0.7229323983192444,-0.05287463590502739,0.4985155463218689,0.7439665794372559,-0.05247575417160988,0.3958330750465393,0.677115797996521,-0.047336287796497345,0.4333905577659607,0.7050183415412903,-0.05475753918290138,0.4519527852535248,0.7225156426429749,-0.05287889391183853,0.46748703718185425,0.7342104911804199,-0.05097638815641403
13,left,0.5359570384025574,0.8011838793754578,2.90439430727929e-07,0.5468614101409912,0.7646113634109497,-0.05005158111453056,0.5441645383834839,0.7451852560043335,-0.08272776752710342,0.5420549511909485,0.7445459961891174,-0.10714606195688248,0.5440096259117126,0.7568065524101257,-0.1320532262325287,0.48908987641334534,0.788051426410675,-0.07977966964244843,0.45527592301368713,0.8067414164543152,-0.10750310868024826,0.4278979003429413,0.8177967071533203,-0.12718473374843597,0.40075328946113586,0.8255732655525208,-0.14141196012496948,0.47300246357917786,0.7907386422157288,-0.06292834877967834,0.43236932158470154,0.7885695695877075,-0.0912335142493248,0.40679067373275757,0.7784583568572998,-0.10988723486661911,0.38258546590805054,0.7689512968063354,-0.1241469755768776,0.46297863125801086,0.7877832055091858,-0.046665191650390625,0.4232787787914276,0.781277060508728,-0.06844723969697952,0.3984658420085907,0.769262433052063,-0.08321276307106018,0.3777379095554352,0.7605115175247192,-0.09350284934043884,0.45616960525512695,0.7823613286018372,-0.033431850373744965,0.42313626408576965,0.7799319624900818,-0.04602048173546791,0.39864641427993774,0.7764898538589478,-0.05457723140716553,0.37772148847579956,0.7743001580238342,-0.062275707721710205
14,right,0.3427775204181671,0.6939719915390015,2.68616332732563e-07,0.3866567015647888,0.6871858239173889,0.0026592789217829704,0.4305468499660492,0.6694061756134033,-0.004179459996521473,0.4639119803905487,0.6570836305618286,-0.012163855135440826,0.49174046516418457,0.6443179845809937,-0.02028343826532364,0.4351402819156647,0.6153209805488586,-0.02160041406750679,0.48489588499069214,0.6130836606025696,-0.0376950204372406,0.5148237347602844,0.6274943947792053,-0.04736671969294548,0.5346163511276245,0.6467195153236389,-0.0533638522028923,0.42158496379852295,0.6235325336456299,-0.03154098987579346,0.4763111472129822,0.6744445562362671,-0.04898344725370407,0.4941374957561493,0.7125828266143799,-0.05495617911219597,0.5041819214820862,0.7384839057922363,-0.05836259201169014,0.4067721366882324,0.6468033194541931,-0.0405571274459362,0.4594942033290863,0.6896710991859436,-0.05478176847100258,0.48434576392173767,0.72216796875,-0.05548075959086418,0.5023059248924255,0.7455690503120422,-0.05557328835129738,0.3940715789794922,0.6769514083862305,-0.048893336206674576,0.4314020276069641,0.6997089982032776,-0.05655723065137863,0.45118024945259094,0.7130511403083801,-0.054657138884067535,0.46875789761543274,0.7207479476928711,-0.05299409478902817
14,left,0.5422326326370239,0.8027908802032471,2.1677576000911358e-07,0.5502008199691772,0.7657281160354614,-0.04554060474038124,0.5448974967002869,0.7414953708648682,-0.07483375817537308,0.5395829677581787,0.72954922914505,-0.09608588367700577,0.5358773469924927,0.7273721694946289,-0.11769339442253113,0.49110329151153564,0.7888461351394653,-0.07478874176740646,0.4561987519264221,0.8070701956748962,-0.10198210179805756,0.42817020416259766,0.8171156644821167,-0.12173718959093094,0.40099266171455383,0.8256030082702637,-0.1355394721031189,0.47688668966293335,0.7893520593643188,-0.05892286077141762,0.43175190687179565,0.7882663011550903,-0.08601879328489304,0.40486380457878113,0.774651050567627,-0.10534584522247314,0.3794001340866089,0.762694776058197,-0.12020429968833923,0.46901440620422363,0.7816984057426453,-0.04307083040475845,0.4272039830684662,0.7783688306808472,-0.06367552280426025,0.4022579789161682,0.7630568146705627,-0.07820554077625275,0.3811410665512085,0.752720832824707,-0.08845311403274536,0.4643798768520355,0.7699639797210693,-0.029767004773020744,0.4308730959892273,0.7687852382659912,-0.042057085782289505,0.4068445563316345,0.7627448439598083,-0.049657247960567474,0.385518342256546,0.7596139311790466,-0.05643947049975395
15,right,0.3340599834918976,0.6989787220954895,1.8455639860803785e-07,0.3815723657608032,0.6881651878356934,0.006322407629340887,0.4271542727947235,0.6716069579124451,0.0010599454399198294,0.4593854248523712,0.658083975315094,-0.005745185073465109,0.48739093542099,0.6485238075256348,-0.012382125481963158,0.4342481791973114,0.6182694435119629,-0.017245236784219742,0.485385000705719,0.6190300583839417,-0.03138246014714241,0.514495849609375,0.6345351934432983,-0.039745867252349854,0.5342954993247986,0.6534363031387329,-0.044553738087415695,0.4203318953514099,0.6264978051185608,-0.02804899774491787,0.4742378294467926,0.6794737577438354,-0.04223985970020294,0.4900573492050171,0.7198036909103394,-0.046273037791252136,0.49941033124923706,0.7470215559005737,-0.04822474718093872,0.4060756266117096,0.6502350568771362,-0.03765934705734253,0.45695793628692627,0.6951642632484436,-0.04765695333480835,0.48253679275512695,0.728394627571106,-0.04672485962510109,0.5013009905815125,0.7515735030174255,-0.04624120146036148,0.39423784613609314,0.6803603768348694,-0.046517785638570786,0.4306553602218628,0.7016460299491882,-0.050075601786375046,0.44651105999946594,0.7130599021911621,-0.04582582786679268,0.46025311946868896,0.7177389860153198,-0.04268047586083412
15,left,0.5426831841468811,0.8030989170074463,1.1019275802937045e-07,0.5497674942016602,0.7667032480239868,-0.03349031135439873,0.544952392578125,0.7443811893463135,-0.058029185980558395,0.5460385084152222,0.7480319142341614,-0.07688437402248383,0.5519993901252747,0.7646674513816833,-0.09693694859743118,0.5006253719329834,0.7857169508934021,-0.06669241935014725,0.4614010155200958,0.8000068664550781,-0.09052780270576477,0.4339350461959839,0.8114368319511414,-0.10731016099452972,0.4070461392402649,0.81923907995224,-0.11900167912244797,0.4868476390838623,0.7875687479972839,-0.05597038194537163,0.43973901867866516,0.7911359667778015,-0.08034878969192505,0.4091479778289795,0.7827348113059998,-0.09734198451042175,0.3814042806625366,0.7743110656738281,-0.11063763499259949,0.47892168164253235,0.7793633937835693,-0.044019024819135666,0.4352926015853882,0.7726694345474243,-0.06176185980439186,0.4079841673374176,0.7604334950447083,-0.0739494264125824,0.38563624024391174,0.7520300149917603,-0.08257312327623367,0.47465986013412476,0.7643142938613892,-0.03358300030231476,0.44085901975631714,0.7586185932159424,-0.042426589876413345,0.41874387860298157,0.7527525424957275,-0.04656625911593437,0.4000770151615143,0.7480130195617676,-0.05097046494483948
16,right,0.3275367021560669,0.701128363609314,1.9968071285347833e-07,0.3768733739852905,0.6899197697639465,0.010106691159307957,0.41969117522239685,0.6726725697517395,0.005524071864783764,0.4498734176158905,0.6597470045089722,-0.0015519061125814915,0.4767872393131256,0.6551908254623413,-0.00855289027094841,0.4309580326080322,0.6184850931167603,-0.015882989391684532,0.4837699234485626,0.622509241104126,-0.02934177592396736,0.5132315158843994,0.6384875178337097,-0.037193771451711655,0.5327209234237671,0.6567384600639343,-0.04167145863175392,0.4169909656047821,0.627738356590271,-0.02874039299786091,0.4720344543457031,0.6837371587753296,-0.04195855185389519,0.49050211906433105,0.7256782054901123,-0.045591432601213455,0.5019063949584961,0.7540715932846069,-0.047521546483039856,0.40332916378974915,0.6534683704376221,-0.040001723915338516,0.45465052127838135,0.6997712850570679,-0.048794619739055634,0.4811893105506897,0.7348108291625977,-0.04794956371188164,0.500736653804779,0.7583640813827515,-0.04795040562748909,0.3929690718650818,0.6848219633102417,-0.050271205604076385,0.4303666651248932,0.7079409956932068,-0.052497707307338715,0.4462270438671112,0.7191164493560791,-0.04773084446787834,0.45981431007385254,0.7229889035224915,-0.0445447638630867
16,left,0.5368300676345825,0.7916485667228699,4.163150322256115e-07,0.5465806722640991,0.7493439316749573,-0.040511809289455414,0.5490806102752686,0.7344444990158081,-0.06750328093767166,0.5580310225486755,0.7529689073562622,-0.08740205317735672,0.5722869038581848,0.7794819474220276,-0.10735379159450531,0.4992433786392212,0.785808801651001,-0.07165621221065521,0.4593994915485382,0.8000893592834473,-0.0942692831158638,0.43111705780029297,0.8110142946243286,-0.10743550211191177,0.406358003616333,0.8217762112617493,-0.11561925709247589,0.4840537905693054,0.7886706590652466,-0.057528819888830185,0.440373957157135,0.787851870059967,-0.08018079400062561,0.4097437858581543,0.7766082286834717,-0.09255650639533997,0.38535046577453613,0.7691175937652588,-0.10033523291349411,0.4754420816898346,0.7843196392059326,-0.04314947500824928,0.4377983510494232,0.7766517400741577,-0.05959242954850197,0.4116049110889435,0.7597085237503052,-0.07003749907016754,0.3911663293838501,0.7465587854385376,-0.07608965784311295,0.46904072165489197,0.776094377040863,-0.03102783113718033,0.44351711869239807,0.7660968899726868,-0.04038111865520477,0.42434489727020264,0.7572898864746094,-0.0450877845287323,0.40920400619506836,0.7494239211082458,-0.04831032454967499
17,right,0.34894293546676636,0.6942813396453857,2.84931189753479e-07,0.3889583349227905,0.6796543002128601,0.0011604870669543743,0.42934954166412354,0.6622249484062195,-0.0077295685186982155,0.4627569019794464,0.6555945873260498,-0.017450284212827682,0.4892748296260834,0.6506669521331787,-0.026865772902965546,0.4331769347190857,0.6121487021446228,-0.02373630367219448,0.4831014573574066,0.6180195212364197,-0.041009094566106796,0.5113046765327454,0.6378475427627563,-0.05079082399606705,0.5290963053703308,0.6582333445549011,-0.05645015835762024,0.418475866317749,0.6237990260124207,-0.033336613327264786,0.47203972935676575,0.6817485094070435,-0.05096028372645378,0.48928147554397583,0.722823977470398,-0.05547250807285309,0.49959415197372437,0.7507858872413635,-0.05754677578806877,0.40337613224983215,0.6481180191040039,-0.04237227886915207,0.45779237151145935,0.6942046880722046,-0.055648427456617355,0.4823724031448364,0.7289738655090332,-0.05499570071697235,0.49896660447120667,0.753460705280304,-0.05440012738108635,0.391256183385849,0.6771529316902161,-0.05109698697924614,0.42578747868537903,0.7012590169906616,-0.05789734423160553,0.4407599866390228,0.7152391076087952,-0.055067114531993866,0.45290616154670715,0.7235980033874512,-0.05287556350231171
17,left,0.532586932182312,0.8041545748710632,1.3117293917730422e-07,0.5475801825523376,0.768775224685669,-0.03384150192141533,0.5488384366035461,0.7407622337341309,-0.05786826089024544,0.5522434115409851,0.7413235306739807,-0.07574737817049026,0.5625676512718201,0.75593101978302,-0.09461012482643127,0.5047720074653625,0.7799503207206726,-0.06653261929750443,0.4656144976615906,0.798191487789154,-0.08812782913446426,0.4378085732460022,0.8116377592086792,-0.1027926579117775,0.41128110885620117,0.8194818496704102,-0.11300098896026611,0.48490238189697266,0.7884516716003418,-0.05460547283291817,0.44149041175842285,0.7894989848136902,-0.07633794844150543,0.41112789511680603,0.7803027629852295,-0.09017696976661682,0.38361838459968567,0.7706583738327026,-0.10112149268388748,0.4716133177280426,0.7874855995178223,-0.041322022676467896,0.4320642650127411,0.7792105078697205,-0.055841825902462006,0.4071267247200012,0.7650601267814636,-0.06464453041553497,0.3864160180091858,0.7529779076576233,-0.07104127109050751,0.4627595543861389,0.7816105484962463,-0.029851101338863373,0.432071328163147,0.7764251828193665,-0.03597458079457283,0.41128259897232056,0.7707314491271973,-0.03780582174658775,0.39376264810562134,0.7650291919708252,-0.040470633655786514
18,right,0.3350892663002014,0.6942034959793091,2.4953396859928034e-07,0.37569907307624817,0.6745306253433228,0.0036671331617981195,0.4191893935203552,0.6568648219108582,-0.0034686075523495674,0.45427316427230835,0.6497330665588379,-0.012033462524414062,0.4829382598400116,0.6444820761680603,-0.020948728546500206,0.42625483870506287,0.616519570350647,-0.022135835140943527,0.47653186321258545,0.6156765818595886,-0.037270259112119675,0.5060157775878906,0.6285972595214844,-0.04531588777899742,0.5271735191345215,0.6451753377914429,-0.05004464462399483,0.41455402970314026,0.6301693916320801,-0.03281669691205025,0.469942182302475,0.6789207458496094,-0.04858708381652832,0.489024817943573,0.7172542214393616,-0.05266003683209419,0.5003376603126526,0.7437642812728882,-0.054765552282333374,0.4013541638851166,0.6566309928894043,-0.04232682287693024,0.4537457227706909,0.7008680701255798,-0.05429458990693092,0.477323055267334,0.7318031787872314,-0.05317891389131546,0.49331554770469666,0.7532365322113037,-0.05222516879439354,0.38956427574157715,0.6885555982589722,-0.05129107087850571,0.4264935553073883,0.7132097482681274,-0.05667242780327797,0.4449974000453949,0.7259883880615234,-0.053265057504177094,0.4606511890888214,0.733121395111084,-0.05062281712889671
18,left,0.5305757522583008,0.7950583696365356,4.2824800061680435e-07,0.5428926944732666,0.7620849013328552,-0.04586191475391388,0.545933187007904,0.745318591594696,-0.07413326948881149,0.5523593425750732,0.7546452879905701,-0.09374498575925827,0.5632644295692444,0.7737525701522827,-0.11300729960203171,0.49294349551200867,0.7921560406684875,-0.0752972811460495,0.456337571144104,0.804179310798645,-0.09830901771783829,0.4285293221473694,0.8141118288040161,-0.11242949962615967,0.40431728959083557,0.8247807025909424,-0.12114511430263519,0.47710514068603516,0.7894712090492249,-0.05731198936700821,0.4347081780433655,0.7870799899101257,-0.07829191535711288,0.4061149060726166,0.7756142020225525,-0.08935976028442383,0.38324281573295593,0.7675638794898987,-0.09666380286216736,0.4683901369571686,0.7818537950515747,-0.03955521807074547,0.4321683645248413,0.7777888774871826,-0.05420411750674248,0.4080849289894104,0.7624837756156921,-0.06343162059783936,0.3893812894821167,0.7503016591072083,-0.06906664371490479,0.46229061484336853,0.7737938165664673,-0.024656351655721664,0.4368458390235901,0.7673563361167908,-0.03261266276240349,0.41944384574890137,0.7606419920921326,-0.03669515252113342,0.406177282333374,0.7537046670913696,-0.039734337478876114
19,right,0.3174434304237366,0.7049707770347595,3.663567156309e-07,0.35162553191185,0.6646919250488281,0.00257522682659328,0.39027103781700134,0.6407361030578613,-0.007805272005498409,0.4258425831794739,0.6376715302467346,-0.019175594672560692,0.4522407054901123,0.6481882333755493,-0.03053724579513073,0.39879047870635986,0.6116199493408203,-0.03344561532139778,0.4422312378883362,0.5863690972328186,-0.05342553183436394,0.4741958975791931,0.5868945121765137,-0.06484578549861908,0.4996090829372406,0.5938458442687988,-0.07151483744382858,0.388554185628891,0.630561888217926,-0.04433930665254593,0.4520741403102875,0.662334144115448,-0.06384211033582687,0.4805953800678253,0.6941194534301758,-0.06949825584888458,0.49758729338645935,0.7192124128341675,-0.07208316028118134,0.3787427842617035,0.6631878018379211,-0.053568340837955475,0.4377616047859192,0.6967847943305969,-0.06746064871549606,0.4665810465812683,0.72272127866745,-0.06818594038486481,0.48469430208206177,0.7419021725654602,-0.06805416196584702,0.37216174602508545,0.7003749012947083,-0.062277648597955704,0.41498878598213196,0.7271357774734497,-0.06938789039850235,0.4373004734516144,0.7427321076393127,-0.06753147393465042,0.4556368291378021,0.753451943397522,-0.06552653759717941
19,left,0.53513503074646,0.7790749669075012,4.3075235112155497e-07,0.5452769994735718,0.7565941214561462,-0.04393034428358078,0.5464967489242554,0.7493019104003906,-0.07068555802106857,0.5489258170127869,0.7567391991615295,-0.08983149379491806,0.5585829615592957,0.7673673033714294,-0.10822052508592606,0.4893724322319031,0.7924750447273254,-0.06505857408046722,0.45370176434516907,0.8061866760253906,-0.08608052134513855,0.4289321303367615,0.8152146339416504,-0.09928463399410248,0.40739673376083374,0.8253145813941956,-0.1076270192861557,0.4744549095630646,0.784281849861145,-0.04958176612854004,0.4320138394832611,0.781474769115448,-0.06777411699295044,0.4033735692501068,0.7733597755432129,-0.0783017948269844,0.3801741898059845,0.7684810757637024,-0.08532527834177017,0.4668988287448883,0.7755511999130249,-0.03536689653992653,0.43112796545028687,0.7737771272659302,-0.04895949363708496,0.4052495062351227,0.7646704316139221,-0.058982446789741516,0.38390910625457764,0.7579039931297302,-0.06532542407512665,0.46292293071746826,0.7697032690048218,-0.02414059266448021,0.43632543087005615,0.7688720226287842,-0.0323362797498703,0.41679179668426514,0.7668983936309814,-0.03752749413251877,0.4010951519012451,0.7644360065460205,-0.04129922017455101
20,right,0.2824185788631439,0.7052572965621948,3.7030565636086976e-07,0.3118385672569275,0.6511752009391785,0.0008882494876161218,0.35005784034729004,0.6146718263626099,-0.0090330196544528,0.3876849412918091,0.6026530861854553,-0.018795564770698547,0.4174053966999054,0.609821081161499,-0.028493303805589676,0.34778302907943726,0.5995081663131714,-0.034970466047525406,0.3798440992832184,0.572291374206543,-0.05444495752453804,0.4084205627441406,0.567277193069458,-0.06511770933866501,0.4348664879798889,0.5664995908737183,-0.07169591635465622,0.34222787618637085,0.6304965019226074,-0.0449497327208519,0.4068658947944641,0.6393423080444336,-0.06286781281232834,0.44293105602264404,0.6603367924690247,-0.06833989918231964,0.47041842341423035,0.6780111789703369,-0.07173141092061996,0.3396032154560089,0.6712480187416077,-0.05324060842394829,0.4022521376609802,0.6886078715324402,-0.06846431642770767,0.4365268349647522,0.7055583596229553,-0.06976934522390366,0.4619925916194916,0.7157511711120605,-0.06972924619913101,0.3400771915912628,0.7126172780990601,-0.06078680232167244,0.38789623975753784,0.727426290512085,-0.06884190440177917,0.41405099630355835,0.7364665269851685,-0.06705306470394135,0.43704256415367126,0.7396752238273621,-0.06529634445905685
20,left,0.5344542860984802,0.7761744260787964,5.124745143803011e-07,0.5441705584526062,0.750716507434845,-0.0519685260951519,0.5453835725784302,0.7425846457481384,-0.08323388546705246,0.5501061081886292,0.7547163367271423,-0.10518144071102142,0.558387041091919,0.7697357535362244,-0.1268633008003235,0.49091723561286926,0.7962904572486877,-0.07944878190755844,0.4520094096660614,0.8084942698478699,-0.10496686398983002,0.42657411098480225,0.8180638551712036,-0.1207088828086853,0.4044075012207031,0.8276851177215576,-0.13060316443443298,0.4762272834777832,0.7885639071464539,-0.061460793018341064,0.4340653419494629,0.7864137887954712,-0.08410034328699112,0.40544334053993225,0.7792567014694214,-0.09644418954849243,0.3816866874694824,0.7727216482162476,-0.10480353236198425,0.46824783086776733,0.7773255705833435,-0.045035526156425476,0.4316689372062683,0.7718875408172607,-0.0626421794295311,0.4063323140144348,0.7619883418083191,-0.0729856938123703,0.38519468903541565,0.7522635459899902,-0.07954375445842743,0.46337345242500305,0.7667583227157593,-0.03210391104221344,0.43729010224342346,0.7578319311141968,-0.04359719529747963,0.4197157919406891,0.7490079402923584,-0.04961626976728439,0.40532273054122925,0.7387031316757202,-0.0538618378341198
21,right,0.25519078969955444,0.7044016718864441,3.664402186132065e-07,0.2818593382835388,0.6491842865943909,-0.0070787519216537476,0.317721962928772,0.6049885749816895,-0.018071601167321205,0.3478718400001526,0.5689340829849243,-0.026236550882458687,0.35579386353492737,0.532532811164856,-0.033984798938035965,0.28801199793815613,0.6156923770904541,-0.04364360496401787,0.3041107654571533,0.5946365594863892,-0.06456401199102402,0.32739147543907166,0.5847679972648621,-0.07633394747972488,0.3500644862651825,0.5755706429481506,-0.08279959112405777,0.28416380286216736,0.6581771373748779,-0.048296451568603516,0.34851622581481934,0.6508466005325317,-0.06598284095525742,0.3927662968635559,0.6537314057350159,-0.07058864831924438,0.42659667134284973,0.6560730338096619,-0.07420700043439865,0.2892293930053711,0.7006808519363403,-0.05176650732755661,0.3579757809638977,0.7051103115081787,-0.06828360259532928,0.39755308628082275,0.7009400129318237,-0.0712016299366951,0.42447617650032043,0.6941809058189392,-0.07159548997879028,0.2994741201400757,0.7403052449226379,-0.05462443828582764,0.3561199903488159,0.7390332818031311,-0.06207512319087982,0.3823182284832001,0.7323854565620422,-0.059788115322589874,0.4004588723182678,0.7206272482872009,-0.058044083416461945
21,left,0.5386615991592407,0.8136634230613708,1.1359099261198935e-07,0.548904299736023,0.7723714113235474,-0.032481271773576736,0.5441852807998657,0.7466181516647339,-0.0525861494243145,0.5394673943519592,0.7534620761871338,-0.06642472743988037,0.5446362495422363,0.7722387909889221,-0.07962778210639954,0.4972050189971924,0.7895953059196472,-0.05667637288570404,0.4589313864707947,0.8105595707893372,-0.07979696989059448,0.43135637044906616,0.8248377442359924,-0.09496086835861206,0.40768495202064514,0.8352797031402588,-0.10382337123155594,0.47790011763572693,0.7957920432090759,-0.044977229088544846,0.43388134241104126,0.7914695143699646,-0.0628603920340538,0.4060709774494171,0.7796584963798523,-0.07083278894424438,0.38427162170410156,0.7721771597862244,-0.07610790431499481,0.46436524391174316,0.792796790599823,-0.03359412029385567,0.4238238036632538,0.7829362154006958,-0.046100832521915436,0.4008793830871582,0.7690689563751221,-0.05075109004974365,0.38213223218917847,0.7591566443443298,-0.05274572595953941,0.45637157559394836,0.7864378690719604,-0.024521397426724434,0.42595645785331726,0.7761648297309875,-0.029946796596050262,0.4083513617515564,0.7672655582427979,-0.02955752983689308,0.39310377836227417,0.7609111070632935,-0.028962833806872368
22,right,0.25123435258865356,0.7122201323509216,4.3145260519850126e-07,0.2761264145374298,0.6571572422981262,-0.007795973680913448,0.3094678223133087,0.6083940863609314,-0.01866970956325531,0.33791056275367737,0.5719007849693298,-0.026768291369080544,0.35132232308387756,0.5349145531654358,-0.03450467810034752,0.2848292887210846,0.6161965131759644,-0.04494557902216911,0.29926779866218567,0.592186450958252,-0.06765724718570709,0.3257319927215576,0.5805984735488892,-0.08087853342294693,0.35192838311195374,0.5713672637939453,-0.08827126771211624,0.28169146180152893,0.6567758917808533,-0.04951300099492073,0.34389838576316833,0.6500421762466431,-0.06864035874605179,0.3901352882385254,0.6531454920768738,-0.07491417229175568,0.42558950185775757,0.6565890312194824,-0.07930208742618561,0.2867072820663452,0.6988739967346191,-0.05287143588066101,0.3522716462612152,0.7020570635795593,-0.07028556615114212,0.3926534652709961,0.7008119821548462,-0.07256516069173813,0.42066216468811035,0.6970722675323486,-0.07237746566534042,0.2962954044342041,0.7375682592391968,-0.055892717093229294,0.350014865398407,0.7392668724060059,-0.06552822142839432,0.3772629499435425,0.7338111400604248,-0.06420523673295975,0.39688971638679504,0.7252295017242432,-0.06258469074964523
22,left,0.534637987613678,0.7974604964256287,3.6060436059415224e-07,0.5469635725021362,0.7650986909866333,-0.04626930505037308,0.5463406443595886,0.7520991563796997,-0.07451165467500687,0.5493561625480652,0.7595475912094116,-0.09458661079406738,0.5607059001922607,0.7697659134864807,-0.11347286403179169,0.4899892210960388,0.7957343459129333,-0.07038284093141556,0.4538886547088623,0.807716429233551,-0.0942544937133789,0.4284452497959137,0.8178091645240784,-0.10899056494235992,0.4051506519317627,0.8294884562492371,-0.11796347051858902,0.4755682945251465,0.7969508171081543,-0.0540284737944603,0.43364962935447693,0.7951125502586365,-0.07410883158445358,0.4055570363998413,0.7859818339347839,-0.08506447821855545,0.3826269507408142,0.7802194356918335,-0.09233718365430832,0.4665502905845642,0.7901532649993896,-0.03882629796862602,0.43025442957878113,0.785760760307312,-0.05237346515059471,0.40701884031295776,0.7721668481826782,-0.06098311394453049,0.38830673694610596,0.7617095112800598,-0.06636407226324081,0.46127739548683167,0.7808285355567932,-0.027047310024499893,0.4328676462173462,0.7747714519500732,-0.033437494188547134,0.41439288854599,0.7660745978355408,-0.03690795600414276,0.3999963402748108,0.7581070065498352,-0.03974722698330879
23,right,0.25852805376052856,0.7128744125366211,1.4024027450432186e-07,0.26916518807411194,0.6668954491615295,-0.006487890612334013,0.2708583474159241,0.6265508532524109,-0.02235575020313263,0.2750750780105591,0.5951725840568542,-0.035758018493652344,0.2754756212234497,0.5620065331459045,-0.048823658376932144,0.2375224232673645,0.6551388502120972,-0.047048941254615784,0.23091618716716766,0.6503950357437134,-0.07446416467428207,0.23669055104255676,0.650185227394104,-0.09187371283769608,0.24478508532047272,0.6507168412208557,-0.09985820949077606,0.2400030493736267,0.7053689956665039,-0.054322749376297,0.2990947961807251,0.6985750198364258,-0.07614743709564209,0.34049656987190247,0.6855490207672119,-0.0832749605178833,0.3749995231628418,0.674806535243988,-0.08758185803890228,0.2536892294883728,0.7438763380050659,-0.06019653379917145,0.3219831585884094,0.7394924163818359,-0.0824727863073349,0.3606523275375366,0.7189865112304688,-0.0866299495100975,0.3876628279685974,0.6990179419517517,-0.08526754379272461,0.2693956196308136,0.7736021280288696,-0.06479120254516602,0.32145175337791443,0.7631986737251282,-0.07356350123882294,0.34871551394462585,0.7439072728157043,-0.0681142583489418,0.36826229095458984,0.7222359776496887,-0.06300636380910873
23,left,0.5350317358970642,0.7844277024269104,4.6115928853396326e-07,0.5452561378479004,0.7579082250595093,-0.04798750951886177,0.5449549555778503,0.7487386465072632,-0.07778870314359665,0.5471315979957581,0.7561630010604858,-0.09917804598808289,0.5549281239509583,0.7650212049484253,-0.12005676329135895,0.4901593327522278,0.7994076013565063,-0.07523899525403976,0.45023658871650696,0.8108927607536316,-0.10041625797748566,0.42477139830589294,0.8209338188171387,-0.1159643605351448,0.4022459387779236,0.8327673673629761,-0.12547188997268677,0.47730836272239685,0.7949488162994385,-0.058922767639160156,0.43275466561317444,0.7935226559638977,-0.08089873939752579,0.40325015783309937,0.7848402261734009,-0.093135766685009,0.3787175416946411,0.7777319550514221,-0.1013389378786087,0.4696066081523895,0.7855787873268127,-0.04380922392010689,0.4308062493801117,0.7817498445510864,-0.060056764632463455,0.4044364094734192,0.7702971696853638,-0.0700714960694313,0.38295069336891174,0.7594069242477417,-0.07639297097921371,0.4650525152683258,0.775652289390564,-0.031954649835824966,0.43590787053108215,0.7703892588615417,-0.04161044582724571,0.41639307141304016,0.7611739039421082,-0.04677199572324753,0.4011378288269043,0.7504814863204956,-0.05065064877271652
24,right,0.2731679677963257,0.7255977988243103,2.8765245474460244e-07,0.2824283540248871,0.6775026321411133,-0.006055484991520643,0.2652707099914551,0.6491120457649231,-0.023541564121842384,0.257323682308197,0.6229451298713684,-0.03938964381814003,0.2481999546289444,0.5952268242835999,-0.0543031170964241,0.21272191405296326,0.6921404004096985,-0.04652930051088333,0.19842684268951416,0.6955413818359375,-0.07838226854801178,0.20134995877742767,0.6939080953598022,-0.09970836341381073,0.20792415738105774,0.6903104186058044,-0.10843249410390854,0.21083715558052063,0.7436646819114685,-0.052728790789842606,0.27634966373443604,0.7471779584884644,-0.0744483545422554,0.32333311438560486,0.7334051728248596,-0.07994987815618515,0.3591640293598175,0.7174443602561951,-0.08343193680047989,0.22850313782691956,0.7784643769264221,-0.05792215093970299,0.29666972160339355,0.778802752494812,-0.07850997149944305,0.33376947045326233,0.7576972842216492,-0.07763448357582092,0.35330265760421753,0.7323887348175049,-0.07265027612447739,0.25213623046875,0.8017492294311523,-0.06245512515306473,0.2995716631412506,0.8009289503097534,-0.06596565246582031,0.323505163192749,0.7848873734474182,-0.05531826615333557,0.33512941002845764,0.760223925113678,-0.04712717607617378
24,left,0.5425794124603271,0.8096712827682495,1.2579786812239035e-07,0.5502070188522339,0.7674102187156677,-0.03240068256855011,0.5433624982833862,0.7433181405067444,-0.05241299420595169,0.5374846458435059,0.751705527305603,-0.06615640223026276,0.5435291528701782,0.7719553112983704,-0.07956431806087494,0.4949985146522522,0.7881181240081787,-0.05608898028731346,0.4583582878112793,0.8095215559005737,-0.07810734957456589,0.43155136704444885,0.8240885734558105,-0.09254647046327591,0.40741267800331116,0.8358314633369446,-0.10103193670511246,0.4779611825942993,0.7928054928779602,-0.04406121373176575,0.43324875831604004,0.7878248691558838,-0.06218278780579567,0.4054141938686371,0.7763949036598206,-0.07025287300348282,0.3836752474308014,0.7696419954299927,-0.0752178281545639,0.4669381082057953,0.7894517183303833,-0.03216952085494995,0.4262222945690155,0.7803474068641663,-0.04499628767371178,0.4018583595752716,0.7673790454864502,-0.05014821141958237,0.3821561336517334,0.7582997679710388,-0.052085112780332565,0.4611227214336395,0.7839027643203735,-0.022455384954810143,0.4302713871002197,0.7745619416236877,-0.02784683369100094,0.41154971718788147,0.7667876482009888,-0.02756522409617901,0.39579933881759644,0.761734664440155,-0.026858685538172722
25,right,0.26299601793289185,0.7277399301528931,3.217477058115037e-07,0.2731354236602783,0.6796401143074036,-0.00839102454483509,0.2639145255088806,0.6550136804580688,-0.026542063802480698,0.25511449575424194,0.6338731646537781,-0.04243382066488266,0.23833394050598145,0.6109238266944885,-0.058449991047382355,0.20579800009727478,0.7084137797355652,-0.05914509668946266,0.19637489318847656,0.7147505283355713,-0.09199804812669754,0.19994041323661804,0.7206192016601562,-0.11276497691869736,0.20651456713676453,0.7219464182853699,-0.12148645520210266,0.20415568351745605,0.7617225646972656,-0.06452217698097229,0.2712278664112091,0.7630693912506104,-0.08791493624448776,0.3195272982120514,0.7496928572654724,-0.09524478018283844,0.3559350371360779,0.7337047457695007,-0.10067662596702576,0.22077676653862,0.7963754534721375,-0.06795835494995117,0.29164019227027893,0.7957620620727539,-0.09001389890909195,0.3322502374649048,0.7742417454719543,-0.09293033182621002,0.35431748628616333,0.7495253682136536,-0.09161725640296936,0.244370698928833,0.8176595568656921,-0.07058135420084,0.29181116819381714,0.8232443332672119,-0.07716336101293564,0.318988174200058,0.8090353608131409,-0.07090788334608078,0.33281752467155457,0.7864971160888672,-0.06636308133602142
25,left,0.5350100994110107,0.7947507500648499,4.0316467675438616e-07,0.5472155213356018,0.7644708156585693,-0.04904509335756302,0.547139048576355,0.751977264881134,-0.07872668653726578,0.5503460764884949,0.7604541778564453,-0.09970124810934067,0.5603623390197754,0.7697423100471497,-0.11955299228429794,0.4881238043308258,0.7972087860107422,-0.07339583337306976,0.4537048637866974,0.8068456649780273,-0.09833233803510666,0.42934995889663696,0.8164347410202026,-0.11412820965051651,0.40638694167137146,0.8281289339065552,-0.12385515123605728,0.4741567075252533,0.7970133423805237,-0.05578077957034111,0.4332324266433716,0.7921962141990662,-0.07682062685489655,0.40591344237327576,0.7812991142272949,-0.08851639181375504,0.38345402479171753,0.7738713026046753,-0.09641535580158234,0.4657425582408905,0.7896338701248169,-0.03952040150761604,0.4300881326198578,0.7844247221946716,-0.05412492901086807,0.406678169965744,0.7700324058532715,-0.06342548877000809,0.38758549094200134,0.7585591673851013,-0.069331094622612,0.461277574300766,0.7805724740028381,-0.02684706635773182,0.43309369683265686,0.7738152146339417,-0.0343642495572567,0.4145209789276123,0.7648395299911499,-0.038602061569690704,0.3998265564441681,0.7562048435211182,-0.042021676898002625
26,right,0.25173214077949524,0.7665855884552002,4.2824902379834384e-07,0.26743265986442566,0.709901750087738,-0.011294262483716011,0.26528996229171753,0.6788084506988525,-0.028178749606013298,0.2600085437297821,0.6542518734931946,-0.0413939468562603,0.23848845064640045,0.6283520460128784,-0.05452977493405342,0.2036600410938263,0.7312673330307007,-0.05430249124765396,0.20691776275634766,0.7468382716178894,-0.07691559940576553,0.2183588147163391,0.7477317452430725,-0.08868146687746048,0.23025837540626526,0.7448043823242188,-0.09277836233377457,0.20536936819553375,0.7932201027870178,-0.0554162971675396,0.27247950434684753,0.8024623394012451,-0.07347151637077332,0.3220160901546478,0.7801868915557861,-0.07456935942173004,0.3522048592567444,0.7556725144386292,-0.07553546875715256,0.22045361995697021,0.8253667950630188,-0.054720718413591385,0.28810641169548035,0.8357157707214355,-0.07145916670560837,0.3279494047164917,0.8065260052680969,-0.07040513306856155,0.3461560308933258,0.7746863961219788,-0.06635306030511856,0.23704984784126282,0.8385408520698547,-0.05351678282022476,0.2876797616481781,0.8475440144538879,-0.05757419764995575,0.3179553747177124,0.8308215737342834,-0.05174063518643379,0.3331238627433777,0.8061412572860718,-0.04785485565662384
26,left,0.5360565185546875,0.7822623252868652,4.718815773685492e-07,0.546606183052063,0.7528083920478821,-0.0490800179541111,0.5479214787483215,0.7417696714401245,-0.07939047366380692,0.5529277324676514,0.7549428343772888,-0.10105662792921066,0.5617648959159851,0.7723100185394287,-0.12259968370199203,0.4954020380973816,0.795704185962677,-0.07973941415548325,0.45586344599723816,0.80754554271698,-0.1066698208451271,0.4298557937145233,0.8185229897499084,-0.12325166910886765,0.40619292855262756,0.8302770256996155,-0.13362732529640198,0.48062777519226074,0.7920910120010376,-0.06328282505273819,0.437198281288147,0.7908616662025452,-0.08601479977369308,0.4082600176334381,0.7825669050216675,-0.09807391464710236,0.3831622004508972,0.7754135727882385,-0.10650389641523361,0.47219979763031006,0.7833973169326782,-0.04800759628415108,0.43400290608406067,0.7804785370826721,-0.06463993340730667,0.40840139985084534,0.7687692046165466,-0.07407036423683167,0.38756030797958374,0.7570096254348755,-0.08031856268644333,0.4671814739704132,0.7744213938713074,-0.03612472862005234,0.4384424686431885,0.7704014778137207,-0.04651559889316559,0.4182840883731842,0.7624168992042542,-0.0519779771566391,0.40204933285713196,0.7517504692077637,-0.05616768077015877
27,right,0.20384752750396729,0.8007779717445374,5.71105488234025e-07,0.23088443279266357,0.7279053330421448,-0.016252493485808372,0.25203779339790344,0.6843098402023315,-0.03122691996395588,0.2557770311832428,0.6575289368629456,-0.04084649682044983,0.2361057996749878,0.6356527209281921,-0.05026591941714287,0.21217617392539978,0.7429789304733276,-0.060563430190086365,0.2706058919429779,0.7562863230705261,-0.07881861180067062,0.3125140070915222,0.7461473941802979,-0.08457604795694351,0.34202688932418823,0.7373311519622803,-0.08558076620101929,0.21077683568000793,0.8003392219543457,-0.05652139335870743,0.2841143012046814,0.8077878355979919,-0.07207991927862167,0.32990553975105286,0.7861402034759521,-0.07075025141239166,0.3555072546005249,0.764893114566803,-0.06965155899524689,0.21782132983207703,0.8347315788269043,-0.05021590366959572,0.2893061637878418,0.8427811861038208,-0.061360813677310944,0.3273261487483978,0.8132654428482056,-0.05803162232041359,0.3409004211425781,0.7851865887641907,-0.05330897122621536,0.22714675962924957,0.8503791093826294,-0.0442865826189518,0.28188490867614746,0.8549036383628845,-0.047531723976135254,0.31214553117752075,0.8328816890716553,-0.04445350915193558,0.32475054264068604,0.8098338842391968,-0.04190606623888016
27,left,0.5347525477409363,0.8101158142089844,1.7379534256178886e-07,0.5500541925430298,0.7789099216461182,-0.037781622260808945,0.5530213713645935,0.7567315697669983,-0.06093836575746536,0.5573899149894714,0.7558571696281433,-0.07769665867090225,0.5735854506492615,0.765560507774353,-0.09363679587841034,0.49545204639434814,0.7888461947441101,-0.056755054742097855,0.4607318043708801,0.806222677230835,-0.07799527049064636,0.43483322858810425,0.8187710046768188,-0.09245845675468445,0.4116625487804413,0.8291590213775635,-0.10156125575304031,0.47547775506973267,0.788634717464447,-0.043254535645246506,0.43398863077163696,0.7831445336341858,-0.059261612594127655,0.4067891538143158,0.7735328078269958,-0.06767835468053818,0.38580214977264404,0.7699409127235413,-0.07370701432228088,0.46288758516311646,0.7844939231872559,-0.030720632523298264,0.426607221364975,0.7766101956367493,-0.041860684752464294,0.4038139879703522,0.7647492289543152,-0.04862868785858154,0.38542264699935913,0.7585075497627258,-0.052628275007009506,0.45522063970565796,0.7811625599861145,-0.02110345847904682,0.427873432636261,0.77447509765625,-0.02605697326362133,0.41037866473197937,0.7687829732894897,-0.027458660304546356,0.39662668108940125,0.7666961550712585,-0.028505971655249596
28,right,0.22777952253818512,0.7708617448806763,4.3354177137189254e-07,0.2450297772884369,0.7103809118270874,-0.013081234879791737,0.253337562084198,0.6762250661849976,-0.03056248091161251,0.25429096817970276,0.6541053652763367,-0.04377610608935356,0.2358633130788803,0.6296005249023438,-0.0574614442884922,0.19600412249565125,0.7177396416664124,-0.05984658747911453,0.1985364556312561,0.728255033493042,-0.08679426461458206,0.21212458610534668,0.7270104885101318,-0.10113194584846497,0.22420163452625275,0.7256370782852173,-0.1064261794090271,0.19974544644355774,0.7762600779533386,-0.06138546019792557,0.2664850950241089,0.7832353115081787,-0.082291379570961,0.3175426125526428,0.7632313966751099,-0.08670089393854141,0.3524836301803589,0.7443434596061707,-0.09033020585775375,0.21523891389369965,0.8118020296096802,-0.06136288121342659,0.28463247418403625,0.8206459283828735,-0.08085250109434128,0.3275874853134155,0.7937752604484558,-0.08578983694314957,0.3515399098396301,0.7666313052177429,-0.08640917390584946,0.23146280646324158,0.8321478962898254,-0.06064034253358841,0.28484970331192017,0.8390967845916748,-0.06735411286354065,0.3165131211280823,0.8213331699371338,-0.06610766053199768,0.3353464901447296,0.7968422770500183,-0.06602034717798233
28,left,0.5376967787742615,0.7918945550918579,3.4075526400556555e-07,0.5527333617210388,0.7608957290649414,-0.04604988545179367,0.5535873770713806,0.7493059635162354,-0.07392104715108871,0.555569589138031,0.7603083252906799,-0.09365817904472351,0.5666013360023499,0.7719305157661438,-0.11230701208114624,0.49624311923980713,0.7911984920501709,-0.07078695297241211,0.46140676736831665,0.8047661185264587,-0.09516336023807526,0.4351795017719269,0.8147099614143372,-0.11045605689287186,0.4113525450229645,0.82549649477005,-0.12013767659664154,0.47897839546203613,0.7911811470985413,-0.05458638817071915,0.4385603368282318,0.7894975543022156,-0.07501786202192307,0.41126158833503723,0.7787936329841614,-0.08586913347244263,0.38885951042175293,0.7721532583236694,-0.0933244451880455,0.4682867228984833,0.7842474579811096,-0.03958984836935997,0.43342018127441406,0.7797386050224304,-0.05350636690855026,0.4109498858451843,0.7665668725967407,-0.06228087842464447,0.39221179485321045,0.7567542791366577,-0.06807462126016617,0.46247735619544983,0.7751004099845886,-0.0280207097530365,0.43560656905174255,0.7684967517852783,-0.035122573375701904,0.41845062375068665,0.7601694464683533,-0.03909996896982193,0.40441951155662537,0.7526915669441223,-0.0424458310008049
29,right,0.22578933835029602,0.7611954808235168,4.431001059401751e-07,0.2459169626235962,0.6977755427360535,-0.010122540406882763,0.25606226921081543,0.664534866809845,-0.0222439207136631,0.2592727541923523,0.6420645713806152,-0.03077787347137928,0.23845966160297394,0.6255198121070862,-0.039162527769804,0.20164290070533752,0.7206075191497803,-0.041847724467515945,0.2254084348678589,0.7407500147819519,-0.059648673981428146,0.24570894241333008,0.7363840341567993,-0.06900888681411743,0.2593981921672821,0.7288891077041626,-0.07212425768375397,0.20660635828971863,0.7793015241622925,-0.04184149578213692,0.2751598358154297,0.7850733995437622,-0.05467331036925316,0.32245802879333496,0.7652933597564697,-0.055674608796834946,0.3539581298828125,0.7445708513259888,-0.05701949819922447,0.2211410254240036,0.8135650753974915,-0.040703900158405304,0.28771495819091797,0.8187758922576904,-0.05229562148451805,0.32699158787727356,0.791839599609375,-0.053437624126672745,0.3486661911010742,0.7653752565383911,-0.05234038829803467,0.23690834641456604,0.8321281671524048,-0.03949401527643204,0.2866942882537842,0.8445109724998474,-0.041185569018125534,0.31545665860176086,0.8273985981941223,-0.03842512518167496,0.3329257071018219,0.8033485412597656,-0.03742002323269844
29,left,0.5397927165031433,0.7901913523674011,4.493464018651139e-07,0.5518383979797363,0.7608322501182556,-0.05042117461562157,0.5542886853218079,0.7482534646987915,-0.082204669713974,0.5569217801094055,0.755322277545929,-0.10523302108049393,0.5645358562469482,0.768710732460022,-0.12764137983322144,0.5010477304458618,0.7964998483657837,-0.08094459772109985,0.46177253127098083,0.8060317635536194,-0.1078200563788414,0.43676504492759705,0.8154665231704712,-0.12388095259666443,0.4139525294303894,0.8269322514533997,-0.13373731076717377,0.4863203465938568,0.7938289046287537,-0.06415800750255585,0.4427102506160736,0.7923227548599243,-0.08793646842241287,0.41383126378059387,0.7851262092590332,-0.10035160928964615,0.3891255259513855,0.7796482443809509,-0.10877935588359833,0.4770089387893677,0.7860328555107117,-0.0485583133995533,0.43898481130599976,0.7815393805503845,-0.06619078665971756,0.4125356674194336,0.7702254056930542,-0.07606668770313263,0.39108505845069885,0.759760320186615,-0.08234905451536179,0.47088584303855896,0.7775616645812988,-0.03643474727869034,0.4416011869907379,0.7709317207336426,-0.046559371054172516,0.4211994707584381,0.7623292803764343,-0.05185852199792862,0.40480831265449524,0.7521195411682129,-0.056040529161691666
30,right,0.18989026546478271,0.8060623407363892,5.044848876423202e-07,0.21283172070980072,0.727138102054596,-0.01572207361459732,0.24084824323654175,0.6798495054244995,-0.029266223311424255,0.25498437881469727,0.6517914533615112,-0.037505142390728,0.24321408569812775,0.6331095099449158,-0.04532540217041969,0.21596470475196838,0.7384726405143738,-0.05350460484623909,0.2811262309551239,0.7501979470252991,-0.06821095943450928,0.3215849995613098,0.7387410402297974,-0.07289163023233414,0.3486654460430145,0.7274736762046814,-0.07389955222606659,0.2180352658033371,0.7960315346717834,-0.048546671867370605,0.29599228501319885,0.7966652512550354,-0.05733295902609825,0.33802130818367004,0.7764577865600586,-0.05241811275482178,0.3592992424964905,0.7547428607940674,-0.04990355297923088,0.2254626601934433,0.8323159217834473,-0.041969895362854004,0.2964802384376526,0.8324238657951355,-0.04580390825867653,0.3332071900367737,0.8076945543289185,-0.03940288722515106,0.3479698896408081,0.7827823162078857,-0.03488944470882416,0.23468884825706482,0.8489658236503601,-0.03629661723971367,0.2887438237667084,0.855199933052063,-0.03660636767745018,0.31874561309814453,0.8387033343315125,-0.032840099185705185,0.33396056294441223,0.8177704811096191,-0.030704518780112267
30,left,0.5386166572570801,0.7813151478767395,4.929259489472315e-07,0.5501663088798523,0.7525128722190857,-0.052062664180994034,0.551148533821106,0.7416061758995056,-0.08427948504686356,0.5554853081703186,0.7521573901176453,-0.10674832761287689,0.5643332600593567,0.7682605385780334,-0.12904101610183716,0.5014612674713135,0.7952256202697754,-0.08614363521337509,0.46339619159698486,0.8049290180206299,-0.11345885694026947,0.43829625844955444,0.8156205415725708,-0.1301150918006897,0.4150345027446747,0.8273860216140747,-0.14078262448310852,0.48589786887168884,0.7931075096130371,-0.06766191869974136,0.4434610903263092,0.7885345220565796,-0.09109638631343842,0.4155465066432953,0.7804301381111145,-0.10327056050300598,0.3900858163833618,0.774144172668457,-0.11205600947141647,0.4764191210269928,0.7861305475234985,-0.05005130544304848,0.4391690194606781,0.7794798016548157,-0.06697141379117966,0.41354623436927795,0.7675607204437256,-0.07654382288455963,0.3921036124229431,0.7558193802833557,-0.08323491364717484,0.47044745087623596,0.7782979011535645,-0.03592435643076897,0.44240039587020874,0.7704830169677734,-0.046454209834337234,0.42284396290779114,0.762416660785675,-0.05223535746335983,0.40615707635879517,0.7523298263549805,-0.05701463669538498
31,right,0.17518498003482819,0.8198735117912292,5.270001679491543e-07,0.20710758864879608,0.7408033013343811,-0.016744405031204224,0.2410774528980255,0.6884807348251343,-0.031249389052391052,0.25884532928466797,0.6550378799438477,-0.04076729714870453,0.245889350771904,0.6280486583709717,-0.04949133098125458,0.21422487497329712,0.734264075756073,-0.05275709554553032,0.27373918890953064,0.7503452897071838,-0.06910835206508636,0.3170899748802185,0.7437460422515869,-0.07448245584964752,0.3439539074897766,0.7371101379394531,-0.07556241005659103,0.21652746200561523,0.7912660241127014,-0.04981033876538277,0.2923565208911896,0.795994758605957,-0.06353472173213959,0.3391680121421814,0.773654580116272,-0.0628022849559784,0.3604182302951813,0.7523138523101807,-0.062142688781023026,0.2230760157108307,0.8285239934921265,-0.04555818438529968,0.29687952995300293,0.832703709602356,-0.056051891297101974,0.33786216378211975,0.805542528629303,-0.05594243109226227,0.3523206114768982,0.7780835032463074,-0.053965941071510315,0.23131677508354187,0.8477997183799744,-0.04177906736731529,0.2898016571998596,0.8516749143600464,-0.04795914888381958,0.3224102258682251,0.8327609896659851,-0.04851255565881729,0.33645305037498474,0.808658242225647,-0.0482475571334362
31,left,0.541104257106781,0.806776762008667,1.374126412656551e-07,0.5538158416748047,0.7673670053482056,-0.032392606139183044,0.5534235239028931,0.7421974539756775,-0.05260421708226204,0.5519148111343384,0.7505447268486023,-0.06664363294839859,0.561498761177063,0.7700915336608887,-0.08006420731544495,0.5033301115036011,0.7878558039665222,-0.056002285331487656,0.4715038537979126,0.8071494102478027,-0.07860549539327621,0.44458192586898804,0.8190104961395264,-0.09361081570386887,0.4185441732406616,0.8289241194725037,-0.10297919064760208,0.48377862572669983,0.790418803691864,-0.044686026871204376,0.44370004534721375,0.7848581075668335,-0.06295792758464813,0.41722896695137024,0.7736358642578125,-0.07158759236335754,0.39532461762428284,0.7670498490333557,-0.07764702290296555,0.46963244676589966,0.785464882850647,-0.03361539915204048,0.43294283747673035,0.779525637626648,-0.04650029540061951,0.4114683270454407,0.7659065127372742,-0.05212969332933426,0.39251938462257385,0.7556080222129822,-0.05515670403838158,0.46087682247161865,0.7799009084701538,-0.024829307571053505,0.43290337920188904,0.7733190059661865,-0.030105698853731155,0.41654592752456665,0.7672942876815796,-0.030158203095197678,0.401806503534317,0.763232409954071,-0.03039182536303997
32,right,0.21772223711013794,0.7833533883094788,5.290863782647648e-07,0.23773106932640076,0.7192994952201843,-0.017447028309106827,0.2527466416358948,0.6800711154937744,-0.034690432250499725,0.25916895270347595,0.654270589351654,-0.046759460121393204,0.2455589473247528,0.6269108057022095,-0.05801627039909363,0.20860208570957184,0.7286463379859924,-0.056802935898303986,0.23861853778362274,0.7462084889411926,-0.07768132537603378,0.26537391543388367,0.7398673295974731,-0.08604586124420166,0.28509771823883057,0.7305142879486084,-0.08823523670434952,0.21055816113948822,0.7876242399215698,-0.05489645153284073,0.2823793888092041,0.7971163988113403,-0.07241597026586533,0.3300361633300781,0.7761337757110596,-0.07215620577335358,0.35696882009506226,0.7541117668151855,-0.07150647044181824,0.2230118364095688,0.8228897452354431,-0.0519261509180069,0.29373061656951904,0.8322714567184448,-0.06734227389097214,0.3337511122226715,0.8047383427619934,-0.06568019837141037,0.35097119212150574,0.775995671749115,-0.061393797397613525,0.236795574426651,0.8398543000221252,-0.04922986775636673,0.29214373230934143,0.8444016575813293,-0.054485950618982315,0.3224625587463379,0.825679361820221,-0.05080367624759674,0.33726966381073,0.8014862537384033,-0.04790772870182991
32,left,0.5419316291809082,0.7881144881248474,3.2370607527809625e-07,0.5531362295150757,0.7568677067756653,-0.041854772716760635,0.5524153113365173,0.745769739151001,-0.06761123985052109,0.557295024394989,0.7569421529769897,-0.08626504987478256,0.5703822374343872,0.7709837555885315,-0.10413097590208054,0.4986300468444824,0.7898970246315002,-0.06457660347223282,0.46464183926582336,0.8009777665138245,-0.08734440058469772,0.4399235248565674,0.811080813407898,-0.10212861746549606,0.4175168573856354,0.8224735856056213,-0.11145234853029251,0.4838276207447052,0.7902823686599731,-0.05061640590429306,0.4448573887348175,0.789957582950592,-0.06973036378622055,0.417887419462204,0.7812855243682861,-0.08055554330348969,0.3953026533126831,0.7750844955444336,-0.08799739181995392,0.4742169678211212,0.7835447788238525,-0.03774595260620117,0.4395967125892639,0.7793373465538025,-0.05071134865283966,0.41688835620880127,0.7664216756820679,-0.059206970036029816,0.39835110306739807,0.7559075951576233,-0.06471311300992966,0.469035804271698,0.7743046879768372,-0.028028471395373344,0.4416283071041107,0.7683119773864746,-0.0343807227909565,0.4234491288661957,0.7602730989456177,-0.03772593289613724,0.4091463088989258,0.7522838115692139,-0.040563758462667465
33,right,0.2165921926498413,0.7888215184211731,5.50744800875691e-07,0.23801982402801514,0.717456042766571,-0.015409351326525211,0.25513768196105957,0.6800705790519714,-0.029860369861125946,0.26230868697166443,0.6560629606246948,-0.03968314826488495,0.24625569581985474,0.63358473777771,-0.04924025014042854,0.2153092324733734,0.7368112206459045,-0.0527614988386631,0.27674609422683716,0.7557846307754517,-0.06802067905664444,0.3196887969970703,0.7463446855545044,-0.07279813289642334,0.34784135222435,0.7381027340888977,-0.07349306344985962,0.21713575720787048,0.7946352958679199,-0.04923165217041969,0.2941346764564514,0.8002234697341919,-0.061120886355638504,0.33955681324005127,0.7793432474136353,-0.057825662195682526,0.3626693785190582,0.7586423754692078,-0.056105975061655045,0.22743071615695953,0.8296629190444946,-0.04403698816895485,0.2991500794887543,0.8363193869590759,-0.051947109401226044,0.33630794286727905,0.8087276816368103,-0.04638030380010605,0.3501661419868469,0.7817289233207703,-0.04136102274060249,0.24050819873809814,0.8459170460700989,-0.0396149605512619,0.29548659920692444,0.8544579148292542,-0.040848005563020706,0.3248227834701538,0.8360930681228638,-0.03600652143359184,0.3376806676387787,0.8130044341087341,-0.033031076192855835
33,left,0.5416161417961121,0.7822762131690979,4.276976142136846e-07,0.5522961020469666,0.7519567608833313,-0.046487510204315186,0.5539766550064087,0.7391295433044434,-0.07585807889699936,0.5588192343711853,0.7508646845817566,-0.09715961664915085,0.5684510469436646,0.7700274586677551,-0.11825589090585709,0.504160463809967,0.7941281199455261,-0.07623801380395889,0.4654766321182251,0.801895260810852,-0.10148268193006516,0.4416799545288086,0.8114699721336365,-0.11696678400039673,0.4194406569004059,0.82327800989151,-0.12673336267471313,0.4888531267642975,0.7926421761512756,-0.06093660742044449,0.447222501039505,0.791232168674469,-0.0823218896985054,0.4202786684036255,0.7858286499977112,-0.0939767062664032,0.396432101726532,0.7818208336830139,-0.10241784155368805,0.47962525486946106,0.784970223903656,-0.04652950167655945,0.4420984387397766,0.7790976166725159,-0.061990074813365936,0.41702717542648315,0.7674397230148315,-0.07076873630285263,0.3967154622077942,0.7563552856445312,-0.07687809318304062,0.47370195388793945,0.7762402296066284,-0.03531257435679436,0.44504696130752563,0.7696682214736938,-0.04421539604663849,0.42495855689048767,0.7622362971305847,-0.048620373010635376,0.408670574426651,0.7528195381164551,-0.052427634596824646
34,right,0.2635093927383423,0.7795205116271973,1.6520579038115102e-07,0.27909228205680847,0.7253558039665222,-0.010784217156469822,0.2734999656677246,0.684729278087616,-0.028793752193450928,0.26634883880615234,0.6557201147079468,-0.043621499091386795,0.24709278345108032,0.6329748034477234,-0.05857304111123085,0.21265237033367157,0.7148295044898987,-0.05984250083565712,0.21111194789409637,0.7275742292404175,-0.08566034585237503,0.22150839865207672,0.7311580181121826,-0.09886472672224045,0.22838392853736877,0.7394155859947205,-0.10474855452775955,0.2088470607995987,0.7697182297706604,-0.06453315168619156,0.27390599250793457,0.777212917804718,-0.08915793150663376,0.3225720524787903,0.7552555203437805,-0.09391053020954132,0.35560834407806396,0.7370104789733887,-0.09724478423595428,0.22381745278835297,0.807675302028656,-0.06697993725538254,0.29473504424095154,0.8202170133590698,-0.09055191278457642,0.3336127996444702,0.7952997088432312,-0.09167946875095367,0.3548508882522583,0.7723459005355835,-0.08834859728813171,0.2438788264989853,0.8313606977462769,-0.06874914467334747,0.2962259352207184,0.8463096618652344,-0.07924574613571167,0.3248433470726013,0.8297786712646484,-0.07439024746417999,0.33974403142929077,0.808152973651886,-0.07050802558660507
34,left,0.5374515652656555,0.808018684387207,2.5671448611319647e-07,0.5543587803840637,0.7717141509056091,-0.03611708804965019,0.5562928915023804,0.7452950477600098,-0.0595683716237545,0.5596411824226379,0.748049795627594,-0.07614777237176895,0.5718245506286621,0.7649452090263367,-0.09224430471658707,0.5074138045310974,0.789139449596405,-0.0643853098154068,0.4723595976829529,0.8065356016159058,-0.08627963811159134,0.445211797952652,0.8184515237808228,-0.09968124330043793,0.42125606536865234,0.8283780217170715,-0.10752218216657639,0.4877510666847229,0.7958073616027832,-0.05119790881872177,0.4456430971622467,0.7880960702896118,-0.06861413270235062,0.41799259185791016,0.77410888671875,-0.07668524980545044,0.39659085869789124,0.7653993368148804,-0.08235436677932739,0.47384557127952576,0.7930476665496826,-0.03789513558149338,0.4368816316127777,0.7811728715896606,-0.049197591841220856,0.41524720191955566,0.7647255659103394,-0.055413223803043365,0.3977290391921997,0.752852201461792,-0.05930320918560028,0.4645889103412628,0.7867071628570557,-0.027004564180970192,0.4363567531108856,0.775798499584198,-0.03100331500172615,0.4186827540397644,0.7660260796546936,-0.03157433494925499,0.40367814898490906,0.7592620253562927,-0.03256518766283989
35,right,0.19704501330852509,0.8062586784362793,5.743095812249521e-07,0.22642047703266144,0.7293645143508911,-0.01513464655727148,0.25231438875198364,0.6838232278823853,-0.02850463055074215,0.2644035816192627,0.6575616598129272,-0.03696417063474655,0.2478635609149933,0.6382015943527222,-0.04471366107463837,0.2190609872341156,0.7422020435333252,-0.04929137974977493,0.2826107144355774,0.7608763575553894,-0.06410249322652817,0.32246822118759155,0.7513823509216309,-0.0678330734372139,0.3478100895881653,0.7411095499992371,-0.06739901006221771,0.22038184106349945,0.7989075183868408,-0.045321330428123474,0.2972750961780548,0.8033387064933777,-0.05655628442764282,0.34058648347854614,0.7829413414001465,-0.052841488271951675,0.3624153137207031,0.7622526288032532,-0.04994659870862961,0.2286956012248993,0.8336487412452698,-0.03992517292499542,0.30091339349746704,0.8378298282623291,-0.04724135622382164,0.3386268615722656,0.8098005652427673,-0.042692165821790695,0.3533788025379181,0.7816538214683533,-0.0377354621887207,0.24010689556598663,0.8509060144424438,-0.03520839661359787,0.2961786985397339,0.8568834662437439,-0.03620457276701927,0.32533034682273865,0.8375414609909058,-0.03229265660047531,0.3390556573867798,0.8138473629951477,-0.029189324006438255
35,left,0.5449718236923218,0.7900732159614563,3.513688398015802e-07,0.5565458536148071,0.7569039463996887,-0.04425891861319542,0.5555859208106995,0.745283305644989,-0.07138299196958542,0.5598522424697876,0.756358802318573,-0.09047723561525345,0.5721419453620911,0.7694647908210754,-0.10868329554796219,0.5012630820274353,0.7906035780906677,-0.06986726075410843,0.46617594361305237,0.7994186282157898,-0.0924309641122818,0.44140034914016724,0.8090850114822388,-0.10671789944171906,0.4187033772468567,0.8203148245811462,-0.11565504223108292,0.4865139126777649,0.7929801940917969,-0.053804267197847366,0.44629424810409546,0.7906669974327087,-0.07291068881750107,0.4190264642238617,0.7826210260391235,-0.08338563144207001,0.39662817120552063,0.7775272727012634,-0.09058497846126556,0.4771256148815155,0.7867228984832764,-0.03844732791185379,0.4412909746170044,0.7800606489181519,-0.05130595341324806,0.4178076386451721,0.766200602054596,-0.05982120707631111,0.39922022819519043,0.7550756931304932,-0.06534818559885025,0.4718889594078064,0.7774094343185425,-0.026240350678563118,0.4438762068748474,0.7683957815170288,-0.03254398703575134,0.4255446195602417,0.7587016224861145,-0.03604704886674881,0.4112991392612457,0.7492649555206299,-0.03900175914168358
36,right,0.22947779297828674,0.7862947583198547,3.7114631368240225e-07,0.24940787255764008,0.7228441834449768,-0.009058646857738495,0.25913095474243164,0.6850895881652832,-0.02061174251139164,0.2620707154273987,0.6625139117240906,-0.02850254997611046,0.241423100233078,0.6421636939048767,-0.036330804228782654,0.20076371729373932,0.7271851301193237,-0.046241361647844315,0.21911096572875977,0.7518476247787476,-0.06284191459417343,0.2423369139432907,0.7521250247955322,-0.06855098158121109,0.257132351398468,0.752221941947937,-0.06896387785673141,0.20558421313762665,0.787112295627594,-0.047246694564819336,0.27773988246917725,0.7992191910743713,-0.06231378763914108,0.3285946249961853,0.7792729139328003,-0.06002894788980484,0.35369735956192017,0.7601936459541321,-0.05798689275979996,0.2220989167690277,0.8230319619178772,-0.04686896502971649,0.29444336891174316,0.8394901752471924,-0.062162138521671295,0.3364090323448181,0.8144667744636536,-0.06290271878242493,0.3531956672668457,0.7877662181854248,-0.059889208525419235,0.23971569538116455,0.8418089151382446,-0.04573209956288338,0.2959473431110382,0.8537687063217163,-0.0519794300198555,0.32799965143203735,0.8375424146652222,-0.05052487179636955,0.3427109122276306,0.8140769600868225,-0.049448005855083466
36,left,0.5410670042037964,0.7807657122612,4.3196413912482967e-07,0.5521266460418701,0.7543202638626099,-0.04736560210585594,0.5530814528465271,0.7427459359169006,-0.07662836462259293,0.5565564036369324,0.750095784664154,-0.09730137884616852,0.5649406313896179,0.7676795721054077,-0.11770188808441162,0.502953052520752,0.7936649322509766,-0.07713886350393295,0.4657221734523773,0.8033492565155029,-0.10217104852199554,0.44184011220932007,0.8136242628097534,-0.1177259013056755,0.4197653830051422,0.8254927396774292,-0.12754011154174805,0.4870222508907318,0.7909025549888611,-0.06051529943943024,0.445823073387146,0.7904711365699768,-0.08124317228794098,0.4185076355934143,0.7843403220176697,-0.09237359464168549,0.3944597542285919,0.7789076566696167,-0.10062733292579651,0.47763222455978394,0.7831740975379944,-0.044775545597076416,0.4415728449821472,0.7780981659889221,-0.05941416695713997,0.4166165590286255,0.7669951319694519,-0.06799988448619843,0.3965509235858917,0.7558510303497314,-0.07416383922100067,0.47188910841941833,0.7751990556716919,-0.03232305496931076,0.4441985487937927,0.7689527869224548,-0.04087509587407112,0.42507660388946533,0.7619396448135376,-0.04551411420106888,0.4093477129936218,0.7524517774581909,-0.04958271235227585
