1,right,0,0,0,0,0,0,0,0,0,0,0,0,0,0,0,0,0,0,0,0,0,0,0,0,0,0,0,0,0,0,0,0,0,0,0,0,0,0,0,0,0,0,0,0,0,0,0,0,0,0,0,0,0,0,0,0,0,0,0,0,0,0,0
1,left,0,0,0,0,0,0,0,0,0,0,0,0,0,0,0,0,0,0,0,0,0,0,0,0,0,0,0,0,0,0,0,0,0,0,0,0,0,0,0,0,0,0,0,0,0,0,0,0,0,0,0,0,0,0,0,0,0,0,0,0,0,0,0
2,right,0,0,0,0,0,0,0,0,0,0,0,0,0,0,0,0,0,0,0,0,0,0,0,0,0,0,0,0,0,0,0,0,0,0,0,0,0,0,0,0,0,0,0,0,0,0,0,0,0,0,0,0,0,0,0,0,0,0,0,0,0,0,0
2,left,0,0,0,0,0,0,0,0,0,0,0,0,0,0,0,0,0,0,0,0,0,0,0,0,0,0,0,0,0,0,0,0,0,0,0,0,0,0,0,0,0,0,0,0,0,0,0,0,0,0,0,0,0,0,0,0,0,0,0,0,0,0,0
3,right,0,0,0,0,0,0,0,0,0,0,0,0,0,0,0,0,0,0,0,0,0,0,0,0,0,0,0,0,0,0,0,0,0,0,0,0,0,0,0,0,0,0,0,0,0,0,0,0,0,0,0,0,0,0,0,0,0,0,0,0,0,0,0
3,left,0,0,0,0,0,0,0,0,0,0,0,0,0,0,0,0,0,0,0,0,0,0,0,0,0,0,0,0,0,0,0,0,0,0,0,0,0,0,0,0,0,0,0,0,0,0,0,0,0,0,0,0,0,0,0,0,0,0,0,0,0,0,0
4,right,0,0,0,0,0,0,0,0,0,0,0,0,0,0,0,0,0,0,0,0,0,0,0,0,0,0,0,0,0,0,0,0,0,0,0,0,0,0,0,0,0,0,0,0,0,0,0,0,0,0,0,0,0,0,0,0,0,0,0,0,0,0,0
4,left,0,0,0,0,0,0,0,0,0,0,0,0,0,0,0,0,0,0,0,0,0,0,0,0,0,0,0,0,0,0,0,0,0,0,0,0,0,0,0,0,0,0,0,0,0,0,0,0,0,0,0,0,0,0,0,0,0,0,0,0,0,0,0
5,right,0.31502270698547363,0.8091399073600769,2.960672986773716e-07,0.34780222177505493,0.7805657982826233,-0.0003087866643909365,0.3897019326686859,0.768237292766571,-0.008255788125097752,0.4253235459327698,0.7742997407913208,-0.01678689941763878,0.4499445855617523,0.7922515273094177,-0.024916358292102814,0.40059930086135864,0.7593995928764343,-0.026966091245412827,0.44947418570518494,0.785698652267456,-0.0432455912232399,0.4704740047454834,0.8170356750488281,-0.05146854370832443,0.48099178075790405,0.8437402844429016,-0.05569722503423691,0.39059194922447205,0.7840409874916077,-0.03541473671793938,0.4410572946071625,0.8182531595230103,-0.04881612956523895,0.46188899874687195,0.8560790419578552,-0.05251600220799446,0.4712163209915161,0.8856854438781738,-0.054682545363903046,0.3760945200920105,0.8153916001319885,-0.04272964596748352,0.42116624116897583,0.8519245982170105,-0.05482151731848717,0.43217596411705017,0.8834187984466553,-0.05469436198472977,0.43468746542930603,0.9034252166748047,-0.05402686446905136,0.36022424697875977,0.8500662446022034,-0.049643829464912415,0.3909441828727722,0.8768739700317383,-0.05907846614718437,0.39200419187545776,0.8860395550727844,-0.056941065937280655,0.3879822790622711,0.888392448425293,-0.054099250584840775
5,left,0.5996138453483582,0.9645711183547974,-3.0455200317192066e-07,0.567632794380188,0.9886751174926758,-0.01043593231588602,0.5266276001930237,0.9895592927932739,-0.015633387491106987,0.4942813515663147,0.9762735366821289,-0.02063215896487236,0.47073620557785034,0.9638104438781738,-0.02497832290828228,0.5301284790039062,0.9431918263435364,-0.01253726240247488,0.5187569856643677,0.9351040124893188,-0.029373543336987495,0.5271627902984619,0.9535718560218811,-0.04048079624772072,0.5355702638626099,0.9685094356536865,-0.0463867150247097,0.545220136642456,0.920306921005249,-0.014264672063291073,0.5381494760513306,0.9219551086425781,-0.02954654023051262,0.5476003885269165,0.9437246918678284,-0.035493068397045135,0.5571478009223938,0.9577872157096863,-0.03836701810359955,0.5627362728118896,0.9024724364280701,-0.017878150567412376,0.5559096932411194,0.908605694770813,-0.03310556337237358,0.5664547681808472,0.9309934973716736,-0.03105502761900425,0.5766000747680664,0.9451179504394531,-0.027549264952540398,0.582180380821228,0.8893980979919434,-0.022189250215888023,0.5751015543937683,0.8949878811836243,-0.03299304097890854,0.5821923613548279,0.9155835509300232,-0.030266692861914635,0.5899397134780884,0.9298380613327026,-0.026415269821882248
6,right,0.3168853521347046,0.7658306956291199,4.926142764816177e-07,0.3552764058113098,0.7404477596282959,0.003245128085836768,0.3983239233493805,0.735414445400238,-0.004627763759344816,0.4321640133857727,0.7492403388023376,-0.01372042577713728,0.4556218683719635,0.7699112296104431,-0.022822923958301544,0.414644330739975,0.7036231160163879,-0.026094209402799606,0.46183669567108154,0.7375502586364746,-0.04128739610314369,0.48178213834762573,0.7692615985870361,-0.04833435267210007,0.49211734533309937,0.797330379486084,-0.05177566409111023,0.401018351316452,0.7223891019821167,-0.036172982305288315,0.4538530111312866,0.7662489414215088,-0.05013313144445419,0.4714660048484802,0.8063641786575317,-0.0530276857316494,0.47638413310050964,0.8368017077445984,-0.05432618781924248,0.3839905858039856,0.7523651123046875,-0.0446387454867363,0.43250682950019836,0.7923057079315186,-0.05558476224541664,0.4403035342693329,0.827111542224884,-0.053375761955976486,0.43873465061187744,0.8495087623596191,-0.05066649243235588,0.3678840696811676,0.7871295213699341,-0.052476685494184494,0.4031240940093994,0.8205891847610474,-0.056754980236291885,0.40742427110671997,0.8376088738441467,-0.05186637118458748,0.40563151240348816,0.8481835126876831,-0.04737048223614693
6,left,0.5699029564857483,0.9301290512084961,9.463183658908747e-08,0.5260499119758606,0.9381237626075745,-0.011482227593660355,0.47884899377822876,0.9284424185752869,-0.023602841421961784,0.44364166259765625,0.9148571491241455,-0.03391365706920624,0.4211205840110779,0.8992653489112854,-0.04403591901063919,0.48943212628364563,0.9387582540512085,-0.04142835736274719,0.4649656116962433,0.9130106568336487,-0.062014270573854446,0.4537412226200104,0.8948399424552917,-0.0731147825717926,0.44444870948791504,0.8847096562385559,-0.0802237018942833,0.5144624710083008,0.9205835461616516,-0.04524046182632446,0.49944770336151123,0.8921488523483276,-0.06571364402770996,0.49466758966445923,0.8710909485816956,-0.07111719995737076,0.4901105761528015,0.8564653992652893,-0.07488119602203369,0.5406457781791687,0.8965353965759277,-0.04866895452141762,0.5279220938682556,0.8652147650718689,-0.06814330816268921,0.5200046300888062,0.8373766541481018,-0.06740792840719223,0.513897716999054,0.816697359085083,-0.06564220786094666,0.5652320384979248,0.8723982572555542,-0.05241714045405388,0.5537585020065308,0.8435037136077881,-0.06733278930187225,0.5465056300163269,0.8200671672821045,-0.06669654697179794,0.5407705307006836,0.8002343773841858,-0.06474637985229492
7,right,0.3339768052101135,0.6861674785614014,3.4649187341528886e-07,0.3696041703224182,0.6681362390518188,0.0008761518984101713,0.41138267517089844,0.6660543084144592,-0.008737622760236263,0.44447264075279236,0.6823526620864868,-0.02002345398068428,0.4668915867805481,0.7003864645957947,-0.03153960034251213,0.4266408085823059,0.6356737613677979,-0.03025355376303196,0.4766860008239746,0.6705936193466187,-0.04992256313562393,0.4948974549770355,0.7074195146560669,-0.060023944824934006,0.5023991465568542,0.7380163073539734,-0.06464370340108871,0.4122157394886017,0.6497479677200317,-0.04003875330090523,0.46294036507606506,0.7006427645683289,-0.05674279108643532,0.48056086897850037,0.7441797852516174,-0.05975126475095749,0.4871961176395416,0.7743627429008484,-0.06100239232182503,0.3947773575782776,0.6741657257080078,-0.048850320279598236,0.4421321749687195,0.7214374542236328,-0.06168467178940773,0.4498195946216583,0.7593650817871094,-0.058602020144462585,0.44811519980430603,0.7819913625717163,-0.05518906190991402,0.3778373599052429,0.7030300498008728,-0.057538870722055435,0.41375166177749634,0.7390024662017822,-0.06346976011991501,0.4192894399166107,0.7600524425506592,-0.058313999325037,0.41814133524894714,0.7732552886009216,-0.05346234142780304
7,left,0.5105711817741394,0.8527964949607849,7.101937171682948e-08,0.5303802490234375,0.82591313123703,-0.02239164337515831,0.5409571528434753,0.8018674254417419,-0.04131413996219635,0.5539674162864685,0.785880982875824,-0.0583292618393898,0.5731047987937927,0.7784881591796875,-0.07622633874416351,0.5075309872627258,0.8208028078079224,-0.03423561528325081,0.5021001696586609,0.8189464211463928,-0.05101926252245903,0.4950301945209503,0.8190505504608154,-0.06307181715965271,0.48720481991767883,0.8175636529922485,-0.07129225134849548,0.4869266152381897,0.8307275176048279,-0.03138438239693642,0.4690732955932617,0.8222384452819824,-0.046130094677209854,0.45794185996055603,0.8166325688362122,-0.05395841225981712,0.45003458857536316,0.8094446659088135,-0.05966167896986008,0.4684974253177643,0.8369293212890625,-0.029761308804154396,0.44555866718292236,0.8248445987701416,-0.043209392577409744,0.42793694138526917,0.8140994310379028,-0.04894726723432541,0.41355207562446594,0.8012078404426575,-0.05225786939263344,0.4547995328903198,0.8400173783302307,-0.029737457633018494,0.4341699481010437,0.825488805770874,-0.038196977227926254,0.4176904857158661,0.8136574029922485,-0.04026580974459648,0.40547406673431396,0.8006766438484192,-0.04200334846973419
8,right,0.32886046171188354,0.6794578433036804,4.0049823724075395e-07,0.3710542917251587,0.6677032709121704,0.003352074883878231,0.41246843338012695,0.6637853384017944,-0.00518698850646615,0.4445130228996277,0.6733918190002441,-0.016260745003819466,0.4680054187774658,0.6891802549362183,-0.027609024196863174,0.4305495619773865,0.6205343008041382,-0.022508997470140457,0.47888481616973877,0.6509421467781067,-0.04247385263442993,0.4978935718536377,0.6875907182693481,-0.05539027974009514,0.5051275491714478,0.71830153465271,-0.06216103583574295,0.4168810546398163,0.6307644844055176,-0.03375594690442085,0.465905100107193,0.6811199188232422,-0.050717949867248535,0.4837833642959595,0.7253873944282532,-0.05739588290452957,0.4885786473751068,0.7556426525115967,-0.06154235079884529,0.399368017911911,0.6526371240615845,-0.04410756379365921,0.44652777910232544,0.6986400485038757,-0.057655300945043564,0.45395079255104065,0.7373318076133728,-0.05736447498202324,0.45033684372901917,0.7614501714706421,-0.05563864856958389,0.38203126192092896,0.6798908114433289,-0.05408717691898346,0.4183908998966217,0.7149897813796997,-0.06103163957595825,0.42459404468536377,0.7377542853355408,-0.05722847208380699,0.4230738878250122,0.7525684833526611,-0.05301782488822937
8,left,0.5281517505645752,0.8407633900642395,3.422807424158236e-07,0.5445992946624756,0.8130449652671814,-0.03836384043097496,0.549454391002655,0.788835346698761,-0.062188535928726196,0.558394193649292,0.7706520557403564,-0.08003181219100952,0.5716278553009033,0.7614923119544983,-0.09742856025695801,0.49673905968666077,0.8149980902671814,-0.05397799238562584,0.4681597352027893,0.8086257576942444,-0.07288213819265366,0.44674915075302124,0.7987319827079773,-0.08622491359710693,0.4268737733364105,0.7893000245094299,-0.09569969028234482,0.4823908507823944,0.8177862763404846,-0.04237927868962288,0.4480475187301636,0.8061892986297607,-0.061592888087034225,0.421409547328949,0.7895777821540833,-0.07419241219758987,0.3969256281852722,0.7737119197845459,-0.08299634605646133,0.4732406437397003,0.8182673454284668,-0.03177925571799278,0.44201916456222534,0.8060500621795654,-0.04688134416937828,0.41966646909713745,0.7895744442939758,-0.0559878945350647,0.39991796016693115,0.7745287418365479,-0.0614226870238781,0.46673548221588135,0.8177133798599243,-0.024025555700063705,0.4438154399394989,0.8068149089813232,-0.03357276692986488,0.4255717694759369,0.7958088517189026,-0.0384238138794899,0.4112449288368225,0.783767819404602,-0.041869260370731354
9,right,0.35179924964904785,0.6597437262535095,2.931519702542573e-07,0.3918692469596863,0.6568896770477295,0.0004918626509606838,0.42917129397392273,0.653410017490387,-0.010824861004948616,0.45909735560417175,0.6653568148612976,-0.024260351434350014,0.4780915379524231,0.6836570501327515,-0.037573374807834625,0.44663897156715393,0.6046832799911499,-0.03073963150382042,0.4930045008659363,0.6458226442337036,-0.05267821252346039,0.5043194890022278,0.6870061159133911,-0.06568367779254913,0.5072810053825378,0.7160199880599976,-0.07238089293241501,0.4294910430908203,0.6122341752052307,-0.0411042720079422,0.4750099182128906,0.6690748333930969,-0.06016647070646286,0.48839443922042847,0.7180290222167969,-0.06490038335323334,0.49150529503822327,0.7497742772102356,-0.06761259585618973,0.409769743680954,0.6315420866012573,-0.05069451779127121,0.45377248525619507,0.6819016933441162,-0.06645527482032776,0.4570181369781494,0.7199524641036987,-0.06400137394666672,0.4512728154659271,0.7418130040168762,-0.060571782290935516,0.392314076423645,0.6567506194114685,-0.06016665697097778,0.4260638654232025,0.6971239447593689,-0.06792811304330826,0.4287490248680115,0.7189334630966187,-0.062398117035627365,0.4248245358467102,0.7315614223480225,-0.05708441510796547
9,left,0.5333346128463745,0.8031218647956848,4.2920598275486554e-07,0.5470674633979797,0.7691613435745239,-0.038384199142456055,0.547677218914032,0.7408723831176758,-0.06073841452598572,0.5571249723434448,0.7342477440834045,-0.07632176578044891,0.5749884247779846,0.7359927296638489,-0.09165336191654205,0.5043148398399353,0.7899287343025208,-0.0604587197303772,0.47088396549224854,0.792191743850708,-0.0804520770907402,0.44475725293159485,0.788187563419342,-0.09292209148406982,0.4216029644012451,0.7846695184707642,-0.10093750059604645,0.4889051914215088,0.7976372838020325,-0.04762789234519005,0.45137375593185425,0.7839638590812683,-0.06637673079967499,0.42438390851020813,0.7632240056991577,-0.07738611102104187,0.40241339802742004,0.7464534640312195,-0.08451934158802032,0.4781138002872467,0.7976936101913452,-0.0352502316236496,0.4451902210712433,0.782436192035675,-0.04933791607618332,0.4218096435070038,0.7620881199836731,-0.05885985493659973,0.4019891321659088,0.7444471716880798,-0.06442860513925552,0.47019070386886597,0.7950778007507324,-0.025487542152404785,0.44718196988105774,0.7825753688812256,-0.034056954085826874,0.4302580952644348,0.7696750164031982,-0.03844180703163147,0.4163663983345032,0.7562896013259888,-0.04146427661180496
10,right,0.33387842774391174,0.6621363759040833,2.6525881935413054e-07,0.3835887908935547,0.6756790280342102,0.008022142574191093,0.4250534772872925,0.6757016181945801,0.0016941496869549155,0.4530532658100128,0.68152916431427,-0.008713087067008018,0.4763779044151306,0.6909986734390259,-0.019408613443374634,0.44131600856781006,0.6130667924880981,-0.016056494787335396,0.486596018075943,0.6484560370445251,-0.034992460161447525,0.5040600299835205,0.6868094205856323,-0.0472043976187706,0.5096545219421387,0.7181965112686157,-0.05384703353047371,0.4260115325450897,0.6162075996398926,-0.029523923993110657,0.4749299883842468,0.6705454587936401,-0.0453927256166935,0.48570647835731506,0.7185119390487671,-0.04956238344311714,0.48616498708724976,0.7443800568580627,-0.05170581862330437,0.407685786485672,0.6357181668281555,-0.042110808193683624,0.45541083812713623,0.6793360114097595,-0.05531036853790283,0.4586067795753479,0.7213782668113708,-0.05123196914792061,0.45240649580955505,0.741480827331543,-0.04663669317960739,0.3898548483848572,0.6627496480941772,-0.05415257066488266,0.4253922998905182,0.698266863822937,-0.060146983712911606,0.4310031831264496,0.7207869291305542,-0.054293882101774216,0.42891377210617065,0.7296420931816101,-0.048793207854032516
10,left,0.5357226729393005,0.7808738946914673,4.947216325490444e-07,0.5466198325157166,0.7445416450500488,-0.03751886636018753,0.5477986335754395,0.7261151075363159,-0.06227310001850128,0.5606012344360352,0.7288947701454163,-0.08041837811470032,0.578618049621582,0.7338377833366394,-0.09897635877132416,0.5078189373016357,0.7793943285942078,-0.06710093468427658,0.47505536675453186,0.7859241366386414,-0.09051678329706192,0.448847234249115,0.7815549373626709,-0.10522746294736862,0.4257148206233978,0.7762892246246338,-0.11443240940570831,0.4920978546142578,0.785468339920044,-0.05523690953850746,0.4513649642467499,0.7747290134429932,-0.07538268715143204,0.4216248095035553,0.7526113986968994,-0.08676396310329437,0.39816248416900635,0.7350957989692688,-0.09439560770988464,0.48165416717529297,0.7833940386772156,-0.04347289353609085,0.4457657039165497,0.7706291675567627,-0.05875835567712784,0.41914117336273193,0.748124361038208,-0.06931529939174652,0.3973432779312134,0.7295058369636536,-0.07587835192680359,0.4748260974884033,0.7783308625221252,-0.033966802060604095,0.4501262605190277,0.7701002359390259,-0.04380452260375023,0.4331652820110321,0.7596489787101746,-0.04891418293118477,0.41941794753074646,0.7486971020698547,-0.052580419927835464
11,right,0.3464505672454834,0.6567727327346802,3.1033533787194756e-07,0.3856794536113739,0.6536271572113037,0.0031243900302797556,0.42367416620254517,0.6522267460823059,-0.006657478399574757,0.4531468152999878,0.6674233675003052,-0.01919744350016117,0.4733988344669342,0.685139000415802,-0.031847551465034485,0.44049495458602905,0.6119029521942139,-0.02759738266468048,0.48613083362579346,0.6486758589744568,-0.04786181077361107,0.5034173727035522,0.6865431070327759,-0.05915633216500282,0.5091000199317932,0.7158487439155579,-0.06484763324260712,0.42486119270324707,0.6187741756439209,-0.03917338326573372,0.4740500748157501,0.6696609854698181,-0.05695085600018501,0.4846705198287964,0.7156413197517395,-0.06018456071615219,0.48551270365715027,0.7406550049781799,-0.06148228794336319,0.40689897537231445,0.6390376687049866,-0.04968872293829918,0.45496028661727905,0.6823136210441589,-0.06384392082691193,0.4572422504425049,0.7235835194587708,-0.05898383632302284,0.4500941038131714,0.7424281239509583,-0.05388754606246948,0.3905656337738037,0.6657469868659973,-0.05999743193387985,0.42671772837638855,0.7022908926010132,-0.06657194346189499,0.43108248710632324,0.7236714363098145,-0.060419924557209015,0.42740580439567566,0.7309360504150391,-0.054769426584243774
11,left,0.5194887518882751,0.7942728996276855,1.3128374121151865e-07,0.5354169607162476,0.7619534730911255,-0.029257604852318764,0.5453804731369019,0.7355055809020996,-0.04978543892502785,0.5603757500648499,0.7242518663406372,-0.06542868912220001,0.5812188982963562,0.7336103916168213,-0.08178800344467163,0.49849435687065125,0.7727612257003784,-0.05116306617856026,0.47130274772644043,0.7815507054328918,-0.07010100036859512,0.4494946599006653,0.7814533710479736,-0.08495185524225235,0.4271702766418457,0.7751007676124573,-0.0958731397986412,0.4762457013130188,0.771848738193512,-0.0413321852684021,0.43900689482688904,0.7646822333335876,-0.05668570473790169,0.4170745611190796,0.7526642084121704,-0.0665285587310791,0.3989356756210327,0.7405529618263245,-0.07484377175569534,0.461327463388443,0.7670282125473022,-0.031186876818537712,0.4269966781139374,0.7527463436126709,-0.042480550706386566,0.4078301787376404,0.7368605732917786,-0.05016335844993591,0.3919556736946106,0.722971498966217,-0.05564289167523384,0.4513901472091675,0.761250376701355,-0.022902531549334526,0.4286913275718689,0.7457810044288635,-0.0279854666441679,0.4134252369403839,0.732189416885376,-0.02958074025809765,0.40148094296455383,0.7181559801101685,-0.03167426586151123
12,right,0.33397334814071655,0.6637603640556335,3.4828397588171356e-07,0.3749349117279053,0.6506494879722595,0.006559941451996565,0.4146118462085724,0.6479257941246033,-0.0025166645646095276,0.44647181034088135,0.6625102758407593,-0.014991729520261288,0.47039785981178284,0.6827847957611084,-0.02778690494596958,0.43414098024368286,0.612295389175415,-0.023664336651563644,0.48212897777557373,0.6445251703262329,-0.04427611827850342,0.5021559000015259,0.6807893514633179,-0.05684969201683998,0.509609043598175,0.7103257775306702,-0.0631597712635994,0.4196051359176636,0.6204742193222046,-0.03676191717386246,0.47204846143722534,0.6718127727508545,-0.0535331629216671,0.48542800545692444,0.7171207070350647,-0.05737069249153137,0.48776108026504517,0.7430504560470581,-0.058830250054597855,0.4027458727359772,0.6446253657341003,-0.04854779690504074,0.45293599367141724,0.688109815120697,-0.060678351670503616,0.4570367932319641,0.7265200018882751,-0.05584874376654625,0.4511527717113495,0.7447065114974976,-0.050889287143945694,0.3868580460548401,0.6747314929962158,-0.059916626662015915,0.423578679561615,0.7099059224128723,-0.06425809860229492,0.42970040440559387,0.7294079065322876,-0.05741358920931816,0.42858102917671204,0.7372122406959534,-0.05115765333175659
12,left,0.5233409404754639,0.7919820547103882,3.619714732394641e-07,0.5410398840904236,0.7625643014907837,-0.04035269841551781,0.5462580323219299,0.7387881875038147,-0.06582510471343994,0.558387041091919,0.7336990237236023,-0.08412028104066849,0.578529417514801,0.7379121780395508,-0.10237859934568405,0.5021292567253113,0.7838441133499146,-0.06877852231264114,0.47474995255470276,0.788366973400116,-0.09180314838886261,0.45060646533966064,0.7853886485099792,-0.10668854415416718,0.42796170711517334,0.7806694507598877,-0.11700128763914108,0.48104533553123474,0.7839146852493286,-0.05547943338751793,0.44640570878982544,0.7764282822608948,-0.07615701109170914,0.4222874641418457,0.7580466866493225,-0.08750516921281815,0.4015026092529297,0.7438899874687195,-0.09581007063388824,0.46722137928009033,0.777179479598999,-0.04251779988408089,0.4348514676094055,0.7661978602409363,-0.05854301154613495,0.4139556884765625,0.7469456791877747,-0.06879863888025284,0.3958885073661804,0.731692373752594,-0.07543113827705383,0.4577218294143677,0.7684412002563477,-0.032155055552721024,0.4353278875350952,0.7549806833267212,-0.04192323982715607,0.41915538907051086,0.7428568601608276,-0.04764232784509659,0.4047194719314575,0.7306042313575745,-0.05230522155761719
13,right,0.31353700160980225,0.6616048812866211,4.153120016781031e-07,0.3526149392127991,0.6327239274978638,0.004230082500725985,0.3946455419063568,0.6216910481452942,-0.006105327978730202,0.43143898248672485,0.6296509504318237,-0.018584951758384705,0.45715776085853577,0.6446288824081421,-0.030983304604887962,0.409390926361084,0.5881927013397217,-0.030359406024217606,0.4641117453575134,0.6086225509643555,-0.05091390386223793,0.49106448888778687,0.640250563621521,-0.061900246888399124,0.5059624910354614,0.669530987739563,-0.06723327189683914,0.3966803550720215,0.607349693775177,-0.041859474033117294,0.4573676586151123,0.6526313424110413,-0.05849362164735794,0.47646597027778625,0.69454425573349,-0.06059633195400238,0.48406219482421875,0.7208609580993652,-0.06156647950410843,0.3833525776863098,0.6383002400398254,-0.05178544670343399,0.44008415937423706,0.6814261078834534,-0.06367230415344238,0.4444940686225891,0.715518057346344,-0.05710544064640999,0.4379802644252777,0.7322371602058411,-0.051622919738292694,0.3711637556552887,0.6733824014663696,-0.06143339350819588,0.4137415289878845,0.7076110243797302,-0.06611937284469604,0.41991832852363586,0.7261064648628235,-0.05870633199810982,0.41865620017051697,0.7340974807739258,-0.052231475710868835
13,left,0.5170111656188965,0.803672194480896,8.74644143777914e-08,0.5391110777854919,0.771557092666626,-0.02220078371465206,0.5493658185005188,0.7436181902885437,-0.0372503362596035,0.5597778558731079,0.7368937134742737,-0.04875219613313675,0.5751725435256958,0.7489801645278931,-0.0609111450612545,0.510284423828125,0.7822138071060181,-0.040375981479883194,0.4770619571208954,0.792203426361084,-0.05629636347293854,0.45246410369873047,0.7918397784233093,-0.06849168241024017,0.42973512411117554,0.7869745492935181,-0.07719547301530838,0.4859762489795685,0.7835432291030884,-0.03348960727453232,0.44710826873779297,0.7777042388916016,-0.04648267477750778,0.42241066694259644,0.7671929597854614,-0.0556640662252903,0.4023779630661011,0.7569143176078796,-0.06355854123830795,0.46914494037628174,0.7803167700767517,-0.025942273437976837,0.43447116017341614,0.7682228088378906,-0.034658342599868774,0.4150322377681732,0.7539827823638916,-0.040167614817619324,0.4003649055957794,0.7413724660873413,-0.044444840401411057,0.4572139084339142,0.7745813727378845,-0.019919073209166527,0.43476635217666626,0.7601870894432068,-0.022399714216589928,0.4203588366508484,0.7480659484863281,-0.021642260253429413,0.40899717807769775,0.7357451915740967,-0.022372329607605934
14,right,0.27816420793533325,0.6564005017280579,3.3353160233673407e-07,0.31689924001693726,0.6213175654411316,0.0017391162691637874,0.36259016394615173,0.6018569469451904,-0.008031957782804966,0.4015142619609833,0.6022920608520508,-0.01895810291171074,0.4302766025066376,0.6082408428192139,-0.029193870723247528,0.3627389371395111,0.569969654083252,-0.03167685493826866,0.4174174964427948,0.572507381439209,-0.051642511039972305,0.45014816522598267,0.5889002084732056,-0.06183614954352379,0.4727163016796112,0.6073173880577087,-0.06674503535032272,0.35127347707748413,0.5962789058685303,-0.04205683246254921,0.41316476464271545,0.6262754201889038,-0.06004645302891731,0.43900296092033386,0.6628437638282776,-0.06225333362817764,0.4504729211330414,0.6887983083724976,-0.06276897341012955,0.33985450863838196,0.6327601671218872,-0.05099330097436905,0.40011072158813477,0.6646948456764221,-0.06445091217756271,0.40909308195114136,0.6921124458312988,-0.05709534138441086,0.4043363630771637,0.7038300633430481,-0.050333429127931595,0.330372154712677,0.6720104217529297,-0.05980711057782173,0.37778666615486145,0.6944224238395691,-0.06479902565479279,0.38692817091941833,0.7049395442008972,-0.05648184195160866,0.38585901260375977,0.7055952548980713,-0.049295421689748764
14,left,0.531011700630188,0.8067228198051453,3.02825014841801e-07,0.5482779145240784,0.7730439305305481,-0.0350554995238781,0.5537116527557373,0.7459495663642883,-0.05835876613855362,0.5619127750396729,0.7427998185157776,-0.07500196248292923,0.5784671902656555,0.7508566975593567,-0.09168953448534012,0.5086268782615662,0.7895503640174866,-0.06452812999486923,0.477687269449234,0.7995691895484924,-0.08572117984294891,0.4522596597671509,0.8023582100868225,-0.09909310936927795,0.4292563498020172,0.802813708782196,-0.10810676217079163,0.4893157482147217,0.7967397570610046,-0.05297449603676796,0.4505782425403595,0.7921341061592102,-0.07199148833751678,0.4244075417518616,0.7778818011283875,-0.08265688270330429,0.40288376808166504,0.7666118741035461,-0.09057331085205078,0.476295530796051,0.7953929305076599,-0.04098472744226456,0.44067299365997314,0.7858264446258545,-0.05522722378373146,0.4192965626716614,0.7682257890701294,-0.06472919881343842,0.40182244777679443,0.7543192505836487,-0.07099643349647522,0.4677557945251465,0.7904403805732727,-0.030978329479694366,0.44397595524787903,0.7794041633605957,-0.039351120591163635,0.42687034606933594,0.7682796716690063,-0.043779000639915466,0.41165024042129517,0.7579106092453003,-0.04750731214880943
15,right,0.24496127665042877,0.6676086187362671,2.643738241658866e-07,0.2782337963581085,0.6279047131538391,-0.004782853648066521,0.32795006036758423,0.6001518964767456,-0.015136640518903732,0.37202879786491394,0.5921000242233276,-0.023872151970863342,0.40472862124443054,0.5897668600082397,-0.0318378247320652,0.29778680205345154,0.5835659503936768,-0.03437137231230736,0.33423370122909546,0.5759133100509644,-0.05040079355239868,0.36364006996154785,0.5824375152587891,-0.05823623761534691,0.388794869184494,0.5925464034080505,-0.062427323311567307,0.2860155701637268,0.6181702613830566,-0.03937593847513199,0.3480980098247528,0.6334592700004578,-0.051207706332206726,0.3800906538963318,0.656997799873352,-0.050997208803892136,0.4017576575279236,0.6769225597381592,-0.05203549191355705,0.2791619896888733,0.6587516665458679,-0.04339900240302086,0.34029921889305115,0.6784879565238953,-0.05454602092504501,0.3565628230571747,0.6923191547393799,-0.04879045858979225,0.36181437969207764,0.69771808385849,-0.04468413442373276,0.2744016945362091,0.7007245421409607,-0.04726582393050194,0.3220340311527252,0.7111510038375854,-0.05193125456571579,0.33301565051078796,0.7134370803833008,-0.04497923329472542,0.3358292877674103,0.7093474864959717,-0.04014613479375839
15,left,0.5378316640853882,0.8011494874954224,4.08089817938162e-07,0.5531389713287354,0.7692081332206726,-0.04410485550761223,0.5567577481269836,0.7534664869308472,-0.0728965476155281,0.5657975077629089,0.751006007194519,-0.09379377216100693,0.5834924578666687,0.7497971653938293,-0.11433716863393784,0.5118860602378845,0.7997986078262329,-0.0746137797832489,0.4824216067790985,0.8051287531852722,-0.09918784350156784,0.4574437439441681,0.8063951730728149,-0.1145925521850586,0.43380481004714966,0.8059377074241638,-0.12526190280914307,0.49224019050598145,0.803959310054779,-0.060373347252607346,0.45758965611457825,0.8011391162872314,-0.0819118320941925,0.4323795437812805,0.78846675157547,-0.09347707033157349,0.40999743342399597,0.7765781283378601,-0.10208655893802643,0.4791567027568817,0.7999300956726074,-0.04664033651351929,0.44670286774635315,0.7939286231994629,-0.06266500055789948,0.4239249527454376,0.7768714427947998,-0.07242349535226822,0.40472540259361267,0.7617198824882507,-0.0791739746928215,0.4710099399089813,0.7920156717300415,-0.03586636856198311,0.4480544924736023,0.7863543629646301,-0.04538523778319359,0.43025892972946167,0.777722954750061,-0.050825197249650955,0.41423550248146057,0.767646849155426,-0.055514026433229446
16,right,0,0,0,0,0,0,0,0,0,0,0,0,0,0,0,0,0,0,0,0,0,0,0,0,0,0,0,0,0,0,0,0,0,0,0,0,0,0,0,0,0,0,0,0,0,0,0,0,0,0,0,0,0,0,0,0,0,0,0,0,0,0,0
16,left,0.5402123332023621,0.7943311929702759,4.962033699484891e-07,0.5517954230308533,0.7655194401741028,-0.04473081976175308,0.553363025188446,0.7546993494033813,-0.07445742189884186,0.563256025314331,0.7542649507522583,-0.0961015373468399,0.5816823244094849,0.759657084941864,-0.11779122799634933,0.5139930248260498,0.8064397573471069,-0.07826314121484756,0.48446157574653625,0.814250111579895,-0.10384038835763931,0.4604957103729248,0.8157078623771667,-0.11928500980138779,0.43769991397857666,0.8150670528411865,-0.1296316683292389,0.4932357966899872,0.807635486125946,-0.06362813711166382,0.45741724967956543,0.8024504780769348,-0.08550659567117691,0.4313133955001831,0.78847336769104,-0.09668239206075668,0.4078565537929535,0.7756056785583496,-0.10523156076669693,0.47993871569633484,0.8031120300292969,-0.04943545162677765,0.4476621448993683,0.7939754128456116,-0.06513357907533646,0.4239552617073059,0.7780288457870483,-0.07469438016414642,0.4040394723415375,0.7637065052986145,-0.08175627142190933,0.4716232717037201,0.7963054180145264,-0.038223981857299805,0.4490586221218109,0.7877433896064758,-0.04679539054632187,0.4315432906150818,0.7792240977287292,-0.05215638875961304,0.4151080250740051,0.7698513865470886,-0.057356227189302444
17,right,0.1260252445936203,0.8075238466262817,2.4344430471501255e-07,0.15230239927768707,0.7350080013275146,-0.00822687242180109,0.1966903805732727,0.6871531009674072,-0.01675873063504696,0.23652653396129608,0.6738971471786499,-0.022846991196274757,0.2630556523799896,0.6690343618392944,-0.027633044868707657,0.16840654611587524,0.7164316773414612,-0.03197990730404854,0.20126701891422272,0.7239015698432922,-0.04400712624192238,0.22693860530853271,0.7259876728057861,-0.05058938264846802,0.2505422830581665,0.7262439131736755,-0.054392918944358826,0.1656603217124939,0.772917628288269,-0.03418373316526413,0.23524075746536255,0.7800580263137817,-0.0407242588698864,0.2770681381225586,0.7803109884262085,-0.04126457870006561,0.30921658873558044,0.7792426943778992,-0.04397880658507347,0.1684250682592392,0.8198630809783936,-0.03553396835923195,0.238612100481987,0.8198060393333435,-0.04485384374856949,0.2662687301635742,0.8081495761871338,-0.045280247926712036,0.278980553150177,0.7951065897941589,-0.04493727535009384,0.17510153353214264,0.8581746220588684,-0.03652230277657509,0.23199936747550964,0.8514370918273926,-0.04191630706191063,0.2522208094596863,0.8373247981071472,-0.039285916835069656,0.2608148157596588,0.8201696276664734,-0.0375874824821949
17,left,0.5344325304031372,0.8183748126029968,1.5796922525623813e-07,0.5530363917350769,0.7844123244285583,-0.026664936915040016,0.5611557960510254,0.7578986883163452,-0.04552268609404564,0.5713520646095276,0.7483273148536682,-0.059814371168613434,0.589658796787262,0.7540475726127625,-0.07400210201740265,0.523451030254364,0.795894205570221,-0.04899981990456581,0.4942944049835205,0.8133836388587952,-0.06630399078130722,0.46888333559036255,0.8201559782028198,-0.07748033851385117,0.4450971782207489,0.8222355842590332,-0.08547080308198929,0.499848335981369,0.8059222102165222,-0.04198401793837547,0.4627252221107483,0.8038946986198425,-0.05643006041646004,0.43684452772140503,0.7943849563598633,-0.06462815403938293,0.41626161336898804,0.7852721214294434,-0.07119885087013245,0.4828994572162628,0.8088240623474121,-0.034564316272735596,0.4481273293495178,0.8011877536773682,-0.04472953826189041,0.42655104398727417,0.7866737842559814,-0.05127948895096779,0.40929120779037476,0.7742977738380432,-0.05613524466753006,0.4716631770133972,0.8077588081359863,-0.029001545161008835,0.4473458528518677,0.7978323698043823,-0.03440932556986809,0.43078434467315674,0.7875068783760071,-0.03600039705634117,0.41681206226348877,0.7769818902015686,-0.03780028223991394
18,right,0.15383625030517578,0.8002867102622986,4.982711629963887e-07,0.17099376022815704,0.7412535548210144,-0.01680460385978222,0.19567814469337463,0.6989911198616028,-0.03168998658657074,0.22096656262874603,0.6904368996620178,-0.042622461915016174,0.2464105486869812,0.6891530156135559,-0.05250484496355057,0.15197622776031494,0.7294701337814331,-0.05124283581972122,0.17968107759952545,0.7454027533531189,-0.0747252106666565,0.2052859514951706,0.7533705234527588,-0.09113767743110657,0.22951339185237885,0.7580071687698364,-0.10092087090015411,0.14291220903396606,0.7853975892066956,-0.051624100655317307,0.21313181519508362,0.8007989525794983,-0.06979294121265411,0.2615010738372803,0.802558422088623,-0.07743213325738907,0.30081653594970703,0.8007060289382935,-0.08419393748044968,0.14514365792274475,0.8328391909599304,-0.05133838951587677,0.21057206392288208,0.8448359966278076,-0.06878545135259628,0.2462327480316162,0.8368626832962036,-0.0706527829170227,0.2655336558818817,0.8254126906394958,-0.07025095820426941,0.1561790406703949,0.8683276176452637,-0.051621876657009125,0.20594993233680725,0.878629744052887,-0.061324603855609894,0.23208226263523102,0.870517373085022,-0.05901790410280228,0.245367631316185,0.8566849231719971,-0.05732114613056183
18,left,0.5385351777076721,0.8130012154579163,3.4017250527540455e-07,0.5533699989318848,0.7812126278877258,-0.036686450242996216,0.5578799247741699,0.759756863117218,-0.061685722321271896,0.5692160129547119,0.7554786205291748,-0.08005476742982864,0.5887326002120972,0.7546394467353821,-0.09828385710716248,0.5165913701057434,0.8097516894340515,-0.06584818661212921,0.48945924639701843,0.8187747001647949,-0.08772678673267365,0.4657899737358093,0.8224796652793884,-0.10159213095903397,0.4431733787059784,0.8231930136680603,-0.11142050474882126,0.4952312707901001,0.8156189322471619,-0.05442424491047859,0.4620339572429657,0.8168143033981323,-0.07297123223543167,0.43860161304473877,0.8042078614234924,-0.08282297849655151,0.41761845350265503,0.7925005555152893,-0.09041813015937805,0.4810677468776703,0.8118449449539185,-0.04307938367128372,0.4489154517650604,0.8066900968551636,-0.05698368698358536,0.42836794257164,0.7881497740745544,-0.06596915423870087,0.4106227457523346,0.7723977565765381,-0.07227597385644913,0.4725140929222107,0.8031681776046753,-0.034013133496046066,0.45042523741722107,0.795678973197937,-0.04242875799536705,0.4343130886554718,0.7845637202262878,-0.04689589887857437,0.4189506769180298,0.7729601860046387,-0.05091066658496857
19,right,0.13660959899425507,0.7994758486747742,4.800169790541986e-07,0.15878933668136597,0.7418832182884216,-0.014791197143495083,0.19010582566261292,0.7020376920700073,-0.027662822976708412,0.21875688433647156,0.690843403339386,-0.035775214433670044,0.24204745888710022,0.6839801669120789,-0.04284952953457832,0.15303897857666016,0.7250372767448425,-0.049675945192575455,0.18310151994228363,0.7347925305366516,-0.07125428318977356,0.2113884687423706,0.7425045967102051,-0.08543933182954788,0.23539263010025024,0.7470719814300537,-0.09323681145906448,0.14583148062229156,0.7790554761886597,-0.04848334193229675,0.21281954646110535,0.7931826710700989,-0.06338484585285187,0.25997042655944824,0.79659503698349,-0.06957953423261642,0.2957635819911957,0.7960920929908752,-0.07519935816526413,0.14694233238697052,0.8262267708778381,-0.04626302048563957,0.20881891250610352,0.8414797186851501,-0.05922564119100571,0.24771681427955627,0.8344552516937256,-0.06300505250692368,0.2701434791088104,0.8203083276748657,-0.06507262587547302,0.15448418259620667,0.8633039593696594,-0.04406876862049103,0.20032364130020142,0.8788634538650513,-0.052501048892736435,0.22525712847709656,0.8739057183265686,-0.05264583230018616,0.24014270305633545,0.8587234020233154,-0.05274992063641548
19,left,0.5367844104766846,0.7995266914367676,4.564118398775463e-07,0.5518773794174194,0.7739750742912292,-0.04460952803492546,0.5568792223930359,0.762313723564148,-0.07473124563694,0.5692718029022217,0.7607297301292419,-0.09732090681791306,0.5890824198722839,0.7617841362953186,-0.1199435144662857,0.5165217518806458,0.8104947805404663,-0.07660087943077087,0.4884603023529053,0.8218395709991455,-0.10287071764469147,0.4649919271469116,0.82391756772995,-0.11926589906215668,0.44274723529815674,0.8227808475494385,-0.13041962683200836,0.49394333362579346,0.8108114004135132,-0.06274570524692535,0.4603351354598999,0.8119964003562927,-0.08414216339588165,0.4358614683151245,0.8006409406661987,-0.09503503888845444,0.41433966159820557,0.7899554371833801,-0.10374753177165985,0.4797154664993286,0.8053387999534607,-0.04976799339056015,0.44899943470954895,0.8016550540924072,-0.0652991309762001,0.42680037021636963,0.7871642708778381,-0.07441648095846176,0.4086294174194336,0.7743030190467834,-0.08133310824632645,0.47126519680023193,0.7980439066886902,-0.03990943729877472,0.4480324685573578,0.7934035062789917,-0.04869932681322098,0.43057385087013245,0.7868884205818176,-0.053931355476379395,0.41493749618530273,0.7793732285499573,-0.05912773311138153
20,right,0.13961413502693176,0.8112513422966003,5.047616582487535e-07,0.15902024507522583,0.7489855885505676,-0.010996044613420963,0.18871663510799408,0.7063199877738953,-0.024966591969132423,0.21831487119197845,0.6929839253425598,-0.03699370101094246,0.24535907804965973,0.6829068660736084,-0.049340058118104935,0.15996533632278442,0.7196745276451111,-0.04630042985081673,0.18718759715557098,0.7313246726989746,-0.06757894158363342,0.21450155973434448,0.7383185029029846,-0.08115781843662262,0.23890747129917145,0.7424529194831848,-0.08936181664466858,0.15305471420288086,0.7719010710716248,-0.051018670201301575,0.2166595757007599,0.7839711308479309,-0.07049746066331863,0.2637891173362732,0.786822497844696,-0.0778583288192749,0.30005282163619995,0.7853008508682251,-0.08367111533880234,0.15377330780029297,0.821002721786499,-0.05472155287861824,0.20860181748867035,0.8339638113975525,-0.07279438525438309,0.2443702220916748,0.8310716152191162,-0.07463694363832474,0.26522061228752136,0.8231175541877747,-0.0743710994720459,0.16079506278038025,0.8609931468963623,-0.05874345079064369,0.2047150433063507,0.870812714099884,-0.06888935714960098,0.22950506210327148,0.86333829164505,-0.06704270094633102,0.24325421452522278,0.8526409268379211,-0.06538007408380508
20,left,0.5392205119132996,0.819961428642273,1.3836898915542406e-07,0.5566197633743286,0.7841717004776001,-0.023195557296276093,0.5641921162605286,0.757144033908844,-0.03974626958370209,0.573129415512085,0.7529693245887756,-0.05282404646277428,0.5902016758918762,0.7614302039146423,-0.06605394929647446,0.5246434211730957,0.8010731935501099,-0.042138371616601944,0.49468597769737244,0.8211792707443237,-0.05929811671376228,0.46975764632225037,0.8264214992523193,-0.0708911344408989,0.44712838530540466,0.826081395149231,-0.07887909561395645,0.5011310577392578,0.8107936978340149,-0.03627491742372513,0.4635298252105713,0.8130204677581787,-0.050462912768125534,0.43690285086631775,0.8046262264251709,-0.05847848206758499,0.4158158302307129,0.7966722846031189,-0.06474591791629791,0.4841980040073395,0.8119940757751465,-0.030146878212690353,0.4489843547344208,0.8064917922019958,-0.040110696107149124,0.42775222659111023,0.7930769324302673,-0.04525886848568916,0.41073834896087646,0.7811160087585449,-0.048668328672647476,0.4722490906715393,0.8092969655990601,-0.02572164312005043,0.4476543664932251,0.8000641465187073,-0.029942557215690613,0.43094348907470703,0.7897499799728394,-0.02974686399102211,0.41685476899147034,0.7791885137557983,-0.030125387012958527
21,right,0.1470327079296112,0.8117238283157349,5.357293275665143e-07,0.16571316123008728,0.7518253922462463,-0.01264305878430605,0.1942388266324997,0.7119242548942566,-0.02841838449239731,0.22174173593521118,0.6990817189216614,-0.04218161106109619,0.24662265181541443,0.6892872452735901,-0.05631865933537483,0.1632530242204666,0.7268982529640198,-0.04962405934929848,0.188758984208107,0.737296462059021,-0.07262992113828659,0.216905415058136,0.7439534068107605,-0.08802063763141632,0.24303607642650604,0.750045120716095,-0.0979468822479248,0.15510466694831848,0.7785493731498718,-0.05498594045639038,0.21831932663917542,0.7918092012405396,-0.07896538823843002,0.2676248550415039,0.791989803314209,-0.08889543265104294,0.30705034732818604,0.7882267832756042,-0.09622548520565033,0.1556461900472641,0.8263211250305176,-0.059323206543922424,0.2105737030506134,0.8430386185646057,-0.08085551112890244,0.24671529233455658,0.8367695212364197,-0.08358634263277054,0.26932135224342346,0.8273434042930603,-0.08362864702939987,0.16296380758285522,0.8643100261688232,-0.06424020975828171,0.2063179314136505,0.8762547969818115,-0.07679051905870438,0.23192743957042694,0.8669013381004333,-0.07547887414693832,0.24779826402664185,0.8565018773078918,-0.07404865324497223
21,left,0.5431340336799622,0.8143772482872009,3.628967419899709e-07,0.5565459132194519,0.7846720218658447,-0.0414334237575531,0.5586134791374207,0.7682533264160156,-0.06815524399280548,0.5702951550483704,0.7654212117195129,-0.08772970736026764,0.5917387008666992,0.7627057433128357,-0.10690713673830032,0.5151910781860352,0.8184650540351868,-0.0679028108716011,0.4881204068660736,0.8279260396957397,-0.09090916067361832,0.46414056420326233,0.8288958072662354,-0.10579337179660797,0.4411965310573578,0.8268020153045654,-0.11656145006418228,0.49558284878730774,0.8193937540054321,-0.054984208196401596,0.4622805416584015,0.8222664594650269,-0.0746295154094696,0.4379950165748596,0.8109340667724609,-0.08563828468322754,0.41592085361480713,0.8007185459136963,-0.09422098100185394,0.4826592206954956,0.8125027418136597,-0.042859915643930435,0.45111677050590515,0.8114595413208008,-0.05716457590460777,0.42947617173194885,0.7957464456558228,-0.0666465163230896,0.4101846516132355,0.7820068001747131,-0.07355799525976181,0.47478291392326355,0.8027234077453613,-0.033702749758958817,0.4518420100212097,0.8008067011833191,-0.042352933436632156,0.4346655607223511,0.793222963809967,-0.04791876673698425,0.41862112283706665,0.7839528322219849,-0.05300202965736389
22,right,0.1437293291091919,0.8008611798286438,4.3396349269642087e-07,0.16978101432323456,0.7521383166313171,-0.015035242773592472,0.19796313345432281,0.7210768461227417,-0.02771676331758499,0.22372376918792725,0.7109001874923706,-0.03547405079007149,0.24453581869602203,0.7006665468215942,-0.04207226634025574,0.1594507396221161,0.7363463640213013,-0.05196553096175194,0.18729807436466217,0.7442386746406555,-0.07596541941165924,0.21602752804756165,0.752544641494751,-0.09148718416690826,0.2403993159532547,0.757988452911377,-0.09957413375377655,0.1511440873146057,0.7876636981964111,-0.0508345365524292,0.21704035997390747,0.8044119477272034,-0.06819320470094681,0.26599180698394775,0.8076817989349365,-0.07571551948785782,0.30239778757095337,0.8074540495872498,-0.08147633820772171,0.15132969617843628,0.8330308198928833,-0.04871676489710808,0.20928606390953064,0.8547046184539795,-0.06458155810832977,0.24876374006271362,0.8482419848442078,-0.07086765766143799,0.2709825932979584,0.8334193229675293,-0.0734715387225151,0.15803095698356628,0.8696099519729614,-0.0465027280151844,0.20069316029548645,0.8931827545166016,-0.057667914777994156,0.22677679359912872,0.888777494430542,-0.060092825442552567,0.2430635392665863,0.8720315098762512,-0.06104224920272827
22,left,0.542908251285553,0.8080275654792786,4.521897380982409e-07,0.5551481246948242,0.779410183429718,-0.0421689935028553,0.5584641098976135,0.7693787813186646,-0.07046522200107574,0.5709187388420105,0.7699881196022034,-0.09175606071949005,0.5911405682563782,0.7734149694442749,-0.1131085678935051,0.518696665763855,0.822540819644928,-0.07165725529193878,0.4893181324005127,0.8359148502349854,-0.09630611538887024,0.46492454409599304,0.8373430967330933,-0.11174376308917999,0.44273367524147034,0.8353861570358276,-0.12205616384744644,0.4984351694583893,0.8227252960205078,-0.058943971991539,0.46301794052124023,0.8254106044769287,-0.07807375490665436,0.43713870644569397,0.8134737610816956,-0.08775351196527481,0.41514724493026733,0.8024902939796448,-0.09549976885318756,0.485268235206604,0.8162123560905457,-0.047258421778678894,0.4530399739742279,0.8140057325363159,-0.06093243882060051,0.42982926964759827,0.8000345230102539,-0.06928877532482147,0.4107385575771332,0.7878164649009705,-0.07567935436964035,0.47705838084220886,0.807041347026825,-0.0386682003736496,0.4529518783092499,0.804073691368103,-0.04595322161912918,0.43424171209335327,0.7979375720024109,-0.05042515695095062,0.4181128144264221,0.790619969367981,-0.05504043772816658
23,right,0.16871695220470428,0.8174187541007996,4.978114134246425e-07,0.18517552316188812,0.7718687057495117,-0.014754654839634895,0.21042950451374054,0.7428202629089355,-0.0291881263256073,0.23717448115348816,0.7354978919029236,-0.04086393862962723,0.25961795449256897,0.7291592955589294,-0.05301482975482941,0.17167061567306519,0.7692375183105469,-0.04958560690283775,0.20214678347110748,0.7867749333381653,-0.0709836557507515,0.2316272109746933,0.7945993542671204,-0.08431404083967209,0.2570188045501709,0.8007952570915222,-0.09266473352909088,0.16343307495117188,0.8170689940452576,-0.05258714035153389,0.2229471057653427,0.8348754048347473,-0.07084155082702637,0.2694198787212372,0.8404353260993958,-0.0765271857380867,0.3069014847278595,0.8429974317550659,-0.08232127875089645,0.16202792525291443,0.858694851398468,-0.05513792484998703,0.21642333269119263,0.883520781993866,-0.07349641621112823,0.2526422441005707,0.8852505087852478,-0.07463504374027252,0.27847030758857727,0.8830989599227905,-0.07477527111768723,0.16708791255950928,0.8947699666023254,-0.05845934897661209,0.2084289789199829,0.918811559677124,-0.07053855061531067,0.23582163453102112,0.9191738963127136,-0.06984551250934601,0.2566251754760742,0.9145408868789673,-0.06973512470722198
23,left,0.5327886343002319,0.8470925092697144,1.5026319033495383e-07,0.5501292943954468,0.8163861036300659,-0.02570595219731331,0.5587732195854187,0.7908846735954285,-0.04405629634857178,0.5735690593719482,0.7807359099388123,-0.058738041669130325,0.5945766568183899,0.7836735248565674,-0.07366963475942612,0.5194472670555115,0.8278499245643616,-0.04087973013520241,0.5053758025169373,0.8388250470161438,-0.05742305517196655,0.4886751174926758,0.8430934548377991,-0.06988243013620377,0.4726831614971161,0.8446312546730042,-0.07876276224851608,0.4965958893299103,0.8376129865646362,-0.035361744463443756,0.4657001793384552,0.8361552357673645,-0.048171620815992355,0.4431701600551605,0.8293797969818115,-0.05638435482978821,0.42493903636932373,0.8227226138114929,-0.06347900629043579,0.4794071614742279,0.8411837816238403,-0.030384480953216553,0.4496331214904785,0.83473140001297,-0.040681902319192886,0.43110308051109314,0.8242448568344116,-0.04762941226363182,0.4147360920906067,0.8148518800735474,-0.05282072350382805,0.46845635771751404,0.8402612805366516,-0.02741309069097042,0.4469589591026306,0.8316179513931274,-0.03330092504620552,0.43228140473365784,0.823423445224762,-0.03532641753554344,0.4196918308734894,0.8158168196678162,-0.03780006989836693
24,right,0.17129987478256226,0.8481448292732239,1.9612794233125896e-07,0.18661466240882874,0.8036673069000244,-0.013638954609632492,0.21902784705162048,0.7762490510940552,-0.025331370532512665,0.250610888004303,0.7719196081161499,-0.032888129353523254,0.2709924578666687,0.7872568368911743,-0.03994501382112503,0.19923563301563263,0.8035942316055298,-0.042814597487449646,0.23403684794902802,0.827160656452179,-0.05610731989145279,0.2595650255680084,0.8367456793785095,-0.061689525842666626,0.2787555158138275,0.8420097231864929,-0.06413975358009338,0.1893477439880371,0.8456937670707703,-0.04163704439997673,0.2412581890821457,0.870491087436676,-0.05030191317200661,0.27447354793548584,0.8730100989341736,-0.05106973648071289,0.29884085059165955,0.8715802431106567,-0.05259261280298233,0.18432952463626862,0.8833053112030029,-0.039303433150053024,0.23395884037017822,0.9084323048591614,-0.0479876808822155,0.2631751000881195,0.9057848453521729,-0.04722684621810913,0.2828187942504883,0.8989143371582031,-0.04589376971125603,0.1841369867324829,0.9150631427764893,-0.037027355283498764,0.22197876870632172,0.9345512390136719,-0.04312349483370781,0.24430926144123077,0.9332165122032166,-0.040849681943655014,0.25994834303855896,0.9255167245864868,-0.03865399211645126
24,left,0.5256810784339905,0.8702353239059448,1.535754421411184e-07,0.5366367101669312,0.8397883772850037,-0.020463980734348297,0.5364227890968323,0.8107849359512329,-0.03299552574753761,0.5344325304031372,0.7843234539031982,-0.043513402342796326,0.5348550081253052,0.7616427540779114,-0.053648948669433594,0.5061918497085571,0.8589791059494019,-0.029637962579727173,0.48520898818969727,0.8609218001365662,-0.04572449252009392,0.47290125489234924,0.8496757745742798,-0.05718178674578667,0.4608958959579468,0.8345881104469299,-0.06528440117835999,0.48873141407966614,0.8677964806556702,-0.026405779644846916,0.4651811718940735,0.8636184334754944,-0.04212775453925133,0.4520336985588074,0.8439505696296692,-0.05101526901125908,0.4410076439380646,0.8235794305801392,-0.0575222373008728,0.47542932629585266,0.8705790042877197,-0.024516133591532707,0.45065784454345703,0.8620347380638123,-0.03984561190009117,0.4394488036632538,0.8394641876220703,-0.04522350803017616,0.4321451783180237,0.82022625207901,-0.04741596803069115,0.4662856459617615,0.867740273475647,-0.024179112166166306,0.4461623430252075,0.8544058203697205,-0.034266822040081024,0.4345993995666504,0.8385558724403381,-0.03651978448033333,0.4261794686317444,0.8246704936027527,-0.03776220232248306
25,right,0,0,0,0,0,0,0,0,0,0,0,0,0,0,0,0,0,0,0,0,0,0,0,0,0,0,0,0,0,0,0,0,0,0,0,0,0,0,0,0,0,0,0,0,0,0,0,0,0,0,0,0,0,0,0,0,0,0,0,0,0,0,0
25,left,0,0,0,0,0,0,0,0,0,0,0,0,0,0,0,0,0,0,0,0,0,0,0,0,0,0,0,0,0,0,0,0,0,0,0,0,0,0,0,0,0,0,0,0,0,0,0,0,0,0,0,0,0,0,0,0,0,0,0,0,0,0,0
26,right,0,0,0,0,0,0,0,0,0,0,0,0,0,0,0,0,0,0,0,0,0,0,0,0,0,0,0,0,0,0,0,0,0,0,0,0,0,0,0,0,0,0,0,0,0,0,0,0,0,0,0,0,0,0,0,0,0,0,0,0,0,0,0
26,left,0,0,0,0,0,0,0,0,0,0,0,0,0,0,0,0,0,0,0,0,0,0,0,0,0,0,0,0,0,0,0,0,0,0,0,0,0,0,0,0,0,0,0,0,0,0,0,0,0,0,0,0,0,0,0,0,0,0,0,0,0,0,0
27,right,0,0,0,0,0,0,0,0,0,0,0,0,0,0,0,0,0,0,0,0,0,0,0,0,0,0,0,0,0,0,0,0,0,0,0,0,0,0,0,0,0,0,0,0,0,0,0,0,0,0,0,0,0,0,0,0,0,0,0,0,0,0,0
27,left,0,0,0,0,0,0,0,0,0,0,0,0,0,0,0,0,0,0,0,0,0,0,0,0,0,0,0,0,0,0,0,0,0,0,0,0,0,0,0,0,0,0,0,0,0,0,0,0,0,0,0,0,0,0,0,0,0,0,0,0,0,0,0
28,right,0,0,0,0,0,0,0,0,0,0,0,0,0,0,0,0,0,0,0,0,0,0,0,0,0,0,0,0,0,0,0,0,0,0,0,0,0,0,0,0,0,0,0,0,0,0,0,0,0,0,0,0,0,0,0,0,0,0,0,0,0,0,0
28,left,0,0,0,0,0,0,0,0,0,0,0,0,0,0,0,0,0,0,0,0,0,0,0,0,0,0,0,0,0,0,0,0,0,0,0,0,0,0,0,0,0,0,0,0,0,0,0,0,0,0,0,0,0,0,0,0,0,0,0,0,0,0,0
29,right,0,0,0,0,0,0,0,0,0,0,0,0,0,0,0,0,0,0,0,0,0,0,0,0,0,0,0,0,0,0,0,0,0,0,0,0,0,0,0,0,0,0,0,0,0,0,0,0,0,0,0,0,0,0,0,0,0,0,0,0,0,0,0
29,left,0,0,0,0,0,0,0,0,0,0,0,0,0,0,0,0,0,0,0,0,0,0,0,0,0,0,0,0,0,0,0,0,0,0,0,0,0,0,0,0,0,0,0,0,0,0,0,0,0,0,0,0,0,0,0,0,0,0,0,0,0,0,0
30,right,0,0,0,0,0,0,0,0,0,0,0,0,0,0,0,0,0,0,0,0,0,0,0,0,0,0,0,0,0,0,0,0,0,0,0,0,0,0,0,0,0,0,0,0,0,0,0,0,0,0,0,0,0,0,0,0,0,0,0,0,0,0,0
30,left,0,0,0,0,0,0,0,0,0,0,0,0,0,0,0,0,0,0,0,0,0,0,0,0,0,0,0,0,0,0,0,0,0,0,0,0,0,0,0,0,0,0,0,0,0,0,0,0,0,0,0,0,0,0,0,0,0,0,0,0,0,0,0
31,right,0,0,0,0,0,0,0,0,0,0,0,0,0,0,0,0,0,0,0,0,0,0,0,0,0,0,0,0,0,0,0,0,0,0,0,0,0,0,0,0,0,0,0,0,0,0,0,0,0,0,0,0,0,0,0,0,0,0,0,0,0,0,0
31,left,0,0,0,0,0,0,0,0,0,0,0,0,0,0,0,0,0,0,0,0,0,0,0,0,0,0,0,0,0,0,0,0,0,0,0,0,0,0,0,0,0,0,0,0,0,0,0,0,0,0,0,0,0,0,0,0,0,0,0,0,0,0,0
32,right,0,0,0,0,0,0,0,0,0,0,0,0,0,0,0,0,0,0,0,0,0,0,0,0,0,0,0,0,0,0,0,0,0,0,0,0,0,0,0,0,0,0,0,0,0,0,0,0,0,0,0,0,0,0,0,0,0,0,0,0,0,0,0
32,left,0,0,0,0,0,0,0,0,0,0,0,0,0,0,0,0,0,0,0,0,0,0,0,0,0,0,0,0,0,0,0,0,0,0,0,0,0,0,0,0,0,0,0,0,0,0,0,0,0,0,0,0,0,0,0,0,0,0,0,0,0,0,0
33,right,0,0,0,0,0,0,0,0,0,0,0,0,0,0,0,0,0,0,0,0,0,0,0,0,0,0,0,0,0,0,0,0,0,0,0,0,0,0,0,0,0,0,0,0,0,0,0,0,0,0,0,0,0,0,0,0,0,0,0,0,0,0,0
33,left,0,0,0,0,0,0,0,0,0,0,0,0,0,0,0,0,0,0,0,0,0,0,0,0,0,0,0,0,0,0,0,0,0,0,0,0,0,0,0,0,0,0,0,0,0,0,0,0,0,0,0,0,0,0,0,0,0,0,0,0,0,0,0
34,right,0,0,0,0,0,0,0,0,0,0,0,0,0,0,0,0,0,0,0,0,0,0,0,0,0,0,0,0,0,0,0,0,0,0,0,0,0,0,0,0,0,0,0,0,0,0,0,0,0,0,0,0,0,0,0,0,0,0,0,0,0,0,0
34,left,0,0,0,0,0,0,0,0,0,0,0,0,0,0,0,0,0,0,0,0,0,0,0,0,0,0,0,0,0,0,0,0,0,0,0,0,0,0,0,0,0,0,0,0,0,0,0,0,0,0,0,0,0,0,0,0,0,0,0,0,0,0,0
35,right,0,0,0,0,0,0,0,0,0,0,0,0,0,0,0,0,0,0,0,0,0,0,0,0,0,0,0,0,0,0,0,0,0,0,0,0,0,0,0,0,0,0,0,0,0,0,0,0,0,0,0,0,0,0,0,0,0,0,0,0,0,0,0
35,left,0,0,0,0,0,0,0,0,0,0,0,0,0,0,0,0,0,0,0,0,0,0,0,0,0,0,0,0,0,0,0,0,0,0,0,0,0,0,0,0,0,0,0,0,0,0,0,0,0,0,0,0,0,0,0,0,0,0,0,0,0,0,0
36,right,0,0,0,0,0,0,0,0,0,0,0,0,0,0,0,0,0,0,0,0,0,0,0,0,0,0,0,0,0,0,0,0,0,0,0,0,0,0,0,0,0,0,0,0,0,0,0,0,0,0,0,0,0,0,0,0,0,0,0,0,0,0,0
36,left,0,0,0,0,0,0,0,0,0,0,0,0,0,0,0,0,0,0,0,0,0,0,0,0,0,0,0,0,0,0,0,0,0,0,0,0,0,0,0,0,0,0,0,0,0,0,0,0,0,0,0,0,0,0,0,0,0,0,0,0,0,0,0
