1,right,0,0,0,0,0,0,0,0,0,0,0,0,0,0,0,0,0,0,0,0,0,0,0,0,0,0,0,0,0,0,0,0,0,0,0,0,0,0,0,0,0,0,0,0,0,0,0,0,0,0,0,0,0,0,0,0,0,0,0,0,0,0,0
1,left,0,0,0,0,0,0,0,0,0,0,0,0,0,0,0,0,0,0,0,0,0,0,0,0,0,0,0,0,0,0,0,0,0,0,0,0,0,0,0,0,0,0,0,0,0,0,0,0,0,0,0,0,0,0,0,0,0,0,0,0,0,0,0
2,right,0,0,0,0,0,0,0,0,0,0,0,0,0,0,0,0,0,0,0,0,0,0,0,0,0,0,0,0,0,0,0,0,0,0,0,0,0,0,0,0,0,0,0,0,0,0,0,0,0,0,0,0,0,0,0,0,0,0,0,0,0,0,0
2,left,0,0,0,0,0,0,0,0,0,0,0,0,0,0,0,0,0,0,0,0,0,0,0,0,0,0,0,0,0,0,0,0,0,0,0,0,0,0,0,0,0,0,0,0,0,0,0,0,0,0,0,0,0,0,0,0,0,0,0,0,0,0,0
3,right,0,0,0,0,0,0,0,0,0,0,0,0,0,0,0,0,0,0,0,0,0,0,0,0,0,0,0,0,0,0,0,0,0,0,0,0,0,0,0,0,0,0,0,0,0,0,0,0,0,0,0,0,0,0,0,0,0,0,0,0,0,0,0
3,left,0,0,0,0,0,0,0,0,0,0,0,0,0,0,0,0,0,0,0,0,0,0,0,0,0,0,0,0,0,0,0,0,0,0,0,0,0,0,0,0,0,0,0,0,0,0,0,0,0,0,0,0,0,0,0,0,0,0,0,0,0,0,0
4,right,0,0,0,0,0,0,0,0,0,0,0,0,0,0,0,0,0,0,0,0,0,0,0,0,0,0,0,0,0,0,0,0,0,0,0,0,0,0,0,0,0,0,0,0,0,0,0,0,0,0,0,0,0,0,0,0,0,0,0,0,0,0,0
4,left,0,0,0,0,0,0,0,0,0,0,0,0,0,0,0,0,0,0,0,0,0,0,0,0,0,0,0,0,0,0,0,0,0,0,0,0,0,0,0,0,0,0,0,0,0,0,0,0,0,0,0,0,0,0,0,0,0,0,0,0,0,0,0
5,right,0,0,0,0,0,0,0,0,0,0,0,0,0,0,0,0,0,0,0,0,0,0,0,0,0,0,0,0,0,0,0,0,0,0,0,0,0,0,0,0,0,0,0,0,0,0,0,0,0,0,0,0,0,0,0,0,0,0,0,0,0,0,0
5,left,0,0,0,0,0,0,0,0,0,0,0,0,0,0,0,0,0,0,0,0,0,0,0,0,0,0,0,0,0,0,0,0,0,0,0,0,0,0,0,0,0,0,0,0,0,0,0,0,0,0,0,0,0,0,0,0,0,0,0,0,0,0,0
6,right,0,0,0,0,0,0,0,0,0,0,0,0,0,0,0,0,0,0,0,0,0,0,0,0,0,0,0,0,0,0,0,0,0,0,0,0,0,0,0,0,0,0,0,0,0,0,0,0,0,0,0,0,0,0,0,0,0,0,0,0,0,0,0
6,left,0,0,0,0,0,0,0,0,0,0,0,0,0,0,0,0,0,0,0,0,0,0,0,0,0,0,0,0,0,0,0,0,0,0,0,0,0,0,0,0,0,0,0,0,0,0,0,0,0,0,0,0,0,0,0,0,0,0,0,0,0,0,0
7,right,0.3387671113014221,0.8622847199440002,2.2449425784998311e-07,0.39649641513824463,0.8397819995880127,0.004989349748939276,0.4523354172706604,0.8103865385055542,-0.004318119026720524,0.49583062529563904,0.7939973473548889,-0.016657482832670212,0.5275124311447144,0.7926085591316223,-0.029391001909971237,0.4592815637588501,0.7440057396888733,-0.027588700875639915,0.5281479358673096,0.7464409470558167,-0.04862918332219124,0.5641960501670837,0.7693000435829163,-0.060089871287345886,0.5899662375450134,0.7951358556747437,-0.06702165305614471,0.439944326877594,0.7624614834785461,-0.04257424920797348,0.5188407897949219,0.8293143510818481,-0.06816155463457108,0.5473777055740356,0.8857854604721069,-0.07568135857582092,0.565526008605957,0.9293497800827026,-0.0790059044957161,0.42185160517692566,0.7950800061225891,-0.056466639041900635,0.4971621632575989,0.8505908846855164,-0.07769158482551575,0.53102707862854,0.8951624631881714,-0.07982111722230911,0.5551562309265137,0.9294233918190002,-0.07979226857423782,0.407966673374176,0.8344570398330688,-0.06951296329498291,0.4631619155406952,0.8632203340530396,-0.07970242202281952,0.49186399579048157,0.8800675272941589,-0.07732135057449341,0.5158325433731079,0.8920987844467163,-0.07535450905561447
7,left,0,0,0,0,0,0,0,0,0,0,0,0,0,0,0,0,0,0,0,0,0,0,0,0,0,0,0,0,0,0,0,0,0,0,0,0,0,0,0,0,0,0,0,0,0,0,0,0,0,0,0,0,0,0,0,0,0,0,0,0,0,0,0
8,right,0.33328747749328613,0.823716402053833,3.267560941822012e-07,0.3903016149997711,0.7953113913536072,0.01877228170633316,0.4504639506340027,0.7681549191474915,0.016822820529341698,0.49331942200660706,0.7537029981613159,0.009441749192774296,0.5290892124176025,0.7503906488418579,0.0012723891995847225,0.46273261308670044,0.7080066800117493,-0.00879679899662733,0.5352502465248108,0.7060902118682861,-0.022543886676430702,0.5748772621154785,0.7253527641296387,-0.029697023332118988,0.6014634966850281,0.7506502270698547,-0.033516522496938705,0.4512329697608948,0.7215526700019836,-0.028017595410346985,0.5341687202453613,0.782538890838623,-0.04275815188884735,0.5585508346557617,0.8331730961799622,-0.04686513915657997,0.5722798705101013,0.8670207262039185,-0.049472201615571976,0.4417925179004669,0.7532316446304321,-0.04532128944993019,0.5215117931365967,0.8000425100326538,-0.057664379477500916,0.5536196231842041,0.8449857831001282,-0.05816858634352684,0.5740714073181152,0.8770619034767151,-0.05831383168697357,0.43607866764068604,0.7926895022392273,-0.060795772820711136,0.5003363490104675,0.8066616654396057,-0.0665614977478981,0.5326675772666931,0.8294143676757812,-0.06323527544736862,0.558031439781189,0.8493845462799072,-0.06047601252794266
8,left,0,0,0,0,0,0,0,0,0,0,0,0,0,0,0,0,0,0,0,0,0,0,0,0,0,0,0,0,0,0,0,0,0,0,0,0,0,0,0,0,0,0,0,0,0,0,0,0,0,0,0,0,0,0,0,0,0,0,0,0,0,0,0
9,right,0.33605703711509705,0.8066798448562622,1.042481656554628e-07,0.3949252665042877,0.7830871343612671,0.036587540060281754,0.45019403100013733,0.760644257068634,0.04152882844209671,0.4879824221134186,0.7493966221809387,0.03731847554445267,0.517619252204895,0.7494370341300964,0.031115485355257988,0.4706459939479828,0.6911880373954773,0.00445713521912694,0.5453508496284485,0.6876352429389954,-0.006688976194709539,0.5834202766418457,0.7137398719787598,-0.014297734946012497,0.6085277795791626,0.7442212700843811,-0.018885836005210876,0.4601089358329773,0.6985856890678406,-0.02323332242667675,0.5367600321769714,0.7704258561134338,-0.0325690358877182,0.5486652851104736,0.8203627467155457,-0.034613460302352905,0.5532280206680298,0.8483253717422485,-0.03739013522863388,0.4500235617160797,0.7292938232421875,-0.04762522131204605,0.5296077728271484,0.783898115158081,-0.05344395339488983,0.5533732771873474,0.8305830955505371,-0.049479659646749496,0.5678982138633728,0.8605610132217407,-0.04905276373028755,0.4439796209335327,0.768798828125,-0.06900326162576675,0.5081065893173218,0.7868431806564331,-0.06966718286275864,0.5365139245986938,0.8111858367919922,-0.06134440749883652,0.5598613023757935,0.8302639126777649,-0.056060727685689926
9,left,0.6238792538642883,0.9587063193321228,8.137247675676917e-08,0.6481505632400513,0.9030730128288269,-0.038301482796669006,0.6524801254272461,0.8578579425811768,-0.06569425016641617,0.6681809425354004,0.8478957414627075,-0.08735787868499756,0.6995478868484497,0.8682237267494202,-0.11067431420087814,0.593326210975647,0.9119386672973633,-0.0703778862953186,0.5464388132095337,0.9255052208900452,-0.09388265013694763,0.5130134224891663,0.9328716993331909,-0.11071345210075378,0.4800631105899811,0.9317715167999268,-0.1231752559542656,0.5603079199790955,0.9234236478805542,-0.05889613926410675,0.5006313323974609,0.9242721796035767,-0.07997998595237732,0.4614250957965851,0.918236494064331,-0.09425228089094162,0.42722010612487793,0.9096288681030273,-0.10654861479997635,0.5371941328048706,0.9214297533035278,-0.04633496701717377,0.4797140955924988,0.9072403311729431,-0.06061698496341705,0.44492095708847046,0.8927205801010132,-0.06968636065721512,0.4160960912704468,0.8789757490158081,-0.07666505128145218,0.5219982266426086,0.912514328956604,-0.03636101260781288,0.4800766706466675,0.8912760019302368,-0.0407273955643177,0.4526170492172241,0.8757179379463196,-0.040356118232011795,0.4295613467693329,0.8616691827774048,-0.04208254814147949
10,right,0.3343261480331421,0.785520076751709,1.3528737952128722e-07,0.40060946345329285,0.7794244289398193,0.02998935990035534,0.45336565375328064,0.7602702379226685,0.0328562892973423,0.48747703433036804,0.7479903101921082,0.026415297761559486,0.5140419602394104,0.7458537817001343,0.018096210435032845,0.46761927008628845,0.6713939309120178,0.005270556081086397,0.5397321581840515,0.662194550037384,-0.006401084363460541,0.5785555243492126,0.6848578453063965,-0.015165288932621479,0.6032590866088867,0.7139624357223511,-0.020349999889731407,0.4582812786102295,0.6756718754768372,-0.020690269768238068,0.5323793888092041,0.7418692708015442,-0.032845091074705124,0.5465510487556458,0.7914105653762817,-0.038300372660160065,0.5502564907073975,0.8213996887207031,-0.042524777352809906,0.44950494170188904,0.7013019323348999,-0.04424010217189789,0.5249506235122681,0.7544617056846619,-0.053817324340343475,0.542958676815033,0.8009804487228394,-0.05306873470544815,0.5514951944351196,0.8324206471443176,-0.05320423096418381,0.44446641206741333,0.7372555136680603,-0.06547833234071732,0.5060890913009644,0.7520685791969299,-0.06957357376813889,0.5364616513252258,0.775566816329956,-0.06386148929595947,0.5597125291824341,0.7978383302688599,-0.05935066193342209
10,left,0.6239267587661743,0.9016202092170715,4.78177867080376e-07,0.6507998704910278,0.8595049977302551,-0.06009675934910774,0.6629055738449097,0.8269293904304504,-0.09836416691541672,0.6792532205581665,0.8217417001724243,-0.12665149569511414,0.7057870626449585,0.8303463459014893,-0.15421229600906372,0.5845316052436829,0.8818238377571106,-0.09670412540435791,0.5361929535865784,0.8948456048965454,-0.13127674162387848,0.49839699268341064,0.9023070335388184,-0.15325945615768433,0.46535542607307434,0.9100406765937805,-0.16706375777721405,0.5570185780525208,0.8858235478401184,-0.07611614465713501,0.49922725558280945,0.882506251335144,-0.1061793714761734,0.4585798978805542,0.8658097982406616,-0.12219502776861191,0.4270060658454895,0.8550475835800171,-0.1329759806394577,0.5393878817558289,0.8813791275024414,-0.0565120130777359,0.4869195222854614,0.8738645911216736,-0.07769756764173508,0.45265787839889526,0.8532792329788208,-0.08992992341518402,0.42648014426231384,0.8379596471786499,-0.09714355319738388,0.5273809432983398,0.8753334879875183,-0.04121224209666252,0.49136829376220703,0.8644326329231262,-0.05329078435897827,0.4656623303890228,0.8530378341674805,-0.058790914714336395,0.44655081629753113,0.842099666595459,-0.06261130422353745
11,right,0.3271474838256836,0.77456134557724,4.1154539331955675e-08,0.3923947811126709,0.7672810554504395,0.04560974985361099,0.44416117668151855,0.7552585601806641,0.0549154058098793,0.4803517758846283,0.7533683180809021,0.05314595252275467,0.5077877640724182,0.7570653557777405,0.04848342016339302,0.4635734558105469,0.6615132093429565,0.01634315215051174,0.5399722456932068,0.6576470136642456,0.009669865481555462,0.5791306495666504,0.6804107427597046,0.0033081972505897284,0.6068628430366516,0.7074069380760193,-0.0014587686164304614,0.45592984557151794,0.6663354635238647,-0.016146481037139893,0.5348570942878723,0.7341563701629639,-0.023038087412714958,0.5505430102348328,0.7879877090454102,-0.026957936584949493,0.5571851134300232,0.8224157094955444,-0.031055063009262085,0.44666799902915955,0.6932379603385925,-0.04461439698934555,0.5267102718353271,0.7465636134147644,-0.0483829490840435,0.5506686568260193,0.7981229424476624,-0.04553041234612465,0.5669189691543579,0.8321487903594971,-0.04641834646463394,0.44099128246307373,0.7302087545394897,-0.0693279355764389,0.4990769922733307,0.7404597997665405,-0.07025912404060364,0.526298999786377,0.7587178349494934,-0.0632171779870987,0.550909161567688,0.7735764980316162,-0.05901298671960831
11,left,0.6357455253601074,0.9020494818687439,1.3748487504017248e-07,0.6608811020851135,0.8531861901283264,-0.05093618109822273,0.6672505736351013,0.8166719675064087,-0.08810989558696747,0.6878067255020142,0.8059566617012024,-0.11720209568738937,0.7105243802070618,0.8260629773139954,-0.1485702246427536,0.5807849168777466,0.8480393290519714,-0.08582056313753128,0.5294325947761536,0.8653498888015747,-0.11264868825674057,0.49503085017204285,0.8717372417449951,-0.13536368310451508,0.46160900592803955,0.867691159248352,-0.15326812863349915,0.5512710213661194,0.8495477437973022,-0.06914261728525162,0.4801824688911438,0.8451619744300842,-0.09378359466791153,0.44133442640304565,0.8336255550384521,-0.11592273414134979,0.4071738123893738,0.8180320858955383,-0.13562026619911194,0.5326488018035889,0.8426127433776855,-0.05155019834637642,0.46358537673950195,0.8302980065345764,-0.06947475671768188,0.4242572784423828,0.8127273917198181,-0.08762609958648682,0.3938089907169342,0.7957711815834045,-0.10262161493301392,0.5232930183410645,0.831783652305603,-0.03679725155234337,0.4763350188732147,0.8140057921409607,-0.04347255080938339,0.44460529088974,0.8015460968017578,-0.048343997448682785,0.419929563999176,0.7923126220703125,-0.055576831102371216
12,right,0.3283548355102539,0.778475821018219,8.411007712538776e-08,0.3971996605396271,0.772782027721405,0.037396933883428574,0.45027849078178406,0.7542281150817871,0.04267110675573349,0.48440396785736084,0.7446751594543457,0.03744254633784294,0.511062502861023,0.741209089756012,0.030291227623820305,0.4669491946697235,0.6658282279968262,0.01404435746371746,0.5441192984580994,0.6632452607154846,0.005041858647018671,0.5822043418884277,0.6850560307502747,-0.0018690609140321612,0.6072049736976624,0.7108837366104126,-0.005872749723494053,0.4564180076122284,0.6712107062339783,-0.015057832933962345,0.5339288711547852,0.7345108985900879,-0.025349805131554604,0.5474576950073242,0.7843833565711975,-0.029816215857863426,0.5532631874084473,0.8160926103591919,-0.032452378422021866,0.44682955741882324,0.6971419453620911,-0.04128967225551605,0.5265960097312927,0.7484707236289978,-0.04640171676874161,0.5505446195602417,0.7971963286399841,-0.043406590819358826,0.5668291449546814,0.8303170800209045,-0.04284786805510521,0.44143033027648926,0.7335439920425415,-0.06478909403085709,0.5018610954284668,0.7461643218994141,-0.06383715569972992,0.531416118144989,0.7630160450935364,-0.055750712752342224,0.5576862096786499,0.7756480574607849,-0.05044013261795044
12,left,0.6325509548187256,0.8985623717308044,3.1193224003800424e-07,0.6560296416282654,0.8466348052024841,-0.05511488765478134,0.6589467525482178,0.8163093328475952,-0.08834061026573181,0.6724563837051392,0.8073411583900452,-0.11233659088611603,0.7035809755325317,0.8132525682449341,-0.13510482013225555,0.5853185057640076,0.8693091869354248,-0.08539952337741852,0.5383858680725098,0.8789871335029602,-0.11551997810602188,0.5002486109733582,0.884992241859436,-0.13483858108520508,0.4646911025047302,0.8907120823860168,-0.14753389358520508,0.5558473467826843,0.870875895023346,-0.06544504314661026,0.49959608912467957,0.8738976716995239,-0.08943776041269302,0.45986244082450867,0.8613905310630798,-0.10067234933376312,0.42839446663856506,0.8517909049987793,-0.1092594563961029,0.5379287004470825,0.8637783527374268,-0.04693048819899559,0.4859934449195862,0.8595280647277832,-0.06454174965620041,0.45337367057800293,0.841849684715271,-0.07477616518735886,0.42629021406173706,0.8270751237869263,-0.08118899911642075,0.5273482799530029,0.8524312973022461,-0.032642912119627,0.4899543821811676,0.8409197926521301,-0.041001055389642715,0.46463558077812195,0.8280915021896362,-0.045415181666612625,0.4431856870651245,0.8163458108901978,-0.04954446107149124
13,right,0.32972168922424316,0.7802117466926575,9.990990434971536e-08,0.3965837359428406,0.7677798867225647,0.042570773512125015,0.45001253485679626,0.7481256127357483,0.0489875003695488,0.48658716678619385,0.7397081851959229,0.043929100036621094,0.5158024430274963,0.738261342048645,0.03664768487215042,0.4689570963382721,0.6657378673553467,0.014346936717629433,0.5475705862045288,0.6613955497741699,0.004937614314258099,0.5857524275779724,0.6849424242973328,-0.0013280059210956097,0.6107003688812256,0.7132725715637207,-0.0045754569582641125,0.45774224400520325,0.6721866726875305,-0.017787354066967964,0.5390037298202515,0.7355949282646179,-0.027912817895412445,0.5554425716400146,0.7889897227287292,-0.0308233555406332,0.5622374415397644,0.8245493769645691,-0.0321999117732048,0.44686636328697205,0.6987959146499634,-0.04657371714711189,0.5291348695755005,0.7478455305099487,-0.05132872238755226,0.5537572503089905,0.7992972135543823,-0.04619748517870903,0.5702940225601196,0.8346112966537476,-0.04419003054499626,0.4406014084815979,0.7354459762573242,-0.07223361730575562,0.5028048753738403,0.74712073802948,-0.07124609500169754,0.5327624678611755,0.7643203735351562,-0.062146883457899094,0.5596112012863159,0.7773265838623047,-0.05593891441822052
13,left,0.6286461353302002,0.8955008387565613,5.087752583676775e-07,0.6540985107421875,0.8447113037109375,-0.05935942381620407,0.6599465608596802,0.8123776316642761,-0.09835268557071686,0.6749076843261719,0.8049222826957703,-0.12729905545711517,0.7031694650650024,0.8082818984985352,-0.15587544441223145,0.5902458429336548,0.8718141913414001,-0.10207893699407578,0.5413743257522583,0.8786241412162781,-0.13801182806491852,0.5050256848335266,0.8846429586410522,-0.1600601077079773,0.47087562084198,0.8929744958877563,-0.17361651360988617,0.5627539753913879,0.8798227906227112,-0.08190387487411499,0.5056548118591309,0.8734213709831238,-0.11296084523200989,0.4629645347595215,0.8570306897163391,-0.12889687716960907,0.4282701015472412,0.8462040424346924,-0.13941489160060883,0.5446627140045166,0.8759534955024719,-0.06225240230560303,0.49216336011886597,0.8658102750778198,-0.08466947823762894,0.45668455958366394,0.8449773788452148,-0.09812643378973007,0.42919114232063293,0.8301932215690613,-0.1058468371629715,0.5328450798988342,0.8666328191757202,-0.04657468572258949,0.49527236819267273,0.854611337184906,-0.0589829720556736,0.466037392616272,0.8421958684921265,-0.06555254012346268,0.4424552619457245,0.8310755491256714,-0.07013793289661407
14,right,0.3300948739051819,0.7849079966545105,1.6738837871344003e-07,0.39268457889556885,0.7580474019050598,0.031036024913191795,0.45071837306022644,0.731208860874176,0.029619628563523293,0.49470195174217224,0.7210416197776794,0.019136942923069,0.5295860767364502,0.7236025333404541,0.0066446904093027115,0.4711095988750458,0.6625829935073853,-0.007313378155231476,0.5486576557159424,0.6537941694259644,-0.02511516772210598,0.5889486074447632,0.6783155798912048,-0.034341465681791306,0.6149704456329346,0.7093913555145264,-0.0387192964553833,0.45910170674324036,0.6723859310150146,-0.03608531504869461,0.5411471128463745,0.7379361391067505,-0.0552925243973732,0.5587051510810852,0.7939167022705078,-0.05832476168870926,0.5659741163253784,0.8293433785438538,-0.058158572763204575,0.44596487283706665,0.7049878835678101,-0.06206021085381508,0.5301943421363831,0.7527455687522888,-0.07615486532449722,0.5588544011116028,0.8045737743377686,-0.0709291398525238,0.5780478119850159,0.8410801887512207,-0.06636171042919159,0.43601492047309875,0.7478740811347961,-0.08540258556604385,0.5030478835105896,0.7606323957443237,-0.09240599721670151,0.539487898349762,0.7826126217842102,-0.08540250360965729,0.5706331729888916,0.8020858764648438,-0.07875886559486389
14,left,0.6364381909370422,0.8895248770713806,-1.2476390054416697e-07,0.6569922566413879,0.8690364956855774,-0.04241173714399338,0.6634635329246521,0.835813045501709,-0.07328852266073227,0.6865633130073547,0.8178592920303345,-0.09883804619312286,0.7122282385826111,0.8232824802398682,-0.1269644945859909,0.5862270593643188,0.8576020002365112,-0.06813547760248184,0.5336539149284363,0.8817381262779236,-0.09771154820919037,0.4974501132965088,0.8898056149482727,-0.123717300593853,0.4637324810028076,0.8912701606750488,-0.14268149435520172,0.5637527704238892,0.8361725807189941,-0.05751411244273186,0.4933566749095917,0.8369341492652893,-0.08156536519527435,0.45075345039367676,0.8362385034561157,-0.10464628785848618,0.4127691984176636,0.8329519629478455,-0.12460320442914963,0.5494471192359924,0.809040904045105,-0.046992577612400055,0.48608216643333435,0.7856578230857849,-0.06813714653253555,0.446804016828537,0.7740595936775208,-0.08537875860929489,0.4154926538467407,0.770134687423706,-0.0978047251701355,0.546218752861023,0.7804483771324158,-0.03872406855225563,0.503799557685852,0.7435159683227539,-0.0485956110060215,0.47836586833000183,0.7263318300247192,-0.05162601172924042,0.4595227837562561,0.7196592092514038,-0.055669352412223816
15,right,0.3137837052345276,0.779949426651001,4.925400958200044e-07,0.3665196895599365,0.724842369556427,0.011658268049359322,0.4250926077365875,0.6844823360443115,0.003611288033425808,0.4741324484348297,0.6674782633781433,-0.008204909041523933,0.5115132927894592,0.6678464412689209,-0.020564546808600426,0.44329315423965454,0.6266327500343323,-0.021534312516450882,0.505810558795929,0.5991483926773071,-0.04320357367396355,0.549915075302124,0.6030725240707397,-0.056360483169555664,0.5863191485404968,0.614655077457428,-0.0643618032336235,0.43844062089920044,0.6554009318351746,-0.0399002768099308,0.5306198596954346,0.6861425042152405,-0.060227569192647934,0.5727930068969727,0.7282121777534485,-0.0681937038898468,0.6014773845672607,0.7632798552513123,-0.07257027179002762,0.43149444460868835,0.7000710368156433,-0.05655389279127121,0.5177937746047974,0.7274052500724792,-0.07111713290214539,0.5619059205055237,0.7602728605270386,-0.07227063179016113,0.5936877131462097,0.7858989238739014,-0.07293523848056793,0.42454713582992554,0.7534906268119812,-0.07226865738630295,0.49054908752441406,0.7686912417411804,-0.07882636040449142,0.52622389793396,0.7830035090446472,-0.07559448480606079,0.5562454462051392,0.7943596243858337,-0.07308752089738846
15,left,0.6162691116333008,0.8967148661613464,1.6454687568057125e-07,0.6488403081893921,0.8516983985900879,-0.033354442566633224,0.6653811931610107,0.8155027031898499,-0.06045394763350487,0.6862902045249939,0.8027336001396179,-0.08186829090118408,0.7117484211921692,0.8212437629699707,-0.10596325248479843,0.5981374979019165,0.8505053520202637,-0.0596274733543396,0.5574276447296143,0.879352331161499,-0.0829758495092392,0.5227872133255005,0.8926725387573242,-0.10435998439788818,0.4877794682979584,0.9001026153564453,-0.11944853514432907,0.5623407363891602,0.854603111743927,-0.047823965549468994,0.5057103037834167,0.8521652221679688,-0.06525982171297073,0.46625545620918274,0.8427696228027344,-0.08135902881622314,0.431479275226593,0.8352656364440918,-0.09571385383605957,0.5371251106262207,0.8510198593139648,-0.0342688262462616,0.48472222685813904,0.8358321785926819,-0.043242983520030975,0.4541562795639038,0.8252614140510559,-0.048822835087776184,0.42960071563720703,0.8167406320571899,-0.053872738033533096,0.522570013999939,0.8450149893760681,-0.022991495206952095,0.48158279061317444,0.8269810080528259,-0.020700909197330475,0.45654940605163574,0.8167524337768555,-0.013860558159649372,0.43701237440109253,0.8091565370559692,-0.010981950908899307
16,right,0.29190346598625183,0.7550732493400574,5.658224608851015e-07,0.3357747793197632,0.6819275617599487,0.0049194591119885445,0.3987202048301697,0.6348379850387573,-0.0036385783459991217,0.45380765199661255,0.6128528714179993,-0.013692393898963928,0.490751713514328,0.5963510274887085,-0.023775218054652214,0.41790711879730225,0.5994020700454712,-0.030688539147377014,0.48609206080436707,0.5602315664291382,-0.05345866084098816,0.5357961058616638,0.5573452115058899,-0.06654680520296097,0.5754299759864807,0.5622360706329346,-0.07394874840974808,0.416077584028244,0.6390511393547058,-0.045478928834199905,0.510767936706543,0.6533912420272827,-0.06662014871835709,0.5600666999816895,0.683211088180542,-0.07393273711204529,0.5934721231460571,0.7076655030250549,-0.07794033735990524,0.41188639402389526,0.6916800737380981,-0.058820370584726334,0.5000891089439392,0.7079587578773499,-0.07404797524213791,0.5492931604385376,0.7324016094207764,-0.07518266886472702,0.5833861827850342,0.7507460117340088,-0.07561029493808746,0.407216340303421,0.7482858896255493,-0.07165734469890594,0.47659727931022644,0.7582347393035889,-0.07960419356822968,0.5144660472869873,0.7713058590888977,-0.07691136002540588,0.5449426174163818,0.7812929749488831,-0.07433896511793137
16,left,0.6264307498931885,0.9006032347679138,3.007395434906357e-07,0.6532838344573975,0.8612598180770874,-0.05471503362059593,0.6612393260002136,0.824001669883728,-0.08896954357624054,0.6747933626174927,0.8078473210334778,-0.1131957471370697,0.7008113861083984,0.814166784286499,-0.13697700202465057,0.5905256271362305,0.8661835193634033,-0.09321748465299606,0.5466955304145813,0.8803185224533081,-0.12394736707210541,0.5107253193855286,0.8935971260070801,-0.1437261402606964,0.47528016567230225,0.9065225720405579,-0.15668673813343048,0.5577958226203918,0.8676052093505859,-0.07358264923095703,0.4995299279689789,0.8662383556365967,-0.0989941731095314,0.45877254009246826,0.8566028475761414,-0.11306395381689072,0.42523306608200073,0.8532446026802063,-0.1239045262336731,0.5375893115997314,0.8627772927284241,-0.053845375776290894,0.4857652485370636,0.8555026054382324,-0.07131174951791763,0.45358896255493164,0.8408100008964539,-0.08315224945545197,0.427024245262146,0.8318600654602051,-0.09127429872751236,0.5261577367782593,0.8581953048706055,-0.037784308195114136,0.4897463321685791,0.8485817909240723,-0.04618501663208008,0.4632446765899658,0.8396692276000977,-0.050304777920246124,0.4412690997123718,0.8328049182891846,-0.054205331951379776
17,right,0.2721410095691681,0.7693275809288025,5.023504172640969e-07,0.3076115846633911,0.6830188632011414,0.003105160081759095,0.3565160930156708,0.6233783960342407,-0.009831231087446213,0.4082304537296295,0.6049258708953857,-0.02314479649066925,0.45106011629104614,0.6052786111831665,-0.0360344760119915,0.35058102011680603,0.58720862865448,-0.0477500855922699,0.4072425067424774,0.5229824185371399,-0.07770836353302002,0.4525715112686157,0.5013096332550049,-0.09459413588047028,0.4906010627746582,0.49038755893707275,-0.1036980003118515,0.3494284749031067,0.6328532695770264,-0.06324108690023422,0.450684517621994,0.6075918078422546,-0.08898323029279709,0.5140787959098816,0.6110840439796448,-0.09914432466030121,0.5613247156143188,0.6184388399124146,-0.10557512938976288,0.3537653684616089,0.6908959746360779,-0.07661168277263641,0.45552074909210205,0.6845359206199646,-0.09753714501857758,0.5143600702285767,0.6915168166160583,-0.10235656797885895,0.5562700629234314,0.6963934898376465,-0.1042417585849762,0.36307376623153687,0.7505737543106079,-0.08882579952478409,0.4420967102050781,0.7450249791145325,-0.09998428821563721,0.48287147283554077,0.7435559630393982,-0.09836156666278839,0.5161073207855225,0.7391626238822937,-0.09649361670017242
17,left,0.6279679536819458,0.8929685950279236,4.510598330398352e-07,0.6538859009742737,0.850595235824585,-0.059424348175525665,0.6596442461013794,0.8176882266998291,-0.09789041429758072,0.6730905771255493,0.8028185367584229,-0.1252945214509964,0.6993093490600586,0.8018984198570251,-0.15182887017726898,0.5861733555793762,0.8688749670982361,-0.10260410606861115,0.5393062233924866,0.8723827600479126,-0.13798312842845917,0.503955066204071,0.8787806034088135,-0.15921416878700256,0.4704209566116333,0.8885952234268188,-0.1719868928194046,0.5578418374061584,0.872812032699585,-0.08179179579019547,0.49950939416885376,0.8651150465011597,-0.11212136596441269,0.4566555619239807,0.8534875512123108,-0.12768059968948364,0.4205220937728882,0.849049985408783,-0.13785505294799805,0.5390964150428772,0.8679379820823669,-0.06121833249926567,0.4874512553215027,0.8600084185600281,-0.08249340951442719,0.45118871331214905,0.8451001048088074,-0.09570902585983276,0.4211353659629822,0.8369421362876892,-0.1035691350698471,0.5279532074928284,0.8609623312950134,-0.04462384432554245,0.49245238304138184,0.8540902733802795,-0.056811995804309845,0.46381688117980957,0.8486768007278442,-0.06332866847515106,0.4392951726913452,0.8458200097084045,-0.06776460260152817
18,right,0.256283700466156,0.7705224752426147,6.379120236488234e-07,0.28791651129722595,0.6748899817466736,-0.01256113313138485,0.3251274824142456,0.5852267742156982,-0.02866995893418789,0.3549811840057373,0.5149109363555908,-0.04061948508024216,0.36549851298332214,0.45583900809288025,-0.05206475779414177,0.29793137311935425,0.6026588678359985,-0.07096190005540848,0.3222130835056305,0.5538573861122131,-0.10574443638324738,0.3605293035507202,0.5308980941772461,-0.12449909001588821,0.3993847072124481,0.5111351013183594,-0.13492515683174133,0.29918336868286133,0.6670927405357361,-0.0791156068444252,0.3898813724517822,0.6305728554725647,-0.11153273284435272,0.45966246724128723,0.6168041825294495,-0.12401881068944931,0.5152912139892578,0.6088485717773438,-0.13268885016441345,0.3131427764892578,0.733231782913208,-0.08540453016757965,0.4126564860343933,0.7217336297035217,-0.11721771955490112,0.4779742360115051,0.7106837034225464,-0.12708933651447296,0.5246366262435913,0.6994074583053589,-0.13050539791584015,0.33304712176322937,0.7907602190971375,-0.09065617620944977,0.41249701380729675,0.7784652709960938,-0.11029842495918274,0.4550451934337616,0.7665814161300659,-0.1129126250743866,0.4876871705055237,0.7515506744384766,-0.11373336613178253
18,left,0.6277061700820923,0.8834771513938904,5.406837999544223e-07,0.6476755142211914,0.8446645140647888,-0.06374651193618774,0.6502379775047302,0.8167124390602112,-0.10401653498411179,0.6629152297973633,0.7987755537033081,-0.13288316130638123,0.6894351243972778,0.7919115424156189,-0.16086560487747192,0.5810853242874146,0.8703670501708984,-0.10434789210557938,0.5355242490768433,0.8736193180084229,-0.13980531692504883,0.49914297461509705,0.8803734183311462,-0.16155745089054108,0.46551501750946045,0.8884640336036682,-0.1751871556043625,0.5548456311225891,0.8698368072509766,-0.08159060776233673,0.49890533089637756,0.8636825680732727,-0.11205354332923889,0.45546501874923706,0.8523874282836914,-0.12732107937335968,0.41949766874313354,0.8469393253326416,-0.13767637312412262,0.5382402539253235,0.8616669774055481,-0.05979751795530319,0.48834627866744995,0.8557127118110657,-0.0808476060628891,0.4518931806087494,0.8405671715736389,-0.0931708887219429,0.4224126935005188,0.8298131227493286,-0.10077798366546631,0.5281141400337219,0.8531204462051392,-0.042612455785274506,0.49365732073783875,0.8476520776748657,-0.0544019378721714,0.4655921161174774,0.8390990495681763,-0.0613168329000473,0.4421977400779724,0.8299949765205383,-0.06653278321027756
19,right,0.23539762198925018,0.8101179599761963,4.4294577605796803e-07,0.2644467353820801,0.7100766897201538,-0.01673615351319313,0.30269855260849,0.6092138290405273,-0.03318338841199875,0.3243919312953949,0.5392487049102783,-0.04352140426635742,0.31484970450401306,0.47895634174346924,-0.0527547262609005,0.257800817489624,0.6552724242210388,-0.07629484683275223,0.27461355924606323,0.629744291305542,-0.1085197702050209,0.298916757106781,0.6156585216522217,-0.12747998535633087,0.32158395648002625,0.5905032753944397,-0.1389150172472,0.25551122426986694,0.7312312722206116,-0.08079139143228531,0.33779045939445496,0.7020109295845032,-0.11198503524065018,0.40257763862609863,0.6815792322158813,-0.12703600525856018,0.4551317095756531,0.6618757247924805,-0.138898104429245,0.2736594080924988,0.8033779859542847,-0.08260184526443481,0.3799223303794861,0.7939598560333252,-0.1142280325293541,0.44709670543670654,0.7780379056930542,-0.12738916277885437,0.49254748225212097,0.7585331797599792,-0.13372670114040375,0.3023730218410492,0.8573146462440491,-0.08322162926197052,0.3907407224178314,0.8460724949836731,-0.10103291273117065,0.4319780468940735,0.8330062627792358,-0.1031026542186737,0.461821049451828,0.8126403093338013,-0.10460205376148224
19,left,0,0,0,0,0,0,0,0,0,0,0,0,0,0,0,0,0,0,0,0,0,0,0,0,0,0,0,0,0,0,0,0,0,0,0,0,0,0,0,0,0,0,0,0,0,0,0,0,0,0,0,0,0,0,0,0,0,0,0,0,0,0,0
20,right,0.2370256930589676,0.8537349104881287,5.187941951589892e-07,0.2776075601577759,0.7374523878097534,-0.010949579067528248,0.3095128536224365,0.6350435018539429,-0.024394476786255836,0.3100932240486145,0.5651981830596924,-0.03512401878833771,0.2879877984523773,0.514941930770874,-0.045955561101436615,0.24600370228290558,0.6847085952758789,-0.04908880218863487,0.24625501036643982,0.6713587641716003,-0.07521256059408188,0.26552867889404297,0.6580238342285156,-0.09234520047903061,0.28966519236564636,0.6350916624069214,-0.10314013063907623,0.2458081692457199,0.7589883804321289,-0.05697553604841232,0.3298942744731903,0.7452600002288818,-0.08125762641429901,0.3975004553794861,0.7277203798294067,-0.09422662854194641,0.4542725682258606,0.7068777084350586,-0.1047448143362999,0.26252424716949463,0.8299022316932678,-0.06340427696704865,0.36585405468940735,0.8272049427032471,-0.09339642524719238,0.4358655512332916,0.8105547428131104,-0.1047782450914383,0.4867817163467407,0.79173344373703,-0.10895449668169022,0.2875608205795288,0.8852225542068481,-0.06878381967544556,0.3749557137489319,0.8706110119819641,-0.08443563431501389,0.420387864112854,0.8594270944595337,-0.08311576396226883,0.45514529943466187,0.8440632820129395,-0.08184675127267838
20,left,0.6460795402526855,0.9095022678375244,8.883779401003267e-08,0.653171956539154,0.8660700917243958,-0.04547031596302986,0.6481176614761353,0.8275163769721985,-0.07518276572227478,0.6679658889770508,0.7979903221130371,-0.09917895495891571,0.697055995464325,0.7867847681045532,-0.12467286735773087,0.5490553379058838,0.8292198181152344,-0.054502882063388824,0.4987688362598419,0.8524343967437744,-0.07864516228437424,0.4657418131828308,0.8653849363327026,-0.10245468467473984,0.4326840043067932,0.8700013160705566,-0.12062270939350128,0.5263664126396179,0.8272798657417297,-0.04362773895263672,0.4511181712150574,0.830253005027771,-0.06291615962982178,0.4026683568954468,0.8318701982498169,-0.08520296216011047,0.36169981956481934,0.8353983759880066,-0.10460131615400314,0.5172550678253174,0.8208688497543335,-0.034553829580545425,0.44748514890670776,0.8207652568817139,-0.05146794393658638,0.4042116403579712,0.8226057887077332,-0.06968600302934647,0.3696441054344177,0.8235939145088196,-0.08460327237844467,0.5192521810531616,0.8160452246665955,-0.029021237045526505,0.47699442505836487,0.8234509825706482,-0.038246072828769684,0.45186150074005127,0.8333443403244019,-0.04274401813745499,0.43247920274734497,0.8435879945755005,-0.048483796417713165
21,right,0.24485959112644196,0.8398763537406921,5.046427418164967e-07,0.2811186909675598,0.7367586493492126,-0.029348358511924744,0.29691946506500244,0.6552935838699341,-0.054238464683294296,0.2884487807750702,0.6027834415435791,-0.07393999397754669,0.26967763900756836,0.5501680374145508,-0.09368856996297836,0.22310271859169006,0.7256504893302917,-0.08023753017187119,0.22425934672355652,0.717174768447876,-0.11937450617551804,0.2450934797525406,0.7061384320259094,-0.14439719915390015,0.2684241533279419,0.6960750818252563,-0.15949679911136627,0.2297910749912262,0.7989148497581482,-0.0827632024884224,0.31263959407806396,0.7994000911712646,-0.12031887471675873,0.38616108894348145,0.7830458879470825,-0.13823258876800537,0.4475477635860443,0.7634952664375305,-0.15279372036457062,0.2504212558269501,0.8605649471282959,-0.08487165719270706,0.350150465965271,0.8711893558502197,-0.12681670486927032,0.41887256503105164,0.8506640791893005,-0.13877025246620178,0.4723796844482422,0.8266462683677673,-0.14359785616397858,0.27664104104042053,0.9088110327720642,-0.08780350536108017,0.360728919506073,0.9019449353218079,-0.11474677920341492,0.4038117825984955,0.8921341896057129,-0.11667156219482422,0.4380921721458435,0.8769118785858154,-0.11741123348474503
21,left,0.6242613196372986,0.8904775381088257,1.0571901043476828e-07,0.6444714665412903,0.8569051027297974,-0.0548020601272583,0.6480907797813416,0.8221019506454468,-0.08855140954256058,0.6610105633735657,0.7941785454750061,-0.11280947178602219,0.6895248889923096,0.7885354161262512,-0.13612663745880127,0.5786344408988953,0.8562231063842773,-0.08612822741270065,0.5406589508056641,0.8698042631149292,-0.11884407699108124,0.5056143999099731,0.8766053318977356,-0.14169931411743164,0.47234052419662476,0.8827362060546875,-0.15753717720508575,0.5402250289916992,0.8502476215362549,-0.0671372041106224,0.4852025806903839,0.8604425191879272,-0.09191209822893143,0.4547117352485657,0.8721449375152588,-0.103305384516716,0.43189311027526855,0.8868298530578613,-0.11223442107439041,0.5165603160858154,0.8414599895477295,-0.04956793412566185,0.4672953188419342,0.8447166681289673,-0.06727024912834167,0.4418051540851593,0.8497998118400574,-0.07559101283550262,0.4199534058570862,0.855586051940918,-0.08145368099212646,0.5047731399536133,0.8344309329986572,-0.03641077131032944,0.47208523750305176,0.8269321918487549,-0.04505866393446922,0.45061296224594116,0.8259692788124084,-0.04894626885652542,0.43404000997543335,0.8265973925590515,-0.05290980264544487
22,right,0.2543971538543701,0.7852741479873657,7.786380820107297e-07,0.27716442942619324,0.7085624933242798,-0.022798052057623863,0.2762056291103363,0.648629903793335,-0.05473993346095085,0.26891422271728516,0.6010235548019409,-0.08121954649686813,0.2624436616897583,0.5440369248390198,-0.11029429733753204,0.22387894988059998,0.7171397805213928,-0.10486990213394165,0.21425960958003998,0.7165834903717041,-0.15127122402191162,0.23471605777740479,0.7158949971199036,-0.18199852108955383,0.2625744938850403,0.7015666365623474,-0.2000971883535385,0.22731083631515503,0.784497857093811,-0.10997539758682251,0.32532498240470886,0.7681124210357666,-0.15422005951404572,0.3965435326099396,0.7516770362854004,-0.1775706559419632,0.4542195200920105,0.7329388856887817,-0.19369857013225555,0.2483273148536682,0.8415124416351318,-0.11055534332990646,0.35043781995773315,0.8098431825637817,-0.15024156868457794,0.4170088469982147,0.7841665148735046,-0.16477066278457642,0.4602406620979309,0.7628307938575745,-0.17022398114204407,0.27524685859680176,0.8740772008895874,-0.10940513759851456,0.34988921880722046,0.8555004000663757,-0.1287330836057663,0.39803406596183777,0.8311814069747925,-0.12895679473876953,0.43203485012054443,0.8113598227500916,-0.1285737156867981
22,left,0.6366843581199646,0.8907560110092163,2.853321348084137e-07,0.656880795955658,0.8507745265960693,-0.059300873428583145,0.6605287790298462,0.8168368935585022,-0.0941753163933754,0.66920006275177,0.798470139503479,-0.11918626725673676,0.694586992263794,0.7919355630874634,-0.14263448119163513,0.5851287841796875,0.8650476336479187,-0.08269244432449341,0.5399776101112366,0.8704149127006531,-0.11242213100194931,0.5054619908332825,0.8757003545761108,-0.13243256509304047,0.47429436445236206,0.8819013237953186,-0.14570485055446625,0.5591161847114563,0.8666080832481384,-0.062040701508522034,0.5089857578277588,0.8680021166801453,-0.08675747364759445,0.47338294982910156,0.8680790662765503,-0.0998501405119896,0.444078266620636,0.875044047832489,-0.10881388187408447,0.5423563122749329,0.8608084917068481,-0.043714892119169235,0.49731647968292236,0.8602449893951416,-0.06215987354516983,0.4682643413543701,0.8573289513587952,-0.07198499143123627,0.44330382347106934,0.8596029281616211,-0.07740366458892822,0.5321943759918213,0.8538601994514465,-0.030365493148565292,0.49871885776519775,0.8456611633300781,-0.0415048711001873,0.47366106510162354,0.8414409160614014,-0.04739878699183464,0.45338910818099976,0.8403016924858093,-0.05123738572001457
23,right,0.28104180097579956,0.7546407580375671,9.629967507862602e-07,0.29149162769317627,0.6849178671836853,-0.038728076964616776,0.28176528215408325,0.628990888595581,-0.08291172236204147,0.26586678624153137,0.5925958156585693,-0.1199064627289772,0.2581028640270233,0.5517647862434387,-0.1585492342710495,0.22257369756698608,0.7103545069694519,-0.13394835591316223,0.21079686284065247,0.7150517106056213,-0.18593385815620422,0.22721803188323975,0.7205074429512024,-0.21634523570537567,0.26028552651405334,0.7168521881103516,-0.23524896800518036,0.23067452013492584,0.7753782272338867,-0.13435028493404388,0.3141687512397766,0.7780640125274658,-0.19389532506465912,0.38933366537094116,0.7636869549751282,-0.2219528704881668,0.460496187210083,0.7492433786392212,-0.24238359928131104,0.25129234790802,0.8169839382171631,-0.13071295619010925,0.32968831062316895,0.7767450213432312,-0.18405839800834656,0.37116631865501404,0.7364533543586731,-0.20190459489822388,0.4020351469516754,0.7131345868110657,-0.2089148461818695,0.27877336740493774,0.8337485194206238,-0.12641845643520355,0.33302026987075806,0.7863262295722961,-0.1527612805366516,0.36369839310646057,0.7513447403907776,-0.15805090963840485,0.3850288391113281,0.73212730884552,-0.16332566738128662
23,left,0.6403143405914307,0.8897422552108765,3.6002163028570067e-07,0.6568161845207214,0.840377926826477,-0.04784180968999863,0.6576188206672668,0.8071862459182739,-0.07748740911483765,0.6696680188179016,0.7929738759994507,-0.09931229799985886,0.6970513463020325,0.7883250713348389,-0.12016814202070236,0.5992888808250427,0.8637235760688782,-0.07645522803068161,0.5517382025718689,0.8695958256721497,-0.10302404314279556,0.51615971326828,0.8728047013282776,-0.11884057521820068,0.4855336546897888,0.877511203289032,-0.12850606441497803,0.5759962797164917,0.8765889406204224,-0.06086791306734085,0.5240917801856995,0.8732896447181702,-0.08248697966337204,0.48684772849082947,0.8691663146018982,-0.09254907816648483,0.4586251378059387,0.8733217716217041,-0.0988394096493721,0.5604256987571716,0.8777035474777222,-0.046303924173116684,0.5153493285179138,0.8724679946899414,-0.06146221607923508,0.48397183418273926,0.8659804463386536,-0.06984027475118637,0.45828986167907715,0.8660054802894592,-0.07431144267320633,0.5511059165000916,0.8748929500579834,-0.03552934527397156,0.5187248587608337,0.8668320775032043,-0.04395239055156708,0.49294647574424744,0.8620824217796326,-0.047885481268167496,0.4721499979496002,0.8605113625526428,-0.05026663467288017
24,right,0.25709861516952515,0.77032870054245,8.843800287650083e-07,0.2824140191078186,0.6928072571754456,-0.02650960348546505,0.27925431728363037,0.6366111040115356,-0.06348459422588348,0.26314273476600647,0.5959132313728333,-0.09380482882261276,0.24773681163787842,0.5438485145568848,-0.125393345952034,0.2186550796031952,0.7164566516876221,-0.12089996784925461,0.21508485078811646,0.7171002626419067,-0.17423085868358612,0.23263144493103027,0.7184025049209595,-0.2068900316953659,0.2587665617465973,0.7071953415870667,-0.22517810761928558,0.2190246880054474,0.7924694418907166,-0.1254972368478775,0.3220917284488678,0.772671103477478,-0.178261861205101,0.39502689242362976,0.7588167786598206,-0.20053799450397491,0.45693352818489075,0.7411097884178162,-0.2142644077539444,0.2376565784215927,0.848969578742981,-0.12516732513904572,0.34156739711761475,0.8118443489074707,-0.17054209113121033,0.39947986602783203,0.7811116576194763,-0.17985348403453827,0.43776625394821167,0.7552533149719238,-0.18051528930664062,0.2626393437385559,0.8788101077079773,-0.12335579842329025,0.3337579667568207,0.8614900708198547,-0.14340129494667053,0.373172789812088,0.8366059064865112,-0.13983561098575592,0.40033912658691406,0.8190293908119202,-0.13658997416496277
24,left,0.6435566544532776,0.8917655348777771,5.168855636838998e-07,0.6570899486541748,0.8371512293815613,-0.04921737313270569,0.6566705107688904,0.8033390641212463,-0.0795566588640213,0.6675294041633606,0.7893658876419067,-0.1016424149274826,0.6903010010719299,0.7844393253326416,-0.1228117048740387,0.5988696813583374,0.8675134181976318,-0.07919461280107498,0.5473468899726868,0.8731002807617188,-0.10705222934484482,0.5081790089607239,0.8731740713119507,-0.12272093445062637,0.475520521402359,0.8742144107818604,-0.13173840939998627,0.5800460577011108,0.8860867619514465,-0.06343428790569305,0.5280178785324097,0.8811330199241638,-0.08758959919214249,0.48859703540802,0.8702120780944824,-0.09880340099334717,0.45837220549583435,0.8637518286705017,-0.10520432144403458,0.5671064853668213,0.8893836140632629,-0.048732317984104156,0.5221182703971863,0.8808032274246216,-0.06615198403596878,0.4884820282459259,0.8678684234619141,-0.07559354603290558,0.46129173040390015,0.8583472371101379,-0.08026543259620667,0.5586051344871521,0.8849738836288452,-0.03786524757742882,0.5279602408409119,0.8752127885818481,-0.04827381297945976,0.500873863697052,0.8655825853347778,-0.05363115295767784,0.47862350940704346,0.856277585029602,-0.056631624698638916
25,right,0.24150529503822327,0.7961265444755554,8.815366641101718e-07,0.26688098907470703,0.706060528755188,-0.03797902911901474,0.2711866497993469,0.6354920268058777,-0.08242631703615189,0.25986069440841675,0.5891837477684021,-0.11953804641962051,0.24529343843460083,0.5359986424446106,-0.15848909318447113,0.23135250806808472,0.7070885300636292,-0.13344481587409973,0.22162801027297974,0.7098308205604553,-0.19308853149414062,0.2380373328924179,0.7127802968025208,-0.22857992351055145,0.26382705569267273,0.7021999359130859,-0.24973948299884796,0.2399858832359314,0.7767671346664429,-0.1369987428188324,0.3247840404510498,0.7665237784385681,-0.20115606486797333,0.39747312664985657,0.7575199007987976,-0.23083634674549103,0.4603601396083832,0.738805890083313,-0.25000137090682983,0.2578020989894867,0.8293049335479736,-0.13710752129554749,0.3390451669692993,0.7961435914039612,-0.19491906464099884,0.3915575444698334,0.7593813538551331,-0.21576741337776184,0.43085095286369324,0.7289290428161621,-0.22437086701393127,0.27505257725715637,0.8590219616889954,-0.1363421231508255,0.33204543590545654,0.8284258842468262,-0.16806535422801971,0.361741840839386,0.7941074967384338,-0.17585480213165283,0.38446956872940063,0.7718119025230408,-0.18134509027004242
25,left,0.6294506192207336,0.9090017080307007,7.984922234527403e-08,0.6501646041870117,0.8631546497344971,-0.04537927359342575,0.6523581743240356,0.8245826959609985,-0.07385233789682388,0.6731131076812744,0.7989696264266968,-0.09488698840141296,0.7047401666641235,0.7949416041374207,-0.11636984348297119,0.5772881507873535,0.8573216795921326,-0.0680680200457573,0.5383321642875671,0.8698073625564575,-0.09653124213218689,0.504555881023407,0.8732197880744934,-0.12009453028440475,0.4717973470687866,0.876602053642273,-0.13632012903690338,0.5408387184143066,0.8539601564407349,-0.05301915854215622,0.48000407218933105,0.8464141488075256,-0.07229535281658173,0.4474231004714966,0.8413310050964355,-0.08617810159921646,0.4221915602684021,0.8372417092323303,-0.0986466109752655,0.5157347917556763,0.8443915843963623,-0.03892958164215088,0.45939135551452637,0.8338106870651245,-0.05104042589664459,0.4340224266052246,0.8241972327232361,-0.058934833854436874,0.41658201813697815,0.814714789390564,-0.06602088361978531,0.50071120262146,0.8373394012451172,-0.028787286952137947,0.46100282669067383,0.8247199654579163,-0.03241872787475586,0.4427376389503479,0.8132234215736389,-0.03197730705142021,0.43310368061065674,0.8037296533584595,-0.03370413929224014
26,right,0.2858254611492157,0.7695960998535156,7.534820269938791e-07,0.3071749806404114,0.6943997740745544,-0.03513893485069275,0.29682067036628723,0.6387927532196045,-0.08047608286142349,0.27338463068008423,0.5996795892715454,-0.115836501121521,0.256883829832077,0.5476468801498413,-0.15322518348693848,0.21379375457763672,0.7212843894958496,-0.15606428682804108,0.20961807668209076,0.7173870205879211,-0.21915669739246368,0.2307734191417694,0.7163219451904297,-0.25849735736846924,0.2585698366165161,0.7079557180404663,-0.2814975082874298,0.21435022354125977,0.8099282383918762,-0.15783610939979553,0.3061561584472656,0.8007816076278687,-0.2200603187084198,0.37748634815216064,0.7816810607910156,-0.2504834830760956,0.4329149127006531,0.7568583488464355,-0.2737589180469513,0.24172845482826233,0.8725230097770691,-0.15353211760520935,0.34758463501930237,0.8539893627166748,-0.20639073848724365,0.4212687611579895,0.8203313946723938,-0.2284393608570099,0.46708327531814575,0.792328953742981,-0.2410067319869995,0.27997350692749023,0.9031765460968018,-0.1474059522151947,0.3581031858921051,0.8947650790214539,-0.17358282208442688,0.40874576568603516,0.8668590188026428,-0.18068189918994904,0.445369690656662,0.839525043964386,-0.18823452293872833
26,left,0.6319990754127502,0.894645631313324,1.9243330484641774e-07,0.6525831818580627,0.8492856621742249,-0.05478907749056816,0.6552664041519165,0.8137468099594116,-0.08781033009290695,0.6650902032852173,0.7936606407165527,-0.11143989861011505,0.693865180015564,0.7887678742408752,-0.13396091759204865,0.5909708738327026,0.8617990016937256,-0.08409348875284195,0.5494669675827026,0.8699580430984497,-0.11448333412408829,0.5168371796607971,0.8737442493438721,-0.13489586114883423,0.4855768084526062,0.8781769871711731,-0.14865238964557648,0.5590737462043762,0.8624807596206665,-0.06450202316045761,0.5092559456825256,0.8627126216888428,-0.08889921009540558,0.4756234884262085,0.8615253567695618,-0.10086820274591446,0.44872504472732544,0.8664668202400208,-0.10958559066057205,0.5385136604309082,0.8571438789367676,-0.04634439945220947,0.49235883355140686,0.8528003096580505,-0.06421592831611633,0.4635595381259918,0.8471676111221313,-0.07421881705522537,0.440150648355484,0.8460978269577026,-0.08031309396028519,0.5268123745918274,0.8503291606903076,-0.0324467197060585,0.49358847737312317,0.8384051322937012,-0.0423930361866951,0.4680367112159729,0.8311424255371094,-0.04790491610765457,0.4481697678565979,0.8266636729240417,-0.05221216008067131
27,right,0.2659575343132019,0.787301778793335,6.621821171393094e-07,0.2919614911079407,0.7160887718200684,-0.027322139590978622,0.2941558361053467,0.6506457328796387,-0.06489921361207962,0.27900558710098267,0.6020215749740601,-0.09383425861597061,0.2682206332683563,0.5448379516601562,-0.1254662424325943,0.22014831006526947,0.7109339833259583,-0.1301245391368866,0.213834747672081,0.7134928107261658,-0.18177813291549683,0.2334526777267456,0.7148454785346985,-0.21627967059612274,0.2605583071708679,0.7033411860466003,-0.23714855313301086,0.21548932790756226,0.7891301512718201,-0.13255243003368378,0.3105908930301666,0.7909382581710815,-0.18399648368358612,0.37956660985946655,0.7733707427978516,-0.21245239675045013,0.43875640630722046,0.751181423664093,-0.23414424061775208,0.23615962266921997,0.8546314239501953,-0.12868675589561462,0.3499020040035248,0.8481811285018921,-0.17250029742717743,0.42317065596580505,0.8150903582572937,-0.19385865330696106,0.47279664874076843,0.7863464951515198,-0.20588794350624084,0.2695184350013733,0.8926314115524292,-0.12237050384283066,0.35293394327163696,0.8919817209243774,-0.14265988767147064,0.4045823812484741,0.8653082847595215,-0.14681890606880188,0.44487854838371277,0.8376232981681824,-0.15148857235908508
27,left,0.6476242542266846,0.8986678123474121,3.3388118936272804e-07,0.6660540103912354,0.844338595867157,-0.05078994110226631,0.6671832203865051,0.8085471391677856,-0.0819886177778244,0.6736096739768982,0.7951110601425171,-0.1044798269867897,0.6974096298217773,0.7915286421775818,-0.12558619678020477,0.6013083457946777,0.8625139594078064,-0.0779547318816185,0.5520862936973572,0.864785373210907,-0.10523761063814163,0.5167059898376465,0.8668559193611145,-0.12209128588438034,0.48542171716690063,0.8709815144538879,-0.1327148973941803,0.5786285996437073,0.8758550882339478,-0.061191558837890625,0.5264298915863037,0.8700848817825317,-0.08521471917629242,0.48814770579338074,0.8641035556793213,-0.09768793731927872,0.4570130705833435,0.8653131723403931,-0.10551981627941132,0.5633509755134583,0.8773934841156006,-0.045564308762550354,0.5173172950744629,0.8703466057777405,-0.06363273411989212,0.4848933219909668,0.8626342415809631,-0.07389076054096222,0.45752787590026855,0.8604965209960938,-0.07924237847328186,0.5535385012626648,0.8734949827194214,-0.03386327996850014,0.5201207399368286,0.8642308712005615,-0.04475952684879303,0.493936151266098,0.8591667413711548,-0.05021858587861061,0.4725067615509033,0.8567852973937988,-0.05335197225213051
28,right,0.29736360907554626,0.7753622531890869,7.224717819553916e-07,0.3167462944984436,0.7063255906105042,-0.033020179718732834,0.3134799003601074,0.6532881855964661,-0.07520271092653275,0.2984639108181,0.6105263233184814,-0.10732648521661758,0.2880500853061676,0.5557889938354492,-0.14130744338035583,0.2289576530456543,0.7136046886444092,-0.14642558991909027,0.22278065979480743,0.7163673639297485,-0.2028588056564331,0.23882794380187988,0.7202303409576416,-0.23723900318145752,0.2669115960597992,0.7099956274032593,-0.2571132183074951,0.22145628929138184,0.7959907650947571,-0.14672620594501495,0.31725814938545227,0.7975313663482666,-0.2076263427734375,0.3905697762966156,0.7799401879310608,-0.23737165331840515,0.45474910736083984,0.7584337592124939,-0.25869327783584595,0.24261265993118286,0.8595713376998901,-0.14040343463420868,0.3563726842403412,0.8613726496696472,-0.19121821224689484,0.42970913648605347,0.8245067596435547,-0.2127985656261444,0.4810168743133545,0.7898067235946655,-0.22344543039798737,0.27813947200775146,0.8940244913101196,-0.13188724219799042,0.35774096846580505,0.8930827975273132,-0.15404318273067474,0.40907636284828186,0.8644782304763794,-0.15785430371761322,0.44915133714675903,0.8344380855560303,-0.16225896775722504
28,left,0.6492547988891602,0.8929716944694519,4.4244771402190963e-07,0.6640726327896118,0.8356772065162659,-0.04406949505209923,0.6634671688079834,0.7995319962501526,-0.07189502567052841,0.6762775182723999,0.7877369523048401,-0.09245337545871735,0.7026931047439575,0.7863091230392456,-0.11219625174999237,0.6091165542602539,0.8616746664047241,-0.07355504482984543,0.5583519339561462,0.8654764294624329,-0.09894201904535294,0.521100640296936,0.8652247786521912,-0.11270437389612198,0.489942342042923,0.8669560551643372,-0.12066015601158142,0.5906618237495422,0.883430540561676,-0.06032386049628258,0.5376238226890564,0.875857412815094,-0.08321201801300049,0.49842947721481323,0.8669271469116211,-0.09403152018785477,0.4680635631084442,0.8646174073219299,-0.1001310870051384,0.5776292085647583,0.8892282843589783,-0.04766814038157463,0.5312439203262329,0.8771139979362488,-0.06379979103803635,0.4982245862483978,0.8653764724731445,-0.07269912213087082,0.4705870449542999,0.8585121631622314,-0.07699131965637207,0.5687488317489624,0.8869388699531555,-0.03840937465429306,0.5372532606124878,0.8736788034439087,-0.04809928685426712,0.5110414028167725,0.8625405430793762,-0.052845295518636703,0.4889702796936035,0.8530502319335938,-0.05535586178302765
29,right,0.29814454913139343,0.7685953974723816,8.594242899562232e-07,0.3155779540538788,0.6988269686698914,-0.036508671939373016,0.3076905608177185,0.6449726223945618,-0.08122561126947403,0.2870609760284424,0.6041116714477539,-0.11694043129682541,0.2749107778072357,0.5507015585899353,-0.15573082864284515,0.22606471180915833,0.7187047600746155,-0.14811564981937408,0.2236405313014984,0.7205002307891846,-0.20669876039028168,0.24224993586540222,0.7223060727119446,-0.24384669959545135,0.2714262902736664,0.7129416465759277,-0.2670210003852844,0.22879719734191895,0.8016136288642883,-0.15056458115577698,0.32747623324394226,0.8040521144866943,-0.21237777173519135,0.4017656147480011,0.7950130105018616,-0.24477477371692657,0.4670726954936981,0.7794053554534912,-0.2690659165382385,0.25309717655181885,0.8617944121360779,-0.14724743366241455,0.3569972813129425,0.8516964912414551,-0.20099687576293945,0.4271600544452667,0.823538064956665,-0.22516709566116333,0.47547560930252075,0.7997969388961792,-0.23870107531547546,0.2867957651615143,0.8935437798500061,-0.14218708872795105,0.3592870235443115,0.8914355635643005,-0.16839459538459778,0.4037782847881317,0.8714977502822876,-0.17483194172382355,0.4352183938026428,0.8517438769340515,-0.1820799559354782
29,left,0.6280862092971802,0.9037253856658936,-1.1811854250254328e-07,0.6547189950942993,0.857665479183197,-0.03635161370038986,0.6640272736549377,0.8201571106910706,-0.05996501445770264,0.6795956492424011,0.7948421835899353,-0.07843120396137238,0.7082033753395081,0.7873398065567017,-0.09718231856822968,0.6003308892250061,0.8533443808555603,-0.05381043255329132,0.5653044581413269,0.8603407740592957,-0.07932198792695999,0.5359523296356201,0.8699252605438232,-0.10011257976293564,0.5037593841552734,0.8786180019378662,-0.11423345655202866,0.562550961971283,0.8585330843925476,-0.04410162195563316,0.5163130760192871,0.8588438630104065,-0.06264623254537582,0.4898763597011566,0.8675535917282104,-0.07584831118583679,0.46632832288742065,0.8778401017189026,-0.08711399883031845,0.5358513593673706,0.8561831712722778,-0.03528968617320061,0.4932747483253479,0.8574166893959045,-0.04755384847521782,0.4737093150615692,0.8644948601722717,-0.053623102605342865,0.457329124212265,0.8707427382469177,-0.05882861465215683,0.519361138343811,0.8527187705039978,-0.02999413013458252,0.48985859751701355,0.8494634628295898,-0.03403104096651077,0.4740293025970459,0.8550036549568176,-0.03250838443636894,0.4620940685272217,0.8624566197395325,-0.032829511910676956
30,right,0.3026774227619171,0.769071102142334,8.302741889565368e-07,0.3205764591693878,0.6981459259986877,-0.034435540437698364,0.31112033128738403,0.6431515216827393,-0.07682686299085617,0.2912796139717102,0.6008187532424927,-0.10983818024396896,0.28076258301734924,0.550276517868042,-0.1452501267194748,0.22186210751533508,0.7154233455657959,-0.14217688143253326,0.21928033232688904,0.7140868306159973,-0.19791559875011444,0.24189475178718567,0.7171868681907654,-0.23282846808433533,0.27610766887664795,0.7123655676841736,-0.25358250737190247,0.22342978417873383,0.8028417825698853,-0.14260530471801758,0.3225843012332916,0.8045988082885742,-0.19960486888885498,0.39839667081832886,0.7942323684692383,-0.22550781071186066,0.46472039818763733,0.7815324068069458,-0.2444002628326416,0.2503384053707123,0.8638104200363159,-0.13758845627307892,0.36049947142601013,0.849472165107727,-0.1872919648885727,0.43108728528022766,0.8101693391799927,-0.20600053668022156,0.4794667363166809,0.780320942401886,-0.21471180021762848,0.2890489101409912,0.8947997689247131,-0.1308441311120987,0.36631491780281067,0.8871765732765198,-0.15335732698440552,0.4133419692516327,0.8555337190628052,-0.15610265731811523,0.4478853642940521,0.8278085589408875,-0.15949144959449768
30,left,0.6399849057197571,0.8969607353210449,2.1335380040454766e-07,0.663354754447937,0.8434898853302002,-0.043353162705898285,0.6698158383369446,0.804053783416748,-0.07142386585474014,0.6831283569335938,0.7906481027603149,-0.09238362312316895,0.7109275460243225,0.7935481667518616,-0.11268828809261322,0.6112127900123596,0.8566457629203796,-0.07287633419036865,0.5654879212379456,0.8641831874847412,-0.09934583306312561,0.5303645730018616,0.8697082996368408,-0.11640075594186783,0.4969664514064789,0.8770948052406311,-0.12753450870513916,0.5842413306236267,0.8711935877799988,-0.06000198796391487,0.5315473079681396,0.8672744035720825,-0.08337847143411636,0.4938848614692688,0.8616549968719482,-0.09630759060382843,0.4622584581375122,0.8638049960136414,-0.10463730990886688,0.5653265118598938,0.8740465044975281,-0.04722435399889946,0.518041729927063,0.8643069863319397,-0.06346907466650009,0.4867919087409973,0.8539435863494873,-0.07265932112932205,0.4590056836605072,0.8487910628318787,-0.07756420224905014,0.5529486536979675,0.871239960193634,-0.037793777883052826,0.5199626684188843,0.8581413626670837,-0.046401359140872955,0.494622141122818,0.8488216996192932,-0.04918163642287254,0.47349268198013306,0.8420345783233643,-0.05072636529803276
31,right,0.2836669385433197,0.7722406983375549,7.443208005497581e-07,0.3078366816043854,0.6966773867607117,-0.020552994683384895,0.3021574318408966,0.644471287727356,-0.051542799919843674,0.2875111997127533,0.6034931540489197,-0.07580175995826721,0.2782348096370697,0.5512409210205078,-0.10212190449237823,0.2274273782968521,0.7154832482337952,-0.11150166392326355,0.22347530722618103,0.7146390676498413,-0.15650738775730133,0.24452804028987885,0.7179409861564636,-0.18647532165050507,0.2748730778694153,0.7094019055366516,-0.20423762500286102,0.22474059462547302,0.796535849571228,-0.11485078930854797,0.3265617787837982,0.7897636294364929,-0.15898358821868896,0.3975869119167328,0.7755589485168457,-0.18194253742694855,0.4594653248786926,0.7566336989402771,-0.19904816150665283,0.24575017392635345,0.8590455055236816,-0.11224504560232162,0.3563947379589081,0.8419079184532166,-0.15123608708381653,0.4270879030227661,0.8165971040725708,-0.16673995554447174,0.4755343794822693,0.7946787476539612,-0.173677459359169,0.27760010957717896,0.8922313451766968,-0.1071217805147171,0.3593108057975769,0.8897746205329895,-0.1220611035823822,0.40514442324638367,0.8701971173286438,-0.12018713355064392,0.43765607476234436,0.8515200614929199,-0.12004692107439041
31,left,0.6511246562004089,0.891189455986023,3.8646024336230766e-07,0.6667287945747375,0.8344258666038513,-0.041879840195178986,0.6676889657974243,0.794745147228241,-0.06881961226463318,0.6807715892791748,0.7850595712661743,-0.08856146037578583,0.7088302969932556,0.7875000238418579,-0.10783880203962326,0.6142919659614563,0.85878986120224,-0.07384871691465378,0.5616550445556641,0.8623948097229004,-0.0981530174612999,0.5236244797706604,0.864300012588501,-0.11154844611883163,0.4912109673023224,0.8683194518089294,-0.11955820024013519,0.5940362215042114,0.8812737464904785,-0.0609196312725544,0.5381359457969666,0.8750147223472595,-0.08321179449558258,0.4991144835948944,0.8677933216094971,-0.09408976882696152,0.46835607290267944,0.8685740828514099,-0.10030099749565125,0.5800647139549255,0.8877657055854797,-0.04777850583195686,0.5312720537185669,0.8753189444541931,-0.06281889230012894,0.49905332922935486,0.863839864730835,-0.07154224812984467,0.4717116951942444,0.858849823474884,-0.0759146511554718,0.5709011554718018,0.8858983516693115,-0.03769626095890999,0.5390393137931824,0.870708167552948,-0.047024309635162354,0.5133272409439087,0.8592432737350464,-0.0513288713991642,0.4912661910057068,0.8513585329055786,-0.05348723381757736
32,right,0.28080815076828003,0.7773067355155945,7.557616186204541e-07,0.3018690347671509,0.7046167254447937,-0.02305499091744423,0.29759159684181213,0.6469871997833252,-0.055159199982881546,0.28483909368515015,0.6029808521270752,-0.08002644777297974,0.28007227182388306,0.5473175048828125,-0.10692010074853897,0.22887039184570312,0.7200108170509338,-0.11653866618871689,0.22469323873519897,0.7175050973892212,-0.16290083527565002,0.24604949355125427,0.719923198223114,-0.19276805222034454,0.27609843015670776,0.7099363803863525,-0.2100265771150589,0.22535490989685059,0.7987609505653381,-0.11959940940141678,0.32857462763786316,0.7922418117523193,-0.16698861122131348,0.40437525510787964,0.7761395573616028,-0.1917417198419571,0.4687901735305786,0.7574029564857483,-0.20952004194259644,0.2468262016773224,0.8611738681793213,-0.11663969606161118,0.35973042249679565,0.8494109511375427,-0.1581350713968277,0.4310336410999298,0.8225687742233276,-0.17521342635154724,0.4781069755554199,0.7999688386917114,-0.18263280391693115,0.2793172299861908,0.8961384892463684,-0.11126942187547684,0.36169344186782837,0.8930323123931885,-0.12778085470199585,0.4072931706905365,0.8719151020050049,-0.12663176655769348,0.43792974948883057,0.8529820442199707,-0.1266615241765976
32,left,0.6315790414810181,0.8986374139785767,-1.528596698108231e-07,0.6564066410064697,0.8544456362724304,-0.028735028579831123,0.6657058000564575,0.817608118057251,-0.04817421734333038,0.6808833479881287,0.7938686013221741,-0.06459631025791168,0.7087050080299377,0.7875460386276245,-0.08141075074672699,0.6057925820350647,0.8470627665519714,-0.038670796900987625,0.5643479228019714,0.8595331907272339,-0.06148868054151535,0.5319797992706299,0.8692972660064697,-0.08088749647140503,0.4990730583667755,0.8771704435348511,-0.09394887834787369,0.5702655911445618,0.8531000018119812,-0.03256721422076225,0.5214360356330872,0.8601418137550354,-0.04686097428202629,0.491059809923172,0.866373598575592,-0.05844337120652199,0.4634619951248169,0.872848629951477,-0.06880004703998566,0.5457791090011597,0.852683961391449,-0.027688123285770416,0.5016018152236938,0.8594890832901001,-0.03697898983955383,0.4768502712249756,0.8622546195983887,-0.041044797748327255,0.45501697063446045,0.8625470399856567,-0.04501546174287796,0.5308853387832642,0.8511923551559448,-0.025991074740886688,0.49871826171875,0.85194993019104,-0.028146089985966682,0.47877395153045654,0.8558342456817627,-0.024353496730327606,0.4623287618160248,0.8598314523696899,-0.022842375561594963
33,right,0.29587414860725403,0.7694475650787354,7.475284746760735e-07,0.31390175223350525,0.6988849639892578,-0.026041995733976364,0.3046073913574219,0.642777144908905,-0.0600968673825264,0.28613683581352234,0.5997713208198547,-0.08746926486492157,0.27382248640060425,0.5470417141914368,-0.11687903106212616,0.22713890671730042,0.71896892786026,-0.11564353853464127,0.22164234519004822,0.7244423031806946,-0.1621423363685608,0.2419765740633011,0.7248253226280212,-0.19130808115005493,0.2699569761753082,0.7119516134262085,-0.20800718665122986,0.225007563829422,0.8009014129638672,-0.11796824634075165,0.3219608664512634,0.8049225807189941,-0.16391915082931519,0.398660808801651,0.7887384295463562,-0.18613190948963165,0.46086394786834717,0.7672049403190613,-0.20238642394542694,0.24863183498382568,0.863932192325592,-0.11529164761304855,0.356311559677124,0.8558400869369507,-0.15729756653308868,0.4291425347328186,0.822902262210846,-0.174469992518425,0.4742717742919922,0.7927173972129822,-0.18183736503124237,0.2845674455165863,0.8979656100273132,-0.11082576215267181,0.3647502362728119,0.8945773839950562,-0.129477858543396,0.4140526056289673,0.866765558719635,-0.13066624104976654,0.44579800963401794,0.8391628861427307,-0.13214212656021118
33,left,0.6395927667617798,0.8884342908859253,2.1352025214582682e-07,0.662431001663208,0.837828516960144,-0.04020578786730766,0.6700226068496704,0.7994584441184998,-0.0660255178809166,0.683319628238678,0.7849533557891846,-0.0851651132106781,0.7079665660858154,0.7856799364089966,-0.10370280593633652,0.6114394068717957,0.855307936668396,-0.06754700839519501,0.562909722328186,0.8632619976997375,-0.0916379764676094,0.5254333019256592,0.8661870360374451,-0.10653389990329742,0.4929736852645874,0.8706580400466919,-0.11605608463287354,0.5871883630752563,0.8698869943618774,-0.05564076825976372,0.5339171290397644,0.8697132468223572,-0.07718771696090698,0.4958091676235199,0.8646523356437683,-0.08918269723653793,0.46533671021461487,0.8666662573814392,-0.0968952551484108,0.5699838399887085,0.8725160360336304,-0.04378329589962959,0.5229525566101074,0.8666244149208069,-0.058998558670282364,0.4914706349372864,0.8574482202529907,-0.06791175156831741,0.46429482102394104,0.8528190851211548,-0.07270897179841995,0.5586433410644531,0.8685580492019653,-0.0349670946598053,0.5265982151031494,0.8577244877815247,-0.043988700956106186,0.5017460584640503,0.8487190008163452,-0.04739167168736458,0.4806425869464874,0.8427791595458984,-0.04920720309019089
34,right,0.3048039674758911,0.7722700834274292,6.626356707783998e-07,0.32612720131874084,0.6991245746612549,-0.022285500541329384,0.3106474280357361,0.6455252170562744,-0.055837858468294144,0.2869577407836914,0.6022846102714539,-0.08295341581106186,0.2755635380744934,0.5493427515029907,-0.11140806972980499,0.22659337520599365,0.7152552604675293,-0.11320348083972931,0.21848061680793762,0.7161998152732849,-0.16297198832035065,0.23871012032032013,0.7175320982933044,-0.19675865769386292,0.27099454402923584,0.7066454291343689,-0.21710890531539917,0.22421835362911224,0.8025732040405273,-0.11675398796796799,0.3185230791568756,0.7989389300346375,-0.16557803750038147,0.38826826214790344,0.7812108397483826,-0.19025911390781403,0.4503348767757416,0.7571483254432678,-0.2086775302886963,0.24934552609920502,0.8668135404586792,-0.1150636076927185,0.3579510450363159,0.8503457903862,-0.15879938006401062,0.4277864694595337,0.8150357604026794,-0.17566296458244324,0.47324976325035095,0.7850315570831299,-0.18283788859844208,0.28901803493499756,0.9014372229576111,-0.11113643646240234,0.3672214448451996,0.8943320512771606,-0.12973767518997192,0.4143802523612976,0.8646402955055237,-0.13075147569179535,0.44803759455680847,0.8346617221832275,-0.1321975141763687
34,left,0.6525770425796509,0.891147792339325,4.544111789073213e-07,0.6684659123420715,0.8306722640991211,-0.044560838490724564,0.6672865748405457,0.7930449843406677,-0.07231635600328445,0.6782633662223816,0.7843456268310547,-0.09258423000574112,0.7037681341171265,0.7848811745643616,-0.11228493601083755,0.6144357919692993,0.8561380505561829,-0.07588048279285431,0.5607281923294067,0.8618380427360535,-0.10153928399085999,0.5208013653755188,0.8637003898620605,-0.11552518606185913,0.4872085154056549,0.8678539395332336,-0.12382277101278305,0.5942977666854858,0.8809283971786499,-0.06242401897907257,0.5398213267326355,0.8736915588378906,-0.08610332757234573,0.49982938170433044,0.8663008809089661,-0.09748198837041855,0.4686058759689331,0.8658793568611145,-0.10387778282165527,0.5805216431617737,0.889153242111206,-0.04920647665858269,0.5330254435539246,0.8755035996437073,-0.06503934413194656,0.49957242608070374,0.8628632426261902,-0.07392080873250961,0.47194576263427734,0.8547999858856201,-0.07837419211864471,0.571711003780365,0.8887209296226501,-0.039444226771593094,0.5405823588371277,0.8713744878768921,-0.04928635433316231,0.515270471572876,0.8570665717124939,-0.05406716838479042,0.4940727949142456,0.8447117805480957,-0.05659295618534088
35,right,0.302227646112442,0.7670643925666809,6.78217361382849e-07,0.32347023487091064,0.6929354667663574,-0.023363573476672173,0.31028875708580017,0.6394689083099365,-0.05934183672070503,0.2884618639945984,0.598084032535553,-0.0875396803021431,0.2757124900817871,0.5451266765594482,-0.11737752705812454,0.230348140001297,0.7139026522636414,-0.1268627941608429,0.2219254970550537,0.7155238389968872,-0.17950786650180817,0.24445085227489471,0.7165449261665344,-0.21499896049499512,0.2789607048034668,0.7074037194252014,-0.23706044256687164,0.2278417944908142,0.800356388092041,-0.1304253339767456,0.32264238595962524,0.7950415015220642,-0.186263307929039,0.3914141356945038,0.7750605344772339,-0.2150963395833969,0.45252954959869385,0.7511427402496338,-0.2361011654138565,0.252249151468277,0.8653744459152222,-0.1271948665380478,0.35972487926483154,0.8503690958023071,-0.17491155862808228,0.4277920722961426,0.8174995183944702,-0.1925995945930481,0.4725791811943054,0.7915966510772705,-0.20033811032772064,0.2893582582473755,0.9018234610557556,-0.12133890390396118,0.36589059233665466,0.8975628614425659,-0.14196082949638367,0.40994852781295776,0.8715518712997437,-0.14328442513942719,0.4420647621154785,0.845977246761322,-0.14520634710788727
35,left,0.6331914663314819,0.900407075881958,-9.130970113346848e-08,0.6590930819511414,0.8591127991676331,-0.0410505048930645,0.6658247709274292,0.8248080611228943,-0.06791117042303085,0.6829417943954468,0.7945683002471924,-0.08809059113264084,0.7110676169395447,0.7840094566345215,-0.10871921479701996,0.5968865752220154,0.8453214168548584,-0.05916109308600426,0.5575370192527771,0.8621182441711426,-0.08491549640893936,0.5255852937698364,0.8701227307319641,-0.10783591121435165,0.49274253845214844,0.8738138675689697,-0.12441467493772507,0.5618106722831726,0.8461549282073975,-0.046417348086833954,0.5106561183929443,0.8542100787162781,-0.0632271096110344,0.48143258690834045,0.8581413626670837,-0.07796532660722733,0.4551491141319275,0.8596248626708984,-0.09237157553434372,0.5382075905799866,0.8398659229278564,-0.03477346897125244,0.49071797728538513,0.8437454700469971,-0.04707116261124611,0.4655497968196869,0.8414654731750488,-0.05554917827248573,0.44461512565612793,0.8369720578193665,-0.06404836475849152,0.524889349937439,0.8317782878875732,-0.02667912095785141,0.49266475439071655,0.8239406943321228,-0.031893420964479446,0.47412431240081787,0.820293664932251,-0.031619373708963394,0.45905014872550964,0.8179661631584167,-0.033790457993745804
36,right,0.3060901463031769,0.7672416567802429,6.426942604775832e-07,0.3258380591869354,0.6973421573638916,-0.025240112096071243,0.3153226971626282,0.6448554396629333,-0.061679739505052567,0.29635947942733765,0.6010737419128418,-0.09000816941261292,0.2805101275444031,0.5494555234909058,-0.12000622600317001,0.2284994125366211,0.7092671394348145,-0.126431405544281,0.21976982057094574,0.7110357880592346,-0.17844711244106293,0.2429865002632141,0.7106912732124329,-0.21239453554153442,0.27864646911621094,0.7007652521133423,-0.23324891924858093,0.22638379037380219,0.793592095375061,-0.12879683077335358,0.3145635426044464,0.786359429359436,-0.18389201164245605,0.38229891657829285,0.7599782347679138,-0.21279913187026978,0.44383981823921204,0.7294591665267944,-0.2349693477153778,0.25115129351615906,0.8573004603385925,-0.12468037009239197,0.35896337032318115,0.8512698411941528,-0.17270773649215698,0.43053221702575684,0.8131771087646484,-0.19289030134677887,0.47955483198165894,0.7802978754043579,-0.20299261808395386,0.28892144560813904,0.8933325409889221,-0.11796488612890244,0.36700722575187683,0.891282320022583,-0.1393561214208603,0.414639413356781,0.8622925877571106,-0.14326387643814087,0.45123618841171265,0.8306567072868347,-0.14779923856258392
36,left,0.6420490145683289,0.8906643986701965,1.5261051089510147e-07,0.6593499183654785,0.8401724696159363,-0.03829394280910492,0.6638004183769226,0.8035425543785095,-0.06277928501367569,0.6781624555587769,0.7863211035728455,-0.08183413743972778,0.7065682411193848,0.7870415449142456,-0.10015181452035904,0.6064877510070801,0.8553657531738281,-0.059967298060655594,0.5616151094436646,0.8617250323295593,-0.08428759127855301,0.5275058746337891,0.8652649521827698,-0.10046044737100601,0.4950862526893616,0.8711791038513184,-0.11115074902772903,0.5796369314193726,0.8643451929092407,-0.04981043562293053,0.5267665386199951,0.8582865595817566,-0.07125949114561081,0.4906401038169861,0.8541412353515625,-0.08294351398944855,0.4611489474773407,0.8592352271080017,-0.09025813639163971,0.5607590079307556,0.8640848398208618,-0.040393464267253876,0.5138893127441406,0.8554552793502808,-0.05525198206305504,0.4832860231399536,0.8488868474960327,-0.06349635869264603,0.45627012848854065,0.8480608463287354,-0.06766853481531143,0.5492963194847107,0.8594669699668884,-0.0343225933611393,0.5161953568458557,0.8503139615058899,-0.041958317160606384,0.4907018542289734,0.8457924127578735,-0.04420272260904312,0.4692855477333069,0.8451563715934753,-0.04539376497268677
