1,right,0,0,0,0,0,0,0,0,0,0,0,0,0,0,0,0,0,0,0,0,0,0,0,0,0,0,0,0,0,0,0,0,0,0,0,0,0,0,0,0,0,0,0,0,0,0,0,0,0,0,0,0,0,0,0,0,0,0,0,0,0,0,0
1,left,0,0,0,0,0,0,0,0,0,0,0,0,0,0,0,0,0,0,0,0,0,0,0,0,0,0,0,0,0,0,0,0,0,0,0,0,0,0,0,0,0,0,0,0,0,0,0,0,0,0,0,0,0,0,0,0,0,0,0,0,0,0,0
2,right,0,0,0,0,0,0,0,0,0,0,0,0,0,0,0,0,0,0,0,0,0,0,0,0,0,0,0,0,0,0,0,0,0,0,0,0,0,0,0,0,0,0,0,0,0,0,0,0,0,0,0,0,0,0,0,0,0,0,0,0,0,0,0
2,left,0,0,0,0,0,0,0,0,0,0,0,0,0,0,0,0,0,0,0,0,0,0,0,0,0,0,0,0,0,0,0,0,0,0,0,0,0,0,0,0,0,0,0,0,0,0,0,0,0,0,0,0,0,0,0,0,0,0,0,0,0,0,0
3,right,0,0,0,0,0,0,0,0,0,0,0,0,0,0,0,0,0,0,0,0,0,0,0,0,0,0,0,0,0,0,0,0,0,0,0,0,0,0,0,0,0,0,0,0,0,0,0,0,0,0,0,0,0,0,0,0,0,0,0,0,0,0,0
3,left,0,0,0,0,0,0,0,0,0,0,0,0,0,0,0,0,0,0,0,0,0,0,0,0,0,0,0,0,0,0,0,0,0,0,0,0,0,0,0,0,0,0,0,0,0,0,0,0,0,0,0,0,0,0,0,0,0,0,0,0,0,0,0
4,right,0,0,0,0,0,0,0,0,0,0,0,0,0,0,0,0,0,0,0,0,0,0,0,0,0,0,0,0,0,0,0,0,0,0,0,0,0,0,0,0,0,0,0,0,0,0,0,0,0,0,0,0,0,0,0,0,0,0,0,0,0,0,0
4,left,0,0,0,0,0,0,0,0,0,0,0,0,0,0,0,0,0,0,0,0,0,0,0,0,0,0,0,0,0,0,0,0,0,0,0,0,0,0,0,0,0,0,0,0,0,0,0,0,0,0,0,0,0,0,0,0,0,0,0,0,0,0,0
5,right,0,0,0,0,0,0,0,0,0,0,0,0,0,0,0,0,0,0,0,0,0,0,0,0,0,0,0,0,0,0,0,0,0,0,0,0,0,0,0,0,0,0,0,0,0,0,0,0,0,0,0,0,0,0,0,0,0,0,0,0,0,0,0
5,left,0,0,0,0,0,0,0,0,0,0,0,0,0,0,0,0,0,0,0,0,0,0,0,0,0,0,0,0,0,0,0,0,0,0,0,0,0,0,0,0,0,0,0,0,0,0,0,0,0,0,0,0,0,0,0,0,0,0,0,0,0,0,0
6,right,0,0,0,0,0,0,0,0,0,0,0,0,0,0,0,0,0,0,0,0,0,0,0,0,0,0,0,0,0,0,0,0,0,0,0,0,0,0,0,0,0,0,0,0,0,0,0,0,0,0,0,0,0,0,0,0,0,0,0,0,0,0,0
6,left,0,0,0,0,0,0,0,0,0,0,0,0,0,0,0,0,0,0,0,0,0,0,0,0,0,0,0,0,0,0,0,0,0,0,0,0,0,0,0,0,0,0,0,0,0,0,0,0,0,0,0,0,0,0,0,0,0,0,0,0,0,0,0
7,right,0,0,0,0,0,0,0,0,0,0,0,0,0,0,0,0,0,0,0,0,0,0,0,0,0,0,0,0,0,0,0,0,0,0,0,0,0,0,0,0,0,0,0,0,0,0,0,0,0,0,0,0,0,0,0,0,0,0,0,0,0,0,0
7,left,0,0,0,0,0,0,0,0,0,0,0,0,0,0,0,0,0,0,0,0,0,0,0,0,0,0,0,0,0,0,0,0,0,0,0,0,0,0,0,0,0,0,0,0,0,0,0,0,0,0,0,0,0,0,0,0,0,0,0,0,0,0,0
8,right,0.26692289113998413,0.8174129128456116,3.5101678008686577e-07,0.3427874445915222,0.7911880612373352,0.0011893883347511292,0.3900672197341919,0.7436749935150146,-0.006391141097992659,0.42488664388656616,0.7055268287658691,-0.017687460407614708,0.45242226123809814,0.6798419952392578,-0.027609914541244507,0.3649216890335083,0.6426369547843933,-0.012763024307787418,0.4176083207130432,0.6035319566726685,-0.03425297886133194,0.4535749852657318,0.6058728694915771,-0.04752427339553833,0.4808013141155243,0.6177040934562683,-0.054547470062971115,0.3416184186935425,0.6491159796714783,-0.0265029426664114,0.40618646144866943,0.6061517000198364,-0.04588450863957405,0.4476999044418335,0.6125008463859558,-0.0535409152507782,0.480280339717865,0.6306905150413513,-0.057663194835186005,0.32322782278060913,0.6761125326156616,-0.04109502583742142,0.39764246344566345,0.6877971291542053,-0.061480943113565445,0.4290625751018524,0.7235932946205139,-0.062340714037418365,0.44626402854919434,0.7556833624839783,-0.06011258810758591,0.3108009994029999,0.717994213104248,-0.05600591003894806,0.36503857374191284,0.7299485206604004,-0.0671529769897461,0.3858906924724579,0.7435397505760193,-0.06450275331735611,0.39755645394325256,0.7522076368331909,-0.06111080199480057
8,left,0,0,0,0,0,0,0,0,0,0,0,0,0,0,0,0,0,0,0,0,0,0,0,0,0,0,0,0,0,0,0,0,0,0,0,0,0,0,0,0,0,0,0,0,0,0,0,0,0,0,0,0,0,0,0,0,0,0,0,0,0,0,0
9,right,0.29391422867774963,0.7570868730545044,3.4062222198372183e-07,0.37789878249168396,0.7499075531959534,0.018298514187335968,0.4269430935382843,0.7089236378669739,0.016408482566475868,0.45673394203186035,0.6772139668464661,0.007195230107754469,0.47834324836730957,0.655650794506073,-0.0026972086634486914,0.4112235903739929,0.6042733788490295,0.0030790138989686966,0.47235047817230225,0.5710413455963135,-0.013132795691490173,0.5128735303878784,0.568402886390686,-0.022872895002365112,0.5456672310829163,0.5762220621109009,-0.02989930659532547,0.39895951747894287,0.6067178249359131,-0.02014375478029251,0.48696866631507874,0.6054871678352356,-0.04152902215719223,0.5264794230461121,0.6437074542045593,-0.050243258476257324,0.5536673665046692,0.6824743151664734,-0.05391303822398186,0.38640356063842773,0.6292772889137268,-0.04327333718538284,0.4748326241970062,0.6398175954818726,-0.06360595673322678,0.5166066288948059,0.682550847530365,-0.06940504908561707,0.545425534248352,0.7192731499671936,-0.07168882340192795,0.3777521848678589,0.665982186794281,-0.06486696004867554,0.431363046169281,0.6530959010124207,-0.07822628319263458,0.46140676736831665,0.657731831073761,-0.08147396892309189,0.48699963092803955,0.6622245907783508,-0.08358181267976761
9,left,0.6387398838996887,0.9268854260444641,-2.0719278381875483e-07,0.6568436622619629,0.8835224509239197,-0.032271482050418854,0.6611871719360352,0.8416013717651367,-0.05419379845261574,0.6806862354278564,0.8036937713623047,-0.07148628681898117,0.704258382320404,0.7858716249465942,-0.08960177004337311,0.5973166227340698,0.8699862957000732,-0.04688647389411926,0.5449855923652649,0.8797570466995239,-0.07061228156089783,0.5049641132354736,0.8844162821769714,-0.09322912991046906,0.4674984812736511,0.8846505284309387,-0.10947015881538391,0.5665000081062317,0.8727677464485168,-0.039219774305820465,0.5023525953292847,0.879241406917572,-0.054432641714811325,0.46128660440444946,0.8769844770431519,-0.07134386897087097,0.42581266164779663,0.8743836283683777,-0.08681084215641022,0.5451988577842712,0.8653137683868408,-0.03218601644039154,0.48405149579048157,0.8644300103187561,-0.04233953356742859,0.4522845149040222,0.8521539568901062,-0.05068773403763771,0.4255691170692444,0.8388386964797974,-0.05868089944124222,0.5318122506141663,0.8526016473770142,-0.028152000159025192,0.49059733748435974,0.841049313545227,-0.032174061983823776,0.46675512194633484,0.8303154110908508,-0.02976047247648239,0.4478233754634857,0.8200081586837769,-0.02961207926273346
10,right,0.31155890226364136,0.7486941814422607,2.9547621238634747e-07,0.3957238793373108,0.7460769414901733,0.02679084613919258,0.4462633728981018,0.7106809020042419,0.03154284134507179,0.47640129923820496,0.684215247631073,0.02666735090315342,0.5014092326164246,0.6629928946495056,0.020396435633301735,0.4315013289451599,0.6037659645080566,0.017742184922099113,0.49623358249664307,0.5754573345184326,0.008098076097667217,0.5363243818283081,0.5736945867538452,0.002530838595703244,0.5689955353736877,0.5802037715911865,-0.0013700500130653381,0.42057886719703674,0.601266622543335,-0.00850677490234375,0.5029662251472473,0.5858832001686096,-0.02411694824695587,0.5416543483734131,0.6128128170967102,-0.03234883397817612,0.5698924660682678,0.6442962288856506,-0.03588179126381874,0.4117528200149536,0.6203312277793884,-0.03396697714924812,0.4960551857948303,0.6368396282196045,-0.05181608349084854,0.5352339148521423,0.6802710294723511,-0.058645159006118774,0.5622664093971252,0.7153590321540833,-0.061011623591184616,0.40773138403892517,0.6527648568153381,-0.057155508548021317,0.4658789336681366,0.6425843834877014,-0.06861056387424469,0.5033011436462402,0.6503670811653137,-0.07088755071163177,0.5352551937103271,0.6612503528594971,-0.07182968407869339
10,left,0.6511659026145935,0.909961462020874,3.834692847703991e-07,0.6653198599815369,0.854641854763031,-0.0507376566529274,0.6638742685317993,0.8152901530265808,-0.08420231938362122,0.6747083067893982,0.7873891592025757,-0.10962040722370148,0.6993720531463623,0.7730287909507751,-0.13389843702316284,0.600812554359436,0.8638849258422852,-0.08074091374874115,0.5487161874771118,0.8534601926803589,-0.11049098521471024,0.5133360028266907,0.8487870097160339,-0.1293708086013794,0.4793239235877991,0.8482491374015808,-0.1418241262435913,0.5774909853935242,0.8808399438858032,-0.06637106835842133,0.5177592635154724,0.8552206754684448,-0.09470781683921814,0.47339677810668945,0.8353837132453918,-0.11129245162010193,0.4338412284851074,0.8231399655342102,-0.12243113666772842,0.5604010820388794,0.886917233467102,-0.05297005921602249,0.5064160823822021,0.8603887557983398,-0.07346969842910767,0.4677909016609192,0.8401828408241272,-0.08628443628549576,0.43400123715400696,0.8263036012649536,-0.09371720254421234,0.5486053228378296,0.8868362307548523,-0.04342919960618019,0.5074601173400879,0.8678908348083496,-0.05580286681652069,0.47571590542793274,0.853230357170105,-0.062352750450372696,0.4498806595802307,0.8423489332199097,-0.0667676031589508
11,right,0.35367608070373535,0.7218850255012512,1.4700569295200694e-07,0.4253411293029785,0.7270620465278625,0.01914595440030098,0.471600204706192,0.7006226181983948,0.01724601909518242,0.503838062286377,0.6834880709648132,0.007201221771538258,0.5325632095336914,0.6744410991668701,-0.0028952881693840027,0.47865501046180725,0.5779727697372437,0.006980410777032375,0.5482236742973328,0.5586259365081787,-0.005058023612946272,0.5813204050064087,0.573710560798645,-0.011480247601866722,0.605868399143219,0.589106023311615,-0.016454290598630905,0.46863508224487305,0.5751919150352478,-0.01802043244242668,0.5527217984199524,0.5562759637832642,-0.0325615257024765,0.5869773626327515,0.5737565159797668,-0.03934876248240471,0.6140512228012085,0.5912569165229797,-0.04451995715498924,0.4577748775482178,0.5997906923294067,-0.04337044060230255,0.5415646433830261,0.6149849891662598,-0.06174033135175705,0.5693075656890869,0.6666841506958008,-0.06731107085943222,0.5890899896621704,0.7106690406799316,-0.07092524319887161,0.4496694803237915,0.6456138491630554,-0.06722060590982437,0.5053287148475647,0.642746090888977,-0.08170826733112335,0.535879909992218,0.6568478345870972,-0.08608253300189972,0.5633988976478577,0.6734461188316345,-0.0899013802409172
11,left,0.6457666158676147,0.8575592041015625,-8.914391003145283e-08,0.6674191951751709,0.8159676790237427,-0.04129498824477196,0.6747488975524902,0.7686382532119751,-0.06741984933614731,0.695066511631012,0.7277379631996155,-0.08695701509714127,0.7186201214790344,0.7141075134277344,-0.107503741979599,0.6070603132247925,0.8037797212600708,-0.06017953157424927,0.5595455169677734,0.8104952573776245,-0.08683126419782639,0.5216281414031982,0.8126592040061951,-0.11027010530233383,0.4845796525478363,0.8127501010894775,-0.1272047758102417,0.5762484669685364,0.804667592048645,-0.048093512654304504,0.5118743181228638,0.8021591901779175,-0.06943359971046448,0.47161173820495605,0.8011062145233154,-0.08961419016122818,0.43439164757728577,0.7983916997909546,-0.10662302374839783,0.5558719635009766,0.7960642576217651,-0.036596477031707764,0.49422314763069153,0.7854529619216919,-0.054247308522462845,0.4557826817035675,0.7798891067504883,-0.0681362897157669,0.42357301712036133,0.7735370993614197,-0.07838011533021927,0.5449732542037964,0.78126060962677,-0.027890890836715698,0.5020456314086914,0.7579909563064575,-0.03557217866182327,0.4734663963317871,0.7511458396911621,-0.03670639544725418,0.45061513781547546,0.745103120803833,-0.03920740261673927
12,right,0.33130741119384766,0.7249927520751953,2.2021842482899956e-07,0.41256311535835266,0.7164938449859619,0.02864491380751133,0.46016746759414673,0.6848523616790771,0.031751081347465515,0.4884977638721466,0.6628552675247192,0.02454591728746891,0.5149912238121033,0.650891125202179,0.015273777768015862,0.462698757648468,0.5864883065223694,0.019193710759282112,0.5267148017883301,0.5591452121734619,0.010815444402396679,0.5670115947723389,0.5646241307258606,0.005457992199808359,0.5956919193267822,0.5763028264045715,0.0026501978281885386,0.45475950837135315,0.5896379351615906,-0.006963695865124464,0.5355678200721741,0.5816635489463806,-0.014414428733289242,0.570783257484436,0.6029952168464661,-0.01922149956226349,0.5963586568832397,0.6201668977737427,-0.022329503670334816,0.447866290807724,0.614417314529419,-0.0322730652987957,0.5298378467559814,0.6328348517417908,-0.042438264936208725,0.55977463722229,0.6775619387626648,-0.04443516209721565,0.5784939527511597,0.7095090746879578,-0.04502503201365471,0.4428977370262146,0.6533612608909607,-0.0553758405148983,0.49630409479141235,0.6441996693611145,-0.060329560190439224,0.5282889008522034,0.6493445038795471,-0.05803389474749565,0.5549623370170593,0.6559154987335205,-0.05612267926335335
12,left,0.6433104276657104,0.8692890405654907,4.122771315451246e-07,0.6616783738136292,0.8225934505462646,-0.054229892790317535,0.6657596230506897,0.7800049185752869,-0.0893857404589653,0.6812450885772705,0.7450501322746277,-0.11599735170602798,0.7069277167320251,0.7285594344139099,-0.14148882031440735,0.5941658020019531,0.8178723454475403,-0.084174744784832,0.5467751026153564,0.8102936744689941,-0.11615998297929764,0.5105607509613037,0.8097732067108154,-0.13677644729614258,0.4762454628944397,0.8125216960906982,-0.1496601700782776,0.5697465538978577,0.830639123916626,-0.06764086335897446,0.5136053562164307,0.8063294291496277,-0.09606296569108963,0.47342878580093384,0.7863532304763794,-0.11135341972112656,0.4403701424598694,0.7737566232681274,-0.12132260203361511,0.5541714429855347,0.83284592628479,-0.052485618740320206,0.5030012130737305,0.8044485449790955,-0.07367707043886185,0.46934282779693604,0.7828050851821899,-0.08568184822797775,0.4406212568283081,0.7659309506416321,-0.09211377054452896,0.5446307063102722,0.8304645419120789,-0.0413781963288784,0.5079222321510315,0.8049895763397217,-0.05321848392486572,0.4802641272544861,0.7869763374328613,-0.0586373470723629,0.45674556493759155,0.771365225315094,-0.062078140676021576
13,right,0.37063223123550415,0.7181313633918762,1.333526000735219e-07,0.41788625717163086,0.7290465831756592,0.012470193207263947,0.455906480550766,0.7266581058502197,0.003976926673203707,0.4833991229534149,0.7358572483062744,-0.009007837623357773,0.5097880959510803,0.7416584491729736,-0.022529510781168938,0.48917439579963684,0.6038935780525208,-0.02315087802708149,0.5639203190803528,0.5975543260574341,-0.04406428709626198,0.5944886207580566,0.6244105696678162,-0.0544167086482048,0.6185659766197205,0.6517788767814636,-0.062001269310712814,0.4822259545326233,0.601446270942688,-0.04634258523583412,0.5708304047584534,0.5822518467903137,-0.06913309544324875,0.6078534126281738,0.6009659767150879,-0.07904966920614243,0.6357296109199524,0.621552586555481,-0.0864257663488388,0.4667743444442749,0.6267377138137817,-0.06850244849920273,0.5457051396369934,0.6311888694763184,-0.09361972659826279,0.5775781869888306,0.6701729893684387,-0.10389630496501923,0.6036510467529297,0.7031676769256592,-0.11164416372776031,0.4528926908969879,0.672662615776062,-0.0885002389550209,0.4900529682636261,0.657653272151947,-0.11589749157428741,0.5190210342407227,0.6567717790603638,-0.12902462482452393,0.5497579574584961,0.6581308841705322,-0.13820646703243256
13,left,0.6498438119888306,0.8508984446525574,5.875531314813998e-07,0.6668367981910706,0.7908692955970764,-0.049230560660362244,0.6650328636169434,0.7489911317825317,-0.08495675772428513,0.6797749400138855,0.7250580191612244,-0.11159778386354446,0.7116899490356445,0.7137050032615662,-0.1385241448879242,0.6087360382080078,0.7979715466499329,-0.09681561589241028,0.5544118285179138,0.7863402366638184,-0.13044914603233337,0.5153108239173889,0.7807517051696777,-0.15032203495502472,0.4798508584499359,0.7804244160652161,-0.16229096055030823,0.584414005279541,0.8213062882423401,-0.08038772642612457,0.5181350111961365,0.789190411567688,-0.11034540086984634,0.4730231761932373,0.7622796893119812,-0.12422602623701096,0.4378100037574768,0.7439843416213989,-0.13272345066070557,0.5668225884437561,0.8311557173728943,-0.0631234422326088,0.5088541507720947,0.7943480014801025,-0.08299819380044937,0.4695547819137573,0.7653331756591797,-0.09446742385625839,0.43966299295425415,0.7449328899383545,-0.10063672065734863,0.5549757480621338,0.8323814272880554,-0.04887710139155388,0.5150474905967712,0.8009603023529053,-0.060402270406484604,0.4842569828033447,0.7818924188613892,-0.06584250181913376,0.45928168296813965,0.7676374912261963,-0.06909696012735367
14,right,0.3383479714393616,0.7196342945098877,2.3416286865085567e-07,0.40745073556900024,0.7426484823226929,0.021451419219374657,0.4462464451789856,0.7386167645454407,0.015973851084709167,0.47073954343795776,0.7513771057128906,0.0030697148758918047,0.49552181363105774,0.7801963090896606,-0.011836646124720573,0.476946085691452,0.6104128956794739,-0.009503929875791073,0.5481281876564026,0.6205984950065613,-0.028118206188082695,0.5803569555282593,0.6536198854446411,-0.03808417543768883,0.6020723581314087,0.6892411112785339,-0.04508199170231819,0.4638180732727051,0.6088436245918274,-0.03784947097301483,0.5529220700263977,0.5834720134735107,-0.058986227959394455,0.5949500203132629,0.6031591296195984,-0.06849728524684906,0.6266984939575195,0.6250012516975403,-0.07465168088674545,0.4459990859031677,0.6330026984214783,-0.06468427926301956,0.5360485911369324,0.6372814178466797,-0.08910173922777176,0.5719920992851257,0.685245931148529,-0.09663497656583786,0.5980256199836731,0.718921959400177,-0.1006624698638916,0.43329036235809326,0.6752990484237671,-0.08895169943571091,0.4827522337436676,0.6572649478912354,-0.11278252303600311,0.5172910690307617,0.650147557258606,-0.12165281921625137,0.550508975982666,0.6447866559028625,-0.12732909619808197
14,left,0.6522530913352966,0.8438720703125,6.026392043168016e-07,0.6682026386260986,0.7866382002830505,-0.04923339933156967,0.6684147119522095,0.745572566986084,-0.08420831710100174,0.6838580369949341,0.7231878042221069,-0.11086214333772659,0.7135121822357178,0.7151987552642822,-0.13790170848369598,0.6064339280128479,0.7962839007377625,-0.09096815437078476,0.5540792346000671,0.783855676651001,-0.12435989826917648,0.5163144469261169,0.77949059009552,-0.1453164517879486,0.48141875863075256,0.7811704277992249,-0.15814904868602753,0.5848231911659241,0.8183696866035461,-0.07534199953079224,0.5200759172439575,0.7878990769386292,-0.10601001977920532,0.47383958101272583,0.7612200379371643,-0.12211015075445175,0.43706822395324707,0.7424765825271606,-0.1321011781692505,0.569665789604187,0.8273202180862427,-0.05942921340465546,0.5129199624061584,0.7916799783706665,-0.07998441904783249,0.4730643630027771,0.7628448009490967,-0.09261354058980942,0.4423031210899353,0.7416406273841858,-0.09945391118526459,0.559562087059021,0.8276616930961609,-0.04676379635930061,0.5202423334121704,0.7967283725738525,-0.058934856206178665,0.48954254388809204,0.777995228767395,-0.06507160514593124,0.464971125125885,0.7635095715522766,-0.06873945891857147
15,right,0.34079957008361816,0.7377603054046631,3.617745960582397e-07,0.40376049280166626,0.7518402338027954,0.014930305071175098,0.44242626428604126,0.7411422729492188,0.0065779616124928,0.46954768896102905,0.7434355020523071,-0.008177151903510094,0.48997125029563904,0.7571505904197693,-0.023918036371469498,0.47354406118392944,0.6137332320213318,-0.008573099039494991,0.5436001420021057,0.6276471614837646,-0.025478584691882133,0.580350935459137,0.6594582796096802,-0.036910928785800934,0.6028461456298828,0.689968466758728,-0.044204503297805786,0.4642438292503357,0.6154592037200928,-0.03246556967496872,0.5546767115592957,0.5946972370147705,-0.047703418880701065,0.5972322225570679,0.617636501789093,-0.056711070239543915,0.6281878352165222,0.6407273411750793,-0.06324836611747742,0.45293450355529785,0.6426339149475098,-0.055488795042037964,0.5370837450027466,0.6502161622047424,-0.07251095026731491,0.5708051323890686,0.6964503526687622,-0.07881522923707962,0.5940494537353516,0.7307295203208923,-0.08328035473823547,0.44510313868522644,0.6889213919639587,-0.07695740461349487,0.4984593987464905,0.6783376336097717,-0.08905330300331116,0.5250094532966614,0.6813059449195862,-0.09050257503986359,0.5469424724578857,0.6832391023635864,-0.09204750508069992
15,left,0.6553485989570618,0.8369379043579102,3.073708398915187e-08,0.6744222640991211,0.803787350654602,-0.04636847972869873,0.6810812950134277,0.7554829716682434,-0.07688966393470764,0.7025943994522095,0.7215216159820557,-0.09753277152776718,0.7240809202194214,0.7056723833084106,-0.12081446498632431,0.6079245805740356,0.7874137163162231,-0.08716564625501633,0.5488532781600952,0.8027422428131104,-0.11864833533763885,0.5100613832473755,0.8011549115180969,-0.1455373466014862,0.4731888175010681,0.7974323034286499,-0.16369876265525818,0.5865553617477417,0.7816487550735474,-0.07060600072145462,0.514795184135437,0.745880126953125,-0.10146412998437881,0.4828496277332306,0.7400398850440979,-0.12615588307380676,0.45519256591796875,0.7456374168395996,-0.14325743913650513,0.5747467875480652,0.7618805170059204,-0.05223887786269188,0.5241737365722656,0.6951072812080383,-0.0781974121928215,0.5052939653396606,0.6725744009017944,-0.09715878218412399,0.4928368330001831,0.6681489944458008,-0.10748010873794556,0.5698118805885315,0.7372586727142334,-0.03523407131433487,0.551602840423584,0.6827448010444641,-0.050081826746463776,0.5533815026283264,0.6612970232963562,-0.05482045188546181,0.5591404438018799,0.6501486301422119,-0.057572804391384125
16,right,0.34314775466918945,0.7453269958496094,2.3746771660171362e-07,0.41064131259918213,0.753818154335022,0.029336150735616684,0.454347163438797,0.7423396110534668,0.02574475109577179,0.48173847794532776,0.7448186874389648,0.013098190538585186,0.5067158937454224,0.7590560913085938,-0.0014998489059507847,0.47310930490493774,0.609526515007019,0.0006635223980993032,0.5479074716567993,0.5953265428543091,-0.013189192861318588,0.5906631350517273,0.6091619729995728,-0.022274218499660492,0.6193096041679382,0.6303490400314331,-0.028528548777103424,0.46369633078575134,0.6182159781455994,-0.02804623730480671,0.5545911192893982,0.6598964929580688,-0.043075285851955414,0.5806289315223694,0.7140580415725708,-0.04857974499464035,0.5955803990364075,0.7543167471885681,-0.05122378095984459,0.4542391896247864,0.6484391093254089,-0.05423396825790405,0.537462592124939,0.6707918643951416,-0.0639706552028656,0.5713232159614563,0.7111621499061584,-0.060749467462301254,0.5968177318572998,0.739701509475708,-0.059939224272966385,0.44865691661834717,0.6888379454612732,-0.07821539789438248,0.49718400835990906,0.6780030727386475,-0.0841384083032608,0.5254889726638794,0.675068199634552,-0.07913774996995926,0.5516230463981628,0.671244204044342,-0.07573734223842621
16,left,0.6455972790718079,0.8437597155570984,3.1473792461156336e-08,0.6666260957717896,0.7931013703346252,-0.03652720898389816,0.6729891300201416,0.7457799911499023,-0.06622905284166336,0.6990416646003723,0.7190618515014648,-0.08769207447767258,0.7261029481887817,0.7116841673851013,-0.11246757954359055,0.6133905053138733,0.7880021929740906,-0.0880705714225769,0.5561329126358032,0.7938284277915955,-0.12105359882116318,0.5194108486175537,0.7929095029830933,-0.14822876453399658,0.4830241799354553,0.7914143800735474,-0.16592319309711456,0.5864081382751465,0.8065506219863892,-0.07485193759202957,0.5156987309455872,0.7704380750656128,-0.10190414637327194,0.47984248399734497,0.7600415945053101,-0.12234789878129959,0.4485347270965576,0.7611452341079712,-0.13801442086696625,0.5662100315093994,0.8067575097084045,-0.05854954943060875,0.5090014338493347,0.7453470826148987,-0.07726982980966568,0.48298919200897217,0.725132167339325,-0.08922317624092102,0.4653358459472656,0.717965841293335,-0.09654300659894943,0.5525169968605042,0.7963430881500244,-0.04320355877280235,0.5169410705566406,0.7507997751235962,-0.05037524551153183,0.5037601590156555,0.7335007190704346,-0.049308743327856064,0.4967799782752991,0.723315417766571,-0.04921334236860275
17,right,0.3460564613342285,0.7438104748725891,3.814026072745946e-08,0.4150404632091522,0.7554093599319458,0.041572295129299164,0.4537058472633362,0.7474892139434814,0.04547691345214844,0.47507748007774353,0.7528173923492432,0.03906785324215889,0.4969177544116974,0.7705436944961548,0.029733244329690933,0.4759818911552429,0.6138973832130432,0.007682811003178358,0.5475321412086487,0.5948251485824585,-0.006560278590768576,0.5894621014595032,0.6087728142738342,-0.01589990220963955,0.6184302568435669,0.6314548254013062,-0.022961832582950592,0.46326717734336853,0.6224765181541443,-0.026838064193725586,0.555579662322998,0.6610886454582214,-0.048299238085746765,0.5786281824111938,0.7186896800994873,-0.05544912815093994,0.5889300107955933,0.7601176500320435,-0.05759493261575699,0.450291246175766,0.6521244049072266,-0.05812680721282959,0.5373396277427673,0.6703859567642212,-0.07561790198087692,0.5716825723648071,0.7139079570770264,-0.07618974149227142,0.5967018008232117,0.7434492707252502,-0.07634376734495163,0.44447556138038635,0.6899225115776062,-0.08557981252670288,0.49082237482070923,0.6726473569869995,-0.10435901582241058,0.5224468111991882,0.6658575534820557,-0.10884551703929901,0.5541510581970215,0.6594200730323792,-0.11092210561037064
17,left,0.6329665184020996,0.8463987112045288,8.877549362296122e-08,0.6627218127250671,0.7977981567382812,-0.04383859410881996,0.6722919940948486,0.7550532817840576,-0.07599130272865295,0.6965826749801636,0.7268102765083313,-0.10011869668960571,0.7234779596328735,0.7167989611625671,-0.1269989162683487,0.6117890477180481,0.7886680364608765,-0.08170667290687561,0.5629065036773682,0.7901409268379211,-0.1090247631072998,0.528982400894165,0.7916355133056641,-0.13202442228794098,0.49245700240135193,0.7907384037971497,-0.14872704446315765,0.5799843668937683,0.8034402132034302,-0.06582039594650269,0.5177143216133118,0.7846627235412598,-0.08700986206531525,0.4774472117424011,0.7779338359832764,-0.10698480904102325,0.4404374957084656,0.774134635925293,-0.12581998109817505,0.5568161010742188,0.8064378499984741,-0.04817526787519455,0.5051336288452148,0.7650885581970215,-0.062003158032894135,0.4733433127403259,0.7539805769920349,-0.07391347736120224,0.4477967619895935,0.7504832148551941,-0.08447091281414032,0.542297899723053,0.8004688620567322,-0.032919012010097504,0.5046972036361694,0.7602292895317078,-0.036229297518730164,0.483210027217865,0.7445281147956848,-0.035996634513139725,0.46645307540893555,0.7350059747695923,-0.03903823345899582
18,right,0.34289705753326416,0.7475104928016663,1.4636263756528933e-07,0.4080572724342346,0.7591478824615479,0.034630946815013885,0.4543243646621704,0.749477207660675,0.03348144143819809,0.48190823197364807,0.7557926774024963,0.02368747629225254,0.5094202756881714,0.7738261818885803,0.01113827433437109,0.4721943140029907,0.6198310852050781,-0.005965966731309891,0.5473155379295349,0.5931696891784668,-0.025158502161502838,0.589599072933197,0.6070725917816162,-0.03778589516878128,0.6198137998580933,0.6313158273696899,-0.04692195728421211,0.4591023027896881,0.6297918558120728,-0.038563571870326996,0.5547598004341125,0.6661709547042847,-0.0649290531873703,0.5781620740890503,0.7219504714012146,-0.07449522614479065,0.5871117115020752,0.7643176317214966,-0.07757843285799026,0.4447161555290222,0.6627684235572815,-0.06783174723386765,0.5321711301803589,0.6676069498062134,-0.08784376829862595,0.5704152584075928,0.6946260929107666,-0.08939054608345032,0.5987473726272583,0.7133495211601257,-0.09015949070453644,0.43743064999580383,0.7051818370819092,-0.09358198195695877,0.48430344462394714,0.6853784918785095,-0.11240909993648529,0.517318606376648,0.6739111542701721,-0.11555960029363632,0.550316333770752,0.6625939011573792,-0.11682327091693878
18,left,0.6503456234931946,0.8361035585403442,2.4393356667928856e-08,0.6702316999435425,0.8116451501846313,-0.06019393727183342,0.676108717918396,0.7687265872955322,-0.10032571852207184,0.7018924355506897,0.7356598377227783,-0.12825123965740204,0.7254700064659119,0.7231281399726868,-0.15899428725242615,0.5924441814422607,0.7906726598739624,-0.10830360651016235,0.5451313257217407,0.8040603399276733,-0.1429372876882553,0.5176368355751038,0.8025423884391785,-0.1710425466299057,0.48719531297683716,0.7981100082397461,-0.19087538123130798,0.5727019906044006,0.7747969627380371,-0.08536327630281448,0.5061153173446655,0.759085476398468,-0.11939404904842377,0.4791819751262665,0.766717791557312,-0.1448676586151123,0.4527845084667206,0.7767159938812256,-0.1645042598247528,0.5623030662536621,0.7519961595535278,-0.061069950461387634,0.5174557566642761,0.6972532868385315,-0.09111378341913223,0.5003970265388489,0.6810592412948608,-0.11499981582164764,0.486087828874588,0.6799177527427673,-0.13037608563899994,0.5606104731559753,0.7289302349090576,-0.038678333163261414,0.5434650778770447,0.6816831231117249,-0.057693980634212494,0.5440586805343628,0.6635760068893433,-0.06854337453842163,0.5470912456512451,0.6558485627174377,-0.07743705064058304
19,right,0.33555376529693604,0.7418065071105957,4.182155777243679e-08,0.40393775701522827,0.7499139308929443,0.049323685467243195,0.4510939121246338,0.7407482862472534,0.05849828943610191,0.48270514607429504,0.7432599067687988,0.05449940264225006,0.5106202960014343,0.7596350312232971,0.046683892607688904,0.4662027060985565,0.6070510149002075,0.02025163546204567,0.5375064611434937,0.5778725743293762,0.01468459889292717,0.5784528255462646,0.5834469199180603,0.012576015666127205,0.6106326580047607,0.5982686877250671,0.009980499744415283,0.4566120207309723,0.610873281955719,-0.01703212596476078,0.5486743450164795,0.6412619948387146,-0.026626216247677803,0.5726376175880432,0.694750189781189,-0.026713436469435692,0.5830713510513306,0.7360844016075134,-0.026754694059491158,0.4486846327781677,0.6400827765464783,-0.05084114521741867,0.5428695678710938,0.6594237685203552,-0.060185886919498444,0.5761634111404419,0.7082889080047607,-0.05533333122730255,0.5958002209663391,0.7445936799049377,-0.053474895656108856,0.44721531867980957,0.680547833442688,-0.08052977174520493,0.5165756344795227,0.6731263399124146,-0.0914461761713028,0.5546917915344238,0.688795268535614,-0.08939362317323685,0.5854036808013916,0.7015534043312073,-0.08803024142980576
19,left,0.6460638046264648,0.8613993525505066,3.101276604411396e-07,0.6617975234985352,0.8071885108947754,-0.041060250252485275,0.6595801115036011,0.7640267014503479,-0.07010015845298767,0.6774504780769348,0.7338005900382996,-0.09207513928413391,0.7111124992370605,0.7225265502929688,-0.11362838745117188,0.6062538027763367,0.8101220726966858,-0.07839354872703552,0.5585039258003235,0.8001812696456909,-0.10663916170597076,0.5237164497375488,0.7972177863121033,-0.12346816062927246,0.4901348352432251,0.7971429824829102,-0.1337343454360962,0.5789163112640381,0.824641227722168,-0.06536917388439178,0.5198168754577637,0.7970589399337769,-0.08980370312929153,0.4787396192550659,0.7757929563522339,-0.10095509141683578,0.44605815410614014,0.7629392147064209,-0.10829410701990128,0.5594569444656372,0.8267090320587158,-0.051894791424274445,0.5043168663978577,0.7932618856430054,-0.06935988366603851,0.4690578579902649,0.7698249220848083,-0.07904281467199326,0.44012588262557983,0.7539997100830078,-0.08412300050258636,0.5461210608482361,0.822855532169342,-0.0410659983754158,0.5066447854042053,0.7947371006011963,-0.04996239393949509,0.4777379035949707,0.7756626605987549,-0.05342788249254227,0.4536030888557434,0.7609168887138367,-0.05580422282218933
20,right,0.31459009647369385,0.7209522128105164,4.879713060290669e-07,0.3661915063858032,0.6637511849403381,0.014287084341049194,0.42724478244781494,0.6174757480621338,0.0078583387658,0.48049286007881165,0.5941278338432312,-0.0023006617557257414,0.5221593976020813,0.5874864459037781,-0.012902483344078064,0.44095364212989807,0.5699301362037659,-0.024382850155234337,0.5084689259529114,0.5252130627632141,-0.04788689315319061,0.556399405002594,0.5250425934791565,-0.060517359524965286,0.5928648710250854,0.5360397696495056,-0.0672813206911087,0.43423783779144287,0.5940693020820618,-0.04368402063846588,0.5326041579246521,0.6105639934539795,-0.06578090786933899,0.5757543444633484,0.6474295854568481,-0.07127323746681213,0.6009832620620728,0.6775525808334351,-0.07303337007761002,0.42594510316848755,0.6357136964797974,-0.06102847680449486,0.5153663754463196,0.6460156440734863,-0.07564026117324829,0.5611640810966492,0.6740256547927856,-0.07301992177963257,0.5924173593521118,0.6956391930580139,-0.07092679291963577,0.41785353422164917,0.6883878707885742,-0.07717406749725342,0.4846889078617096,0.6922903656959534,-0.08332844823598862,0.521393895149231,0.7035369873046875,-0.07751205563545227,0.5503772497177124,0.7117230296134949,-0.0728059634566307
20,left,0.6437147259712219,0.8517184257507324,5.22252037171711e-07,0.6628140807151794,0.7977006435394287,-0.0526123046875,0.6622586250305176,0.7577424049377441,-0.08739738166332245,0.6748138666152954,0.7337164878845215,-0.11296799033880234,0.7027904987335205,0.722883939743042,-0.13812299072742462,0.5994322299957275,0.8020671010017395,-0.08993475139141083,0.5495834350585938,0.7940133213996887,-0.12206633388996124,0.5116128325462341,0.7899597883224487,-0.14174918830394745,0.47686752676963806,0.7923280000686646,-0.15379227697849274,0.5755465626716614,0.8176692128181458,-0.07301627844572067,0.5145068168640137,0.7912411689758301,-0.10308913141489029,0.47004011273384094,0.7680461406707764,-0.11875294893980026,0.4352274537086487,0.755715548992157,-0.12813960015773773,0.5597744584083557,0.8221359252929688,-0.05636639893054962,0.5062978267669678,0.7920499444007874,-0.07838955521583557,0.4671185612678528,0.7686031460762024,-0.09269087016582489,0.43528735637664795,0.7542129158973694,-0.10035698115825653,0.5500547289848328,0.8212934136390686,-0.0431402213871479,0.5131357908248901,0.7975320816040039,-0.05684766545891762,0.48203280568122864,0.7827112674713135,-0.0646456629037857,0.4562724232673645,0.7724621891975403,-0.069347083568573
21,right,0.3542095422744751,0.6708795428276062,2.2596022120069392e-07,0.3896569609642029,0.6145415306091309,0.0065362947061657906,0.43585336208343506,0.5669555068016052,-0.006276000291109085,0.4812934994697571,0.5468680262565613,-0.02008785866200924,0.5179726481437683,0.5355672240257263,-0.0357218012213707,0.4436929225921631,0.5440070629119873,-0.05264724791049957,0.4980041980743408,0.49746549129486084,-0.08437755703926086,0.5352895855903625,0.4932790994644165,-0.10237730294466019,0.5688483715057373,0.4959598183631897,-0.11341014504432678,0.4370694160461426,0.5748500823974609,-0.069744773209095,0.5268744230270386,0.5860109925270081,-0.09672106802463531,0.5683256387710571,0.6179472208023071,-0.10523327440023422,0.5967033505439758,0.6495528221130371,-0.11108182370662689,0.4277433156967163,0.6205222010612488,-0.08422024548053741,0.5155673027038574,0.6319514513015747,-0.10873598605394363,0.5560707449913025,0.6557180881500244,-0.11520487815141678,0.5872858166694641,0.677760124206543,-0.11948026716709137,0.41875606775283813,0.6743168234825134,-0.09642348438501358,0.4738786816596985,0.6856079697608948,-0.11621106415987015,0.5061743259429932,0.7027809023857117,-0.12049522995948792,0.5378369688987732,0.7191556096076965,-0.12304744869470596
21,left,0.6459804773330688,0.8538809418678284,5.516282612916257e-07,0.6626802682876587,0.798759937286377,-0.05133385956287384,0.6606385707855225,0.7561129927635193,-0.08510708063840866,0.6725601553916931,0.7326611876487732,-0.1100466176867485,0.7002841830253601,0.7239438891410828,-0.13508827984333038,0.5989912152290344,0.8056833148002625,-0.08704971522092819,0.55079185962677,0.7931790947914124,-0.11807572096586227,0.5149292945861816,0.787888765335083,-0.137884259223938,0.48174726963043213,0.7883892059326172,-0.15025348961353302,0.5775683522224426,0.8261529803276062,-0.0707501769065857,0.5178098678588867,0.7984490990638733,-0.10084616392850876,0.47261011600494385,0.7745093107223511,-0.11824341118335724,0.4354088604450226,0.7588908672332764,-0.12892219424247742,0.5630610585212708,0.8325187563896179,-0.05459515005350113,0.5093109011650085,0.801271378993988,-0.07624164968729019,0.4693104028701782,0.7766542434692383,-0.09137658029794693,0.4363431930541992,0.7588526010513306,-0.09970881044864655,0.5538938641548157,0.8320869207382202,-0.04184887185692787,0.5157871246337891,0.8068029284477234,-0.05543816462159157,0.48403969407081604,0.7920970916748047,-0.06362053751945496,0.45799434185028076,0.7798852920532227,-0.06859701871871948
22,right,0.3066471815109253,0.6987005472183228,5.551111712520651e-07,0.3351362943649292,0.6262889504432678,-0.0021056714467704296,0.3760837912559509,0.5639874339103699,-0.020010005682706833,0.42127713561058044,0.5356090068817139,-0.036229025572538376,0.46139246225357056,0.5285520553588867,-0.053085699677467346,0.36050915718078613,0.544918954372406,-0.06804373115301132,0.40670907497406006,0.4834299087524414,-0.10361690074205399,0.4508492052555084,0.46702656149864197,-0.12242763489484787,0.4910064935684204,0.4604046642780304,-0.13372483849525452,0.3551257252693176,0.5907334089279175,-0.08376697450876236,0.447505921125412,0.5675918459892273,-0.11778582632541656,0.50479656457901,0.5819721817970276,-0.12842082977294922,0.5466592907905579,0.5976458787918091,-0.13432677090168,0.35481584072113037,0.6523112058639526,-0.09667529165744781,0.44910386204719543,0.6441072225570679,-0.12681794166564941,0.502474844455719,0.6540625691413879,-0.13084621727466583,0.5427126884460449,0.6568154692649841,-0.13181152939796448,0.3591732978820801,0.7172527313232422,-0.10789370536804199,0.4275304675102234,0.7152262926101685,-0.1299358457326889,0.4648636281490326,0.7188053727149963,-0.13023345172405243,0.49711182713508606,0.7150026559829712,-0.128905788064003
22,left,0.648077130317688,0.8533920049667358,5.613461553366506e-07,0.6618866920471191,0.799457848072052,-0.046975500881671906,0.6585965156555176,0.7591056227684021,-0.0774238109588623,0.6682223677635193,0.7348659038543701,-0.09998469054698944,0.6942252516746521,0.7235209941864014,-0.12216559797525406,0.5967940092086792,0.8091747164726257,-0.07620877027511597,0.5475229620933533,0.7989495396614075,-0.10424453020095825,0.5107803344726562,0.794894814491272,-0.12201060354709625,0.47817254066467285,0.7959126830101013,-0.13290603458881378,0.577028751373291,0.8289215564727783,-0.06117329001426697,0.5186195969581604,0.8020930886268616,-0.08649107068777084,0.476895272731781,0.7791040539741516,-0.10042242705821991,0.4441662132740021,0.763923168182373,-0.10878150165081024,0.5636772513389587,0.8354601860046387,-0.04672276973724365,0.5128422379493713,0.8072628974914551,-0.06393864005804062,0.4751351475715637,0.7849641442298889,-0.07545316964387894,0.4448886513710022,0.7689065933227539,-0.08163555711507797,0.5552282929420471,0.8354277610778809,-0.03575834631919861,0.5194672346115112,0.8125063180923462,-0.04550490155816078,0.4903853237628937,0.7979188561439514,-0.05096471682190895,0.4664557874202728,0.7860136032104492,-0.05418182909488678
23,right,0.26790013909339905,0.7235133051872253,7.022015324764652e-07,0.29109835624694824,0.6491305828094482,-0.005398198496550322,0.3336152732372284,0.5857640504837036,-0.025356266647577286,0.3805585205554962,0.5517391562461853,-0.04312845692038536,0.4181625545024872,0.5386965274810791,-0.0618240162730217,0.31341567635536194,0.5740100741386414,-0.0764107033610344,0.3546511232852936,0.5103607773780823,-0.1151946410536766,0.40331846475601196,0.4876609146595001,-0.13637743890285492,0.44509243965148926,0.4752886891365051,-0.14857153594493866,0.3109545409679413,0.6234322786331177,-0.09134385734796524,0.40824198722839355,0.5845364928245544,-0.13033129274845123,0.4729463458061218,0.5853167176246643,-0.14217033982276917,0.5168638825416565,0.5897426605224609,-0.14785903692245483,0.31827765703201294,0.6847407817840576,-0.10350820422172546,0.41508492827415466,0.6630210280418396,-0.13717488944530487,0.4778788685798645,0.6591649055480957,-0.14273416996002197,0.520037829875946,0.6525801420211792,-0.14349645376205444,0.33162879943847656,0.7458916902542114,-0.11438954621553421,0.40876421332359314,0.7347299456596375,-0.13817442953586578,0.4510543644428253,0.7323758602142334,-0.13960537314414978,0.48213833570480347,0.7252922654151917,-0.13855431973934174
23,left,0.651287853717804,0.8579222559928894,5.586003908319981e-07,0.6627577543258667,0.7998397946357727,-0.0423724539577961,0.6550313830375671,0.7573122978210449,-0.0698995590209961,0.6643051505088806,0.7336093187332153,-0.09027792513370514,0.6926037669181824,0.7243322730064392,-0.11084067076444626,0.6017933487892151,0.8112985491752625,-0.07341159880161285,0.5513272881507874,0.7999016642570496,-0.10023822635412216,0.5142525434494019,0.7949798107147217,-0.11658027768135071,0.4822317361831665,0.7959820032119751,-0.12628500163555145,0.5830590128898621,0.8351277112960815,-0.06004694104194641,0.5251331329345703,0.8077306151390076,-0.08364034444093704,0.4830520749092102,0.7865200042724609,-0.0958237498998642,0.45027121901512146,0.7731403708457947,-0.1029820665717125,0.5697751045227051,0.8441705703735352,-0.046889808028936386,0.5188167691230774,0.8138792514801025,-0.06270899623632431,0.4824988842010498,0.7923280596733093,-0.07288586348295212,0.4533730149269104,0.7768054604530334,-0.07824098318815231,0.5611380338668823,0.8457411527633667,-0.036841172724962234,0.5266678929328918,0.8188734650611877,-0.04569278657436371,0.4985966384410858,0.8019182085990906,-0.05037060007452965,0.4751439690589905,0.7876187562942505,-0.05307227373123169
24,right,0.23363588750362396,0.754127562046051,5.866417041033856e-07,0.2525467872619629,0.672368586063385,-0.009120151400566101,0.29034334421157837,0.6007644534111023,-0.02460400201380253,0.3363930881023407,0.5650952458381653,-0.03574032709002495,0.3807181715965271,0.5571904182434082,-0.04616427421569824,0.2611887454986572,0.6095950603485107,-0.06875939667224884,0.28626275062561035,0.5609801411628723,-0.10047269612550735,0.3288199305534363,0.5446941256523132,-0.1192956492304802,0.36753156781196594,0.5304535627365112,-0.13028840720653534,0.26071280241012573,0.6729549169540405,-0.07753077894449234,0.34481242299079895,0.6334542036056519,-0.1031983345746994,0.40953654050827026,0.6218327879905701,-0.11291846632957458,0.45843857526779175,0.6107363700866699,-0.11993179470300674,0.2741577625274658,0.739753007888794,-0.08400075882673264,0.3621397316455841,0.7155568599700928,-0.10931877046823502,0.4268476068973541,0.701724112033844,-0.11763283610343933,0.47287604212760925,0.6844325661659241,-0.12123238295316696,0.29633060097694397,0.80030357837677,-0.08925240486860275,0.37244948744773865,0.7832372188568115,-0.10722380131483078,0.4146089255809784,0.77231365442276,-0.10825510323047638,0.44704192876815796,0.7530054450035095,-0.10760258138179779
24,left,0.6389777064323425,0.8605778217315674,-8.28569710620286e-08,0.6602404713630676,0.8022719621658325,-0.03362112492322922,0.6638892889022827,0.7530929446220398,-0.05739014595746994,0.6730741262435913,0.7207574248313904,-0.07550868391990662,0.6956630349159241,0.7130873799324036,-0.09559997916221619,0.6032168865203857,0.7875019907951355,-0.05878959223628044,0.5561375021934509,0.792356550693512,-0.08534715324640274,0.5181971788406372,0.7933288812637329,-0.10762020200490952,0.48137539625167847,0.7935371398925781,-0.12233629822731018,0.5716967582702637,0.8056440353393555,-0.049297306686639786,0.5175033211708069,0.7980649471282959,-0.06687241792678833,0.4799953103065491,0.7906997799873352,-0.08138037472963333,0.4481402337551117,0.788488507270813,-0.09421288222074509,0.5509235858917236,0.811612069606781,-0.03952786326408386,0.49770796298980713,0.8005953431129456,-0.051738154143095016,0.4658186733722687,0.7891048192977905,-0.057735368609428406,0.4403321146965027,0.77907395362854,-0.06309633702039719,0.5378880500793457,0.8134772777557373,-0.03245425224304199,0.4960049092769623,0.7953326106071472,-0.0376862958073616,0.47116196155548096,0.7844748497009277,-0.0343780517578125,0.45232659578323364,0.7747477889060974,-0.0328536257147789
25,right,0.21742260456085205,0.787377119064331,6.923546607140452e-07,0.2379164695739746,0.7062656283378601,-0.014662063680589199,0.2771078646183014,0.6355025172233582,-0.03320837765932083,0.32111692428588867,0.5982640981674194,-0.04658360779285431,0.35930782556533813,0.5811764597892761,-0.05994335189461708,0.24548888206481934,0.6447422504425049,-0.07594489306211472,0.26353201270103455,0.5999550223350525,-0.11140934377908707,0.30664363503456116,0.5775273442268372,-0.13387221097946167,0.34801533818244934,0.559938371181488,-0.1473979949951172,0.2458929717540741,0.7067745327949524,-0.0828799158334732,0.3289144039154053,0.6671273112297058,-0.11271331459283829,0.3969797194004059,0.6511519551277161,-0.12499678879976273,0.4499763250350952,0.6399252414703369,-0.13357052206993103,0.25900977849960327,0.7719829082489014,-0.08785265684127808,0.3498249650001526,0.7492035627365112,-0.11564643681049347,0.41603928804397583,0.7303382158279419,-0.12363441288471222,0.4627082943916321,0.7136901617050171,-0.12692348659038544,0.2798132300376892,0.8309876322746277,-0.09235459566116333,0.35458022356033325,0.8162515759468079,-0.11233651638031006,0.39777618646621704,0.8027708530426025,-0.11432991921901703,0.4294641613960266,0.7866950035095215,-0.114240862429142
25,left,0.6457079648971558,0.8496819734573364,3.6301531736171455e-07,0.6599849462509155,0.79202800989151,-0.04121776297688484,0.656589150428772,0.7512096166610718,-0.0687505230307579,0.6667208671569824,0.7277745604515076,-0.08966165781021118,0.6925675868988037,0.7150379419326782,-0.11000342667102814,0.6026021838188171,0.8042269945144653,-0.06905998289585114,0.5475627183914185,0.7907535433769226,-0.09247041493654251,0.511770486831665,0.7825440764427185,-0.10561563819646835,0.4808639883995056,0.7785078287124634,-0.11382235586643219,0.5847294330596924,0.8287780284881592,-0.05671805888414383,0.5274180769920349,0.8020105361938477,-0.07820931077003479,0.48895490169525146,0.783313512802124,-0.08759097009897232,0.45826202630996704,0.7730081677436829,-0.09337355196475983,0.5724666118621826,0.8395903706550598,-0.04507331922650337,0.5224292278289795,0.8134082555770874,-0.05960599333047867,0.48834148049354553,0.7962201237678528,-0.06661215424537659,0.4597708284854889,0.783831775188446,-0.07021824270486832,0.5642964839935303,0.8401045203208923,-0.03678534924983978,0.527684211730957,0.8194947242736816,-0.044815544039011,0.5002087354660034,0.8058210015296936,-0.04831809550523758,0.4771457016468048,0.7956075072288513,-0.050706662237644196
26,right,0.19528961181640625,0.8276721835136414,6.011965751895332e-07,0.2060474008321762,0.7433284521102905,-0.012705979868769646,0.23988783359527588,0.6766107082366943,-0.027337696403265,0.28199830651283264,0.6389592289924622,-0.03694126009941101,0.30144354701042175,0.6047400236129761,-0.047176387161016464,0.20870746672153473,0.7038241028785706,-0.06548143923282623,0.2313569188117981,0.6771472096443176,-0.09527186304330826,0.2641431391239166,0.6591120362281799,-0.11377854645252228,0.29644203186035156,0.6373329758644104,-0.12501868605613708,0.21882924437522888,0.7668598890304565,-0.07185029983520508,0.3073616921901703,0.729952335357666,-0.09744849056005478,0.37176358699798584,0.7125059366226196,-0.10982728004455566,0.4264633357524872,0.6954136490821838,-0.1187775731086731,0.23690973222255707,0.829910159111023,-0.07585165649652481,0.3327729105949402,0.8126566410064697,-0.10308892279863358,0.39680543541908264,0.7953721284866333,-0.11216969788074493,0.446247935295105,0.7745562791824341,-0.1158195436000824,0.25975140929222107,0.886833131313324,-0.07869144529104233,0.3361305594444275,0.8738867044448853,-0.09678211063146591,0.3748742640018463,0.866247296333313,-0.09642038494348526,0.40563899278640747,0.8518759608268738,-0.09496064484119415
26,left,0.6373727917671204,0.8568767309188843,-6.924170747879543e-08,0.6583342552185059,0.8026289939880371,-0.04069541022181511,0.6616829633712769,0.7547979950904846,-0.06599611788988113,0.6728297472000122,0.719997763633728,-0.08538437634706497,0.6958650350570679,0.7083324193954468,-0.1062440425157547,0.5914450883865356,0.7907657623291016,-0.05788591504096985,0.5454025268554688,0.7937494516372681,-0.08320152759552002,0.5085576176643372,0.7938420176506042,-0.10556282103061676,0.47098904848098755,0.7879652380943298,-0.12175003439188004,0.5616375803947449,0.7992022633552551,-0.046698689460754395,0.5022225975990295,0.7948744297027588,-0.06661775708198547,0.46102243661880493,0.7868698835372925,-0.08644305169582367,0.4231434762477875,0.7780287265777588,-0.10401340574026108,0.5424062609672546,0.7958404421806335,-0.03604079782962799,0.48381248116493225,0.785329282283783,-0.05278867110610008,0.4487982392311096,0.7713376879692078,-0.06527027487754822,0.4196501076221466,0.7584382891654968,-0.07524878531694412,0.5305867791175842,0.7883729934692383,-0.028537074103951454,0.48467111587524414,0.7659857273101807,-0.036328546702861786,0.4584388732910156,0.7532546520233154,-0.03684130683541298,0.4380091428756714,0.7414591908454895,-0.03912954032421112
27,right,0.17121517658233643,0.8637074828147888,7.455607260453689e-07,0.18567772209644318,0.769933819770813,-0.021822037175297737,0.22248777747154236,0.7034465074539185,-0.04704538360238075,0.26429998874664307,0.6723060607910156,-0.06406412273645401,0.28267696499824524,0.6489861011505127,-0.08106867223978043,0.191114604473114,0.7308542728424072,-0.10102549940347672,0.2133094072341919,0.708351194858551,-0.145264133810997,0.24849462509155273,0.6968549489974976,-0.17295606434345245,0.27998173236846924,0.6835442781448364,-0.1885300725698471,0.1921336054801941,0.7996214032173157,-0.10503103584051132,0.2827138602733612,0.7687534689903259,-0.1479816883802414,0.35119277238845825,0.7489024996757507,-0.16642522811889648,0.4071805477142334,0.7310783863067627,-0.17786285281181335,0.2075609564781189,0.8654086589813232,-0.10557746142148972,0.31006157398223877,0.8513342142105103,-0.14263105392456055,0.3771955668926239,0.828900158405304,-0.15329872071743011,0.42763179540634155,0.8061566352844238,-0.1568038910627365,0.23049364984035492,0.9198981523513794,-0.10548900812864304,0.3132694661617279,0.9119757413864136,-0.12658309936523438,0.3510817885398865,0.8979043960571289,-0.12695875763893127,0.38211947679519653,0.880715548992157,-0.12602457404136658
27,left,0.6555916666984558,0.8596776127815247,-7.989889638793102e-08,0.669632077217102,0.7955320477485657,-0.029343780130147934,0.6669355034828186,0.7510270476341248,-0.05260000005364418,0.6792337894439697,0.7174411416053772,-0.07233384996652603,0.7031348347663879,0.7031009197235107,-0.09459131211042404,0.6050212383270264,0.7800321578979492,-0.05340328440070152,0.5552442073822021,0.7870491147041321,-0.07815494388341904,0.5164092779159546,0.7875963449478149,-0.09991572797298431,0.47717246413230896,0.7823830842971802,-0.11604472994804382,0.5768349766731262,0.7967451214790344,-0.04856043681502342,0.5133422613143921,0.7906047105789185,-0.06850820034742355,0.4669274687767029,0.7797737121582031,-0.08812505006790161,0.42560112476348877,0.7687956690788269,-0.10600587725639343,0.5574465990066528,0.8024237751960754,-0.04288006201386452,0.4957377016544342,0.784702718257904,-0.05864138528704643,0.45483559370040894,0.7689021825790405,-0.07049856334924698,0.4201790690422058,0.7554441094398499,-0.08082443475723267,0.5466108322143555,0.8045290112495422,-0.03931896388530731,0.4977642893791199,0.7807888984680176,-0.04735536128282547,0.4671996831893921,0.767937421798706,-0.047882914543151855,0.44192183017730713,0.7572414875030518,-0.050290245562791824
28,right,0.18315787613391876,0.8731613755226135,9.110394785238896e-07,0.20022287964820862,0.7809348106384277,-0.023785114288330078,0.23420733213424683,0.7181503772735596,-0.05295347794890404,0.26728615164756775,0.6851746439933777,-0.07364557683467865,0.28255102038383484,0.6552855968475342,-0.09481702744960785,0.18883657455444336,0.7357698678970337,-0.11715655773878098,0.19736573100090027,0.7135502099990845,-0.16791588068008423,0.23687902092933655,0.6986425518989563,-0.19973984360694885,0.27726131677627563,0.6882672309875488,-0.21887333691120148,0.1881641149520874,0.8032144904136658,-0.12229052931070328,0.27515316009521484,0.7723613977432251,-0.1751873791217804,0.35113492608070374,0.7516247630119324,-0.19972841441631317,0.41079315543174744,0.7377393245697021,-0.21555235981941223,0.20431332290172577,0.8673197031021118,-0.12318117916584015,0.30149513483047485,0.8563569784164429,-0.16882431507110596,0.37227076292037964,0.8334952592849731,-0.18408775329589844,0.4238162040710449,0.8119361400604248,-0.1908908486366272,0.2284221649169922,0.9179917573928833,-0.12313341349363327,0.30852973461151123,0.9185435771942139,-0.15416797995567322,0.3516860008239746,0.9005281925201416,-0.1619146168231964,0.3866666257381439,0.8802884221076965,-0.1659081131219864
28,left,0.6386789083480835,0.8490478992462158,4.1275751527791726e-07,0.6584290862083435,0.7952766418457031,-0.045172546058893204,0.656950056552887,0.7491984963417053,-0.07541681081056595,0.6671593189239502,0.7209643125534058,-0.09761327505111694,0.6934369206428528,0.7051976323127747,-0.11951664835214615,0.6005072593688965,0.7987702488899231,-0.08406952023506165,0.5484259128570557,0.7849699854850769,-0.11355264484882355,0.5118706822395325,0.779585063457489,-0.13029183447360992,0.47669717669487,0.7797142267227173,-0.14063340425491333,0.5748987197875977,0.8179049491882324,-0.07072910666465759,0.5106432437896729,0.7803956270217896,-0.09779495745897293,0.4681047201156616,0.7530183792114258,-0.11052113771438599,0.43271082639694214,0.7359022498130798,-0.11824985593557358,0.5569263100624084,0.8238323330879211,-0.05718618258833885,0.5007006525993347,0.7883176803588867,-0.0761142373085022,0.46246838569641113,0.7620506882667542,-0.08702650666236877,0.42983031272888184,0.743127167224884,-0.09299546480178833,0.5453523397445679,0.8230867385864258,-0.04682549089193344,0.5057533383369446,0.7965591549873352,-0.05862411856651306,0.47554031014442444,0.7792060971260071,-0.06434743106365204,0.45002466440200806,0.7652450799942017,-0.06791750341653824
29,right,0.18491344153881073,0.8789682984352112,1.0076629450850305e-06,0.20222017168998718,0.7826868295669556,-0.03302333876490593,0.23273132741451263,0.7139731049537659,-0.0663955807685852,0.26426073908805847,0.6862645745277405,-0.09324762970209122,0.2860650420188904,0.6797767281532288,-0.12048995494842529,0.18750107288360596,0.7239320874214172,-0.10793840885162354,0.2034292221069336,0.7103666067123413,-0.15792438387870789,0.23871448636054993,0.6971184015274048,-0.19057297706604004,0.2710006833076477,0.6837471127510071,-0.21045969426631927,0.18816699087619781,0.7964620590209961,-0.11296507716178894,0.2693743407726288,0.778619647026062,-0.16921266913414001,0.34351226687431335,0.7513566613197327,-0.19500571489334106,0.4023134708404541,0.7325061559677124,-0.2093954086303711,0.2059425413608551,0.8662236928939819,-0.11613745242357254,0.3027651906013489,0.8656852841377258,-0.16419076919555664,0.37199079990386963,0.8342093229293823,-0.1771722435951233,0.4193150997161865,0.808239221572876,-0.18013699352741241,0.2305469661951065,0.9198062419891357,-0.12079507112503052,0.3135475814342499,0.9212227463722229,-0.1516784280538559,0.3590669631958008,0.8996508717536926,-0.1560794562101364,0.3916952311992645,0.8783555030822754,-0.15611663460731506
29,left,0.6520575881004333,0.8614696264266968,-9.821744839655366e-08,0.6695688366889954,0.7981142997741699,-0.03315764665603638,0.6670914888381958,0.7494702339172363,-0.0545155294239521,0.6758529543876648,0.716017484664917,-0.07131575793027878,0.6985582113265991,0.705750584602356,-0.09050551056861877,0.6003033518791199,0.7792169451713562,-0.04451267048716545,0.5504351854324341,0.786444902420044,-0.06519173830747604,0.5125882625579834,0.7886255383491516,-0.08643008023500443,0.47509703040122986,0.7842751741409302,-0.10250917822122574,0.5737528204917908,0.7974348664283752,-0.03635638952255249,0.5117679834365845,0.7909953594207764,-0.0512186698615551,0.46735239028930664,0.7806357741355896,-0.07128222286701202,0.4275849461555481,0.7706184387207031,-0.09022501856088638,0.55764240026474,0.8033658266067505,-0.02843044511973858,0.4964980483055115,0.7880104184150696,-0.041688401252031326,0.4571787714958191,0.7733332514762878,-0.05537710711359978,0.4246639013290405,0.7607323527336121,-0.06729166954755783,0.5494046211242676,0.8047152161598206,-0.022965701296925545,0.4984106421470642,0.7825495004653931,-0.02966168150305748,0.467769980430603,0.7719175219535828,-0.030365517362952232,0.443188339471817,0.7620658874511719,-0.033325809985399246
30,right,0.1875620186328888,0.8794103860855103,9.727572205520119e-07,0.20367062091827393,0.7831457853317261,-0.03236418589949608,0.23368516564369202,0.71430903673172,-0.0642535611987114,0.2627049386501312,0.6831643581390381,-0.08947793394327164,0.2807596027851105,0.6672108769416809,-0.1150001734495163,0.1880110800266266,0.7304767370223999,-0.10751799494028091,0.2012251764535904,0.7146892547607422,-0.15665556490421295,0.23766890168190002,0.6981159448623657,-0.1890576332807541,0.27043023705482483,0.6835764646530151,-0.20883463323116302,0.1881299912929535,0.8014605641365051,-0.11219442635774612,0.2710210084915161,0.7816541790962219,-0.1665623039007187,0.3448306620121002,0.7522091865539551,-0.19177231192588806,0.40228140354156494,0.7324333786964417,-0.20622698962688446,0.20599688589572906,0.8691400289535522,-0.11487529426813126,0.3055937886238098,0.8676186203956604,-0.16177964210510254,0.3746281564235687,0.8335169553756714,-0.17458727955818176,0.4212435483932495,0.8072825074195862,-0.17803998291492462,0.23073604702949524,0.9210580587387085,-0.11911985278129578,0.3135790228843689,0.9234368801116943,-0.15135711431503296,0.3600262701511383,0.9003156423568726,-0.1567617654800415,0.3940834701061249,0.879133403301239,-0.15737222135066986
30,left,0.653060257434845,0.8640137910842896,2.980670998908863e-08,0.6678481101989746,0.8007398843765259,-0.03042074479162693,0.664757490158081,0.7568182945251465,-0.053743306547403336,0.6765214800834656,0.7224380970001221,-0.07208114862442017,0.6997838020324707,0.708977222442627,-0.09211841225624084,0.6054979562759399,0.7867801189422607,-0.05630698800086975,0.5506914854049683,0.785693883895874,-0.07807285338640213,0.5115557909011841,0.7837638258934021,-0.09639047831296921,0.4712940454483032,0.7785505056381226,-0.10939253121614456,0.5774884819984436,0.8093066215515137,-0.047780364751815796,0.5082413554191589,0.7913596034049988,-0.06395410001277924,0.4610629975795746,0.7767540812492371,-0.07786966115236282,0.42026934027671814,0.7642114162445068,-0.09083579480648041,0.5579191446304321,0.8189455270767212,-0.03806226700544357,0.49133920669555664,0.791512131690979,-0.04992687702178955,0.4518998861312866,0.7728447914123535,-0.05621474236249924,0.4207792282104492,0.7562771439552307,-0.06178008392453194,0.5471755266189575,0.818279504776001,-0.030544251203536987,0.49749523401260376,0.7869904637336731,-0.035379815846681595,0.4662836492061615,0.7708456516265869,-0.03254455700516701,0.4414985775947571,0.7558891177177429,-0.03169015049934387
31,right,0.18551215529441833,0.859889030456543,5.804508305118361e-07,0.20446839928627014,0.7713309526443481,-0.018740804865956306,0.2333129346370697,0.7047507166862488,-0.04223398119211197,0.26163026690483093,0.666902482509613,-0.058238107711076736,0.27668893337249756,0.6464346051216125,-0.07288219034671783,0.18854868412017822,0.7389181852340698,-0.10167546570301056,0.2055947482585907,0.706850528717041,-0.14748084545135498,0.24533459544181824,0.6951349973678589,-0.17507930099964142,0.2843669056892395,0.6864790320396423,-0.19088199734687805,0.19120202958583832,0.8150690197944641,-0.10672730207443237,0.2793292701244354,0.7793470025062561,-0.1529010683298111,0.3515651822090149,0.7560662031173706,-0.17411604523658752,0.4075993299484253,0.7357938885688782,-0.18821501731872559,0.2120673954486847,0.8795774579048157,-0.10785441845655441,0.31351953744888306,0.8621048331260681,-0.14771956205368042,0.382848858833313,0.8343543410301208,-0.16303536295890808,0.4291455149650574,0.8060500025749207,-0.1689673364162445,0.24063828587532043,0.9292834997177124,-0.10729441046714783,0.32480156421661377,0.9153048992156982,-0.12821784615516663,0.367009699344635,0.8943651914596558,-0.1314752995967865,0.39429759979248047,0.8675425052642822,-0.13303214311599731
31,left,0.6509160995483398,0.8594714999198914,-4.4274234056729256e-08,0.6693086624145508,0.7946354150772095,-0.03643123432993889,0.6684125065803528,0.7481368780136108,-0.06070352718234062,0.6765644550323486,0.7137323617935181,-0.08009248226881027,0.6989883184432983,0.702836811542511,-0.1016286164522171,0.5975999236106873,0.7751311659812927,-0.04873582720756531,0.5534147024154663,0.7856738567352295,-0.07154759019613266,0.5169225335121155,0.7892544269561768,-0.09424632787704468,0.4786013960838318,0.7850080728530884,-0.11124300211668015,0.5705892443656921,0.7940723896026611,-0.03949876129627228,0.5095250010490417,0.7871938943862915,-0.05767437443137169,0.46296316385269165,0.7772517800331116,-0.07909909635782242,0.4207785725593567,0.7685344219207764,-0.09815848618745804,0.5539917945861816,0.8012787103652954,-0.03051644004881382,0.49261653423309326,0.7834798693656921,-0.04655304551124573,0.44959694147109985,0.7669029831886292,-0.06085685268044472,0.4141625761985779,0.7537993788719177,-0.07232186198234558,0.5454896092414856,0.8038763403892517,-0.024137038737535477,0.49609094858169556,0.777849555015564,-0.03205103799700737,0.4639415740966797,0.7652555704116821,-0.0330691896378994,0.43868517875671387,0.7548229098320007,-0.03583778813481331
32,right,0.17503699660301208,0.894446611404419,8.84754626895301e-07,0.2010190486907959,0.7970545291900635,-0.025234641507267952,0.23864267766475677,0.7234190106391907,-0.05165264010429382,0.26789548993110657,0.6839248538017273,-0.07155431061983109,0.2834492027759552,0.649681568145752,-0.09139939397573471,0.19344937801361084,0.7347972393035889,-0.09764410555362701,0.20462927222251892,0.7144608497619629,-0.14296342432498932,0.24594637751579285,0.7016700506210327,-0.17132258415222168,0.2874022424221039,0.6900946497917175,-0.18788032233715057,0.19531002640724182,0.8019977807998657,-0.10255144536495209,0.2790885865688324,0.7783984541893005,-0.15224649012088776,0.3566153347492218,0.7555298209190369,-0.17553728818893433,0.41763752698898315,0.7392076849937439,-0.18935082852840424,0.21207600831985474,0.8676734566688538,-0.10495621711015701,0.3102972209453583,0.8667424321174622,-0.1490558683872223,0.3826960325241089,0.8385555744171143,-0.1633053869009018,0.4341537356376648,0.8122676014900208,-0.1679181456565857,0.23537585139274597,0.9191159009933472,-0.10749905556440353,0.31787073612213135,0.9180371761322021,-0.1354641616344452,0.3620659112930298,0.898677408695221,-0.1402907818555832,0.39509063959121704,0.8773574233055115,-0.14123806357383728
32,left,0.6393508315086365,0.8485457897186279,4.6648688112327363e-07,0.6588224172592163,0.7939586639404297,-0.05040232092142105,0.6580700874328613,0.7501389980316162,-0.08449579775333405,0.6679503917694092,0.7212201356887817,-0.10970014333724976,0.6930577754974365,0.7023816704750061,-0.13488540053367615,0.6001920104026794,0.797113299369812,-0.0916297659277916,0.5488543510437012,0.7835987210273743,-0.12348461151123047,0.5122873187065125,0.7775632739067078,-0.14255084097385406,0.47621476650238037,0.7760816812515259,-0.15475881099700928,0.5740405321121216,0.8161314129829407,-0.07667069882154465,0.5077421069145203,0.7797994613647461,-0.10766494274139404,0.4614286422729492,0.7505504488945007,-0.12424637377262115,0.4219203591346741,0.7301857471466064,-0.1347285360097885,0.5562858581542969,0.8228302597999573,-0.06137540936470032,0.49804967641830444,0.7879166007041931,-0.083524689078331,0.4575655460357666,0.7588345408439636,-0.09732765704393387,0.4232228994369507,0.7363840341567993,-0.10519272089004517,0.545024037361145,0.8226324319839478,-0.04942464455962181,0.5046942234039307,0.7959309220314026,-0.06350449472665787,0.4732200503349304,0.7779630422592163,-0.07078316062688828,0.44722288846969604,0.7626311779022217,-0.0755162462592125
33,right,0.18654951453208923,0.8772879838943481,8.95643722742534e-07,0.20653405785560608,0.7848389744758606,-0.024999329820275307,0.24355709552764893,0.7173824310302734,-0.050806675106287,0.275704950094223,0.6789616346359253,-0.069724440574646,0.29168903827667236,0.6485174894332886,-0.08824990689754486,0.1980261653661728,0.7325158715248108,-0.09786047041416168,0.20863261818885803,0.7104885578155518,-0.1414428949356079,0.24726824462413788,0.6986242532730103,-0.168577179312706,0.285139799118042,0.687993049621582,-0.184511199593544,0.19764858484268188,0.7991234064102173,-0.1021546870470047,0.2815771698951721,0.7762438058853149,-0.15047551691532135,0.35555121302604675,0.754037618637085,-0.17267540097236633,0.41304072737693787,0.7379400730133057,-0.18587501347064972,0.21395409107208252,0.8643810749053955,-0.1037074476480484,0.31513532996177673,0.8613155484199524,-0.14664886891841888,0.38594871759414673,0.8366526961326599,-0.15880165994167328,0.43487781286239624,0.8150841593742371,-0.16205137968063354,0.23787489533424377,0.9160962104797363,-0.10540720075368881,0.3243788480758667,0.9144350290298462,-0.13359075784683228,0.36991775035858154,0.8965103030204773,-0.13785718381404877,0.40315747261047363,0.877390444278717,-0.13815826177597046
33,left,0.6550058126449585,0.8579358458518982,-1.266131448574015e-07,0.6734029054641724,0.797866702079773,-0.024379422888159752,0.6710355281829834,0.7525065541267395,-0.045368075370788574,0.6785171627998352,0.7183847427368164,-0.06242906674742699,0.6991616487503052,0.7026677131652832,-0.08210406452417374,0.6155125498771667,0.7848353385925293,-0.05446527525782585,0.5675494074821472,0.7866422533988953,-0.07842084020376205,0.5303002595901489,0.7877907752990723,-0.09813778847455978,0.4914622902870178,0.7842906713485718,-0.11187240481376648,0.5864744186401367,0.8054715991020203,-0.050394102931022644,0.5249060392379761,0.790428638458252,-0.06827737390995026,0.47833484411239624,0.7779646515846252,-0.08388067781925201,0.43737396597862244,0.7675002813339233,-0.09854540973901749,0.5673407316207886,0.8120794892311096,-0.04471496492624283,0.508995532989502,0.7880362272262573,-0.057882796972990036,0.47152042388916016,0.7739010453224182,-0.06578147411346436,0.44040101766586304,0.7600252032279968,-0.0733461081981659,0.5572388172149658,0.8117277026176453,-0.04062967747449875,0.5118956565856934,0.7862961292266846,-0.04712333157658577,0.4828043580055237,0.774278461933136,-0.04573539271950722,0.45812880992889404,0.7620259523391724,-0.04649972543120384
34,right,0.1969425529241562,0.8732782006263733,9.253001280740136e-07,0.2202170491218567,0.7775652408599854,-0.025577953085303307,0.25494471192359924,0.7103676199913025,-0.053433727473020554,0.283541738986969,0.6748465299606323,-0.07511907815933228,0.2953045070171356,0.6479263305664062,-0.09667325764894485,0.20614749193191528,0.7261016964912415,-0.10233426839113235,0.2140703648328781,0.7085250020027161,-0.14790315926074982,0.2509857416152954,0.6958351731300354,-0.1771804690361023,0.2869660258293152,0.6819879412651062,-0.19513344764709473,0.20330560207366943,0.7946890592575073,-0.10796156525611877,0.28483572602272034,0.7767485976219177,-0.16157041490077972,0.35952532291412354,0.7505856156349182,-0.18763360381126404,0.4173082113265991,0.7305242419242859,-0.20294886827468872,0.21896149218082428,0.8624539375305176,-0.11032197624444962,0.3205919861793518,0.8610086441040039,-0.15681204199790955,0.3929782509803772,0.8314048051834106,-0.17044496536254883,0.44079387187957764,0.8059513568878174,-0.1740780472755432,0.24239738285541534,0.9151648283004761,-0.11295342445373535,0.33149415254592896,0.9142399430274963,-0.14332306385040283,0.3799391984939575,0.8932495713233948,-0.1482837051153183,0.4142354726791382,0.8716713190078735,-0.14872866868972778
34,left,0.6507607102394104,0.8474248051643372,-4.636447314965153e-08,0.6693427562713623,0.7873338460922241,-0.03602176159620285,0.669945240020752,0.7400864362716675,-0.0596698634326458,0.6784383058547974,0.7076840400695801,-0.0774015560746193,0.6981629729270935,0.6943538188934326,-0.09748638421297073,0.6053637266159058,0.7771820425987244,-0.055637177079916,0.5603018403053284,0.7828017473220825,-0.07805683463811874,0.5246527791023254,0.7847317457199097,-0.09930362552404404,0.4880947768688202,0.7795286774635315,-0.11497722566127777,0.579463005065918,0.7997668981552124,-0.04540738835930824,0.5181971192359924,0.7884494066238403,-0.06249462440609932,0.4741854667663574,0.7746772766113281,-0.08195681869983673,0.43497079610824585,0.7609328627586365,-0.10035180300474167,0.5636494159698486,0.8082847595214844,-0.03485528752207756,0.5049663186073303,0.7883447408676147,-0.04967253655195236,0.46581584215164185,0.7710933685302734,-0.06254652887582779,0.43408307433128357,0.7562875151634216,-0.07375499606132507,0.5544191598892212,0.8091047406196594,-0.026754381135106087,0.5094776749610901,0.7830506563186646,-0.03445352241396904,0.4812254011631012,0.7693036198616028,-0.03571988269686699,0.45820432901382446,0.7571395635604858,-0.039110422134399414
35,right,0.20126967132091522,0.8706432580947876,9.021280789056618e-07,0.22573742270469666,0.7741419672966003,-0.025946252048015594,0.2572162449359894,0.7052372097969055,-0.051835641264915466,0.28229328989982605,0.6685929894447327,-0.07269217818975449,0.2924133837223053,0.643892228603363,-0.09395943582057953,0.2059568464756012,0.7233271598815918,-0.08932337164878845,0.2222185730934143,0.7120618224143982,-0.1315700262784958,0.2575409412384033,0.6994501352310181,-0.15894460678100586,0.2900039851665497,0.6858575344085693,-0.17557750642299652,0.20765694975852966,0.7924626469612122,-0.0953095331788063,0.2908404469490051,0.7737154364585876,-0.14272354543209076,0.36434465646743774,0.7450664043426514,-0.16568413376808167,0.42229241132736206,0.7260866165161133,-0.17910078167915344,0.22534404695034027,0.859243631362915,-0.0996595099568367,0.3229900598526001,0.8564743399620056,-0.1436994969844818,0.39324310421943665,0.82616126537323,-0.15859955549240112,0.4407069683074951,0.800895094871521,-0.16320651769638062,0.2490859180688858,0.9109094142913818,-0.10468465834856033,0.3304708003997803,0.9127609133720398,-0.135887011885643,0.37846171855926514,0.8913717269897461,-0.14307615160942078,0.41374218463897705,0.8705503344535828,-0.14486847817897797
35,left,0.6584019660949707,0.8511112928390503,-9.483154883582756e-08,0.6734359860420227,0.7888137698173523,-0.028283068910241127,0.6714744567871094,0.7418063282966614,-0.04855213686823845,0.6801875233650208,0.7075198888778687,-0.0649133026599884,0.7004690170288086,0.6926682591438293,-0.08446211367845535,0.6174619197845459,0.7732496857643127,-0.0437367744743824,0.5636774301528931,0.7821175456047058,-0.06537492573261261,0.5230525732040405,0.7830350399017334,-0.08668509870767593,0.48499608039855957,0.7786054015159607,-0.10180861502885818,0.5946869254112244,0.7992678284645081,-0.037615176290273666,0.5335986018180847,0.7886929512023926,-0.051712993532419205,0.48931899666786194,0.771772563457489,-0.069111168384552,0.45099127292633057,0.7590169310569763,-0.08566994220018387,0.5799897313117981,0.8105063438415527,-0.03141280263662338,0.5213414430618286,0.792742133140564,-0.043740175664424896,0.4824090600013733,0.7778599262237549,-0.05356115475296974,0.45220863819122314,0.7656832933425903,-0.062143586575984955,0.5701578855514526,0.8143507838249207,-0.027383072301745415,0.5241712331771851,0.7905233502388,-0.03396120294928551,0.49525612592697144,0.7791462540626526,-0.03283229470252991,0.47217026352882385,0.7694988250732422,-0.03362080454826355
36,right,0.2035643607378006,0.8723167181015015,8.78517823821312e-07,0.22917520999908447,0.7844125628471375,-0.027617497369647026,0.2624838948249817,0.7178256511688232,-0.05346786603331566,0.28829270601272583,0.6809753775596619,-0.07341858744621277,0.2991401255130768,0.6496166586875916,-0.09350207448005676,0.2078801393508911,0.7330279350280762,-0.09250520169734955,0.2180667370557785,0.7125506401062012,-0.13538038730621338,0.2555522322654724,0.6966841220855713,-0.16321873664855957,0.2920650839805603,0.6811795234680176,-0.18011653423309326,0.2089475840330124,0.7992472052574158,-0.09709685295820236,0.29271188378334045,0.7754608988761902,-0.14418919384479523,0.36444491147994995,0.7472324371337891,-0.16598011553287506,0.42165088653564453,0.7280625104904175,-0.17875131964683533,0.2262428104877472,0.8634802103042603,-0.10017550736665726,0.32709529995918274,0.8587086200714111,-0.14290685951709747,0.39527827501296997,0.8289592266082764,-0.15522946417331696,0.44190067052841187,0.8042605519294739,-0.1587347388267517,0.25022733211517334,0.9133908152580261,-0.10426557809114456,0.3327465057373047,0.915203869342804,-0.13515010476112366,0.38008227944374084,0.8962669968605042,-0.14110323786735535,0.41531556844711304,0.8770646452903748,-0.14213848114013672
36,left,0.654512882232666,0.8483487367630005,-1.3536070753161766e-07,0.6689093708992004,0.7869981527328491,-0.02638627588748932,0.6696010231971741,0.7401991486549377,-0.04586111754179001,0.678690493106842,0.7056039571762085,-0.06164637580513954,0.6970465779304504,0.6891570687294006,-0.08084720373153687,0.6222233772277832,0.7648434638977051,-0.04156244546175003,0.567948579788208,0.7775706052780151,-0.06350617855787277,0.5279685258865356,0.7796154022216797,-0.08545611798763275,0.4917040467262268,0.7756798267364502,-0.10003922134637833,0.5999611616134644,0.7957055568695068,-0.03604802116751671,0.539382815361023,0.7864980697631836,-0.04978194832801819,0.49723291397094727,0.769221842288971,-0.06648843735456467,0.46167969703674316,0.7555142641067505,-0.08191709220409393,0.585358202457428,0.8104298114776611,-0.03041282668709755,0.529882550239563,0.7948689460754395,-0.042832519859075546,0.49512583017349243,0.7808806896209717,-0.05116933956742287,0.4689631462097168,0.7686561346054077,-0.05786847695708275,0.57528156042099,0.8158686757087708,-0.026713259518146515,0.5322233438491821,0.7944571375846863,-0.031883638352155685,0.5056354999542236,0.7842931747436523,-0.02801560051739216,0.4856269359588623,0.7759464979171753,-0.026299986988306046
