1,right,0,0,0,0,0,0,0,0,0,0,0,0,0,0,0,0,0,0,0,0,0,0,0,0,0,0,0,0,0,0,0,0,0,0,0,0,0,0,0,0,0,0,0,0,0,0,0,0,0,0,0,0,0,0,0,0,0,0,0,0,0,0,0
1,left,0,0,0,0,0,0,0,0,0,0,0,0,0,0,0,0,0,0,0,0,0,0,0,0,0,0,0,0,0,0,0,0,0,0,0,0,0,0,0,0,0,0,0,0,0,0,0,0,0,0,0,0,0,0,0,0,0,0,0,0,0,0,0
2,right,0,0,0,0,0,0,0,0,0,0,0,0,0,0,0,0,0,0,0,0,0,0,0,0,0,0,0,0,0,0,0,0,0,0,0,0,0,0,0,0,0,0,0,0,0,0,0,0,0,0,0,0,0,0,0,0,0,0,0,0,0,0,0
2,left,0,0,0,0,0,0,0,0,0,0,0,0,0,0,0,0,0,0,0,0,0,0,0,0,0,0,0,0,0,0,0,0,0,0,0,0,0,0,0,0,0,0,0,0,0,0,0,0,0,0,0,0,0,0,0,0,0,0,0,0,0,0,0
3,right,0,0,0,0,0,0,0,0,0,0,0,0,0,0,0,0,0,0,0,0,0,0,0,0,0,0,0,0,0,0,0,0,0,0,0,0,0,0,0,0,0,0,0,0,0,0,0,0,0,0,0,0,0,0,0,0,0,0,0,0,0,0,0
3,left,0,0,0,0,0,0,0,0,0,0,0,0,0,0,0,0,0,0,0,0,0,0,0,0,0,0,0,0,0,0,0,0,0,0,0,0,0,0,0,0,0,0,0,0,0,0,0,0,0,0,0,0,0,0,0,0,0,0,0,0,0,0,0
4,right,0,0,0,0,0,0,0,0,0,0,0,0,0,0,0,0,0,0,0,0,0,0,0,0,0,0,0,0,0,0,0,0,0,0,0,0,0,0,0,0,0,0,0,0,0,0,0,0,0,0,0,0,0,0,0,0,0,0,0,0,0,0,0
4,left,0,0,0,0,0,0,0,0,0,0,0,0,0,0,0,0,0,0,0,0,0,0,0,0,0,0,0,0,0,0,0,0,0,0,0,0,0,0,0,0,0,0,0,0,0,0,0,0,0,0,0,0,0,0,0,0,0,0,0,0,0,0,0
5,right,0,0,0,0,0,0,0,0,0,0,0,0,0,0,0,0,0,0,0,0,0,0,0,0,0,0,0,0,0,0,0,0,0,0,0,0,0,0,0,0,0,0,0,0,0,0,0,0,0,0,0,0,0,0,0,0,0,0,0,0,0,0,0
5,left,0,0,0,0,0,0,0,0,0,0,0,0,0,0,0,0,0,0,0,0,0,0,0,0,0,0,0,0,0,0,0,0,0,0,0,0,0,0,0,0,0,0,0,0,0,0,0,0,0,0,0,0,0,0,0,0,0,0,0,0,0,0,0
6,right,0,0,0,0,0,0,0,0,0,0,0,0,0,0,0,0,0,0,0,0,0,0,0,0,0,0,0,0,0,0,0,0,0,0,0,0,0,0,0,0,0,0,0,0,0,0,0,0,0,0,0,0,0,0,0,0,0,0,0,0,0,0,0
6,left,0,0,0,0,0,0,0,0,0,0,0,0,0,0,0,0,0,0,0,0,0,0,0,0,0,0,0,0,0,0,0,0,0,0,0,0,0,0,0,0,0,0,0,0,0,0,0,0,0,0,0,0,0,0,0,0,0,0,0,0,0,0,0
7,right,0.28739485144615173,0.7714408040046692,1.278719423680741e-07,0.33661311864852905,0.7122827172279358,0.014956374652683735,0.3874371349811554,0.661669909954071,0.01324694324284792,0.4236907958984375,0.6308192014694214,0.0047743069007992744,0.4515135586261749,0.6062982082366943,-0.004437835421413183,0.3819460868835449,0.5998068451881409,-0.00742280762642622,0.42735907435417175,0.5293017625808716,-0.024820756167173386,0.4660010039806366,0.5261597633361816,-0.034335460513830185,0.4920351803302765,0.5374100804328918,-0.038310110569000244,0.3657585680484772,0.6198092103004456,-0.02752426452934742,0.4259760081768036,0.5963747501373291,-0.04767386615276337,0.4630846381187439,0.6218878030776978,-0.055960044264793396,0.4823194444179535,0.6523755192756653,-0.059228114783763885,0.349882036447525,0.6570891737937927,-0.04650668799877167,0.39905697107315063,0.6928536891937256,-0.0699562206864357,0.4260466992855072,0.7467631697654724,-0.07496221363544464,0.43927642703056335,0.7863947153091431,-0.0732785016298294,0.3389433026313782,0.7019931674003601,-0.06360568106174469,0.3731653392314911,0.7190521955490112,-0.07594051212072372,0.3916788101196289,0.7470914125442505,-0.0727541595697403,0.40022408962249756,0.7728755474090576,-0.06752283871173859
7,left,0.6654376983642578,0.9519211053848267,6.254595774635163e-08,0.6632285714149475,0.921314537525177,-0.051017533987760544,0.6545847058296204,0.8777519464492798,-0.08191938698291779,0.6718629598617554,0.8358255624771118,-0.10559393465518951,0.6977952718734741,0.8275038003921509,-0.12927551567554474,0.5804140567779541,0.9066367745399475,-0.06556890904903412,0.511957049369812,0.9128326773643494,-0.09877317398786545,0.4631615877151489,0.9129109978675842,-0.1265263855457306,0.4250224232673645,0.9169265031814575,-0.14401698112487793,0.560668408870697,0.8866748809814453,-0.04949890077114105,0.47815078496932983,0.8737797737121582,-0.07477106153964996,0.4312971234321594,0.8666212558746338,-0.09361729770898819,0.39806967973709106,0.8687592148780823,-0.10707729309797287,0.5509337782859802,0.8603718876838684,-0.035960160195827484,0.47662588953971863,0.835760772228241,-0.055469054728746414,0.44315189123153687,0.8231647610664368,-0.06572185456752777,0.4201153516769409,0.817535936832428,-0.07070767134428024,0.5468729138374329,0.8323028683662415,-0.026581188663840294,0.4954494833946228,0.8065224289894104,-0.03334944322705269,0.46963125467300415,0.789670467376709,-0.03146374970674515,0.4545127749443054,0.7787484526634216,-0.029913635924458504
8,right,0.34722501039505005,0.6864863038063049,1.8327429529563233e-07,0.414836049079895,0.6691540479660034,0.009694743901491165,0.4581649601459503,0.6227337718009949,0.004766508471220732,0.48869022727012634,0.58476722240448,-0.00641087768599391,0.5145781636238098,0.555535078048706,-0.0177688580006361,0.4482262134552002,0.533024787902832,-0.007390092127025127,0.5052450895309448,0.4953526556491852,-0.028515901416540146,0.5390291810035706,0.4941313862800598,-0.04091334715485573,0.5701056718826294,0.5000125169754028,-0.04986417293548584,0.43604910373687744,0.5379968881607056,-0.029552211984992027,0.4980752766132355,0.49948325753211975,-0.05634429678320885,0.5399348735809326,0.505432665348053,-0.07033083587884903,0.5791023969650269,0.5176928043365479,-0.07945851981639862,0.4217519760131836,0.565747082233429,-0.05258716642856598,0.48978546261787415,0.5703381299972534,-0.08355890959501266,0.51893150806427,0.614912211894989,-0.09398055821657181,0.5423521995544434,0.649074912071228,-0.09858448803424835,0.41176846623420715,0.609642744064331,-0.07477600872516632,0.4524058997631073,0.5930215716362,-0.1008695587515831,0.48181259632110596,0.5826708078384399,-0.1123984158039093,0.5123745203018188,0.5738591551780701,-0.12002317607402802
8,left,0.6459448337554932,0.8998000621795654,-4.6008537424313545e-08,0.6638654470443726,0.8431661128997803,-0.0354163758456707,0.6651574373245239,0.793952465057373,-0.06157565116882324,0.6851213574409485,0.7554028630256653,-0.08269467204809189,0.7101583480834961,0.7434680461883545,-0.10545752942562103,0.5909320116043091,0.8300006985664368,-0.059226345270872116,0.53371661901474,0.8364564180374146,-0.08615212887525558,0.4938719570636749,0.8453264832496643,-0.10937746614217758,0.45421886444091797,0.8519362807273865,-0.12533628940582275,0.5619528889656067,0.8379489779472351,-0.0494379997253418,0.49030017852783203,0.8384190797805786,-0.0715525671839714,0.44271188974380493,0.8379107713699341,-0.09102065861225128,0.4014197587966919,0.8393011093139648,-0.10772638022899628,0.5416713953018188,0.8362994194030762,-0.039029356092214584,0.47445759177207947,0.8214991688728333,-0.05463377758860588,0.4348660111427307,0.8122474551200867,-0.06279313564300537,0.4043644070625305,0.805637001991272,-0.06940818578004837,0.5304470658302307,0.8263304829597473,-0.031144358217716217,0.4846469759941101,0.8003496527671814,-0.03543499484658241,0.45562511682510376,0.7861895561218262,-0.031681012362241745,0.43147599697113037,0.7746887803077698,-0.03077962063252926
9,right,0,0,0,0,0,0,0,0,0,0,0,0,0,0,0,0,0,0,0,0,0,0,0,0,0,0,0,0,0,0,0,0,0,0,0,0,0,0,0,0,0,0,0,0,0,0,0,0,0,0,0,0,0,0,0,0,0,0,0,0,0,0,0
9,left,0.6470671892166138,0.8588813543319702,-3.374751145202026e-08,0.6673901677131653,0.7946050763130188,-0.023557931184768677,0.6686750650405884,0.7391261458396912,-0.043476879596710205,0.6902318596839905,0.7110413312911987,-0.05892101675271988,0.714809775352478,0.7195167541503906,-0.0783156007528305,0.610636293888092,0.7857911586761475,-0.05465716868638992,0.5546385645866394,0.7954090237617493,-0.07374972105026245,0.5151886940002441,0.8011590242385864,-0.09263625741004944,0.4765312075614929,0.8021254539489746,-0.10655827820301056,0.5828784704208374,0.8110010623931885,-0.0473279170691967,0.5180683732032776,0.8039844632148743,-0.057110365480184555,0.47413116693496704,0.7997543215751648,-0.07014216482639313,0.4363355040550232,0.8010551333427429,-0.0839083269238472,0.565172016620636,0.821800708770752,-0.03750740736722946,0.505949854850769,0.8005746006965637,-0.04127870500087738,0.47061342000961304,0.789099395275116,-0.046848222613334656,0.4438748359680176,0.7816276550292969,-0.05369957163929939,0.5550373196601868,0.822525680065155,-0.029087472707033157,0.5110435485839844,0.8011826276779175,-0.02671371027827263,0.4841405153274536,0.7913154363632202,-0.020949527621269226,0.46406856179237366,0.7846133708953857,-0.01927519589662552
10,right,0.3744630515575409,0.6816746592521667,4.166129663474294e-09,0.4171835780143738,0.6621130108833313,0.03173283487558365,0.4644310474395752,0.6462414264678955,0.03463767468929291,0.5009823441505432,0.6469889879226685,0.02792396955192089,0.5296274423599243,0.6528828740119934,0.019041147083044052,0.4988625943660736,0.5791518688201904,0.009206457994878292,0.5730398893356323,0.5769022107124329,0.0008667991496622562,0.6063359975814819,0.5859442949295044,-0.0015516652492806315,0.6337242126464844,0.5940516591072083,-0.004356830846518278,0.5000338554382324,0.5863175392150879,-0.019297752529382706,0.582542896270752,0.5972951054573059,-0.026801850646734238,0.6162737607955933,0.6148907542228699,-0.02762378193438053,0.6404981017112732,0.629909336566925,-0.030068043619394302,0.4918498992919922,0.6167762279510498,-0.046063851565122604,0.5700634121894836,0.6360820531845093,-0.05566892772912979,0.5902170538902283,0.6576504111289978,-0.05411459133028984,0.6014934182167053,0.6731247305870056,-0.054956674575805664,0.4817923307418823,0.6646686792373657,-0.07033473998308182,0.5277895927429199,0.6678336262702942,-0.08279059082269669,0.5556614398956299,0.6728721261024475,-0.08548667281866074,0.5811132788658142,0.6790814399719238,-0.0877990648150444
10,left,0.645549476146698,0.855758011341095,1.726331362306155e-07,0.6691416501998901,0.7940224409103394,-0.035310059785842896,0.6703331470489502,0.745499312877655,-0.06292281299829483,0.6919335722923279,0.7196078896522522,-0.08429659903049469,0.7200164198875427,0.7181881666183472,-0.10836628079414368,0.6090383529663086,0.786870539188385,-0.06704752147197723,0.5545300245285034,0.7939153909683228,-0.08826906234025955,0.5177305936813354,0.7986709475517273,-0.10675165802240372,0.48006677627563477,0.8014593124389648,-0.11946356296539307,0.5804346799850464,0.8137201070785522,-0.05256953090429306,0.5178831815719604,0.798147976398468,-0.06617768108844757,0.47902390360832214,0.781588613986969,-0.07840333878993988,0.4448559880256653,0.7706856727600098,-0.09041967988014221,0.5627940893173218,0.8260512948036194,-0.03570852056145668,0.5108629465103149,0.7918458580970764,-0.04017539694905281,0.48727893829345703,0.7682597637176514,-0.0389852300286293,0.4711996614933014,0.7507652640342712,-0.03973107412457466,0.5524850487709045,0.826458752155304,-0.021580113098025322,0.5147886276245117,0.7912288308143616,-0.017526010051369667,0.4968107342720032,0.7687631249427795,-0.006443582009524107,0.4872402846813202,0.7514988780021667,5.6494005548302084e-05
11,right,0.3630100190639496,0.7392647862434387,-1.2271912908090599e-07,0.41413867473602295,0.7114723920822144,0.03197334706783295,0.46613574028015137,0.6819398999214172,0.03354310244321823,0.5050716400146484,0.6693112850189209,0.025893744081258774,0.5377404093742371,0.6576364040374756,0.016414670273661613,0.48733219504356384,0.6258273124694824,-0.003036776091903448,0.5610987544059753,0.6071322560310364,-0.016078829765319824,0.5991693735122681,0.6158052086830139,-0.022741710767149925,0.6291901469230652,0.6297248601913452,-0.02716802805662155,0.4810563921928406,0.6369941234588623,-0.03130515664815903,0.5523982048034668,0.7038604021072388,-0.048321034759283066,0.5514878630638123,0.7502362728118896,-0.052834633737802505,0.5472250580787659,0.771979570388794,-0.055662140250205994,0.4719405174255371,0.6667208671569824,-0.05606584995985031,0.5426672697067261,0.7189586758613586,-0.06863444298505783,0.5323163866996765,0.761458694934845,-0.060379546135663986,0.5223984122276306,0.7796062231063843,-0.055230747908353806,0.46470749378204346,0.7076641917228699,-0.07851152867078781,0.5238133668899536,0.7035011649131775,-0.08728013932704926,0.557365357875824,0.7097328901290894,-0.08224036544561386,0.5894121527671814,0.7155209183692932,-0.07845744490623474
11,left,0.6565916538238525,0.8756086230278015,5.305050763126928e-07,0.6660241484642029,0.8117323517799377,-0.03955816850066185,0.6586472392082214,0.7667369842529297,-0.0688377246260643,0.676328182220459,0.7481147050857544,-0.08987804502248764,0.709470808506012,0.7527825236320496,-0.11187297850847244,0.5986460447311401,0.8226011991500854,-0.08287563174962997,0.536375880241394,0.8197969198226929,-0.10676135122776031,0.4934784173965454,0.8256644606590271,-0.12093713134527206,0.4556204676628113,0.8372161388397217,-0.12888044118881226,0.5785555839538574,0.8516937494277954,-0.06632513552904129,0.5057483315467834,0.8276918530464172,-0.08689756691455841,0.4585276246070862,0.8103228211402893,-0.09744878113269806,0.42302942276000977,0.8025422692298889,-0.10377214848995209,0.5663930177688599,0.865310788154602,-0.04710487648844719,0.5034149885177612,0.8373852372169495,-0.05548400804400444,0.4650382697582245,0.8162550926208496,-0.06149346008896828,0.4378109574317932,0.8045966625213623,-0.06464604288339615,0.5591604113578796,0.8697731494903564,-0.03032565675675869,0.5187080502510071,0.8440290689468384,-0.030729560181498528,0.48995742201805115,0.83121258020401,-0.028868436813354492,0.4680512547492981,0.8239932060241699,-0.02750569023191929
12,right,0.35650259256362915,0.7475292682647705,-5.46311511584463e-08,0.4111024737358093,0.7198719382286072,0.028813404962420464,0.466590940952301,0.6955754160881042,0.031001530587673187,0.5062038898468018,0.6886587738990784,0.025267716497182846,0.5393190979957581,0.6821441650390625,0.017469868063926697,0.48818403482437134,0.6342146396636963,-0.004090460017323494,0.5627102851867676,0.6191262006759644,-0.01815754733979702,0.6050279140472412,0.6306871175765991,-0.026719531044363976,0.6369658708572388,0.6470308899879456,-0.03224469721317291,0.4823179244995117,0.646867036819458,-0.029452797025442123,0.5528853535652161,0.7130451798439026,-0.04688402637839317,0.5523486137390137,0.7589453458786011,-0.052477363497018814,0.5489660501480103,0.7789797186851501,-0.05626627057790756,0.4728403091430664,0.6792936325073242,-0.05169827491044998,0.5434643626213074,0.7337402105331421,-0.06728603690862656,0.5453632473945618,0.7759743928909302,-0.06347887963056564,0.5451461672782898,0.7951524257659912,-0.06092529743909836,0.4641006290912628,0.7211537957191467,-0.07127127796411514,0.5205490589141846,0.7205218076705933,-0.0818464607000351,0.5544978380203247,0.7270219326019287,-0.07821141928434372,0.5870332717895508,0.7325795888900757,-0.07517936080694199
12,left,0.6318970322608948,0.8678625822067261,-1.817453068042596e-07,0.655181884765625,0.825290322303772,-0.02713993564248085,0.6646180152893066,0.7878894209861755,-0.05146827548742294,0.6928094029426575,0.7656196355819702,-0.07148955017328262,0.7268791794776917,0.7782297730445862,-0.09518574178218842,0.615097165107727,0.8205137252807617,-0.05849155783653259,0.5613541603088379,0.8315445184707642,-0.08369404822587967,0.5241972804069519,0.8446325063705444,-0.10709988325834274,0.48658061027526855,0.8547143340110779,-0.12314803153276443,0.5836541652679443,0.8332164287567139,-0.05098527669906616,0.5202934741973877,0.8296080827713013,-0.06792299449443817,0.4788582921028137,0.8386310338973999,-0.08513211458921432,0.4432956576347351,0.8497462272644043,-0.10158602893352509,0.5602774024009705,0.8320742249488831,-0.04181978479027748,0.5084176063537598,0.8085097074508667,-0.052098654210567474,0.4748603105545044,0.8037198781967163,-0.059876106679439545,0.4484945237636566,0.8023452758789062,-0.06800808757543564,0.5463714003562927,0.8204975128173828,-0.03426215425133705,0.5081173777580261,0.7910690307617188,-0.034863557666540146,0.4853886365890503,0.7829524874687195,-0.02936779521405697,0.4663046598434448,0.7776716351509094,-0.028431518003344536
13,right,0.35460126399993896,0.7511056065559387,-3.842267304321467e-08,0.4100996255874634,0.7161195874214172,0.03780694678425789,0.4621981680393219,0.6911643743515015,0.04303990304470062,0.49994906783103943,0.6846060752868652,0.03846929594874382,0.5296306014060974,0.6811737418174744,0.031104376539587975,0.4879268705844879,0.6335266828536987,0.002960201585665345,0.562355637550354,0.6188597679138184,-0.007600595708936453,0.60308837890625,0.6310396790504456,-0.014071387238800526,0.63295578956604,0.6487354636192322,-0.018329858779907227,0.4813569486141205,0.6458702683448792,-0.02668926864862442,0.5550135970115662,0.7136659622192383,-0.040044233202934265,0.5585452914237976,0.7616760730743408,-0.04433634877204895,0.5578994750976562,0.7855154275894165,-0.047810617834329605,0.47291475534439087,0.6787334680557251,-0.052388183772563934,0.5493830442428589,0.7343205213546753,-0.06269603967666626,0.5578067302703857,0.7812983393669128,-0.05830675736069679,0.5622757077217102,0.805949866771698,-0.056723594665527344,0.46565815806388855,0.7211506962776184,-0.07486172020435333,0.5286678671836853,0.7249106168746948,-0.08117470890283585,0.563000500202179,0.737708568572998,-0.07584462314844131,0.5951547622680664,0.7498343586921692,-0.07224466651678085
13,left,0.6398696899414062,0.8796401619911194,-5.286172211071971e-08,0.6623998284339905,0.8299641013145447,-0.03503004088997841,0.6685264110565186,0.790071427822113,-0.0631314143538475,0.6932878494262695,0.7682222127914429,-0.0848638266324997,0.724929690361023,0.7816535830497742,-0.10962684452533722,0.6054795980453491,0.8237234950065613,-0.0673769935965538,0.5529432892799377,0.8428046107292175,-0.09219258278608322,0.5166192054748535,0.8548489809036255,-0.11556235700845718,0.47839635610580444,0.861794650554657,-0.13227277994155884,0.5764908790588379,0.834536612033844,-0.05410405620932579,0.5121060609817505,0.8381287455558777,-0.07200457155704498,0.4717119336128235,0.8448114395141602,-0.0901838093996048,0.43640953302383423,0.8512866497039795,-0.10745114833116531,0.5560207962989807,0.8336977958679199,-0.038796551525592804,0.5049076080322266,0.8144030570983887,-0.049835190176963806,0.47337329387664795,0.8031752109527588,-0.059419091790914536,0.4500648081302643,0.797666609287262,-0.06853105872869492,0.5439156889915466,0.8229825496673584,-0.025448564440011978,0.5075795650482178,0.7958323955535889,-0.02612347900867462,0.48829424381256104,0.7801917195320129,-0.022293362766504288,0.4747745990753174,0.7695236206054688,-0.022726712748408318
14,right,0.3528970181941986,0.7522978782653809,-3.8825206161163806e-08,0.4096011221408844,0.7168810367584229,0.03720978647470474,0.4619518518447876,0.6903030276298523,0.04175350442528725,0.499325692653656,0.682058572769165,0.036487046629190445,0.5295220017433167,0.6761923432350159,0.028613055124878883,0.4864613115787506,0.6349656581878662,0.00285143731161952,0.5624016523361206,0.6172177791595459,-0.007774002850055695,0.6031403541564941,0.6303510069847107,-0.013882572762668133,0.6325188875198364,0.6487377285957336,-0.017754876986145973,0.48040488362312317,0.6471531391143799,-0.026297874748706818,0.5555770397186279,0.7121579051017761,-0.039606690406799316,0.5556366443634033,0.7603848576545715,-0.04242204874753952,0.5518316626548767,0.7827776670455933,-0.044642772525548935,0.47208258509635925,0.679260790348053,-0.051621995866298676,0.5501043796539307,0.7316676378250122,-0.060849666595458984,0.5538367629051208,0.777773916721344,-0.05368087440729141,0.5538190603256226,0.8002897500991821,-0.05015901103615761,0.46475929021835327,0.7209364771842957,-0.0739811584353447,0.5281161665916443,0.7246724963188171,-0.07909110933542252,0.5621613264083862,0.7372626662254333,-0.07225443422794342,0.5932292342185974,0.7477707266807556,-0.06752781569957733
14,left,0.6397377848625183,0.8797500133514404,6.200289703883755e-08,0.6611455678939819,0.8250057101249695,-0.03528556600213051,0.6674021482467651,0.7865417003631592,-0.0658854991197586,0.6929031610488892,0.7665399312973022,-0.09053207188844681,0.7264361381530762,0.7776744961738586,-0.11859417706727982,0.6058531999588013,0.820503830909729,-0.07220237702131271,0.5528222918510437,0.8384839296340942,-0.09934831410646439,0.5151013135910034,0.8494800329208374,-0.12314395606517792,0.4755776524543762,0.8579554557800293,-0.13944025337696075,0.5764878988265991,0.8424707651138306,-0.059332940727472305,0.5123124718666077,0.836380660533905,-0.07787542045116425,0.47178471088409424,0.8347499370574951,-0.09357670694589615,0.43683528900146484,0.8395701050758362,-0.1082000657916069,0.556305468082428,0.850393533706665,-0.044332630932331085,0.5018577575683594,0.828095555305481,-0.05340321362018585,0.4724386930465698,0.8156449794769287,-0.05840723216533661,0.45089805126190186,0.8103562593460083,-0.06380652636289597,0.5438991785049438,0.8483233451843262,-0.03176296129822731,0.5046875476837158,0.8224925398826599,-0.03125913441181183,0.4830580949783325,0.8094840049743652,-0.025305408984422684,0.46794411540031433,0.8025752902030945,-0.023360660299658775
15,right,0.3735332489013672,0.7374055981636047,-4.8952237818866706e-08,0.4158148467540741,0.6940556168556213,0.023441001772880554,0.4683217406272888,0.6657294034957886,0.01860504038631916,0.51007080078125,0.6611592769622803,0.007195912767201662,0.5391555428504944,0.6714566349983215,-0.00577126257121563,0.49403464794158936,0.6201133131980896,-0.022651562467217445,0.5760699510574341,0.6068541407585144,-0.037870705127716064,0.6111750602722168,0.6187902688980103,-0.04260070621967316,0.639671802520752,0.6310216784477234,-0.046248532831668854,0.4898208975791931,0.6350855827331543,-0.047283899039030075,0.5679394602775574,0.7018995881080627,-0.06356608122587204,0.573720395565033,0.7476012706756592,-0.06360076367855072,0.5754371881484985,0.7728445529937744,-0.06430744379758835,0.48025795817375183,0.6692115664482117,-0.06866181641817093,0.5646374821662903,0.7212989330291748,-0.08088203519582748,0.5813856720924377,0.7660263180732727,-0.07443641126155853,0.5916140675544739,0.7934536337852478,-0.07208910584449768,0.471795916557312,0.7109779715538025,-0.0876908078789711,0.5417938232421875,0.7234337329864502,-0.0959048941731453,0.5763630867004395,0.7443708181381226,-0.09142959862947464,0.6065323352813721,0.7619741559028625,-0.0893896147608757
15,left,0.6417375206947327,0.8782815337181091,9.381464849411714e-08,0.6680649518966675,0.8213393092155457,-0.03203720971941948,0.6766797304153442,0.7779701352119446,-0.059029992669820786,0.7033087015151978,0.7633355259895325,-0.08059438318014145,0.7364569306373596,0.7796030044555664,-0.10633470863103867,0.6188358068466187,0.8157908916473389,-0.06547588109970093,0.5709394812583923,0.830024003982544,-0.08816813677549362,0.5349116921424866,0.8421378135681152,-0.10749754309654236,0.49790871143341064,0.8505460619926453,-0.12097020447254181,0.590581476688385,0.8412374258041382,-0.05420450121164322,0.5351197719573975,0.830902099609375,-0.07033346593379974,0.5000825524330139,0.8301683068275452,-0.084549680352211,0.4686177372932434,0.832764744758606,-0.09786859899759293,0.5708473920822144,0.8534359335899353,-0.040812622755765915,0.523535430431366,0.8273976445198059,-0.04882560670375824,0.4967937767505646,0.819563627243042,-0.05276903882622719,0.47623735666275024,0.814568042755127,-0.05744386464357376,0.5583140850067139,0.8550525307655334,-0.02959516830742359,0.521661639213562,0.8295549154281616,-0.0295088030397892,0.5042611956596375,0.8202446699142456,-0.02327415533363819,0.49222826957702637,0.8120861649513245,-0.02082207053899765
16,right,0.34762826561927795,0.7534681558609009,3.4663774073351306e-08,0.403623104095459,0.7130144834518433,0.038334913551807404,0.45642760396003723,0.6791296601295471,0.04270203039050102,0.49473339319229126,0.6655076146125793,0.0376102589070797,0.5258546471595764,0.6698671579360962,0.02921881526708603,0.47966378927230835,0.6204278469085693,-0.0016474095173180103,0.5466554164886475,0.5946532487869263,-0.016523076221346855,0.5886711478233337,0.6008598208427429,-0.024884585291147232,0.6209452152252197,0.6172538995742798,-0.02973702922463417,0.47226402163505554,0.6353747248649597,-0.03305872157216072,0.5505852699279785,0.6957359313964844,-0.04913363978266716,0.5705582499504089,0.7449426651000977,-0.0527576245367527,0.5778158903121948,0.7803986668586731,-0.053924866020679474,0.46029701828956604,0.6726912260055542,-0.06073549762368202,0.5397060513496399,0.7099974155426025,-0.07321304082870483,0.5645188689231873,0.7542044520378113,-0.06879829615354538,0.5822299718856812,0.7848473191261292,-0.06595803052186966,0.4495907425880432,0.7209210395812988,-0.08496135473251343,0.5099448561668396,0.7191286087036133,-0.09350961446762085,0.542129635810852,0.7303929328918457,-0.08793031424283981,0.5725244879722595,0.7420006394386292,-0.08302740007638931
16,left,0.6455287933349609,0.8790856599807739,-4.948197940279897e-08,0.6698875427246094,0.8247091770172119,-0.03015950880944729,0.6759144067764282,0.7804219722747803,-0.05618477985262871,0.7032612562179565,0.7600880861282349,-0.07676035910844803,0.7367861270904541,0.7791567444801331,-0.10171697288751602,0.6249011158943176,0.8203356862068176,-0.06779908388853073,0.5760006904602051,0.8316540718078613,-0.0929531678557396,0.5382716655731201,0.844660758972168,-0.11440613865852356,0.5001001358032227,0.8548496961593628,-0.12897677719593048,0.5948997139930725,0.8447403907775879,-0.058232344686985016,0.5348795652389526,0.8367939591407776,-0.07567338645458221,0.4927448332309723,0.8438243865966797,-0.0917782261967659,0.45606163144111633,0.8541298508644104,-0.1068476140499115,0.5720800757408142,0.8546834588050842,-0.04634515941143036,0.5204592347145081,0.8331490159034729,-0.05530111491680145,0.4857367277145386,0.8302618861198425,-0.06315754354000092,0.45804017782211304,0.8301805257797241,-0.07120007276535034,0.5582261085510254,0.8554325699806213,-0.03621465712785721,0.517162024974823,0.8323420286178589,-0.036105167120695114,0.49329185485839844,0.8261718153953552,-0.0319187305867672,0.4741513729095459,0.8227208852767944,-0.03158934786915779
17,right,0.33118510246276855,0.7488844394683838,3.1212417184178776e-07,0.3760488033294678,0.6850271821022034,0.020582159981131554,0.4282057285308838,0.6453443169593811,0.016464561223983765,0.47257596254348755,0.6314577460289001,0.0070887599140405655,0.507167398929596,0.6434276103973389,-0.004055903293192387,0.4514179229736328,0.5990582704544067,-0.018071908503770828,0.5216736793518066,0.5645955801010132,-0.035730596631765366,0.5670124292373657,0.5643583536148071,-0.044125352054834366,0.599918782711029,0.5736224055290222,-0.0488244853913784,0.44898906350135803,0.6285140514373779,-0.04025138542056084,0.5382280349731445,0.6568236351013184,-0.05810512229800224,0.5690346360206604,0.6972470283508301,-0.062093086540699005,0.5856472253799438,0.7286114692687988,-0.0636778250336647,0.4445939064025879,0.6739692091941833,-0.059682153165340424,0.5292452573776245,0.6930086612701416,-0.07219040393829346,0.5672935843467712,0.723852276802063,-0.06993241608142853,0.5938141942024231,0.7469869256019592,-0.06873686611652374,0.4397009015083313,0.7260993123054504,-0.07709215581417084,0.5046066641807556,0.7267923355102539,-0.08242778480052948,0.5383432507514954,0.7344078421592712,-0.07684200257062912,0.5673896074295044,0.7400117516517639,-0.07283830642700195
17,left,0.655670702457428,0.9028584957122803,4.0720667016103107e-07,0.6707317233085632,0.8408595323562622,-0.03572745993733406,0.6687925457954407,0.7919266819953918,-0.06183946877717972,0.6871576905250549,0.7791717648506165,-0.08147542923688889,0.7217089533805847,0.7859178781509399,-0.10240788757801056,0.6143214106559753,0.851446270942688,-0.07444391399621964,0.5533701777458191,0.8546799421310425,-0.09802991151809692,0.5111193656921387,0.8605713248252869,-0.11179928481578827,0.47492122650146484,0.8718529343605042,-0.11938560754060745,0.5919992923736572,0.8802244067192078,-0.06130274012684822,0.52308189868927,0.8669542074203491,-0.08172864466905594,0.47463458776474,0.8539494276046753,-0.09293873608112335,0.43672674894332886,0.85059654712677,-0.09987930208444595,0.5773593187332153,0.8924964666366577,-0.04612830653786659,0.5180818438529968,0.8721711039543152,-0.056043677031993866,0.4795666038990021,0.8556579351425171,-0.0642414316534996,0.4500468373298645,0.846921443939209,-0.06869526207447052,0.5686459541320801,0.8965530395507812,-0.033255353569984436,0.5291373133659363,0.876617968082428,-0.03498341888189316,0.49890196323394775,0.8647267818450928,-0.0350322499871254,0.47587457299232483,0.8573963642120361,-0.03505735099315643
18,right,0.3139161169528961,0.7443339228630066,3.5326030456417357e-07,0.3590627908706665,0.6772124767303467,0.015721546486020088,0.4162214994430542,0.635282576084137,0.011237101629376411,0.4660071134567261,0.6215733885765076,0.0027104972396045923,0.5059582591056824,0.6283599734306335,-0.006419224664568901,0.43358027935028076,0.5975403189659119,-0.017544163390994072,0.5034109950065613,0.5528138279914856,-0.036351997405290604,0.551861047744751,0.5468471646308899,-0.04645118489861488,0.5887845158576965,0.5517945885658264,-0.0521170049905777,0.4348604083061218,0.6288692355155945,-0.0365014374256134,0.5277295708656311,0.6485695838928223,-0.05571562051773071,0.5644463300704956,0.6866779923439026,-0.06208731606602669,0.5846608877182007,0.7151933908462524,-0.0643906518816948,0.4341399669647217,0.6743842959403992,-0.053217530250549316,0.5189615488052368,0.6864363551139832,-0.06580197811126709,0.5628114938735962,0.713342010974884,-0.06491000205278397,0.5931607484817505,0.732967734336853,-0.06385305523872375,0.4322335422039032,0.7245562076568604,-0.06849489361047745,0.49602994322776794,0.7240215539932251,-0.07344868779182434,0.5307825803756714,0.7307726144790649,-0.06848292797803879,0.5600156188011169,0.7345989942550659,-0.06424028426408768
18,left,0.6466745138168335,0.892017662525177,3.0800748618275975e-08,0.666640043258667,0.8521503806114197,-0.041888948529958725,0.6704922318458557,0.812804102897644,-0.07224886864423752,0.6987670660018921,0.7846109867095947,-0.09735486656427383,0.7306229472160339,0.7835134267807007,-0.12458662688732147,0.5863939523696899,0.8181629180908203,-0.056757986545562744,0.5414725542068481,0.8464733362197876,-0.08400167524814606,0.5039534568786621,0.861496090888977,-0.11057768017053604,0.46799203753471375,0.8689801692962646,-0.13000810146331787,0.5568094253540039,0.8168348073959351,-0.04663005843758583,0.5001649856567383,0.813378095626831,-0.06557656079530716,0.4588838815689087,0.8054507374763489,-0.08703920990228653,0.4229923486709595,0.8020436763763428,-0.10583595931529999,0.5378261804580688,0.8138244152069092,-0.037352707237005234,0.4797761142253876,0.8005203604698181,-0.05017410218715668,0.4442412257194519,0.7905334830284119,-0.06342113763093948,0.4160630702972412,0.7842326760292053,-0.07452597469091415,0.5301831960678101,0.8151614665985107,-0.03144862502813339,0.48198461532592773,0.8093751668930054,-0.03659230098128319,0.4515572190284729,0.8037946224212646,-0.03722544014453888,0.42736324667930603,0.8015444278717041,-0.039402902126312256
19,right,0.29246842861175537,0.7679169774055481,3.8334837881848216e-07,0.3291223347187042,0.6869326829910278,0.00916032213717699,0.3808261454105377,0.6380943655967712,-0.0006201919168233871,0.43155038356781006,0.6243641376495361,-0.012906436808407307,0.4718192517757416,0.6338874101638794,-0.026422644034028053,0.3932638168334961,0.6033730506896973,-0.03686431050300598,0.4580395519733429,0.5548652410507202,-0.061353933066129684,0.5030717849731445,0.5392264723777771,-0.0748448297381401,0.5418097376823425,0.529892086982727,-0.08357145637273788,0.393606036901474,0.6392173171043396,-0.0544673390686512,0.4937233328819275,0.6375724077224731,-0.077996164560318,0.5428174734115601,0.665776789188385,-0.08770617097616196,0.5762758255004883,0.6921759843826294,-0.09362000226974487,0.3936573266983032,0.6899589896202087,-0.06935547292232513,0.48861974477767944,0.6827524900436401,-0.08707954734563828,0.5399914383888245,0.699673056602478,-0.09194893389940262,0.5766687989234924,0.7138034701347351,-0.09519162774085999,0.39657706022262573,0.7439470291137695,-0.08276552706956863,0.46743035316467285,0.7314658164978027,-0.0938498005270958,0.5053977966308594,0.7302765846252441,-0.09467539191246033,0.5376355051994324,0.7289240956306458,-0.09520125389099121
19,left,0.6387256979942322,0.9156938791275024,2.915267032221891e-07,0.652601957321167,0.8575494289398193,-0.03859113156795502,0.6511662602424622,0.811039924621582,-0.06640127301216125,0.6712175011634827,0.7919156551361084,-0.08757434040307999,0.7061233520507812,0.796265184879303,-0.10925509035587311,0.5934050679206848,0.8728067874908447,-0.07352832704782486,0.5347332954406738,0.8819855451583862,-0.09745270758867264,0.49618494510650635,0.8883688449859619,-0.11233238130807877,0.4609721601009369,0.8977978825569153,-0.12141793221235275,0.569881796836853,0.8978343605995178,-0.06083257868885994,0.4997861385345459,0.8834843039512634,-0.07969879359006882,0.45584702491760254,0.8719837665557861,-0.08875764906406403,0.4228326082229614,0.8721420764923096,-0.09556715190410614,0.5530652403831482,0.9061573147773743,-0.04743728041648865,0.48908042907714844,0.8851075172424316,-0.05892672762274742,0.4506070017814636,0.8732020854949951,-0.0663781613111496,0.4209807515144348,0.8686811923980713,-0.07092520594596863,0.5415992140769958,0.9051908254623413,-0.03675391525030136,0.495182603597641,0.8874620795249939,-0.039348866790533066,0.4651317000389099,0.8776904940605164,-0.03853375464677811,0.4415127635002136,0.8718594312667847,-0.038940444588661194
20,right,0.2820574641227722,0.7793328166007996,5.361541184356611e-07,0.31394070386886597,0.6981377601623535,0.005073964595794678,0.36054205894470215,0.6468336582183838,-0.00797470286488533,0.4095436930656433,0.631059467792511,-0.02251034416258335,0.4502413868904114,0.639758288860321,-0.038090866059064865,0.3676828145980835,0.615864098072052,-0.04446855187416077,0.43218547105789185,0.5626623630523682,-0.07020330429077148,0.4777844250202179,0.5431486964225769,-0.08401275426149368,0.5169118046760559,0.5318293571472168,-0.09284577518701553,0.37157756090164185,0.6552477478981018,-0.061091598123311996,0.4725756347179413,0.6439412832260132,-0.08686448633670807,0.5276111960411072,0.6655243635177612,-0.09698990732431412,0.5655714869499207,0.688112199306488,-0.10292810201644897,0.376027911901474,0.7070615887641907,-0.0749441385269165,0.47248268127441406,0.6945153474807739,-0.09419330209493637,0.5267733335494995,0.7056658267974854,-0.09776191413402557,0.5656366944313049,0.7156744003295898,-0.09977839887142181,0.3827351927757263,0.7605401277542114,-0.08763320744037628,0.4528150260448456,0.7447027564048767,-0.09875188022851944,0.49278581142425537,0.7397111654281616,-0.09811783581972122,0.5271714925765991,0.7344740033149719,-0.0973920151591301
20,left,0.6438295841217041,0.9131168723106384,5.818644126520667e-07,0.6528033018112183,0.85219806432724,-0.04778314381837845,0.647886335849762,0.8161459565162659,-0.0808771476149559,0.6655258536338806,0.8019784092903137,-0.10656637698411942,0.7005520462989807,0.7966902256011963,-0.13239198923110962,0.5858062505722046,0.8840523362159729,-0.08362200856208801,0.530556321144104,0.8847565054893494,-0.11303257942199707,0.4922855794429779,0.8921759128570557,-0.13066384196281433,0.4580414295196533,0.9058651328086853,-0.14151154458522797,0.5672627687454224,0.9096935391426086,-0.06945982575416565,0.5008385181427002,0.8912042379379272,-0.09616392850875854,0.4529329240322113,0.876107931137085,-0.11033392697572708,0.4166516959667206,0.8692284226417542,-0.11920361965894699,0.5547295808792114,0.9204588532447815,-0.05557413771748543,0.4943377375602722,0.8968353867530823,-0.0731448233127594,0.4504455327987671,0.8809224367141724,-0.0861186757683754,0.41658520698547363,0.87143874168396,-0.09381046146154404,0.5474076271057129,0.9230905175209045,-0.04508371278643608,0.5058161616325378,0.9025534391403198,-0.05520717427134514,0.4723063111305237,0.8918786644935608,-0.06165927276015282,0.4453882873058319,0.885078489780426,-0.06613854318857193
21,right,0.25567489862442017,0.8073680996894836,5.457498559735541e-07,0.2824886441230774,0.7248964905738831,0.00010222584387520328,0.32865211367607117,0.6672021746635437,-0.01725406013429165,0.37873223423957825,0.6471459269523621,-0.03440522402524948,0.4209716320037842,0.6531264185905457,-0.05267662554979324,0.3292192220687866,0.6477020382881165,-0.057131603360176086,0.3795687258243561,0.5980007648468018,-0.08698420226573944,0.4215022325515747,0.5762362480163574,-0.10350614786148071,0.45972952246665955,0.5607004761695862,-0.11387432366609573,0.3337245285511017,0.6918967962265015,-0.07239673286676407,0.441040575504303,0.6705179810523987,-0.0995120108127594,0.5007438659667969,0.6795752048492432,-0.10933271795511246,0.5432345271110535,0.6915993094444275,-0.11511905491352081,0.3404131829738617,0.7478809356689453,-0.08481702208518982,0.4419843256473541,0.720167875289917,-0.10637935996055603,0.49977222084999084,0.7231126427650452,-0.11047552525997162,0.5395521521568298,0.7263234853744507,-0.11217959970235825,0.35023754835128784,0.8043298721313477,-0.09610830247402191,0.4235166013240814,0.7802773714065552,-0.10931333899497986,0.4657110571861267,0.7698943614959717,-0.10906490683555603,0.5001652240753174,0.7597032785415649,-0.10839381814002991
21,left,0.6242627501487732,0.9418256282806396,3.815193139189432e-08,0.6437739133834839,0.883672297000885,-0.03574996441602707,0.6456215381622314,0.8312975764274597,-0.06274145096540451,0.6688919067382812,0.8014402985572815,-0.0832604244351387,0.7050129175186157,0.8035561442375183,-0.10519459843635559,0.5908761024475098,0.8827471137046814,-0.07068955153226852,0.5320271253585815,0.8936569690704346,-0.09674819558858871,0.49237585067749023,0.9057146906852722,-0.11663968861103058,0.45343711972236633,0.9181120991706848,-0.12945079803466797,0.5579258799552917,0.8993241786956787,-0.05758335441350937,0.4876936972141266,0.8932047486305237,-0.07584581524133682,0.44131916761398315,0.8901231288909912,-0.08760091662406921,0.4022276699542999,0.8935191035270691,-0.09790986776351929,0.5332398414611816,0.9040740728378296,-0.04279744252562523,0.4700733423233032,0.8838506937026978,-0.05165613442659378,0.43545079231262207,0.8736334443092346,-0.054323822259902954,0.4090840816497803,0.8685114979743958,-0.05674299597740173,0.5157400965690613,0.8992393612861633,-0.030733156949281693,0.4734051823616028,0.8776012659072876,-0.029680073261260986,0.44481486082077026,0.8657258152961731,-0.023385385051369667,0.4214617908000946,0.8582709431648254,-0.020112033933401108
22,right,0.25695496797561646,0.8177151083946228,6.241206733648141e-07,0.2791637182235718,0.7340384721755981,-0.0013633175985887647,0.3236437737941742,0.6636248826980591,-0.0175356213003397,0.3720313012599945,0.6211710572242737,-0.03161764517426491,0.4110202193260193,0.5923714637756348,-0.04662932828068733,0.3085596561431885,0.6619638800621033,-0.0659547969698906,0.35391461849212646,0.6107142567634583,-0.09688502550125122,0.3947508931159973,0.5892763137817383,-0.11203185468912125,0.43196290731430054,0.5753684639930725,-0.12035355716943741,0.31497475504875183,0.7107031941413879,-0.07938340306282043,0.4206521511077881,0.682074248790741,-0.10783690214157104,0.4829511046409607,0.6822320818901062,-0.11680721491575241,0.5265020132064819,0.688156008720398,-0.12154041230678558,0.3261573910713196,0.76792311668396,-0.0895458459854126,0.42811498045921326,0.7359607219696045,-0.11315155029296875,0.4897540211677551,0.7294251918792725,-0.11857065558433533,0.5315213799476624,0.72539883852005,-0.12075422704219818,0.34004494547843933,0.8225181698799133,-0.09795268625020981,0.4135439991950989,0.7932090759277344,-0.11464038491249084,0.4568130075931549,0.7784194946289062,-0.1165984496474266,0.4907064437866211,0.7656112909317017,-0.11675329506397247
22,left,0.6253865361213684,0.9270605444908142,4.343457362665504e-07,0.6388726830482483,0.8751673698425293,-0.045710623264312744,0.6376779079437256,0.8265445232391357,-0.07667150348424911,0.6565378904342651,0.803665816783905,-0.0994778573513031,0.6944855451583862,0.8052171468734741,-0.12220584601163864,0.5788918137550354,0.8956533670425415,-0.0828656256198883,0.5238001942634583,0.893848180770874,-0.10976608097553253,0.4877071976661682,0.8984330892562866,-0.12545143067836761,0.45484018325805664,0.9065988659858704,-0.13488183915615082,0.5548279285430908,0.9168533682823181,-0.06741949170827866,0.4891369044780731,0.8958460688591003,-0.09073769301176071,0.4441169500350952,0.8809442520141602,-0.10245112329721451,0.4087003171443939,0.8769598603248596,-0.1102558895945549,0.5377107262611389,0.9228051900863647,-0.05140364170074463,0.4799811840057373,0.8989769816398621,-0.06595827639102936,0.442221462726593,0.8832387328147888,-0.07554716616868973,0.4114399552345276,0.8757395148277283,-0.08116315305233002,0.5259392261505127,0.9232031106948853,-0.03861168399453163,0.4857757091522217,0.9045904874801636,-0.04512596130371094,0.4561178386211395,0.8939880132675171,-0.04760095849633217,0.43101680278778076,0.8889819383621216,-0.04960990324616432
23,right,0.24201646447181702,0.8410224914550781,6.618660108870245e-07,0.25791123509407043,0.7577192187309265,-0.010148024186491966,0.2953716218471527,0.6773757934570312,-0.029581429436802864,0.3320876359939575,0.6209814548492432,-0.04402340576052666,0.35220831632614136,0.5654998421669006,-0.05915892496705055,0.26857948303222656,0.6909523606300354,-0.07987005263566971,0.3075243830680847,0.6485515236854553,-0.11572778970003128,0.34620237350463867,0.6222007274627686,-0.13355208933353424,0.38205665349960327,0.6037964224815369,-0.14321626722812653,0.2798921465873718,0.750816822052002,-0.08907299488782883,0.38336601853370667,0.7044651508331299,-0.12167167663574219,0.445423424243927,0.6897978186607361,-0.13188306987285614,0.49042630195617676,0.684791088104248,-0.13775767385959625,0.2980571687221527,0.809116542339325,-0.0953434631228447,0.40219515562057495,0.7610040903091431,-0.12340709567070007,0.4628603756427765,0.7386921048164368,-0.13011935353279114,0.5048231482505798,0.721747636795044,-0.13274675607681274,0.31973597407341003,0.8611473441123962,-0.09997434169054031,0.3953893482685089,0.8201700448989868,-0.11996962130069733,0.4371415078639984,0.796763002872467,-0.12306775152683258,0.4691532552242279,0.7751831412315369,-0.12423289567232132
23,left,0.641628623008728,0.9206025004386902,6.803736596339149e-07,0.6475064158439636,0.8623400330543518,-0.05616658180952072,0.6385572552680969,0.8278838396072388,-0.09288554638624191,0.6547533869743347,0.8114537596702576,-0.11958606541156769,0.6904889345169067,0.8063809275627136,-0.14666487276554108,0.580910325050354,0.8977691531181335,-0.09838087856769562,0.5202265977859497,0.8974824547767639,-0.1304747313261032,0.4800037443637848,0.9056658744812012,-0.1498013287782669,0.44555094838142395,0.9194154143333435,-0.16146637499332428,0.56205153465271,0.9227567911148071,-0.07866133749485016,0.4923096001148224,0.9019694328308105,-0.10629012435674667,0.4430425465106964,0.8884662985801697,-0.12023802101612091,0.4056304097175598,0.882874608039856,-0.12901505827903748,0.5475417971611023,0.9336549043655396,-0.05917872488498688,0.48674243688583374,0.9092507362365723,-0.07607027143239975,0.4446061849594116,0.892153263092041,-0.08761943131685257,0.41302210092544556,0.8825072646141052,-0.09477575123310089,0.5377969741821289,0.9380229711532593,-0.043840501457452774,0.5002330541610718,0.9141979217529297,-0.05343492329120636,0.47014734148979187,0.9016954898834229,-0.05936054885387421,0.4458189308643341,0.8937286734580994,-0.0635911077260971
24,right,0.2387668490409851,0.886746346950531,6.016903171257582e-07,0.24389976263046265,0.7977415919303894,-0.007269411813467741,0.2705577313899994,0.7131853103637695,-0.02742769382894039,0.30195352435112,0.6529226303100586,-0.04320085048675537,0.3165610730648041,0.5956385135650635,-0.059490252286195755,0.2417592704296112,0.7395447492599487,-0.08030727505683899,0.2653743028640747,0.6978789567947388,-0.12073595821857452,0.29838547110557556,0.6706796288490295,-0.14304378628730774,0.33115389943122864,0.650147020816803,-0.15521453320980072,0.25575175881385803,0.799532413482666,-0.09157461673021317,0.3545975387096405,0.7365652322769165,-0.1256861686706543,0.4169194996356964,0.7126489877700806,-0.13738538324832916,0.46474480628967285,0.7018025517463684,-0.14485333859920502,0.2798043489456177,0.8546885251998901,-0.09983988851308823,0.37992730736732483,0.7878544330596924,-0.12946417927742004,0.43829676508903503,0.75763338804245,-0.13735948503017426,0.4801228940486908,0.7346625924110413,-0.1409979611635208,0.3084806501865387,0.9022083282470703,-0.10619708150625229,0.3782961964607239,0.8530521988868713,-0.12728774547576904,0.4165732264518738,0.8248192667961121,-0.1307927370071411,0.4466727674007416,0.7963346242904663,-0.13238993287086487
24,left,0.6215613484382629,0.9430173635482788,1.176293409343998e-07,0.6377297043800354,0.8861898183822632,-0.03558226674795151,0.6372537016868591,0.8329108953475952,-0.06125659495592117,0.6560875177383423,0.8083532452583313,-0.07957683503627777,0.687975287437439,0.8149285316467285,-0.09868022054433823,0.5865837931632996,0.897892951965332,-0.0763460248708725,0.5251754522323608,0.9001632928848267,-0.10152231901884079,0.48407283425331116,0.9036098718643188,-0.11686664819717407,0.4466882646083832,0.9112599492073059,-0.12594489753246307,0.5589279532432556,0.9154130816459656,-0.06285188347101212,0.48419424891471863,0.9007633328437805,-0.0813547745347023,0.4387897849082947,0.8934531807899475,-0.08872780203819275,0.4020574688911438,0.8958684802055359,-0.09505248069763184,0.5368186831474304,0.9184544086456299,-0.04784487932920456,0.47044289112091064,0.8964340686798096,-0.05789446085691452,0.4335494637489319,0.8862200975418091,-0.06125709414482117,0.40315258502960205,0.8831407427787781,-0.06361744552850723,0.5196502804756165,0.9131459593772888,-0.03528152033686638,0.47436708211898804,0.893147885799408,-0.03662058338522911,0.4447336792945862,0.883075475692749,-0.03375575318932533,0.41956034302711487,0.8782767057418823,-0.0328841507434845
25,right,0.24467644095420837,0.9270445108413696,6.844081212875608e-07,0.24762147665023804,0.8372013568878174,-0.009434839710593224,0.2701040804386139,0.7508319616317749,-0.028903674334287643,0.2974444031715393,0.6883441805839539,-0.043707527220249176,0.3053608238697052,0.6343361139297485,-0.05861801281571388,0.2432895004749298,0.7868788838386536,-0.07824856787919998,0.2615561783313751,0.7522451281547546,-0.11813560128211975,0.2923526167869568,0.7248755097389221,-0.14284975826740265,0.32272621989250183,0.6995600461959839,-0.15696099400520325,0.2564580738544464,0.8494036197662354,-0.08839908987283707,0.3578025996685028,0.7761451601982117,-0.12539304792881012,0.42529183626174927,0.7464055418968201,-0.13922590017318726,0.4766043722629547,0.7280007004737854,-0.1468660980463028,0.2832983732223511,0.9045159220695496,-0.09553354978561401,0.3830344080924988,0.8314862251281738,-0.12745480239391327,0.4444444179534912,0.7905711531639099,-0.13420864939689636,0.4866923689842224,0.7599396705627441,-0.1353735476732254,0.3149992525577545,0.946307897567749,-0.10129893571138382,0.38560742139816284,0.8926076889038086,-0.12183161824941635,0.4255087077617645,0.8609065413475037,-0.12151291221380234,0.45544594526290894,0.832165002822876,-0.11937393993139267
25,left,0.6404085159301758,0.9301306009292603,4.226516807648295e-07,0.6458048820495605,0.8679115176200867,-0.041530732065439224,0.6364960670471191,0.8286095857620239,-0.06715869903564453,0.6508368849754333,0.8124877214431763,-0.08540606498718262,0.6892910003662109,0.8119947910308838,-0.10321523249149323,0.5823604464530945,0.8982141017913818,-0.07020015269517899,0.5184206962585449,0.8987237215042114,-0.08950453996658325,0.479423850774765,0.899960994720459,-0.09990710020065308,0.4467455744743347,0.9043934345245361,-0.10638086497783661,0.5626103281974792,0.9272372126579285,-0.05528513714671135,0.49903786182403564,0.9143928289413452,-0.07022028416395187,0.45793265104293823,0.903755784034729,-0.07701631635427475,0.4275169372558594,0.901168704032898,-0.08175480365753174,0.5497720837593079,0.938895583152771,-0.04036624729633331,0.4973640441894531,0.9227948784828186,-0.04703477770090103,0.46216586232185364,0.9088385105133057,-0.05376164987683296,0.4349609613418579,0.9017101526260376,-0.05876273661851883,0.542282223701477,0.9407185316085815,-0.029021471738815308,0.5095892548561096,0.9251827001571655,-0.031680360436439514,0.4835107922554016,0.9114741683006287,-0.034378811717033386,0.4628250002861023,0.9019612073898315,-0.036902084946632385
26,right,0.24664753675460815,0.946701169013977,8.060912932705833e-07,0.2509121298789978,0.85582035779953,-0.013729790225625038,0.2737980782985687,0.7701605558395386,-0.036654531955718994,0.2992805540561676,0.7091883420944214,-0.053860295563936234,0.3072144091129303,0.6512798070907593,-0.07193464785814285,0.24429620802402496,0.802750289440155,-0.09338730573654175,0.2585446834564209,0.76300448179245,-0.13706883788108826,0.2943601906299591,0.7327196002006531,-0.1626598984003067,0.3306652307510376,0.7067827582359314,-0.1773342788219452,0.2594858705997467,0.8638316988945007,-0.10242021083831787,0.3567984700202942,0.7884600162506104,-0.14456705749034882,0.42531558871269226,0.7522773146629333,-0.16066443920135498,0.47666308283805847,0.7308893203735352,-0.1701759397983551,0.28708192706108093,0.9193466305732727,-0.10818127542734146,0.38335317373275757,0.8444671630859375,-0.14553087949752808,0.44762998819351196,0.7997615933418274,-0.15566793084144592,0.49192196130752563,0.766455352306366,-0.15914644300937653,0.318484902381897,0.9620939493179321,-0.11237705498933792,0.3893909752368927,0.9066659212112427,-0.13882100582122803,0.4306412935256958,0.8683137893676758,-0.14319908618927002,0.46174582839012146,0.8363040685653687,-0.1443270742893219
26,left,0.621467113494873,0.9479840397834778,1.5669448316657508e-07,0.6374233365058899,0.8881599307060242,-0.03146909549832344,0.6355977654457092,0.8328205943107605,-0.05456726998090744,0.655335545539856,0.8071578741073608,-0.07188744843006134,0.691243588924408,0.8145124912261963,-0.09024057537317276,0.590261697769165,0.897162139415741,-0.06523071229457855,0.5339673757553101,0.9036122560501099,-0.09046794474124908,0.4914393126964569,0.9055511355400085,-0.10768468677997589,0.4544816017150879,0.91168212890625,-0.11787572503089905,0.5602630376815796,0.920718252658844,-0.05481266975402832,0.4940767288208008,0.906997799873352,-0.0705970972776413,0.4549424648284912,0.8936309814453125,-0.07707671821117401,0.42584192752838135,0.8867818117141724,-0.08246679604053497,0.537274956703186,0.9272452592849731,-0.04350152239203453,0.47953328490257263,0.9039474129676819,-0.04998350143432617,0.453101247549057,0.88326096534729,-0.048804331570863724,0.43433552980422974,0.8661319613456726,-0.04805322363972664,0.5205894708633423,0.925300121307373,-0.03512045368552208,0.4833337664604187,0.9014597535133362,-0.03383951261639595,0.46392858028411865,0.8817672729492188,-0.02714473195374012,0.4493843913078308,0.86405348777771,-0.02290920354425907
27,right,0.24110248684883118,0.9469093680381775,7.984464787114121e-07,0.24485336244106293,0.8570214509963989,-0.010593385435640812,0.26989641785621643,0.7704896926879883,-0.03152506798505783,0.29377806186676025,0.7064059972763062,-0.04716982692480087,0.3004775941371918,0.6516523361206055,-0.06437517702579498,0.24038617312908173,0.8037771582603455,-0.09098794311285019,0.2526041865348816,0.7581725120544434,-0.1315443366765976,0.2869466543197632,0.7259761095046997,-0.15379394590854645,0.32237759232521057,0.7020189166069031,-0.1665087193250656,0.2580180764198303,0.8601824045181274,-0.10113293677568436,0.35341861844062805,0.7854183912277222,-0.14084360003471375,0.4177023470401764,0.7475461363792419,-0.1551215499639511,0.46614956855773926,0.7263153791427612,-0.1639566272497177,0.28533563017845154,0.9126074314117432,-0.10766579210758209,0.38290920853614807,0.8401370048522949,-0.14328929781913757,0.4439377188682556,0.7933246493339539,-0.15327711403369904,0.48725542426109314,0.758716881275177,-0.15759369730949402,0.3153819739818573,0.9548167586326599,-0.11217081546783447,0.38797909021377563,0.9017295241355896,-0.13805021345615387,0.42697539925575256,0.8650872111320496,-0.14290449023246765,0.45713624358177185,0.8341028094291687,-0.14488378167152405
27,left,0.6403924822807312,0.9287699460983276,4.4030693402419274e-07,0.6480658054351807,0.8667737245559692,-0.039159391075372696,0.6410419940948486,0.8227696418762207,-0.065495066344738,0.6576335430145264,0.8060954809188843,-0.08492259681224823,0.6946401596069336,0.805604875087738,-0.10429099202156067,0.5906183123588562,0.8972819447517395,-0.07282590866088867,0.5277236104011536,0.899335503578186,-0.09493359923362732,0.48854637145996094,0.9017894864082336,-0.10666844248771667,0.4551929533481598,0.9081107378005981,-0.11373934149742126,0.5707769393920898,0.930607795715332,-0.06045350059866905,0.5058174133300781,0.9153528809547424,-0.07855673879384995,0.4640909433364868,0.9048328399658203,-0.08654188364744186,0.43296676874160767,0.9034180045127869,-0.09156447649002075,0.5567395091056824,0.9446081519126892,-0.047672878950834274,0.5023872256278992,0.9242211580276489,-0.056699126958847046,0.46738651394844055,0.9109464883804321,-0.0634545385837555,0.4399011433124542,0.9056490659713745,-0.06796146184206009,0.5479510426521301,0.9467268586158752,-0.03812289983034134,0.5140834450721741,0.9289889335632324,-0.04253527894616127,0.4880762994289398,0.9165639281272888,-0.04493793845176697,0.4663858711719513,0.9100340008735657,-0.046789128333330154
28,right,0.23799669742584229,0.9437411427497864,7.979203360264364e-07,0.24195054173469543,0.8522499203681946,-0.01147658284753561,0.2663714587688446,0.7668119072914124,-0.03458654135465622,0.2900748550891876,0.7032370567321777,-0.05200470983982086,0.29691147804260254,0.646489143371582,-0.07113204151391983,0.23658961057662964,0.7991015315055847,-0.09877427667379379,0.24954023957252502,0.7593688368797302,-0.14309938251972198,0.28258824348449707,0.7267360091209412,-0.16794630885124207,0.31637901067733765,0.7013109922409058,-0.1824479103088379,0.25300824642181396,0.857612669467926,-0.10919863730669022,0.3467954695224762,0.7848519086837769,-0.15240490436553955,0.41237175464630127,0.7451638579368591,-0.1690329909324646,0.4615020155906677,0.7226966619491577,-0.1799589991569519,0.27992719411849976,0.9101123213768005,-0.11566716432571411,0.3732035458087921,0.8375651240348816,-0.15367689728736877,0.4343094527721405,0.7919145822525024,-0.16558577120304108,0.47629261016845703,0.7578786015510559,-0.17154957354068756,0.31093424558639526,0.9513888955116272,-0.11996778845787048,0.37995660305023193,0.8984503149986267,-0.14786255359649658,0.4186096787452698,0.8606376647949219,-0.1547626554965973,0.448611855506897,0.8281990885734558,-0.15858666598796844
28,left,0.6465690732002258,0.9295068979263306,7.475474035345542e-07,0.650019645690918,0.8696721792221069,-0.05385167524218559,0.6433391571044922,0.8315544724464417,-0.08910541981458664,0.6575168371200562,0.815080463886261,-0.11505251377820969,0.6887432336807251,0.8057382106781006,-0.14138786494731903,0.5835776925086975,0.9088968634605408,-0.08959239721298218,0.5250517129898071,0.9049520492553711,-0.1189909428358078,0.4850603938102722,0.9089319109916687,-0.13678088784217834,0.4521811008453369,0.9159305691719055,-0.14771214127540588,0.568242073059082,0.9388552904129028,-0.07153069227933884,0.5069004893302917,0.9181524515151978,-0.09610515087842941,0.4638473689556122,0.9060483574867249,-0.10841843485832214,0.4317705035209656,0.8992918729782104,-0.11631779372692108,0.5566490292549133,0.9498291611671448,-0.05431654304265976,0.5037452578544617,0.9271279573440552,-0.06922204792499542,0.4685478210449219,0.9111522436141968,-0.07867918908596039,0.4420277774333954,0.8994429111480713,-0.08472088724374771,0.5492058992385864,0.9516711831092834,-0.04137763753533363,0.5149357914924622,0.9292495846748352,-0.04918463155627251,0.4884878098964691,0.9142858386039734,-0.05372004956007004,0.46692174673080444,0.9015544652938843,-0.05704042688012123
29,right,0.23635417222976685,0.9489142298698425,7.565259352304565e-07,0.23990938067436218,0.8598354458808899,-0.010643400251865387,0.26495665311813354,0.7709000706672668,-0.03156901150941849,0.28834471106529236,0.7039941549301147,-0.047272708266973495,0.292796790599823,0.6460391879081726,-0.06459978222846985,0.23521597683429718,0.8041423559188843,-0.09143052250146866,0.2463831752538681,0.7588177919387817,-0.13250835239887238,0.2795005440711975,0.7257488965988159,-0.15493245422840118,0.3144950866699219,0.7006133794784546,-0.16766859591007233,0.2524685263633728,0.8600168228149414,-0.10150708258152008,0.345123827457428,0.784581184387207,-0.14037521183490753,0.4091436564922333,0.7455486059188843,-0.15432380139827728,0.45770740509033203,0.7240710258483887,-0.16340842843055725,0.2802961766719818,0.9119300842285156,-0.10809990018606186,0.375711053609848,0.8376401662826538,-0.1431552618741989,0.43599700927734375,0.7904396653175354,-0.15357010066509247,0.4783245921134949,0.7554433345794678,-0.15851658582687378,0.31101784110069275,0.9533244967460632,-0.11268350481987,0.382688045501709,0.8978366255760193,-0.1380903422832489,0.4211425483226776,0.8608861565589905,-0.1434091180562973,0.45038682222366333,0.829374372959137,-0.14599375426769257
29,left,0.6379976272583008,0.9449580311775208,1.6461733309824922e-07,0.6457716226577759,0.8788747787475586,-0.03190707787871361,0.6402598023414612,0.8288993835449219,-0.05481669306755066,0.6585316061973572,0.8048768639564514,-0.07265283167362213,0.6926829218864441,0.8088380098342896,-0.0912863239645958,0.5895004272460938,0.8933676481246948,-0.057717688381671906,0.5300204753875732,0.8981904983520508,-0.0804627314209938,0.4891833961009979,0.9030784964561462,-0.09755758941173553,0.451894074678421,0.9125006794929504,-0.10867796838283539,0.5666887164115906,0.9220655560493469,-0.04744403809309006,0.4993950128555298,0.9108968377113342,-0.06258594244718552,0.45840156078338623,0.9021309018135071,-0.07168808579444885,0.42553895711898804,0.902174711227417,-0.07988753914833069,0.5502511262893677,0.9358343482017517,-0.03708551824092865,0.49096405506134033,0.9230898022651672,-0.04409850761294365,0.4577563405036926,0.9122364521026611,-0.047827642410993576,0.43236231803894043,0.9078301191329956,-0.0511961504817009,0.5386058688163757,0.9392017722129822,-0.02978949248790741,0.49744340777397156,0.9265557527542114,-0.030185339972376823,0.47023671865463257,0.9193669557571411,-0.02799566090106964,0.4488493502140045,0.9166221618652344,-0.027955418452620506
30,right,0.26315462589263916,0.8903055787086487,4.7295506533373555e-07,0.2609063386917114,0.8174560070037842,-0.018904199823737144,0.27574530243873596,0.7404354810714722,-0.05325041711330414,0.2959347665309906,0.6876287460327148,-0.07889003306627274,0.2954019606113434,0.6307108402252197,-0.10561580955982208,0.22867894172668457,0.7843358516693115,-0.1354629248380661,0.24963179230690002,0.7430025339126587,-0.19351394474506378,0.2846379280090332,0.7200074791908264,-0.22381430864334106,0.31638103723526,0.7027190327644348,-0.24011003971099854,0.24544745683670044,0.8487029671669006,-0.14469191431999207,0.349549263715744,0.7799631357192993,-0.19577763974666595,0.4207402467727661,0.7524555921554565,-0.2095707356929779,0.4722543954849243,0.7366669178009033,-0.2191455364227295,0.2767719030380249,0.901306688785553,-0.14949731528759003,0.37457311153411865,0.8321780562400818,-0.1944403052330017,0.43093597888946533,0.7923640012741089,-0.20688697695732117,0.47159281373023987,0.7615787386894226,-0.21297809481620789,0.31262972950935364,0.9454338550567627,-0.1519356518983841,0.3762763738632202,0.8924165964126587,-0.18383577466011047,0.41407501697540283,0.8566174507141113,-0.19326496124267578,0.44701454043388367,0.8221287131309509,-0.20031817257404327
30,left,0.642026424407959,0.9242600202560425,5.606003696811968e-07,0.6466118693351746,0.8613384962081909,-0.043498892337083817,0.6359297037124634,0.8202286958694458,-0.07265541702508926,0.6522513628005981,0.8054580092430115,-0.09414033591747284,0.6885237097740173,0.8056214451789856,-0.11602501571178436,0.5864018797874451,0.8968521356582642,-0.08028306066989899,0.5256523489952087,0.9007488489151001,-0.10634034126996994,0.48584383726119995,0.9046951532363892,-0.12065215408802032,0.4529232978820801,0.913317859172821,-0.12898817658424377,0.5696437358856201,0.9287154674530029,-0.06676167994737625,0.5036771893501282,0.9127379059791565,-0.08909601718187332,0.4582885205745697,0.8987197875976562,-0.09928641468286514,0.4248625338077545,0.8940269947052002,-0.10528162866830826,0.5571414232254028,0.9413679838180542,-0.053096264600753784,0.4990527927875519,0.9202929139137268,-0.06658048927783966,0.46065807342529297,0.9057105183601379,-0.07574877887964249,0.43007034063339233,0.897909939289093,-0.08117824792861938,0.5491172671318054,0.9431020021438599,-0.04269895330071449,0.5130067467689514,0.923841655254364,-0.05046834796667099,0.48523950576782227,0.9098652005195618,-0.05446893349289894,0.4623311758041382,0.9005558490753174,-0.05706183239817619
31,right,0.2565382719039917,0.8969995975494385,5.12466385771404e-07,0.25303012132644653,0.8195357918739319,-0.02155456878244877,0.2715087831020355,0.741223931312561,-0.05870690941810608,0.295382022857666,0.6887028217315674,-0.0855589359998703,0.2965850234031677,0.6302153468132019,-0.11370351910591125,0.22887691855430603,0.7852174043655396,-0.14958913624286652,0.2550312876701355,0.7373505234718323,-0.2076379507780075,0.29037368297576904,0.7120813727378845,-0.23526282608509064,0.32208117842674255,0.6922615170478821,-0.24974475800991058,0.24844154715538025,0.84959876537323,-0.15652243793010712,0.35466793179512024,0.7832860946655273,-0.20727309584617615,0.42416679859161377,0.7531251311302185,-0.2180819809436798,0.4727785587310791,0.7332460284233093,-0.22591400146484375,0.2798011302947998,0.9013774991035461,-0.158305361866951,0.37554723024368286,0.8314024806022644,-0.20135687291622162,0.43085169792175293,0.7897518277168274,-0.21154701709747314,0.4706099033355713,0.7576230764389038,-0.217192605137825,0.31352078914642334,0.9436178207397461,-0.1577928364276886,0.3752910792827606,0.8907006978988647,-0.19002099335193634,0.41270652413368225,0.8542245626449585,-0.19980914890766144,0.4453335404396057,0.8201450705528259,-0.20729385316371918
31,left,0.6466364860534668,0.9274033904075623,7.33790329832118e-07,0.646295428276062,0.8692499399185181,-0.04798116907477379,0.6369367837905884,0.8307588696479797,-0.079848513007164,0.6512928009033203,0.8135126233100891,-0.10436815023422241,0.6838710904121399,0.804470419883728,-0.12946386635303497,0.5790530443191528,0.9087086915969849,-0.07696991413831711,0.5228764414787292,0.9037842154502869,-0.10411038249731064,0.4838237166404724,0.9072494506835938,-0.12112833559513092,0.45130038261413574,0.914371132850647,-0.13201622664928436,0.5658558011054993,0.937526524066925,-0.06296655535697937,0.5043551325798035,0.9171182513237,-0.08637470752000809,0.4601632058620453,0.9061093926429749,-0.0996188074350357,0.42535457015037537,0.8996526002883911,-0.10843724012374878,0.5559941530227661,0.9492753744125366,-0.05008227005600929,0.5022027492523193,0.9261775016784668,-0.06480377167463303,0.4643288850784302,0.9125490784645081,-0.07560396194458008,0.43358397483825684,0.9027851819992065,-0.08264356851577759,0.5507294535636902,0.9518328309059143,-0.04111658036708832,0.5142329931259155,0.9288305044174194,-0.048668794333934784,0.48535728454589844,0.9150538444519043,-0.053521860390901566,0.46050724387168884,0.9038935303688049,-0.05738913640379906
32,right,0.24206013977527618,0.9102416634559631,5.274913519315305e-07,0.24661166965961456,0.8244456052780151,-0.019125819206237793,0.26593899726867676,0.7432296872138977,-0.056249503046274185,0.28885525465011597,0.6897295117378235,-0.08357877284288406,0.29656946659088135,0.6345791220664978,-0.11263327300548553,0.23245632648468018,0.773993730545044,-0.1528192162513733,0.24812394380569458,0.7326174974441528,-0.2197459638118744,0.2823321223258972,0.702069878578186,-0.25526881217956543,0.31270653009414673,0.6804980635643005,-0.27496784925460815,0.24932754039764404,0.8351995348930359,-0.16245947778224945,0.34717273712158203,0.7655114531517029,-0.22451461851596832,0.4160332679748535,0.733607828617096,-0.2432444840669632,0.46594157814979553,0.7169812321662903,-0.25538742542266846,0.28113600611686707,0.8881478905677795,-0.16664810478687286,0.3765326738357544,0.8152880072593689,-0.2188396155834198,0.43257907032966614,0.7723782658576965,-0.2344883233308792,0.4722803235054016,0.7432788610458374,-0.24255423247814178,0.31674903631210327,0.9357000589370728,-0.1679992526769638,0.37942636013031006,0.8855264186859131,-0.20751388370990753,0.41930603981018066,0.8464375138282776,-0.22254417836666107,0.45257261395454407,0.8127351403236389,-0.23286762833595276
32,left,0.6297464966773987,0.9417386054992676,1.844955050955832e-07,0.6399859189987183,0.8804030418395996,-0.04180891439318657,0.6358736753463745,0.8329994082450867,-0.06966780126094818,0.6526986956596375,0.80804044008255,-0.09051195532083511,0.6894819736480713,0.8116545677185059,-0.11154120415449142,0.5828315019607544,0.9037681221961975,-0.0716039314866066,0.5277479290962219,0.9053387641906738,-0.09709732979536057,0.4873635768890381,0.9088383913040161,-0.1142539530992508,0.4485529661178589,0.9157389998435974,-0.12587237358093262,0.557608962059021,0.9236933588981628,-0.057939182966947556,0.48923274874687195,0.9106708765029907,-0.07705408334732056,0.446554034948349,0.9015386700630188,-0.08624566346406937,0.41054806113243103,0.9010958075523376,-0.09379450231790543,0.5385177135467529,0.9288069605827332,-0.044458042830228806,0.47847726941108704,0.9122021794319153,-0.05538158863782883,0.44297415018081665,0.9011711478233337,-0.06032755598425865,0.411990225315094,0.895747721195221,-0.06404580175876617,0.5247389674186707,0.9259305596351624,-0.034742336720228195,0.48593804240226746,0.9104334712028503,-0.03827713057398796,0.4581242799758911,0.9006391167640686,-0.03794841468334198,0.43319791555404663,0.8953819274902344,-0.039012111723423004
33,right,0.2388095259666443,0.9348407983779907,8.184851481018995e-07,0.2387387454509735,0.8449003100395203,-0.011973325163125992,0.26083362102508545,0.7588096261024475,-0.03589478135108948,0.28352323174476624,0.693787693977356,-0.05385790765285492,0.28835511207580566,0.6350640058517456,-0.0734143853187561,0.23528259992599487,0.7902975678443909,-0.10099561512470245,0.24406737089157104,0.7447324395179749,-0.1468210369348526,0.2749948501586914,0.710270345211029,-0.17410573363304138,0.30624330043792725,0.6818637847900391,-0.18981067836284637,0.24955037236213684,0.8479791283607483,-0.11043720692396164,0.345005065202713,0.7665180563926697,-0.153151273727417,0.41264423727989197,0.7294862866401672,-0.1689944714307785,0.4621597230434418,0.7124410271644592,-0.17857101559638977,0.2780950665473938,0.9013493657112122,-0.11562355607748032,0.3762238621711731,0.8203998804092407,-0.15194225311279297,0.43623125553131104,0.7759300470352173,-0.16048498451709747,0.47572267055511475,0.7465111017227173,-0.16354906558990479,0.31026703119277954,0.9409341216087341,-0.11895640194416046,0.3816431760787964,0.8825955390930176,-0.14431032538414001,0.4202134907245636,0.8445148468017578,-0.14726033806800842,0.44944870471954346,0.8143565654754639,-0.14750665426254272
33,left,0.6406558156013489,0.9283279776573181,5.78763831526885e-07,0.6487009525299072,0.8679502010345459,-0.04637664183974266,0.6445675492286682,0.827338695526123,-0.07770919799804688,0.6582255363464355,0.8109925985336304,-0.10141728073358536,0.6914061307907104,0.8086337447166443,-0.12521889805793762,0.5851693153381348,0.9024523496627808,-0.08108499646186829,0.5246701836585999,0.9036721587181091,-0.10794544965028763,0.48326340317726135,0.9088580012321472,-0.12383546680212021,0.44932037591934204,0.9172315001487732,-0.13359077274799347,0.5679610967636108,0.9312528967857361,-0.06715031713247299,0.5015639662742615,0.9133362770080566,-0.0900081992149353,0.45496225357055664,0.8994582295417786,-0.10164960473775864,0.4206821918487549,0.8931563496589661,-0.10899367928504944,0.5548657178878784,0.942363977432251,-0.05352052301168442,0.4966017007827759,0.9213525652885437,-0.06747235357761383,0.45701444149017334,0.9054584503173828,-0.07718107849359512,0.4267977774143219,0.8961937427520752,-0.08326389640569687,0.5466300845146179,0.9450597763061523,-0.043517500162124634,0.5090715885162354,0.9261235594749451,-0.05145082622766495,0.4797125458717346,0.9117692708969116,-0.05576854944229126,0.4565105736255646,0.9013862013816833,-0.058733683079481125
34,right,0.23357388377189636,0.937636137008667,7.785006914673431e-07,0.2367485761642456,0.8465738892555237,-0.008334125392138958,0.2618047297000885,0.7570597529411316,-0.029695438221096992,0.28624486923217773,0.6902563571929932,-0.0460161529481411,0.28927066922187805,0.6325441598892212,-0.06375539302825928,0.2349139302968979,0.7880664467811584,-0.09458717703819275,0.2461138367652893,0.7420762777328491,-0.13714143633842468,0.2776402533054352,0.705450177192688,-0.16097967326641083,0.3086720108985901,0.6752069592475891,-0.17472931742668152,0.24891582131385803,0.8456681966781616,-0.10603155195713043,0.3454001247882843,0.768817663192749,-0.14646773040294647,0.41017818450927734,0.7309358716011047,-0.1605015993118286,0.4569067358970642,0.7104911208152771,-0.16946935653686523,0.27601131796836853,0.8991612195968628,-0.113353431224823,0.37315988540649414,0.8241405487060547,-0.14729228615760803,0.4335443079471588,0.7775986194610596,-0.15448150038719177,0.47308218479156494,0.7443606853485107,-0.1573672592639923,0.30718713998794556,0.9404863119125366,-0.11883007735013962,0.3808467388153076,0.8825581669807434,-0.14248350262641907,0.42061543464660645,0.8434056043624878,-0.14542646706104279,0.4500914514064789,0.8113399744033813,-0.14631424844264984
34,left,0.6485955119132996,0.9335126876831055,7.81894812007522e-07,0.6494725942611694,0.8735289573669434,-0.05575837194919586,0.6380825638771057,0.8372529149055481,-0.09211674332618713,0.6513863205909729,0.8190754055976868,-0.11870267242193222,0.6848645806312561,0.8066389560699463,-0.14593449234962463,0.5815511345863342,0.9147263169288635,-0.09332446753978729,0.5237554907798767,0.9067407846450806,-0.12345625460147858,0.4837324917316437,0.9111180901527405,-0.14156584441661835,0.44946157932281494,0.9197879433631897,-0.1532529890537262,0.5652318000793457,0.9422891139984131,-0.07462791353464127,0.5005298852920532,0.9171774387359619,-0.1007322371006012,0.4543934762477875,0.9031178951263428,-0.11425863951444626,0.41789448261260986,0.8952155113220215,-0.12325691431760788,0.5536757707595825,0.9519426822662354,-0.05663786828517914,0.4976423382759094,0.9263165593147278,-0.07273596525192261,0.45771628618240356,0.9109761118888855,-0.08413180708885193,0.42574959993362427,0.9002326726913452,-0.09182224422693253,0.5468576550483704,0.9526485800743103,-0.0429297611117363,0.5108286142349243,0.9287219643592834,-0.0513845756649971,0.4813949167728424,0.9153793454170227,-0.05743052810430527,0.45585358142852783,0.9044395089149475,-0.06238419935107231
35,right,0.23703539371490479,0.937766969203949,7.724649435658648e-07,0.2398422360420227,0.8434807062149048,-0.007360211573541164,0.2647992968559265,0.7555945515632629,-0.02951882779598236,0.2897258698940277,0.6897318959236145,-0.04666858911514282,0.29180049896240234,0.6311943531036377,-0.06513714045286179,0.2343648076057434,0.7900873422622681,-0.09825611859560013,0.24340234696865082,0.7439545392990112,-0.14343175292015076,0.27411729097366333,0.7056984901428223,-0.16962966322898865,0.3052159249782562,0.6749817728996277,-0.1846906989812851,0.24768218398094177,0.8494594097137451,-0.11054148524999619,0.34406107664108276,0.7724062204360962,-0.15266378223896027,0.41072386503219604,0.7313435077667236,-0.168165385723114,0.45924073457717896,0.7098864912986755,-0.17828986048698425,0.27521616220474243,0.9028865694999695,-0.11840080469846725,0.3730737268924713,0.8255555033683777,-0.1531330794095993,0.434491366147995,0.778046727180481,-0.161684051156044,0.4751221239566803,0.7447695136070251,-0.16557419300079346,0.307719886302948,0.9427700638771057,-0.12423736602067947,0.38107845187187195,0.8851330280303955,-0.1481223851442337,0.41989678144454956,0.8456259369850159,-0.1517733931541443,0.4485534429550171,0.8129405379295349,-0.15327322483062744
35,left,0.625800371170044,0.9492864608764648,2.0787828702850675e-07,0.6358813643455505,0.8920369148254395,-0.042846038937568665,0.6313086748123169,0.8410025835037231,-0.07061901688575745,0.6497539281845093,0.8109357357025146,-0.09100742638111115,0.6866635084152222,0.8112694025039673,-0.11131508648395538,0.5775744915008545,0.9053927659988403,-0.07290542125701904,0.5189637541770935,0.9068269729614258,-0.09994443506002426,0.476092666387558,0.9085306525230408,-0.11796241253614426,0.43776577711105347,0.9160997271537781,-0.12944836914539337,0.548809826374054,0.922074019908905,-0.05838945135474205,0.4767940640449524,0.9037263989448547,-0.07733923196792603,0.4330337643623352,0.8942641615867615,-0.08557852357625961,0.39884185791015625,0.8953384160995483,-0.09223851561546326,0.5275429487228394,0.9272437691688538,-0.044389788061380386,0.46510717272758484,0.9041759967803955,-0.05611710622906685,0.4294719696044922,0.8932482600212097,-0.06102601811289787,0.4003269076347351,0.8883806467056274,-0.06421174108982086,0.511938750743866,0.9270415902137756,-0.03402441367506981,0.4702659249305725,0.9074673652648926,-0.03805195167660713,0.44180646538734436,0.8948944807052612,-0.03772613778710365,0.41858139634132385,0.8873022198677063,-0.03850046172738075
36,right,0.23842507600784302,0.9391876459121704,7.618626796102035e-07,0.24148450791835785,0.8458002805709839,-0.010053805075585842,0.2662045657634735,0.7556239366531372,-0.032305385917425156,0.2896314561367035,0.690234899520874,-0.049472879618406296,0.2926638722419739,0.6320192217826843,-0.06812923401594162,0.23492205142974854,0.7907198667526245,-0.09451890736818314,0.2437693178653717,0.7452353835105896,-0.1365385353565216,0.27578961849212646,0.70872563123703,-0.16054843366146088,0.307584285736084,0.6787055134773254,-0.17474839091300964,0.24891045689582825,0.8494807481765747,-0.10515577346086502,0.34488052129745483,0.7773444652557373,-0.14478769898414612,0.41092318296432495,0.7397809028625488,-0.15864327549934387,0.4587859809398651,0.7178761959075928,-0.16788148880004883,0.2760446071624756,0.9034801721572876,-0.11202529817819595,0.3719714283943176,0.8332535624504089,-0.14687922596931458,0.4346356689929962,0.7848448753356934,-0.1558869481086731,0.4766566753387451,0.7488016486167908,-0.1601245254278183,0.3082537353038788,0.9452280402183533,-0.11711830645799637,0.3815422058105469,0.8898670077323914,-0.14276790618896484,0.4217281639575958,0.8514163494110107,-0.14750872552394867,0.4513780176639557,0.8192439079284668,-0.14974462985992432
36,left,0.6433969140052795,0.9380860924720764,4.971243470208719e-07,0.6491045951843262,0.87392258644104,-0.04534655064344406,0.6405072212219238,0.8346168994903564,-0.07582267373800278,0.6538195013999939,0.816903829574585,-0.09837330132722855,0.6904865503311157,0.8140810132026672,-0.12065572291612625,0.5834774374961853,0.9083161354064941,-0.0811522901058197,0.525017261505127,0.9066203236579895,-0.1070706769824028,0.4866477847099304,0.9109667539596558,-0.12234142422676086,0.452575147151947,0.9194953441619873,-0.13189998269081116,0.5621010661125183,0.9380164742469788,-0.0664764940738678,0.4968433678150177,0.9176504611968994,-0.08752565830945969,0.45213034749031067,0.9038978815078735,-0.09736745059490204,0.4179130792617798,0.8993418216705322,-0.1038459911942482,0.5470985770225525,0.9495856761932373,-0.051726333796978,0.4910481870174408,0.925632655620575,-0.06320593506097794,0.45492297410964966,0.9068454504013062,-0.07092387974262238,0.4269291162490845,0.89671391248703,-0.07606390863656998,0.5384541749954224,0.9508225321769714,-0.04071880504488945,0.5014650821685791,0.9293519854545593,-0.04620122164487839,0.47410786151885986,0.9132794141769409,-0.04879998415708542,0.4524492025375366,0.902058482170105,-0.05089545249938965
