1,right,0,0,0,0,0,0,0,0,0,0,0,0,0,0,0,0,0,0,0,0,0,0,0,0,0,0,0,0,0,0,0,0,0,0,0,0,0,0,0,0,0,0,0,0,0,0,0,0,0,0,0,0,0,0,0,0,0,0,0,0,0,0,0
1,left,0,0,0,0,0,0,0,0,0,0,0,0,0,0,0,0,0,0,0,0,0,0,0,0,0,0,0,0,0,0,0,0,0,0,0,0,0,0,0,0,0,0,0,0,0,0,0,0,0,0,0,0,0,0,0,0,0,0,0,0,0,0,0
2,right,0,0,0,0,0,0,0,0,0,0,0,0,0,0,0,0,0,0,0,0,0,0,0,0,0,0,0,0,0,0,0,0,0,0,0,0,0,0,0,0,0,0,0,0,0,0,0,0,0,0,0,0,0,0,0,0,0,0,0,0,0,0,0
2,left,0,0,0,0,0,0,0,0,0,0,0,0,0,0,0,0,0,0,0,0,0,0,0,0,0,0,0,0,0,0,0,0,0,0,0,0,0,0,0,0,0,0,0,0,0,0,0,0,0,0,0,0,0,0,0,0,0,0,0,0,0,0,0
3,right,0,0,0,0,0,0,0,0,0,0,0,0,0,0,0,0,0,0,0,0,0,0,0,0,0,0,0,0,0,0,0,0,0,0,0,0,0,0,0,0,0,0,0,0,0,0,0,0,0,0,0,0,0,0,0,0,0,0,0,0,0,0,0
3,left,0,0,0,0,0,0,0,0,0,0,0,0,0,0,0,0,0,0,0,0,0,0,0,0,0,0,0,0,0,0,0,0,0,0,0,0,0,0,0,0,0,0,0,0,0,0,0,0,0,0,0,0,0,0,0,0,0,0,0,0,0,0,0
4,right,0,0,0,0,0,0,0,0,0,0,0,0,0,0,0,0,0,0,0,0,0,0,0,0,0,0,0,0,0,0,0,0,0,0,0,0,0,0,0,0,0,0,0,0,0,0,0,0,0,0,0,0,0,0,0,0,0,0,0,0,0,0,0
4,left,0,0,0,0,0,0,0,0,0,0,0,0,0,0,0,0,0,0,0,0,0,0,0,0,0,0,0,0,0,0,0,0,0,0,0,0,0,0,0,0,0,0,0,0,0,0,0,0,0,0,0,0,0,0,0,0,0,0,0,0,0,0,0
5,right,0,0,0,0,0,0,0,0,0,0,0,0,0,0,0,0,0,0,0,0,0,0,0,0,0,0,0,0,0,0,0,0,0,0,0,0,0,0,0,0,0,0,0,0,0,0,0,0,0,0,0,0,0,0,0,0,0,0,0,0,0,0,0
5,left,0,0,0,0,0,0,0,0,0,0,0,0,0,0,0,0,0,0,0,0,0,0,0,0,0,0,0,0,0,0,0,0,0,0,0,0,0,0,0,0,0,0,0,0,0,0,0,0,0,0,0,0,0,0,0,0,0,0,0,0,0,0,0
6,right,0,0,0,0,0,0,0,0,0,0,0,0,0,0,0,0,0,0,0,0,0,0,0,0,0,0,0,0,0,0,0,0,0,0,0,0,0,0,0,0,0,0,0,0,0,0,0,0,0,0,0,0,0,0,0,0,0,0,0,0,0,0,0
6,left,0,0,0,0,0,0,0,0,0,0,0,0,0,0,0,0,0,0,0,0,0,0,0,0,0,0,0,0,0,0,0,0,0,0,0,0,0,0,0,0,0,0,0,0,0,0,0,0,0,0,0,0,0,0,0,0,0,0,0,0,0,0,0
7,right,0.32583025097846985,0.8710658550262451,-2.1748426670686882e-10,0.35815227031707764,0.8435934782028198,-0.0037330929189920425,0.4060077667236328,0.832518458366394,-0.013967356644570827,0.4457802176475525,0.8359287977218628,-0.024781035259366035,0.47483202815055847,0.8376945853233337,-0.03433530777692795,0.4079962372779846,0.8249602913856506,-0.030159175395965576,0.46417129039764404,0.8589900732040405,-0.0481235608458519,0.47606679797172546,0.8847672939300537,-0.0563492625951767,0.4744065999984741,0.8957244157791138,-0.05957067757844925,0.39441776275634766,0.850120484828949,-0.037598006427288055,0.4482611417770386,0.8966090679168701,-0.05349144712090492,0.44009262323379517,0.9121781587600708,-0.0539880096912384,0.4235076606273651,0.9033953547477722,-0.053368669003248215,0.3799382150173187,0.8815592527389526,-0.044390808790922165,0.4277075231075287,0.9263272881507874,-0.05566534772515297,0.4168035686016083,0.9350980520248413,-0.04639158397912979,0.39968162775039673,0.9231394529342651,-0.03961373120546341,0.36603862047195435,0.913512647151947,-0.05150098726153374,0.4075552821159363,0.9482819437980652,-0.05758869647979736,0.39697977900505066,0.9526329636573792,-0.04903580620884895,0.37972792983055115,0.9423341155052185,-0.04241963475942612
7,left,0.714932382106781,0.9912472367286682,-5.071365904996128e-08,0.6650785803794861,1.0074191093444824,0.01849989965558052,0.6194499135017395,1.0036685466766357,0.023526454344391823,0.5866686105728149,0.9976868629455566,0.02249026857316494,0.5593173503875732,0.9918807744979858,0.02105030044913292,0.587913990020752,0.9841446280479431,0.0176402498036623,0.5429567098617554,0.9856010675430298,0.010716676712036133,0.5176677107810974,1.0028505325317383,0.0055249715223908424,0.4993295669555664,1.0158077478408813,0.0016658180393278599,0.590446412563324,0.9754093885421753,0.0010243550641462207,0.5422239899635315,0.9835194945335388,-0.005968713667243719,0.5192467570304871,1.0028878450393677,-0.009019939228892326,0.5060293078422546,1.0197904109954834,-0.011318981647491455,0.6008756160736084,0.9686355590820312,-0.015825992450118065,0.5526819229125977,0.9780277013778687,-0.023328781127929688,0.5417345762252808,1.0004305839538574,-0.021165836602449417,0.5411710143089294,1.0163013935089111,-0.01981433480978012,0.6164490580558777,0.962897002696991,-0.031977299600839615,0.5839324593544006,0.9420915246009827,-0.0408053956925869,0.5626058578491211,0.9321767091751099,-0.0432601124048233,0.547222912311554,0.9227771759033203,-0.04459252208471298
8,right,0.3373158276081085,0.8196194171905518,2.649379382546613e-07,0.36908987164497375,0.7930535078048706,-0.0004452211142051965,0.41238513588905334,0.7850446105003357,-0.010289712809026241,0.44688543677330017,0.8014745712280273,-0.02139248326420784,0.4682259261608124,0.825107216835022,-0.03182880952954292,0.42887988686561584,0.7576943039894104,-0.02741636335849762,0.4791472554206848,0.7792079448699951,-0.04564685374498367,0.5009429454803467,0.8095956444740295,-0.054901983588933945,0.5097262263298035,0.8372683525085449,-0.05933959037065506,0.41777539253234863,0.7796003818511963,-0.03688099980354309,0.4688948392868042,0.8214165568351746,-0.05439114570617676,0.4832001030445099,0.8607256412506104,-0.05861366167664528,0.4860861301422119,0.8904259204864502,-0.05997200310230255,0.40370941162109375,0.8110314607620239,-0.04561063274741173,0.45021072030067444,0.8492082953453064,-0.05907247215509415,0.4563564360141754,0.8818548917770386,-0.056865934282541275,0.45318931341171265,0.9031173586845398,-0.05387032777070999,0.3894960880279541,0.8464277982711792,-0.0542835108935833,0.42557069659233093,0.8744436502456665,-0.060646869242191315,0.43050190806388855,0.8894057273864746,-0.05604296177625656,0.428671270608902,0.8987436890602112,-0.05162465199828148
8,left,0.4754575192928314,0.9602131843566895,7.124693723881137e-08,0.5010269284248352,0.9363288879394531,-0.018308265134692192,0.5326888561248779,0.9124937653541565,-0.03887183591723442,0.5522561073303223,0.8900969624519348,-0.05969814956188202,0.563607394695282,0.8730225563049316,-0.07963370531797409,0.5439573526382446,0.9675278067588806,-0.045156531035900116,0.562430739402771,0.9451884031295776,-0.07495712488889694,0.57051682472229,0.930306077003479,-0.09308069944381714,0.5753254294395447,0.9150197505950928,-0.10176923871040344,0.5242469906806946,0.9795696139335632,-0.04647026211023331,0.5438603162765503,0.9523699283599854,-0.07255353033542633,0.5489277839660645,0.9233656525611877,-0.08006703108549118,0.5485404133796692,0.8969948887825012,-0.08476360887289047,0.4961078464984894,0.980522632598877,-0.04872773215174675,0.512448251247406,0.9516281485557556,-0.07151886820793152,0.5206207633018494,0.9228926301002502,-0.07319491356611252,0.5244007110595703,0.9001572132110596,-0.07167384773492813,0.46323099732398987,0.9748838543891907,-0.05278140306472778,0.47464272379875183,0.9474776983261108,-0.06414832174777985,0.4827587604522705,0.9250822067260742,-0.061764054000377655,0.4887927770614624,0.9070263504981995,-0.05930079147219658
9,right,0.36909833550453186,0.7371296286582947,2.7993669959869294e-07,0.4065687656402588,0.717412531375885,0.00015625885862391442,0.44694820046424866,0.7073974609375,-0.010334054939448833,0.48069125413894653,0.7146632671356201,-0.02265683002769947,0.5029242038726807,0.7303977012634277,-0.03497768193483353,0.457925945520401,0.6717793345451355,-0.030362345278263092,0.5093944072723389,0.6884036064147949,-0.050185348838567734,0.5278459191322327,0.7224985957145691,-0.06083538010716438,0.5349445939064026,0.75364750623703,-0.06619563698768616,0.44227826595306396,0.684155285358429,-0.04011375457048416,0.49225208163261414,0.731826901435852,-0.05879079923033714,0.5089660286903381,0.7779351472854614,-0.06309647858142853,0.5137183666229248,0.8110103607177734,-0.06531836092472076,0.4254157543182373,0.7073220610618591,-0.04893301799893379,0.47124001383781433,0.7546223998069763,-0.06365587562322617,0.48025786876678467,0.7918566465377808,-0.06214987114071846,0.4787265360355377,0.8153581619262695,-0.06008630990982056,0.4103185534477234,0.7359351515769958,-0.05765913054347038,0.44279760122299194,0.7749409675598145,-0.06523880362510681,0.44836586713790894,0.7976256012916565,-0.061301395297050476,0.447147399187088,0.8120293021202087,-0.05747202783823013
9,left,0,0,0,0,0,0,0,0,0,0,0,0,0,0,0,0,0,0,0,0,0,0,0,0,0,0,0,0,0,0,0,0,0,0,0,0,0,0,0,0,0,0,0,0,0,0,0,0,0,0,0,0,0,0,0,0,0,0,0,0,0,0,0
10,right,0.35602614283561707,0.7234781384468079,3.1083621365723957e-07,0.4001847505569458,0.7111902236938477,0.005792283918708563,0.4426727890968323,0.7011707425117493,-0.0022304398007690907,0.4750957190990448,0.7024775147438049,-0.013338479213416576,0.500655472278595,0.7079821228981018,-0.024858780205249786,0.45469456911087036,0.6565544009208679,-0.021033307537436485,0.504319429397583,0.6696892380714417,-0.04066672548651695,0.5297638773918152,0.6971138119697571,-0.05233924835920334,0.5440080761909485,0.7243994474411011,-0.05850781500339508,0.4395943880081177,0.6647188663482666,-0.03385242447257042,0.4939207136631012,0.708905041217804,-0.05139131844043732,0.5055140256881714,0.754806637763977,-0.055086638778448105,0.5046445727348328,0.7836177349090576,-0.05653339996933937,0.4225839376449585,0.6868242025375366,-0.045640647411346436,0.47471338510513306,0.7279544472694397,-0.05923119932413101,0.4818303883075714,0.7667709589004517,-0.05412591993808746,0.4772545099258423,0.788561999797821,-0.049222324043512344,0.40631693601608276,0.7157049775123596,-0.05697760730981827,0.44610413908958435,0.7486202716827393,-0.06258977204561234,0.4535978138446808,0.7721086740493774,-0.055547427386045456,0.4520997703075409,0.7844436764717102,-0.04939126968383789
10,left,0.5284179449081421,0.8419520854949951,9.578490534067896e-08,0.5470696091651917,0.8097563982009888,-0.021715229377150536,0.5602222681045532,0.7863706946372986,-0.03771369531750679,0.580664873123169,0.7804165482521057,-0.05091202259063721,0.6064962148666382,0.7930207848548889,-0.06550770998001099,0.5174345970153809,0.8145337104797363,-0.03151044249534607,0.49830713868141174,0.8268508315086365,-0.04470878466963768,0.48537811636924744,0.8269741535186768,-0.05675794556736946,0.47451579570770264,0.8216046094894409,-0.06522317230701447,0.49648433923721313,0.8236225247383118,-0.0246058851480484,0.4688851237297058,0.8210673332214355,-0.03263869136571884,0.4531564712524414,0.8133429288864136,-0.03923792392015457,0.4436368942260742,0.806793212890625,-0.045356281101703644,0.47917887568473816,0.8278999328613281,-0.018330499529838562,0.4497588574886322,0.8207658529281616,-0.024877620860934258,0.43324902653694153,0.8074550628662109,-0.02902979776263237,0.4227207899093628,0.7942501902580261,-0.03190752863883972,0.46572762727737427,0.8318839073181152,-0.013645868748426437,0.44105201959609985,0.823196530342102,-0.01562301442027092,0.4252334237098694,0.8136555552482605,-0.014021440409123898,0.4160911440849304,0.8042639493942261,-0.013414126820862293
11,right,0.36462441086769104,0.70569908618927,2.9558725600509206e-07,0.4134868085384369,0.7147697806358337,0.0031638022046536207,0.4531094431877136,0.7074034214019775,-0.005218116566538811,0.4824902415275574,0.7066076993942261,-0.0164477601647377,0.505669116973877,0.7121333479881287,-0.027701454237103462,0.4611071050167084,0.6362717151641846,-0.023248150944709778,0.5093156099319458,0.6538876891136169,-0.043445706367492676,0.5337212681770325,0.6850945949554443,-0.056205932050943375,0.5472546219825745,0.7122829556465149,-0.06350737810134888,0.4447549879550934,0.6405985355377197,-0.03481893613934517,0.4975593686103821,0.6877522468566895,-0.05282239988446236,0.5097641944885254,0.7353627681732178,-0.05732208117842674,0.5116514563560486,0.763053297996521,-0.05963900685310364,0.427009642124176,0.6631248593330383,-0.045705392956733704,0.48011112213134766,0.7040353417396545,-0.05997518077492714,0.4885437786579132,0.7452987432479858,-0.05540074408054352,0.48516571521759033,0.7670258283615112,-0.050986532121896744,0.41201654076576233,0.693785548210144,-0.05651194229722023,0.45196691155433655,0.729148805141449,-0.06321249157190323,0.46144333481788635,0.752295970916748,-0.05707429349422455,0.46202564239501953,0.7629327178001404,-0.05169925466179848
11,left,0.5374143123626709,0.815339982509613,6.222639825637089e-08,0.5614272356033325,0.7848731875419617,-0.024225842207670212,0.5743111968040466,0.7594500780105591,-0.04029335826635361,0.591444730758667,0.7492265105247498,-0.052494391798973083,0.6098905801773071,0.7607407569885254,-0.06527642905712128,0.5335869789123535,0.7908159494400024,-0.04154930263757706,0.500928521156311,0.7954362630844116,-0.05793626233935356,0.4751971364021301,0.7935094833374023,-0.07078100740909576,0.45122575759887695,0.7870792746543884,-0.07992428541183472,0.5079118013381958,0.7932022213935852,-0.033797163516283035,0.46983593702316284,0.7870912551879883,-0.04491110518574715,0.444164514541626,0.7764942646026611,-0.05252804234623909,0.42474308609962463,0.7660753726959229,-0.05981825292110443,0.4900771975517273,0.7927980422973633,-0.025910763069987297,0.4561097025871277,0.7788233757019043,-0.034047823399305344,0.4351654052734375,0.7637357711791992,-0.03779537230730057,0.4205740690231323,0.7494657635688782,-0.040709007531404495,0.4775206744670868,0.7898186445236206,-0.019755328074097633,0.4542437195777893,0.7746560573577881,-0.02287212759256363,0.4368804097175598,0.761972963809967,-0.021494045853614807,0.4245726466178894,0.7483208179473877,-0.02120363712310791
12,right,0.35418692231178284,0.7064923644065857,2.685439426386438e-07,0.40619805455207825,0.713421106338501,0.009293293580412865,0.44601312279701233,0.7044519782066345,0.0028771383222192526,0.47427818179130554,0.701265275478363,-0.007728666067123413,0.4985499680042267,0.7043846249580383,-0.018693720921874046,0.45882514119148254,0.6331063508987427,-0.01731499657034874,0.508032500743866,0.6494379043579102,-0.03691938892006874,0.5332731604576111,0.6785495281219482,-0.04946011304855347,0.5471670031547546,0.7056003212928772,-0.0564008429646492,0.44298264384269714,0.6367380023002625,-0.031752388924360275,0.4988332986831665,0.6813413500785828,-0.050048310309648514,0.5087519884109497,0.7293052673339844,-0.05401385575532913,0.5058017373085022,0.756685733795166,-0.055046286433935165,0.42650139331817627,0.6588077545166016,-0.044949132949113846,0.4809928834438324,0.6979539394378662,-0.06045324727892876,0.48519250750541687,0.7406959533691406,-0.054803866893053055,0.47712087631225586,0.7627583742141724,-0.04840479791164398,0.41170382499694824,0.6882842779159546,-0.057451605796813965,0.4536420702934265,0.7250109314918518,-0.0656130388379097,0.46214795112609863,0.7498775720596313,-0.05930469557642937,0.46112099289894104,0.7612931728363037,-0.0526450052857399
12,left,0.5438895225524902,0.814009428024292,3.767012515254464e-07,0.5631715655326843,0.7767362594604492,-0.0334208607673645,0.5717898607254028,0.7508196830749512,-0.05865078046917915,0.5891650915145874,0.7410333752632141,-0.07800088822841644,0.611210286617279,0.74346524477005,-0.09770766645669937,0.5328230261802673,0.7906938791275024,-0.06977354735136032,0.4992232918739319,0.7900465130805969,-0.09321755915880203,0.47286874055862427,0.7854033708572388,-0.10620252788066864,0.4486638307571411,0.7812808752059937,-0.11465860903263092,0.5100276470184326,0.8066414594650269,-0.0609196312725544,0.4710790514945984,0.7896352410316467,-0.08188863843679428,0.4441627860069275,0.769623875617981,-0.09062495082616806,0.42219945788383484,0.7536919713020325,-0.09702068567276001,0.4949546754360199,0.8125193119049072,-0.05155721679329872,0.4585685133934021,0.7883771657943726,-0.06740763038396835,0.43637633323669434,0.7662954330444336,-0.07475842535495758,0.4179639518260956,0.7481300234794617,-0.07931867241859436,0.48532241582870483,0.8110294938087463,-0.044137563556432724,0.4600277543067932,0.7892366051673889,-0.054709333926439285,0.44160348176956177,0.7715060114860535,-0.058937665075063705,0.42540639638900757,0.7547662854194641,-0.062086064368486404
13,right,0.3475474417209625,0.7096927762031555,2.696157821446832e-07,0.40518173575401306,0.7166718244552612,0.010320614092051983,0.44656872749328613,0.7089270353317261,0.004532698076218367,0.4745570123195648,0.7056600451469421,-0.005809630732983351,0.4989176392555237,0.7081607580184937,-0.016468308866024017,0.45553743839263916,0.6336774230003357,-0.014798120595514774,0.5049571394920349,0.6492598652839661,-0.034782592207193375,0.530914306640625,0.6781721115112305,-0.04815008491277695,0.5448010563850403,0.7054832577705383,-0.055691055953502655,0.44084876775741577,0.6381527185440063,-0.029853207990527153,0.49698543548583984,0.6809427738189697,-0.04888123273849487,0.5091286897659302,0.7286666035652161,-0.05463910475373268,0.5072265863418579,0.7586178779602051,-0.05686182156205177,0.4247261583805084,0.660073459148407,-0.04365016520023346,0.4784209728240967,0.6977403163909912,-0.05970096215605736,0.48380547761917114,0.7389684319496155,-0.05593433231115341,0.47744879126548767,0.7631308436393738,-0.05077153071761131,0.4101199507713318,0.689429759979248,-0.056645721197128296,0.44965967535972595,0.7254401445388794,-0.0650990903377533,0.4577573835849762,0.7495773434638977,-0.05987009406089783,0.4573177099227905,0.7629076838493347,-0.0539826862514019
13,left,0.5496276617050171,0.8133047223091125,5.171518751012627e-07,0.5634886026382446,0.7711741328239441,-0.03764544799923897,0.56768798828125,0.7488084435462952,-0.06436584144830704,0.5846326351165771,0.7452834844589233,-0.0845629870891571,0.6103760600090027,0.7472333312034607,-0.10507436096668243,0.5307146310806274,0.8001551032066345,-0.07107041776180267,0.5003440976142883,0.7939412593841553,-0.09382443130016327,0.47511136531829834,0.7889918684959412,-0.10715830326080322,0.45227599143981934,0.7859194278717041,-0.11605336517095566,0.5108983516693115,0.815330982208252,-0.059867944568395615,0.4721486568450928,0.7912540435791016,-0.07884600013494492,0.4455108046531677,0.7681835293769836,-0.08700703084468842,0.42454156279563904,0.7503299117088318,-0.09311327338218689,0.49735745787620544,0.8187166452407837,-0.04866192862391472,0.4615306258201599,0.7922747135162354,-0.062084417790174484,0.4387647807598114,0.7682709693908691,-0.0687953308224678,0.4210933744907379,0.7492088079452515,-0.07348611205816269,0.48882681131362915,0.815434992313385,-0.04004192724823952,0.4639228284358978,0.7929452061653137,-0.04802758991718292,0.44587695598602295,0.7747493982315063,-0.05133678391575813,0.4306414723396301,0.7587957382202148,-0.05437812954187393
14,right,0.34614160656929016,0.7143644690513611,2.4960277755781135e-07,0.4006955027580261,0.713844358921051,0.011619262397289276,0.4423658847808838,0.7050755023956299,0.005130684934556484,0.4711623787879944,0.7037022113800049,-0.00589359924197197,0.4959174394607544,0.7091748118400574,-0.017226101830601692,0.4538002014160156,0.6382197141647339,-0.01880069263279438,0.5034846663475037,0.6542489528656006,-0.039881378412246704,0.5290201902389526,0.68514084815979,-0.05296782776713371,0.5426130890846252,0.7136251330375671,-0.06002086400985718,0.43777379393577576,0.6443798542022705,-0.0346519909799099,0.49398180842399597,0.6875665187835693,-0.05448286980390549,0.506339967250824,0.7343969941139221,-0.058923110365867615,0.5040919780731201,0.7632765173912048,-0.06017216667532921,0.42043888568878174,0.66754549741745,-0.04894039034843445,0.4750370681285858,0.7040978074073792,-0.06533954292535782,0.48191165924072266,0.7444149851799011,-0.06046323478221893,0.47646334767341614,0.7672386765480042,-0.05449344962835312,0.4049263596534729,0.6975725293159485,-0.062188051640987396,0.4465029835700989,0.7318848967552185,-0.07032638788223267,0.4561958611011505,0.7544857263565063,-0.06432073563337326,0.45664381980895996,0.7662355899810791,-0.057938266545534134
14,left,0.5342946648597717,0.8145046830177307,1.4945067050575744e-07,0.5587797164916992,0.7810038328170776,-0.025563063099980354,0.574337899684906,0.75350421667099,-0.04471782594919205,0.5919022560119629,0.7452501058578491,-0.05947952717542648,0.6115242838859558,0.7530118823051453,-0.07532038539648056,0.5377669930458069,0.7914858460426331,-0.052748505026102066,0.5025999546051025,0.7936782240867615,-0.0712861567735672,0.47513681650161743,0.7920675277709961,-0.08357780426740646,0.4505884051322937,0.7885462641716003,-0.092106394469738,0.5121273398399353,0.8010828495025635,-0.04548117145895958,0.47123682498931885,0.7882349491119385,-0.060929156839847565,0.4445861876010895,0.7766757607460022,-0.06994053721427917,0.4246751666069031,0.767074465751648,-0.07766936719417572,0.49403098225593567,0.8045227527618408,-0.03736704960465431,0.45697396993637085,0.7811077237129211,-0.04914688691496849,0.43411093950271606,0.763335108757019,-0.05562423914670944,0.4173617362976074,0.7490026950836182,-0.06029422953724861,0.48000529408454895,0.8030877709388733,-0.03050312027335167,0.45569396018981934,0.7817566394805908,-0.03712675720453262,0.4370357096195221,0.76636803150177,-0.03843780606985092,0.4220327138900757,0.7507058382034302,-0.04012593999505043
15,right,0.35851770639419556,0.6986007690429688,3.767426619560865e-07,0.3921981155872345,0.6728652715682983,0.0006596200983040035,0.4353829026222229,0.6613574624061584,-0.009748602285981178,0.47365397214889526,0.6678031086921692,-0.021161828190088272,0.5026505589485168,0.6785059571266174,-0.03263964504003525,0.44248637557029724,0.6277962923049927,-0.03501927852630615,0.4933202266693115,0.6379182934761047,-0.05717720463871956,0.520953357219696,0.6628293991088867,-0.06891527026891708,0.5385169386863708,0.6878131628036499,-0.07494672387838364,0.43064507842063904,0.6449936628341675,-0.045214418321847916,0.48794788122177124,0.688381552696228,-0.06575833261013031,0.5081242918968201,0.7327211499214172,-0.0703987255692482,0.515690803527832,0.7634007930755615,-0.07230044156312943,0.4176202416419983,0.6749576926231384,-0.054056208580732346,0.4723784029483795,0.7133718729019165,-0.07020982354879379,0.4827038049697876,0.7498648166656494,-0.0668756514787674,0.4815700054168701,0.7720785737037659,-0.06277995556592941,0.40568241477012634,0.7097306251525879,-0.06253470480442047,0.4461003839969635,0.7396023273468018,-0.07155998051166534,0.45887652039527893,0.7588320374488831,-0.06761205941438675,0.4640201926231384,0.7706850171089172,-0.06322141736745834
15,left,0.5432928204536438,0.8200860619544983,3.651848317076656e-07,0.5623186230659485,0.7814915180206299,-0.033386338502168655,0.5694266557693481,0.7543982267379761,-0.05658775568008423,0.5845658183097839,0.7494252324104309,-0.07402543723583221,0.6066352128982544,0.7554454207420349,-0.09141647070646286,0.5251551866531372,0.7976086735725403,-0.06249216943979263,0.49383997917175293,0.8016218543052673,-0.08289794623851776,0.4689369797706604,0.8002118468284607,-0.0947490856051445,0.44595909118652344,0.7984791398048401,-0.1025376096367836,0.5033946633338928,0.8105433583259583,-0.052157141268253326,0.4657065272331238,0.802224338054657,-0.07037912309169769,0.4402041435241699,0.7843602299690247,-0.07886136323213577,0.4196878671646118,0.7693809270858765,-0.08493790775537491,0.48961538076400757,0.8139022588729858,-0.041588544845581055,0.4548531770706177,0.7972317337989807,-0.05543547868728638,0.4338493049144745,0.7763766646385193,-0.06330080330371857,0.41690176725387573,0.75953608751297,-0.06796447932720184,0.48144322633743286,0.8104491233825684,-0.0330120325088501,0.4576663672924042,0.7928920984268188,-0.041577257215976715,0.4399178624153137,0.7771916389465332,-0.045544907450675964,0.4243388772010803,0.7618765234947205,-0.04844878241419792
16,right,0.34128493070602417,0.7049959301948547,4.001040849743731e-07,0.37713107466697693,0.6744440197944641,0.0013719943817704916,0.4200211465358734,0.6548523902893066,-0.008975041098892689,0.45838579535484314,0.653010368347168,-0.0202943067997694,0.4882344603538513,0.6556413769721985,-0.03159981593489647,0.4238598942756653,0.6196535229682922,-0.034020114690065384,0.4771885573863983,0.62105792760849,-0.05533071979880333,0.5090654492378235,0.6402471661567688,-0.06714049726724625,0.5304532051086426,0.6620685458183289,-0.07338022440671921,0.4134337306022644,0.6412991285324097,-0.044641777873039246,0.4765303134918213,0.6759987473487854,-0.06450265645980835,0.5010107755661011,0.7154282927513123,-0.06917981803417206,0.5103663802146912,0.7436349391937256,-0.07139816135168076,0.40201646089553833,0.6744757294654846,-0.053697142750024796,0.46077457070350647,0.7064869403839111,-0.06879347562789917,0.474295973777771,0.7405508160591125,-0.06499730795621872,0.47415784001350403,0.7619562149047852,-0.06098587438464165,0.39138516783714294,0.7119240164756775,-0.06234349310398102,0.43563786149024963,0.7345818281173706,-0.07030509412288666,0.44798386096954346,0.7518967390060425,-0.06515129655599594,0.4515917897224426,0.7625733017921448,-0.060072533786296844
16,left,0.541976273059845,0.8202001452445984,4.559661306302587e-07,0.5608057975769043,0.7780035138130188,-0.03844022378325462,0.5685684680938721,0.755519449710846,-0.06540365517139435,0.5834395885467529,0.7536594271659851,-0.08573722839355469,0.6062244772911072,0.7546926140785217,-0.1057358831167221,0.5302993059158325,0.8055358529090881,-0.07189126312732697,0.49896809458732605,0.8080593943595886,-0.09546826779842377,0.47278648614883423,0.8066617250442505,-0.10904258489608765,0.4490969479084015,0.8068448901176453,-0.11764246970415115,0.5070303678512573,0.8213763236999512,-0.06017544865608215,0.4692016839981079,0.8071111440658569,-0.07856930792331696,0.4437039792537689,0.7866153120994568,-0.08531929552555084,0.42588523030281067,0.7713733911514282,-0.09030738472938538,0.4907720685005188,0.8238386511802673,-0.04858746752142906,0.4559718072414398,0.8063843846321106,-0.06113027408719063,0.4348376989364624,0.7841349840164185,-0.06608694046735764,0.41970184445381165,0.7667837142944336,-0.06951378285884857,0.4802897274494171,0.8189361095428467,-0.03988427668809891,0.4550612270832062,0.8031014204025269,-0.04682979732751846,0.4381621181964874,0.7863150835037231,-0.048772890120744705,0.42495787143707275,0.7711942195892334,-0.05063395947217941
17,right,0.30242398381233215,0.7122025489807129,3.483615103050397e-07,0.3355821669101715,0.6691039800643921,-0.0016334691317752004,0.3829036355018616,0.6352323293685913,-0.013606319203972816,0.42472225427627563,0.624041736125946,-0.024983398616313934,0.45681172609329224,0.6234126091003418,-0.0357326976954937,0.3652247190475464,0.608460545539856,-0.0397443063557148,0.40639394521713257,0.5964639186859131,-0.05979890748858452,0.4360281825065613,0.6053289771080017,-0.06933429092168808,0.4606544077396393,0.6192249655723572,-0.07442404329776764,0.3531438112258911,0.6385622024536133,-0.0486120730638504,0.4186649024486542,0.6617794036865234,-0.06725676357746124,0.44965997338294983,0.6910966634750366,-0.06779281049966812,0.4693044424057007,0.7137576341629028,-0.06777633726596832,0.34364771842956543,0.6790640354156494,-0.0558602437376976,0.41064244508743286,0.7082086205482483,-0.07054468244314194,0.4216826260089874,0.72577965259552,-0.06179504096508026,0.42084142565727234,0.7321234941482544,-0.05454079061746597,0.3356412947177887,0.7240673303604126,-0.0628318041563034,0.39077162742614746,0.7421468496322632,-0.06789875775575638,0.3944369852542877,0.7447440028190613,-0.057820066809654236,0.3889825642108917,0.7420332431793213,-0.04999251663684845
17,left,0.5468392372131348,0.8258834481239319,8.026259479265718e-08,0.5650313496589661,0.7860164046287537,-0.02183137834072113,0.5741651058197021,0.761785089969635,-0.0396588034927845,0.5873224139213562,0.7591238617897034,-0.05455222725868225,0.610596776008606,0.7687821388244629,-0.07027783244848251,0.5404768586158752,0.8000568151473999,-0.042375121265649796,0.511829137802124,0.8131433725357056,-0.06083522364497185,0.4869418740272522,0.8179671168327332,-0.07377930730581284,0.46286508440971375,0.8187409043312073,-0.08285602182149887,0.5159269571304321,0.8131337761878967,-0.03810187801718712,0.47858133912086487,0.8159499168395996,-0.05301621928811073,0.4539276957511902,0.8120855093002319,-0.061429135501384735,0.43412813544273376,0.8056958317756653,-0.06864094734191895,0.49631112813949585,0.8176985383033752,-0.03360140696167946,0.45889928936958313,0.8116711378097534,-0.04476702958345413,0.43648165464401245,0.8023229241371155,-0.04884202405810356,0.417501300573349,0.7905892729759216,-0.05198279395699501,0.48174867033958435,0.8173038363456726,-0.030730368569493294,0.45568934082984924,0.8079118728637695,-0.03567144274711609,0.43848586082458496,0.7992047667503357,-0.034634850919246674,0.4232240319252014,0.787233829498291,-0.03477993607521057
18,right,0.27094924449920654,0.7377700209617615,2.6816755394065694e-07,0.2971058487892151,0.6910707950592041,-0.005101185757666826,0.34366273880004883,0.6479471921920776,-0.015704955905675888,0.38668128848075867,0.6282840371131897,-0.02498558908700943,0.4179654121398926,0.612015962600708,-0.033995188772678375,0.3167719841003418,0.6352803707122803,-0.03728538006544113,0.35243546962738037,0.6200018525123596,-0.053799569606781006,0.3814513087272644,0.6213982105255127,-0.061563681811094284,0.4060071110725403,0.6271497011184692,-0.06611472368240356,0.30822867155075073,0.6711464524269104,-0.043508436530828476,0.3644055426120758,0.6772667169570923,-0.057403381913900375,0.39994704723358154,0.6983277201652527,-0.059020429849624634,0.42473602294921875,0.7168891429901123,-0.061317067593336105,0.3041810393333435,0.7146973609924316,-0.048568837344646454,0.3587896525859833,0.7216129302978516,-0.06029007211327553,0.38260576128959656,0.7339465022087097,-0.05627088248729706,0.3950384855270386,0.742194652557373,-0.053927261382341385,0.30386465787887573,0.7604805827140808,-0.05347050353884697,0.3475775122642517,0.7582707405090332,-0.05849559232592583,0.36312660574913025,0.7577110528945923,-0.05297219380736351,0.3709823191165924,0.7555323243141174,-0.04955782741308212
18,left,0.5433149933815002,0.8245266079902649,3.366697569617827e-07,0.5630950927734375,0.7884835600852966,-0.03622239828109741,0.5726372003555298,0.7646648287773132,-0.061412543058395386,0.5876754522323608,0.7628532648086548,-0.08029332756996155,0.6088995933532715,0.7665808200836182,-0.09885624796152115,0.5270452499389648,0.8130534887313843,-0.06477237492799759,0.49900490045547485,0.8220046758651733,-0.08634539693593979,0.4752778708934784,0.8263865113258362,-0.09960196167230606,0.45256513357162476,0.8298457264900208,-0.10886751860380173,0.5039224624633789,0.8237841129302979,-0.05429892614483833,0.4693775475025177,0.822930097579956,-0.07258794456720352,0.44489288330078125,0.8120502233505249,-0.08164595067501068,0.423845112323761,0.8034432530403137,-0.08877475559711456,0.4883699417114258,0.8243486285209656,-0.04402346536517143,0.4566619098186493,0.8192989230155945,-0.05732739716768265,0.4359153211116791,0.8048242926597595,-0.06460293382406235,0.4181895852088928,0.7933652400970459,-0.06992342323064804,0.4790879189968109,0.8194512724876404,-0.036300696432590485,0.45773759484291077,0.8124146461486816,-0.04463852569460869,0.44119054079055786,0.8043346405029297,-0.04835425689816475,0.42558804154396057,0.7962789535522461,-0.0517277792096138
19,right,0.18569475412368774,0.8264859318733215,3.3820691669461667e-07,0.21348430216312408,0.7540841698646545,-0.0058060502633452415,0.260018914937973,0.7110946178436279,-0.015536850318312645,0.3000470995903015,0.7067411541938782,-0.022386595606803894,0.3249362111091614,0.7216774225234985,-0.02871367149055004,0.23446527123451233,0.7170300483703613,-0.03841405361890793,0.27514976263046265,0.7056488394737244,-0.050338417291641235,0.300689697265625,0.6895010471343994,-0.05629194900393486,0.32204997539520264,0.6711719632148743,-0.0612868070602417,0.23377534747123718,0.7680633664131165,-0.04209742695093155,0.2970328629016876,0.7718657851219177,-0.05080501735210419,0.33353322744369507,0.7793859243392944,-0.05195287615060806,0.3628857433795929,0.7845565676689148,-0.05450304597616196,0.23576027154922485,0.8173662424087524,-0.043967582285404205,0.29617324471473694,0.8117321729660034,-0.052008502185344696,0.33311450481414795,0.8073254823684692,-0.05237773060798645,0.36004015803337097,0.8022297024726868,-0.05329969897866249,0.24064390361309052,0.8599650859832764,-0.04541178047657013,0.28378134965896606,0.8435695767402649,-0.049650225788354874,0.30683434009552,0.8321653008460999,-0.04742914065718651,0.3257249891757965,0.8203574419021606,-0.0466504767537117
19,left,0.5477389097213745,0.8258258104324341,4.547411549538083e-07,0.5645771026611328,0.7884971499443054,-0.048768557608127594,0.571991503238678,0.7735038995742798,-0.08175753802061081,0.5862841606140137,0.7742569446563721,-0.10626768320798874,0.6073973178863525,0.7806573510169983,-0.13083450496196747,0.5320428609848022,0.8238236308097839,-0.086491160094738,0.5048976540565491,0.8307062387466431,-0.11507356911897659,0.4806164503097534,0.833725094795227,-0.1327727884054184,0.45671749114990234,0.8352664113044739,-0.14481288194656372,0.5093860626220703,0.8349641561508179,-0.07126326858997345,0.4752104878425598,0.8358960747718811,-0.09414499998092651,0.4494529366493225,0.826400637626648,-0.10446497797966003,0.42734813690185547,0.8175886273384094,-0.11287842690944672,0.49410131573677063,0.8352751731872559,-0.0568242073059082,0.46070268750190735,0.83179771900177,-0.07395020127296448,0.4368949234485626,0.8185148239135742,-0.08231090754270554,0.4176100194454193,0.806602418422699,-0.0887158215045929,0.48447689414024353,0.8294095993041992,-0.04586660489439964,0.4602646231651306,0.8242474794387817,-0.05642025172710419,0.44179147481918335,0.8164259195327759,-0.06160416454076767,0.42559707164764404,0.8071622848510742,-0.06659330427646637
20,right,0.21640203893184662,0.807583749294281,4.131086654979299e-07,0.23711560666561127,0.7452254295349121,-0.007185555528849363,0.27064529061317444,0.7165811657905579,-0.021475069224834442,0.2978843152523041,0.7351371645927429,-0.034585967659950256,0.30589330196380615,0.7747670412063599,-0.04866360127925873,0.21582503616809845,0.7464475035667419,-0.04038884863257408,0.23139895498752594,0.7465420365333557,-0.05888674408197403,0.2516322433948517,0.7518050670623779,-0.07326208055019379,0.26723265647888184,0.7591971158981323,-0.0819275975227356,0.20752304792404175,0.8032785058021545,-0.046361036598682404,0.26845255494117737,0.819265604019165,-0.05873247608542442,0.30869632959365845,0.821751594543457,-0.06258777529001236,0.3363516628742218,0.8216561675071716,-0.06720462441444397,0.20838651061058044,0.8513062596321106,-0.05080784112215042,0.27911069989204407,0.8656681180000305,-0.061018187552690506,0.3053065240383148,0.8498533964157104,-0.05836416035890579,0.3113826811313629,0.8335521221160889,-0.05594842880964279,0.21518462896347046,0.8875739574432373,-0.05567219480872154,0.2678089737892151,0.8897991180419922,-0.057337161153554916,0.2854163944721222,0.872855544090271,-0.048932239413261414,0.2886718809604645,0.854271650314331,-0.04377852380275726
20,left,0.5432800054550171,0.8321741819381714,1.6051173190589907e-07,0.5654066205024719,0.7927634716033936,-0.02620249055325985,0.5786482095718384,0.7682629823684692,-0.04637667164206505,0.5922248959541321,0.767017126083374,-0.06254012882709503,0.6119155287742615,0.7756361365318298,-0.07929127663373947,0.5397753715515137,0.8079364895820618,-0.051091134548187256,0.5092728137969971,0.8270776867866516,-0.07110166549682617,0.4832109808921814,0.8338814377784729,-0.0837269052863121,0.46055397391319275,0.8364906311035156,-0.09182628244161606,0.5151830911636353,0.8246649503707886,-0.044026728719472885,0.4766990542411804,0.8309223055839539,-0.060939252376556396,0.4498063623905182,0.8258405327796936,-0.0687762126326561,0.4292951226234436,0.8200743794441223,-0.0749533548951149,0.49695372581481934,0.8319679498672485,-0.036585886031389236,0.46115875244140625,0.8281031847000122,-0.04886661842465401,0.43999341130256653,0.8179941773414612,-0.05285217985510826,0.42368263006210327,0.807785153388977,-0.05543050169944763,0.48421546816825867,0.8331604599952698,-0.03091185726225376,0.45979058742523193,0.8236541748046875,-0.03651358187198639,0.44301649928092957,0.8130948543548584,-0.035931579768657684,0.428148090839386,0.8009648323059082,-0.03609906882047653
21,right,0.21174192428588867,0.8192826509475708,4.321624373915256e-07,0.22044286131858826,0.7801544070243835,-0.013976124115288258,0.2439558506011963,0.757098913192749,-0.026294196024537086,0.2647846043109894,0.7618765830993652,-0.034091390669345856,0.27279072999954224,0.7662414908409119,-0.042693670839071274,0.1859959363937378,0.787472665309906,-0.04863351956009865,0.21082256734371185,0.8049582242965698,-0.06320474296808243,0.2335577756166458,0.8207198977470398,-0.07020124047994614,0.25147658586502075,0.8340110182762146,-0.07355324178934097,0.1828165203332901,0.8262235522270203,-0.0479435920715332,0.24108552932739258,0.8474036455154419,-0.05852014571428299,0.2862112522125244,0.8598047494888306,-0.061121970415115356,0.32226109504699707,0.8692471981048584,-0.06452327966690063,0.1857951581478119,0.8563112020492554,-0.045913804322481155,0.2406887710094452,0.875362753868103,-0.058059342205524445,0.2815053462982178,0.8800950050354004,-0.0623815543949604,0.3127351701259613,0.8806803226470947,-0.0648847222328186,0.19313961267471313,0.8778691291809082,-0.0434609055519104,0.2303430736064911,0.885740339756012,-0.049308501183986664,0.25131353735923767,0.8813624382019043,-0.047807082533836365,0.2654195725917816,0.8740425705909729,-0.04809275269508362
21,left,0.5488008260726929,0.8401415348052979,2.826856473348016e-07,0.5674911737442017,0.8045024275779724,-0.034656282514333725,0.5796751379966736,0.7792032957077026,-0.059943705797195435,0.5937525033950806,0.771933376789093,-0.07925408333539963,0.611184298992157,0.7731746435165405,-0.09873434156179428,0.5306081771850586,0.8218587636947632,-0.0609394870698452,0.5028640031814575,0.8341104984283447,-0.08197857439517975,0.4791288673877716,0.8401744961738586,-0.09631195664405823,0.456464558839798,0.8438178300857544,-0.10610050708055496,0.5099537372589111,0.8324272632598877,-0.049977079033851624,0.4748438894748688,0.8341235518455505,-0.06810028851032257,0.4495629072189331,0.8254926800727844,-0.0785771831870079,0.4285637140274048,0.8185370564460754,-0.08675650507211685,0.4953124225139618,0.8352989554405212,-0.03881046548485756,0.4633188843727112,0.8329377770423889,-0.051503896713256836,0.4424229562282562,0.8203787803649902,-0.058150339871644974,0.42488893866539,0.8095893859863281,-0.0629168301820755,0.48564213514328003,0.8334705233573914,-0.02999153733253479,0.4620198607444763,0.8271615505218506,-0.0363546647131443,0.44514229893684387,0.8201619982719421,-0.03771686553955078,0.43068236112594604,0.8119493722915649,-0.039449360221624374
22,right,0.19444718956947327,0.8405600190162659,4.0122617406268546e-07,0.2089608609676361,0.7931883335113525,-0.013653903268277645,0.23910211026668549,0.7640025019645691,-0.02751803956925869,0.26187261939048767,0.7652413845062256,-0.036958202719688416,0.271505206823349,0.7762276530265808,-0.047236740589141846,0.18970325589179993,0.7925024628639221,-0.0529460571706295,0.2145497351884842,0.8086296319961548,-0.07048986852169037,0.2338230311870575,0.8260828256607056,-0.07866629213094711,0.25015154480934143,0.8402359485626221,-0.08244525641202927,0.18540897965431213,0.8330311179161072,-0.053894683718681335,0.24432909488677979,0.85443514585495,-0.06902159005403519,0.28964686393737793,0.8681076765060425,-0.0725906491279602,0.3258330225944519,0.8789902925491333,-0.07538540661334991,0.1867845058441162,0.864439070224762,-0.05333022028207779,0.2457386553287506,0.878514289855957,-0.06869911402463913,0.2876856029033661,0.8797642588615417,-0.07359454035758972,0.3199745714664459,0.8780970573425293,-0.07547809928655624,0.1920337975025177,0.8866883516311646,-0.052150484174489975,0.2347431182861328,0.8941026926040649,-0.060182392597198486,0.25904449820518494,0.8898846507072449,-0.05913690850138664,0.27608340978622437,0.8838006854057312,-0.058896299451589584
22,left,0.550655722618103,0.829571008682251,3.0688806873513386e-07,0.5718596577644348,0.7908960580825806,-0.04285859689116478,0.5814873576164246,0.7739984393119812,-0.0721365213394165,0.5964332222938538,0.7734981775283813,-0.09413975477218628,0.6170161366462708,0.7747229337692261,-0.11569876968860626,0.542988121509552,0.8222910761833191,-0.07735219597816467,0.5156872868537903,0.8367445468902588,-0.10424051433801651,0.4900660216808319,0.8410733342170715,-0.12098173797130585,0.4658025801181793,0.8427267670631409,-0.1324101686477661,0.5188012719154358,0.8338063955307007,-0.0649145320057869,0.48751574754714966,0.8448992967605591,-0.08651316165924072,0.4624796509742737,0.8410457968711853,-0.0963563546538353,0.44114840030670166,0.8378321528434753,-0.10417886823415756,0.5016075372695923,0.835205078125,-0.053095996379852295,0.47074273228645325,0.8393079042434692,-0.0700688511133194,0.4482351541519165,0.8283503651618958,-0.07863646745681763,0.42916277050971985,0.8197090029716492,-0.084726981818676,0.49076032638549805,0.8300960063934326,-0.04423040896654129,0.46870920062065125,0.8294622898101807,-0.0554809533059597,0.4503903388977051,0.8244794011116028,-0.06073896214365959,0.43398553133010864,0.8181606531143188,-0.06524424254894257
23,right,0.1945546716451645,0.8354312181472778,4.697209590176499e-07,0.21123844385147095,0.7917231917381287,-0.01684141345322132,0.2432069629430771,0.7650723457336426,-0.030865874141454697,0.26355835795402527,0.7673904299736023,-0.03936457633972168,0.2715199291706085,0.7714069485664368,-0.04885215684771538,0.18780343234539032,0.7887460589408875,-0.05667489394545555,0.21474920213222504,0.8080121874809265,-0.07429610937833786,0.2344173789024353,0.8231905102729797,-0.08278579264879227,0.24916225671768188,0.8325285911560059,-0.08701609075069427,0.1786070466041565,0.8298664093017578,-0.05612506717443466,0.23906078934669495,0.8490082025527954,-0.07085712999105453,0.28475141525268555,0.8595424890518188,-0.07550482451915741,0.3205316364765167,0.865622341632843,-0.07954307645559311,0.1766282021999359,0.8667726516723633,-0.054035063832998276,0.23432932794094086,0.8876276016235352,-0.07069715857505798,0.2777574956417084,0.8931748270988464,-0.07834227383136749,0.31043297052383423,0.8947775959968567,-0.08273286372423172,0.17896467447280884,0.8959087133407593,-0.05131983011960983,0.21171893179416656,0.9155942797660828,-0.06152086332440376,0.22503399848937988,0.9192556142807007,-0.061733096837997437,0.2327406257390976,0.9204224944114685,-0.06272353231906891
23,left,0.551101565361023,0.8417282104492188,3.0919963478481804e-07,0.5707215070724487,0.80379319190979,-0.03522569686174393,0.5817081332206726,0.779865026473999,-0.06122909486293793,0.5958715677261353,0.7765331864356995,-0.08124653995037079,0.6154991388320923,0.7783603072166443,-0.1014554426074028,0.5369290709495544,0.8244466781616211,-0.06399831920862198,0.5094206929206848,0.8374963402748108,-0.08599776774644852,0.48528778553009033,0.8427283763885498,-0.10058604925870895,0.4623790979385376,0.8459584712982178,-0.11043854802846909,0.5167818665504456,0.8385530114173889,-0.05356816574931145,0.4807658791542053,0.842395007610321,-0.07179778814315796,0.45467907190322876,0.8344284296035767,-0.08146639913320541,0.43307000398635864,0.8280419111251831,-0.08894820511341095,0.5019850134849548,0.8433753252029419,-0.04298947751522064,0.46888232231140137,0.8405158519744873,-0.05577584728598595,0.4474579691886902,0.8270982503890991,-0.061971697956323624,0.42990660667419434,0.8157303333282471,-0.06644066423177719,0.4919041395187378,0.8423595428466797,-0.03483598306775093,0.4682466387748718,0.8350443243980408,-0.041587166488170624,0.451698362827301,0.8261639475822449,-0.043006882071495056,0.43727219104766846,0.8164846301078796,-0.044691555202007294
24,right,0.18259719014167786,0.8301000595092773,4.727827160877496e-07,0.20212101936340332,0.7894037961959839,-0.015433801338076591,0.2350948005914688,0.7633944749832153,-0.03126617521047592,0.25730934739112854,0.7638064026832581,-0.04226263612508774,0.2700086832046509,0.775926411151886,-0.05466875433921814,0.18550977110862732,0.7799983620643616,-0.058178067207336426,0.21474629640579224,0.803144097328186,-0.07614428550004959,0.2357514649629593,0.8210029602050781,-0.0841243639588356,0.2532230615615845,0.8328846096992493,-0.08833424746990204,0.17866858839988708,0.8196708559989929,-0.05845300853252411,0.23566675186157227,0.84727543592453,-0.07572054862976074,0.2809329926967621,0.8655686378479004,-0.08021976798772812,0.3169395327568054,0.877655565738678,-0.08406683802604675,0.17673175036907196,0.8531009554862976,-0.05704684183001518,0.2330837845802307,0.8733336925506592,-0.07297684997320175,0.2795754671096802,0.8821504712104797,-0.0788617953658104,0.3159930408000946,0.8840451240539551,-0.08238617330789566,0.1803428828716278,0.8774205446243286,-0.05507482588291168,0.22047756612300873,0.8844971656799316,-0.06408527493476868,0.24385564029216766,0.8825852870941162,-0.06474420428276062,0.260651171207428,0.8774290084838867,-0.06639507412910461
24,left,0.5458976626396179,0.8414888381958008,2.780249133138568e-07,0.5677502751350403,0.8052226305007935,-0.037010423839092255,0.5806658864021301,0.7815729379653931,-0.06367605924606323,0.5952262282371521,0.7774264216423035,-0.08410495519638062,0.6139370203018188,0.7788848876953125,-0.1044858992099762,0.5358568429946899,0.8276935815811157,-0.06676846742630005,0.5097324848175049,0.8425878882408142,-0.09063079953193665,0.4861012399196625,0.8499584197998047,-0.10587802529335022,0.4634554088115692,0.854141354560852,-0.11606227606534958,0.5140570402145386,0.8405740261077881,-0.056059058755636215,0.481100857257843,0.8464155793190002,-0.07707403600215912,0.45592764019966125,0.8400295972824097,-0.08859158307313919,0.43497729301452637,0.8344020843505859,-0.09740611165761948,0.4979369342327118,0.8435842990875244,-0.04533926770091057,0.46653956174850464,0.843326210975647,-0.061405811458826065,0.4456511437892914,0.8313661217689514,-0.0701298862695694,0.4281802177429199,0.8211517333984375,-0.07609876990318298,0.487016499042511,0.8407330513000488,-0.036962833255529404,0.4642578959465027,0.8353970646858215,-0.046052590012550354,0.4477769136428833,0.827981173992157,-0.049512140452861786,0.4321857690811157,0.8203557729721069,-0.05278656631708145
25,right,0.18397027254104614,0.8392441272735596,4.5340311771724373e-07,0.20087935030460358,0.7952650189399719,-0.01862834393978119,0.2325836718082428,0.7670359015464783,-0.03646028786897659,0.25584062933921814,0.7623240351676941,-0.04887742921710014,0.2716858386993408,0.7711451053619385,-0.061903297901153564,0.18844138085842133,0.787973940372467,-0.05998510494828224,0.2168969213962555,0.8085966110229492,-0.07884206622838974,0.23676100373268127,0.8237347602844238,-0.08771146833896637,0.2531251013278961,0.8357201218605042,-0.09207335114479065,0.18363043665885925,0.8273568749427795,-0.05854539945721626,0.2398141324520111,0.854046106338501,-0.0750163123011589,0.2861872911453247,0.869780957698822,-0.079537034034729,0.3218228816986084,0.8820927143096924,-0.08371012657880783,0.18454699218273163,0.8559899926185608,-0.05587957426905632,0.2402971088886261,0.8706662654876709,-0.0698513612151146,0.28446948528289795,0.8725493550300598,-0.07476874440908432,0.3168267011642456,0.8715142607688904,-0.07792267203330994,0.19188348948955536,0.8734799027442932,-0.05320883169770241,0.23299476504325867,0.8758491277694702,-0.06102796271443367,0.2616316080093384,0.8707757592201233,-0.06195028871297836,0.28209367394447327,0.8636124134063721,-0.06378667801618576
25,left,0.5515275597572327,0.8481077551841736,2.8782130812032847e-07,0.5684235095977783,0.8118694424629211,-0.036371491849422455,0.5784437656402588,0.7875568866729736,-0.06217299774289131,0.5913458466529846,0.7801031470298767,-0.08165886998176575,0.6087450385093689,0.7797622680664062,-0.10093584656715393,0.5332541465759277,0.8350944519042969,-0.06369955092668533,0.5067758560180664,0.8453475832939148,-0.08531513810157776,0.4850340187549591,0.8516275882720947,-0.09914747625589371,0.4637216329574585,0.8563470840454102,-0.10851158201694489,0.5125066041946411,0.8459516167640686,-0.052407145500183105,0.4782404601573944,0.8456281423568726,-0.07159587740898132,0.45436355471611023,0.8372620940208435,-0.08205506205558777,0.43401235342025757,0.830327570438385,-0.08995269238948822,0.4979977011680603,0.8487374186515808,-0.04100094363093376,0.4660758972167969,0.8460330963134766,-0.05452784523367882,0.445305198431015,0.8330888748168945,-0.061722733080387115,0.4281366467475891,0.8225765824317932,-0.06674674898386002,0.48886093497276306,0.8469429612159729,-0.03201201558113098,0.46562132239341736,0.8418477773666382,-0.038887590169906616,0.44912415742874146,0.8338847756385803,-0.04112541303038597,0.4348706305027008,0.8256725668907166,-0.04346800968050957
26,right,0.18818935751914978,0.8427115082740784,3.5358493732928764e-07,0.20958682894706726,0.8036797642707825,-0.01874236948788166,0.23659472167491913,0.7784519791603088,-0.03506699949502945,0.25926434993743896,0.7733328342437744,-0.04537118971347809,0.2725616693496704,0.7785499095916748,-0.055803488940000534,0.1959953010082245,0.7989339232444763,-0.0600568950176239,0.22199660539627075,0.8125080466270447,-0.08017031103372574,0.23946216702461243,0.8267080187797546,-0.09077753126621246,0.2545435428619385,0.8385639190673828,-0.09720619022846222,0.18486182391643524,0.8398236036300659,-0.059704333543777466,0.24241548776626587,0.8565903902053833,-0.07501117140054703,0.28647875785827637,0.8669003248214722,-0.08197931945323944,0.32315269112586975,0.8753248453140259,-0.08895871043205261,0.17955279350280762,0.8724589943885803,-0.0582849457859993,0.23199978470802307,0.8926907777786255,-0.07551396638154984,0.2726556360721588,0.9020242094993591,-0.08573759347200394,0.3044823110103607,0.907110333442688,-0.09320854395627975,0.1778073012828827,0.8956203460693359,-0.056389711797237396,0.20025542378425598,0.9261064529418945,-0.07105739414691925,0.2187802642583847,0.9447557926177979,-0.07691904902458191,0.2356361746788025,0.9570371508598328,-0.08210530132055283
26,left,0.5539238452911377,0.8340188264846802,3.8924807199691713e-07,0.5697507262229919,0.7987253069877625,-0.04477060213685036,0.5771182775497437,0.786527693271637,-0.07679598778486252,0.5922694802284241,0.7869438529014587,-0.10123980045318604,0.6143431663513184,0.7877693176269531,-0.12575647234916687,0.5409571528434753,0.8311479091644287,-0.08219118416309357,0.514825701713562,0.8455423712730408,-0.11001847684383392,0.49028563499450684,0.8500202894210815,-0.12729071080684662,0.4664926528930664,0.8517564535140991,-0.13910388946533203,0.5194496512413025,0.8433471322059631,-0.06934097409248352,0.487953245639801,0.8571050763130188,-0.09238246828317642,0.46331191062927246,0.8548461198806763,-0.10271801054477692,0.44203516840934753,0.8507152199745178,-0.11100417375564575,0.503616213798523,0.8466007709503174,-0.057069770991802216,0.4709903597831726,0.8534319400787354,-0.07458961009979248,0.4478408098220825,0.8427950739860535,-0.08230701833963394,0.4292537569999695,0.8322926759719849,-0.08798641711473465,0.492754191160202,0.8441817760467529,-0.047875985503196716,0.4681115746498108,0.8443205952644348,-0.058288101106882095,0.44947728514671326,0.8383453488349915,-0.06246238574385643,0.43310725688934326,0.8302937746047974,-0.06658489257097244
27,right,0.19257000088691711,0.8697187900543213,1.279359764794208e-07,0.20628643035888672,0.823974609375,-0.019048495218157768,0.23181232810020447,0.7931194305419922,-0.03716595470905304,0.25628313422203064,0.7870968580245972,-0.049529965966939926,0.275402694940567,0.7918980121612549,-0.06129779666662216,0.19297251105308533,0.8161095380783081,-0.06447882205247879,0.21503061056137085,0.832750141620636,-0.08587512373924255,0.23778197169303894,0.8418128490447998,-0.09552489966154099,0.25349143147468567,0.8496707677841187,-0.09999290108680725,0.1835073083639145,0.8592521548271179,-0.064327672123909,0.24284273386001587,0.8803805708885193,-0.08234206587076187,0.29121237993240356,0.8855807781219482,-0.08707999438047409,0.3279445767402649,0.8878269791603088,-0.09130113571882248,0.18409442901611328,0.896340012550354,-0.06284281611442566,0.2380676567554474,0.928536593914032,-0.08191798627376556,0.27589595317840576,0.9319214820861816,-0.08694175630807877,0.3027670383453369,0.925976037979126,-0.08839963376522064,0.18988770246505737,0.9252299070358276,-0.06101518124341965,0.22829733788967133,0.9511712789535522,-0.07525445520877838,0.2545531094074249,0.9538596868515015,-0.07693971693515778,0.2755239009857178,0.9462343454360962,-0.07738207280635834
27,left,0.5477503538131714,0.8364425897598267,4.2222956153636915e-07,0.5642898082733154,0.8037528395652771,-0.047153741121292114,0.5744901299476624,0.7927594184875488,-0.07925671339035034,0.5910422801971436,0.7951408624649048,-0.103370800614357,0.6114745140075684,0.8035925030708313,-0.1275920271873474,0.5391001105308533,0.8433247804641724,-0.08356312662363052,0.5138505697250366,0.8617469072341919,-0.11199460923671722,0.4902406334877014,0.8691822290420532,-0.12922684848308563,0.46818602085113525,0.8716828227043152,-0.1406254917383194,0.5154817700386047,0.8557403087615967,-0.06996595859527588,0.4850531220436096,0.8703219890594482,-0.09190183877944946,0.4621289372444153,0.8695504069328308,-0.1012466624379158,0.44245457649230957,0.8653863668441772,-0.10927970707416534,0.49840235710144043,0.8585395216941833,-0.05758321285247803,0.468390554189682,0.862217903137207,-0.07512839883565903,0.4468308389186859,0.8558083772659302,-0.0833825096487999,0.42951181530952454,0.8484110832214355,-0.08987613022327423,0.4873487949371338,0.8549432158470154,-0.04851735755801201,0.46500641107559204,0.8520270586013794,-0.05978451296687126,0.4474356472492218,0.8467145562171936,-0.06524710357189178,0.4314320981502533,0.8404195308685303,-0.07057679444551468
28,right,0.1783159077167511,0.8579943776130676,1.1571879809935126e-07,0.19268842041492462,0.8188238739967346,-0.031405676156282425,0.2187444120645523,0.7964627742767334,-0.05427749827504158,0.24337215721607208,0.7961833477020264,-0.0703500434756279,0.2631461024284363,0.8016588091850281,-0.0856441929936409,0.2154218554496765,0.856266438961029,-0.07753777503967285,0.26665857434272766,0.8884304761886597,-0.10487601906061172,0.3019094169139862,0.905720591545105,-0.11790618300437927,0.33077478408813477,0.9140570759773254,-0.12462971359491348,0.21135719120502472,0.9018233418464661,-0.0697750449180603,0.2538505792617798,0.9444801807403564,-0.09524371474981308,0.2699545919895172,0.9422208666801453,-0.0976853147149086,0.278872549533844,0.9271324276924133,-0.09603077918291092,0.21000732481479645,0.932789146900177,-0.06149035319685936,0.23278206586837769,0.9731358289718628,-0.08205123990774155,0.23489020764827728,0.9582520723342896,-0.07585814595222473,0.23408162593841553,0.936286985874176,-0.06747721135616302,0.21043238043785095,0.9500342607498169,-0.05532635748386383,0.222268745303154,0.9868161082267761,-0.07139233499765396,0.22082309424877167,0.9748623371124268,-0.06872032582759857,0.21820619702339172,0.9553448557853699,-0.06311731040477753
28,left,0.5437461733818054,0.8601940870285034,1.0423513430168896e-07,0.5650216937065125,0.8243229389190674,-0.024509286507964134,0.578194797039032,0.8028149604797363,-0.04498870298266411,0.5950005054473877,0.8009860515594482,-0.06265270709991455,0.6163938045501709,0.8061363697052002,-0.08137007057666779,0.5407229065895081,0.837122917175293,-0.0458429679274559,0.5281599760055542,0.8614464998245239,-0.06545770913362503,0.5109680891036987,0.8740984797477722,-0.07919184863567352,0.49493688344955444,0.8815236687660217,-0.08848611265420914,0.5173997282981873,0.8512779474258423,-0.041397131979465485,0.4894675612449646,0.8622729182243347,-0.057536832988262177,0.46934762597084045,0.8631867170333862,-0.06612645089626312,0.45363089442253113,0.8612812757492065,-0.07352067530155182,0.49804285168647766,0.8595138788223267,-0.03718221187591553,0.46864086389541626,0.8628689050674438,-0.050128690898418427,0.44852757453918457,0.8574727177619934,-0.0569256991147995,0.4319930970668793,0.8504681587219238,-0.062050700187683105,0.48389899730682373,0.8637787699699402,-0.03463207930326462,0.4620727300643921,0.8615691065788269,-0.04130478575825691,0.44470322132110596,0.8565327525138855,-0.04279963672161102,0.4300738573074341,0.8495892286300659,-0.04512985423207283
29,right,0.18227005004882812,0.8797953128814697,-4.3440422814455815e-08,0.21179817616939545,0.8476769924163818,-0.041422490030527115,0.24604672193527222,0.8484082221984863,-0.06708715111017227,0.2692113220691681,0.8780723214149475,-0.0803581029176712,0.28485772013664246,0.9044291973114014,-0.09202886372804642,0.20649287104606628,0.8970455527305603,-0.1000063419342041,0.24624419212341309,0.9448880553245544,-0.13461874425411224,0.28200244903564453,0.9704098105430603,-0.15429149568080902,0.3131200075149536,0.9865043759346008,-0.16555897891521454,0.19761697947978973,0.9313980937004089,-0.08457124978303909,0.25253912806510925,0.977323055267334,-0.1077062115073204,0.2933865487575531,0.9895919561386108,-0.1120755523443222,0.3248889744281769,0.9956284761428833,-0.1155940368771553,0.197679340839386,0.9572678804397583,-0.06867971271276474,0.2455405741930008,0.9961932301521301,-0.08843919634819031,0.2828833758831024,1.0047789812088013,-0.09062901884317398,0.3114449381828308,1.0073646306991577,-0.0911111831665039,0.20220080018043518,0.9742678999900818,-0.05454372242093086,0.23783926665782928,1.0041075944900513,-0.0723005011677742,0.2653806507587433,1.0092391967773438,-0.07600119709968567,0.2877223491668701,1.0115967988967896,-0.07668127119541168
29,left,0.4855976104736328,0.8956173658370972,2.7640657762617593e-08,0.5109505653381348,0.8719944357872009,-0.017415804788470268,0.5407688617706299,0.8563917279243469,-0.03993982821702957,0.5675722360610962,0.8619903326034546,-0.06156271696090698,0.5899826884269714,0.8778966665267944,-0.08343426138162613,0.550043523311615,0.890576958656311,-0.05613946169614792,0.5719335079193115,0.8763256072998047,-0.08587764948606491,0.5894131064414978,0.8829773664474487,-0.10498613864183426,0.603523313999176,0.889985203742981,-0.11412836611270905,0.5314686894416809,0.9104605317115784,-0.05704742670059204,0.5384076833724976,0.8860220313072205,-0.07984483242034912,0.5399332046508789,0.8739609122276306,-0.08539281785488129,0.5424365997314453,0.8648843169212341,-0.08936083316802979,0.5042017102241516,0.9215646386146545,-0.0577290914952755,0.5068338513374329,0.8953364491462708,-0.07247462123632431,0.5096274614334106,0.8799013495445251,-0.06986682116985321,0.5083560347557068,0.86832594871521,-0.06724528968334198,0.473299503326416,0.9260411858558655,-0.06014525890350342,0.46445396542549133,0.9063036441802979,-0.06344355642795563,0.45884642004966736,0.8903492093086243,-0.05600081756711006,0.4535152018070221,0.8773504495620728,-0.05165978521108627
30,right,0,0,0,0,0,0,0,0,0,0,0,0,0,0,0,0,0,0,0,0,0,0,0,0,0,0,0,0,0,0,0,0,0,0,0,0,0,0,0,0,0,0,0,0,0,0,0,0,0,0,0,0,0,0,0,0,0,0,0,0,0,0,0
30,left,0,0,0,0,0,0,0,0,0,0,0,0,0,0,0,0,0,0,0,0,0,0,0,0,0,0,0,0,0,0,0,0,0,0,0,0,0,0,0,0,0,0,0,0,0,0,0,0,0,0,0,0,0,0,0,0,0,0,0,0,0,0,0
31,right,0,0,0,0,0,0,0,0,0,0,0,0,0,0,0,0,0,0,0,0,0,0,0,0,0,0,0,0,0,0,0,0,0,0,0,0,0,0,0,0,0,0,0,0,0,0,0,0,0,0,0,0,0,0,0,0,0,0,0,0,0,0,0
31,left,0,0,0,0,0,0,0,0,0,0,0,0,0,0,0,0,0,0,0,0,0,0,0,0,0,0,0,0,0,0,0,0,0,0,0,0,0,0,0,0,0,0,0,0,0,0,0,0,0,0,0,0,0,0,0,0,0,0,0,0,0,0,0
32,right,0,0,0,0,0,0,0,0,0,0,0,0,0,0,0,0,0,0,0,0,0,0,0,0,0,0,0,0,0,0,0,0,0,0,0,0,0,0,0,0,0,0,0,0,0,0,0,0,0,0,0,0,0,0,0,0,0,0,0,0,0,0,0
32,left,0,0,0,0,0,0,0,0,0,0,0,0,0,0,0,0,0,0,0,0,0,0,0,0,0,0,0,0,0,0,0,0,0,0,0,0,0,0,0,0,0,0,0,0,0,0,0,0,0,0,0,0,0,0,0,0,0,0,0,0,0,0,0
33,right,0,0,0,0,0,0,0,0,0,0,0,0,0,0,0,0,0,0,0,0,0,0,0,0,0,0,0,0,0,0,0,0,0,0,0,0,0,0,0,0,0,0,0,0,0,0,0,0,0,0,0,0,0,0,0,0,0,0,0,0,0,0,0
33,left,0,0,0,0,0,0,0,0,0,0,0,0,0,0,0,0,0,0,0,0,0,0,0,0,0,0,0,0,0,0,0,0,0,0,0,0,0,0,0,0,0,0,0,0,0,0,0,0,0,0,0,0,0,0,0,0,0,0,0,0,0,0,0
34,right,0,0,0,0,0,0,0,0,0,0,0,0,0,0,0,0,0,0,0,0,0,0,0,0,0,0,0,0,0,0,0,0,0,0,0,0,0,0,0,0,0,0,0,0,0,0,0,0,0,0,0,0,0,0,0,0,0,0,0,0,0,0,0
34,left,0,0,0,0,0,0,0,0,0,0,0,0,0,0,0,0,0,0,0,0,0,0,0,0,0,0,0,0,0,0,0,0,0,0,0,0,0,0,0,0,0,0,0,0,0,0,0,0,0,0,0,0,0,0,0,0,0,0,0,0,0,0,0
35,right,0,0,0,0,0,0,0,0,0,0,0,0,0,0,0,0,0,0,0,0,0,0,0,0,0,0,0,0,0,0,0,0,0,0,0,0,0,0,0,0,0,0,0,0,0,0,0,0,0,0,0,0,0,0,0,0,0,0,0,0,0,0,0
35,left,0,0,0,0,0,0,0,0,0,0,0,0,0,0,0,0,0,0,0,0,0,0,0,0,0,0,0,0,0,0,0,0,0,0,0,0,0,0,0,0,0,0,0,0,0,0,0,0,0,0,0,0,0,0,0,0,0,0,0,0,0,0,0
36,right,0,0,0,0,0,0,0,0,0,0,0,0,0,0,0,0,0,0,0,0,0,0,0,0,0,0,0,0,0,0,0,0,0,0,0,0,0,0,0,0,0,0,0,0,0,0,0,0,0,0,0,0,0,0,0,0,0,0,0,0,0,0,0
36,left,0,0,0,0,0,0,0,0,0,0,0,0,0,0,0,0,0,0,0,0,0,0,0,0,0,0,0,0,0,0,0,0,0,0,0,0,0,0,0,0,0,0,0,0,0,0,0,0,0,0,0,0,0,0,0,0,0,0,0,0,0,0,0
