1,right,0,0,0,0,0,0,0,0,0,0,0,0,0,0,0,0,0,0,0,0,0,0,0,0,0,0,0,0,0,0,0,0,0,0,0,0,0,0,0,0,0,0,0,0,0,0,0,0,0,0,0,0,0,0,0,0,0,0,0,0,0,0,0
1,left,0,0,0,0,0,0,0,0,0,0,0,0,0,0,0,0,0,0,0,0,0,0,0,0,0,0,0,0,0,0,0,0,0,0,0,0,0,0,0,0,0,0,0,0,0,0,0,0,0,0,0,0,0,0,0,0,0,0,0,0,0,0,0
2,right,0,0,0,0,0,0,0,0,0,0,0,0,0,0,0,0,0,0,0,0,0,0,0,0,0,0,0,0,0,0,0,0,0,0,0,0,0,0,0,0,0,0,0,0,0,0,0,0,0,0,0,0,0,0,0,0,0,0,0,0,0,0,0
2,left,0,0,0,0,0,0,0,0,0,0,0,0,0,0,0,0,0,0,0,0,0,0,0,0,0,0,0,0,0,0,0,0,0,0,0,0,0,0,0,0,0,0,0,0,0,0,0,0,0,0,0,0,0,0,0,0,0,0,0,0,0,0,0
3,right,0,0,0,0,0,0,0,0,0,0,0,0,0,0,0,0,0,0,0,0,0,0,0,0,0,0,0,0,0,0,0,0,0,0,0,0,0,0,0,0,0,0,0,0,0,0,0,0,0,0,0,0,0,0,0,0,0,0,0,0,0,0,0
3,left,0,0,0,0,0,0,0,0,0,0,0,0,0,0,0,0,0,0,0,0,0,0,0,0,0,0,0,0,0,0,0,0,0,0,0,0,0,0,0,0,0,0,0,0,0,0,0,0,0,0,0,0,0,0,0,0,0,0,0,0,0,0,0
4,right,0,0,0,0,0,0,0,0,0,0,0,0,0,0,0,0,0,0,0,0,0,0,0,0,0,0,0,0,0,0,0,0,0,0,0,0,0,0,0,0,0,0,0,0,0,0,0,0,0,0,0,0,0,0,0,0,0,0,0,0,0,0,0
4,left,0,0,0,0,0,0,0,0,0,0,0,0,0,0,0,0,0,0,0,0,0,0,0,0,0,0,0,0,0,0,0,0,0,0,0,0,0,0,0,0,0,0,0,0,0,0,0,0,0,0,0,0,0,0,0,0,0,0,0,0,0,0,0
5,right,0,0,0,0,0,0,0,0,0,0,0,0,0,0,0,0,0,0,0,0,0,0,0,0,0,0,0,0,0,0,0,0,0,0,0,0,0,0,0,0,0,0,0,0,0,0,0,0,0,0,0,0,0,0,0,0,0,0,0,0,0,0,0
5,left,0,0,0,0,0,0,0,0,0,0,0,0,0,0,0,0,0,0,0,0,0,0,0,0,0,0,0,0,0,0,0,0,0,0,0,0,0,0,0,0,0,0,0,0,0,0,0,0,0,0,0,0,0,0,0,0,0,0,0,0,0,0,0
6,right,0,0,0,0,0,0,0,0,0,0,0,0,0,0,0,0,0,0,0,0,0,0,0,0,0,0,0,0,0,0,0,0,0,0,0,0,0,0,0,0,0,0,0,0,0,0,0,0,0,0,0,0,0,0,0,0,0,0,0,0,0,0,0
6,left,0,0,0,0,0,0,0,0,0,0,0,0,0,0,0,0,0,0,0,0,0,0,0,0,0,0,0,0,0,0,0,0,0,0,0,0,0,0,0,0,0,0,0,0,0,0,0,0,0,0,0,0,0,0,0,0,0,0,0,0,0,0,0
7,right,0,0,0,0,0,0,0,0,0,0,0,0,0,0,0,0,0,0,0,0,0,0,0,0,0,0,0,0,0,0,0,0,0,0,0,0,0,0,0,0,0,0,0,0,0,0,0,0,0,0,0,0,0,0,0,0,0,0,0,0,0,0,0
7,left,0,0,0,0,0,0,0,0,0,0,0,0,0,0,0,0,0,0,0,0,0,0,0,0,0,0,0,0,0,0,0,0,0,0,0,0,0,0,0,0,0,0,0,0,0,0,0,0,0,0,0,0,0,0,0,0,0,0,0,0,0,0,0
8,right,0.25336915254592896,0.9170488715171814,-4.3395878890351014e-08,0.29593661427497864,0.8629798889160156,0.0028192296158522367,0.3513680100440979,0.8297556638717651,-0.00771479494869709,0.3974355459213257,0.8249701261520386,-0.021289438009262085,0.43115341663360596,0.8404862880706787,-0.03436208516359329,0.3646353483200073,0.7990207076072693,-0.027929598465561867,0.40901994705200195,0.7641257643699646,-0.05046593025326729,0.4341994524002075,0.7932417988777161,-0.06368333846330643,0.44211459159851074,0.8255132436752319,-0.07087700814008713,0.35670188069343567,0.8309054970741272,-0.0409540981054306,0.4071387052536011,0.8411275148391724,-0.06005311757326126,0.42347997426986694,0.8768925070762634,-0.06537489593029022,0.42282795906066895,0.8993972539901733,-0.06929617375135422,0.34663158655166626,0.8740379214286804,-0.05332626774907112,0.393672376871109,0.9080396294593811,-0.06959985941648483,0.41179269552230835,0.9400059580802917,-0.06785807758569717,0.41291549801826477,0.9613828659057617,-0.06579842418432236,0.3363149166107178,0.9230368137359619,-0.06539853662252426,0.3765386939048767,0.9533856511116028,-0.07225029915571213,0.39297977089881897,0.9762344360351562,-0.06651099026203156,0.39643174409866333,0.9936424493789673,-0.061668455600738525
8,left,0,0,0,0,0,0,0,0,0,0,0,0,0,0,0,0,0,0,0,0,0,0,0,0,0,0,0,0,0,0,0,0,0,0,0,0,0,0,0,0,0,0,0,0,0,0,0,0,0,0,0,0,0,0,0,0,0,0,0,0,0,0,0
9,right,0.29863280057907104,0.8154035806655884,1.8345139096709318e-07,0.36282792687416077,0.7875129580497742,0.009210703894495964,0.42119789123535156,0.7625138759613037,0.0007586969877593219,0.46797797083854675,0.7595489621162415,-0.012425542809069157,0.5019229650497437,0.7702938914299011,-0.025244923308491707,0.4151339828968048,0.6775805950164795,-0.01861121691763401,0.46720150113105774,0.6361973881721497,-0.03912513330578804,0.5016998052597046,0.6507202386856079,-0.05235559865832329,0.5275157690048218,0.6773455739021301,-0.05979524552822113,0.395694762468338,0.6906522512435913,-0.037652596831321716,0.4615687429904938,0.6595582962036133,-0.05534153804183006,0.49938511848449707,0.6841389536857605,-0.061029497534036636,0.5230091214179993,0.7204269766807556,-0.06466621905565262,0.3779509961605072,0.7239974737167358,-0.05586056038737297,0.45301321148872375,0.7455747723579407,-0.07080939412117004,0.48055920004844666,0.7850401401519775,-0.0682002529501915,0.49116742610931396,0.8175657391548157,-0.06601644307374954,0.36428993940353394,0.770595133304596,-0.07372814416885376,0.42159727215766907,0.7907245755195618,-0.07752630114555359,0.43730491399765015,0.8074858784675598,-0.06911744177341461,0.4414282441139221,0.8171315789222717,-0.06360720098018646
9,left,0,0,0,0,0,0,0,0,0,0,0,0,0,0,0,0,0,0,0,0,0,0,0,0,0,0,0,0,0,0,0,0,0,0,0,0,0,0,0,0,0,0,0,0,0,0,0,0,0,0,0,0,0,0,0,0,0,0,0,0,0,0,0
10,right,0.32345134019851685,0.7603499293327332,2.0949663337432867e-07,0.399251252412796,0.760250985622406,0.021056413650512695,0.46081820130348206,0.7346336245536804,0.019774513319134712,0.4990685284137726,0.7100861668586731,0.01101584080606699,0.5342088937759399,0.6929113864898682,0.0012277942150831223,0.4635423421859741,0.6394611597061157,-0.001976394560188055,0.5231293439865112,0.6110583543777466,-0.0176209919154644,0.5620176792144775,0.6122682690620422,-0.025973575189709663,0.5923740863800049,0.6243493556976318,-0.03153320774435997,0.4519927501678467,0.6448175311088562,-0.02761799655854702,0.5260576605796814,0.6979884505271912,-0.0509367398917675,0.5529142022132874,0.7540605664253235,-0.06012841314077377,0.5659098029136658,0.8000208139419556,-0.06249815970659256,0.43514731526374817,0.6707544922828674,-0.05184108391404152,0.51076340675354,0.7066038250923157,-0.0719655230641365,0.5443158149719238,0.7539145946502686,-0.07358115911483765,0.5678780674934387,0.7909623384475708,-0.07237135618925095,0.42137640714645386,0.7084401845932007,-0.07424996048212051,0.47241488099098206,0.7057185173034668,-0.08785848319530487,0.5027819275856018,0.7153475284576416,-0.08677169680595398,0.5290980935096741,0.7261029481887817,-0.08412177860736847
10,left,0.601289689540863,0.9257363677024841,-5.5546134802852976e-08,0.624561071395874,0.8704375624656677,-0.030206291005015373,0.6348329782485962,0.823384702205658,-0.05309482663869858,0.6657810807228088,0.7871557474136353,-0.07075338065624237,0.7040784358978271,0.7721710801124573,-0.09136967360973358,0.580897331237793,0.8600241541862488,-0.05254003778100014,0.5319597125053406,0.8609989881515503,-0.07186396420001984,0.4946040213108063,0.8593540191650391,-0.09204237163066864,0.45805996656417847,0.8525910377502441,-0.10732940584421158,0.5507971048355103,0.8906549215316772,-0.04416376352310181,0.4908815026283264,0.8767164945602417,-0.054963067173957825,0.4484502673149109,0.8611494302749634,-0.07131253182888031,0.4116871953010559,0.8460170030593872,-0.08895375579595566,0.5282291173934937,0.9029017686843872,-0.035027746111154556,0.47263777256011963,0.8747079968452454,-0.042301204055547714,0.4368058443069458,0.8545325398445129,-0.05121835693717003,0.4097890257835388,0.8367649912834167,-0.06096302717924118,0.5155335664749146,0.9005230665206909,-0.028059113770723343,0.4752393364906311,0.8679132461547852,-0.029630586504936218,0.44965800642967224,0.8500233888626099,-0.026975255459547043,0.4291262626647949,0.8339413404464722,-0.02797716110944748
11,right,0.331757515668869,0.7439465522766113,1.5899109939709888e-07,0.4073963761329651,0.7415496110916138,0.036154698580503464,0.4630635380744934,0.7189326882362366,0.041639186441898346,0.4974977672100067,0.7003963589668274,0.03642715513706207,0.5282919406890869,0.6905200481414795,0.02903687208890915,0.4694752097129822,0.6291598677635193,0.010556483641266823,0.5359641313552856,0.5979630947113037,-0.001793480827473104,0.5759934186935425,0.608580470085144,-0.008673850446939468,0.6052658557891846,0.6316357254981995,-0.012144467793405056,0.4597519338130951,0.6300739645957947,-0.020181406289339066,0.5381761193275452,0.6938343644142151,-0.037982575595378876,0.5591456294059753,0.7480480670928955,-0.044346414506435394,0.5665189623832703,0.7880248427391052,-0.04568386450409889,0.4470546841621399,0.6527345776557922,-0.04834448918700218,0.5256994962692261,0.7059767246246338,-0.0641624927520752,0.5544469356536865,0.757073163986206,-0.06373045593500137,0.5738956928253174,0.7939326763153076,-0.06132689118385315,0.4383428990840912,0.6869264245033264,-0.07338495552539825,0.5004309415817261,0.695633053779602,-0.0841711014509201,0.536542534828186,0.7185196876525879,-0.08012821525335312,0.5668777227401733,0.7429015636444092,-0.07460656017065048
11,left,0.610892653465271,0.9054688811302185,-6.169589994442504e-08,0.6351137757301331,0.8485462069511414,-0.03223346918821335,0.6449706554412842,0.8000712394714355,-0.058587636798620224,0.6789792776107788,0.7684801816940308,-0.07946709543466568,0.7185094952583313,0.7698630094528198,-0.10444038361310959,0.5855090022087097,0.8372712135314941,-0.06781802326440811,0.5324774384498596,0.8341889381408691,-0.09171387553215027,0.49270373582839966,0.8310490846633911,-0.11356541514396667,0.45503950119018555,0.8239586353302002,-0.13039426505565643,0.554373562335968,0.864978551864624,-0.06048621982336044,0.4904478192329407,0.8547751903533936,-0.07956483215093613,0.447776734828949,0.842445433139801,-0.10040339082479477,0.4095180928707123,0.8266707062721252,-0.12114980816841125,0.5314149260520935,0.8754517436027527,-0.051455333828926086,0.472504198551178,0.8526744246482849,-0.06537877768278122,0.43359532952308655,0.8339816331863403,-0.08026022464036942,0.4029421806335449,0.8162859678268433,-0.09438773989677429,0.5174422860145569,0.8734676837921143,-0.044158898293972015,0.47371289134025574,0.8411186933517456,-0.05056358873844147,0.4472094774246216,0.8236497640609741,-0.052518319338560104,0.4246901571750641,0.8069348335266113,-0.05776020511984825
12,right,0.3343099355697632,0.7272125482559204,1.1072980043991265e-07,0.41516682505607605,0.7235069274902344,0.04059530422091484,0.471237450838089,0.7008756995201111,0.04430554434657097,0.508196234703064,0.6840295195579529,0.03657040745019913,0.5419465899467468,0.6715494394302368,0.02592366188764572,0.4800220727920532,0.624575138092041,0.003930645063519478,0.5467962026596069,0.5976486802101135,-0.011075275018811226,0.5864936113357544,0.6086443662643433,-0.017924915999174118,0.6165774464607239,0.630917489528656,-0.02161962352693081,0.4655342698097229,0.6239706873893738,-0.031219838187098503,0.5453795194625854,0.6895124316215515,-0.05312468111515045,0.5643401145935059,0.7452318668365479,-0.05734039843082428,0.569867730140686,0.7872173190116882,-0.05651514232158661,0.4470007121562958,0.6444652676582336,-0.06322374194860458,0.5264217257499695,0.6966426968574524,-0.0812659040093422,0.5557451248168945,0.7495144605636597,-0.07707203924655914,0.5761032700538635,0.7887969017028809,-0.07224620133638382,0.43304118514060974,0.6761916875839233,-0.09185758978128433,0.4903176724910736,0.6798737049102783,-0.10690712928771973,0.5264617204666138,0.6974108219146729,-0.10419242084026337,0.5583902597427368,0.7182731628417969,-0.09928298741579056
12,left,0.6156032085418701,0.8915772438049316,-6.524401641172517e-08,0.6413372755050659,0.8345937728881836,-0.026621121913194656,0.6567317843437195,0.7823531627655029,-0.04842589423060417,0.6894583702087402,0.7553175091743469,-0.06563226133584976,0.7231793403625488,0.7619068622589111,-0.08684276789426804,0.5969680547714233,0.8196672201156616,-0.058933887630701065,0.5419442653656006,0.815359354019165,-0.08042384684085846,0.5033363103866577,0.8115878105163574,-0.10093589127063751,0.4672635793685913,0.8037170171737671,-0.11629617214202881,0.5668994784355164,0.8523200750350952,-0.05276096239686012,0.5053837895393372,0.8337520360946655,-0.06652408093214035,0.4651939272880554,0.8167821168899536,-0.08520283550024033,0.42896342277526855,0.800496518611908,-0.10502263903617859,0.5463626384735107,0.866675615310669,-0.0447184257209301,0.49252748489379883,0.8366478681564331,-0.05410498008131981,0.45771360397338867,0.8171048164367676,-0.06769178807735443,0.4291757047176361,0.8000824451446533,-0.08126050978899002,0.5338104367256165,0.8687950372695923,-0.038152385503053665,0.49322712421417236,0.836397647857666,-0.04170623794198036,0.46886253356933594,0.8202954530715942,-0.04300806298851967,0.44787174463272095,0.8069189190864563,-0.04759974032640457
13,right,0.345009446144104,0.7294870615005493,-6.794264595377797e-10,0.42291590571403503,0.7306475639343262,0.0489657036960125,0.4764527976512909,0.7163021564483643,0.05607658624649048,0.5131421685218811,0.7085490822792053,0.049961432814598083,0.5465265512466431,0.7046164274215698,0.04092191159725189,0.48895347118377686,0.6204626560211182,0.013651128858327866,0.558635950088501,0.6017735004425049,0.0005707269301638007,0.5989692211151123,0.6151772737503052,-0.006598737556487322,0.6296492218971252,0.6383031010627747,-0.011524675413966179,0.4740140438079834,0.6189122796058655,-0.02563636749982834,0.549099862575531,0.6902235150337219,-0.046600256115198135,0.5593017935752869,0.7439610362052917,-0.050681162625551224,0.5586632490158081,0.7813124656677246,-0.050399571657180786,0.4563588500022888,0.6383116245269775,-0.06136533245444298,0.5327065587043762,0.6914663314819336,-0.07750152796506882,0.5587289929389954,0.7411659359931946,-0.07212620228528976,0.5767091512680054,0.777908980846405,-0.06773144006729126,0.44389528036117554,0.6692507863044739,-0.09323687106370926,0.5001311302185059,0.6772333383560181,-0.10799914598464966,0.5341595411300659,0.6979725956916809,-0.10507180541753769,0.564555287361145,0.7206376194953918,-0.10091299563646317
13,left,0.6058653593063354,0.8823469877243042,5.61709541102573e-08,0.6417877674102783,0.8330821394920349,-0.04079343006014824,0.6612197160720825,0.7868274450302124,-0.06924346089363098,0.6917291283607483,0.761710524559021,-0.09022509306669235,0.7268678545951843,0.7587136030197144,-0.11360456794500351,0.5910109877586365,0.8153361678123474,-0.07372404634952545,0.5448168516159058,0.8064429759979248,-0.09979625791311264,0.5126430988311768,0.8016155362129211,-0.1216837540268898,0.47871190309524536,0.7941970229148865,-0.1374618411064148,0.5573886632919312,0.8316177725791931,-0.06087997928261757,0.5015896558761597,0.8093807101249695,-0.08022322505712509,0.4630076289176941,0.7953432202339172,-0.09798630326986313,0.4290209412574768,0.7846422791481018,-0.11491552740335464,0.5353471040725708,0.8364979028701782,-0.047300152480602264,0.4864256978034973,0.8001449704170227,-0.06187063828110695,0.45480746030807495,0.7820611596107483,-0.0734357014298439,0.43113046884536743,0.767363965511322,-0.08350446075201035,0.5231273770332336,0.8316906094551086,-0.03625309839844704,0.49304139614105225,0.7909621596336365,-0.04236723482608795,0.4735707938671112,0.7707729339599609,-0.04308834299445152,0.4569023549556732,0.7533140778541565,-0.046235185116529465
14,right,0.34774142503738403,0.7241939902305603,-3.374447388182489e-08,0.4272952079772949,0.7356893420219421,0.045465461909770966,0.4788224399089813,0.7247507572174072,0.05424879118800163,0.5140358805656433,0.7212730050086975,0.04928987845778465,0.5448464751243591,0.7199307680130005,0.04175415262579918,0.48906269669532776,0.6205347180366516,0.02655562199652195,0.5610694885253906,0.6059644818305969,0.020051617175340652,0.6014172434806824,0.621027410030365,0.015813833102583885,0.6300235390663147,0.6434037089347839,0.012191710062325,0.47973212599754333,0.618867039680481,-0.008786066435277462,0.5514556765556335,0.6912453770637512,-0.021275170147418976,0.5546044111251831,0.7441437244415283,-0.02360396645963192,0.5527549386024475,0.7774556875228882,-0.02393670566380024,0.4686990976333618,0.6380947828292847,-0.04152621328830719,0.5422133207321167,0.7012121677398682,-0.050587352365255356,0.5573394298553467,0.7502251863479614,-0.043758127838373184,0.5670719146728516,0.7819687724113464,-0.03979580104351044,0.4603080153465271,0.6699334979057312,-0.07135657221078873,0.5170049071311951,0.6881833076477051,-0.07838042825460434,0.5493470430374146,0.7125521898269653,-0.0724262073636055,0.5773599147796631,0.7363972663879395,-0.06748050451278687
14,left,0.61250239610672,0.8788190484046936,1.926803463447868e-07,0.6464691758155823,0.8273234963417053,-0.04170885682106018,0.6650107502937317,0.7843207716941833,-0.07427331060171127,0.695770800113678,0.7597118616104126,-0.09930827468633652,0.7315109372138977,0.7540063261985779,-0.12740303575992584,0.5938945412635803,0.8117203116416931,-0.07837513834238052,0.5489952564239502,0.8043663501739502,-0.10376770794391632,0.5171389579772949,0.8013316988945007,-0.12506504356861115,0.4814542531967163,0.7945284247398376,-0.1409485638141632,0.5630061626434326,0.8324629664421082,-0.06495398283004761,0.5072487592697144,0.8049309253692627,-0.08519492298364639,0.46796566247940063,0.7895363569259644,-0.10311497002840042,0.4326048493385315,0.7793434858322144,-0.1197979673743248,0.542433500289917,0.8420315384864807,-0.04988571256399155,0.49364718794822693,0.8029028177261353,-0.06275074183940887,0.46097731590270996,0.7849853038787842,-0.07289933413267136,0.43670958280563354,0.7718406915664673,-0.08203715831041336,0.5313008427619934,0.8420947790145874,-0.037395793944597244,0.49681371450424194,0.8045923113822937,-0.04161079600453377,0.47343018651008606,0.787147045135498,-0.041319601237773895,0.4545792043209076,0.7724556922912598,-0.04374246671795845
15,right,0.34664198756217957,0.7255938649177551,3.343388499388311e-08,0.41834771633148193,0.7427942752838135,0.04113025218248367,0.46803349256515503,0.7381079196929932,0.046459536999464035,0.5002505779266357,0.7410233616828918,0.03998282924294472,0.5290047526359558,0.7522821426391602,0.030964167788624763,0.4858633577823639,0.6188405752182007,0.013336783275008202,0.5615075826644897,0.6031490564346313,0.0014850294683128595,0.6032835245132446,0.6215097904205322,-0.00647110678255558,0.6324656009674072,0.6484352946281433,-0.011905690655112267,0.4753212034702301,0.618628203868866,-0.021093444898724556,0.5521359443664551,0.6929125785827637,-0.038888655602931976,0.5610160827636719,0.7447622418403625,-0.04418705403804779,0.5614137053489685,0.7789140343666077,-0.045517224818468094,0.4635089337825775,0.6408463716506958,-0.05263613536953926,0.5432816743850708,0.6991924047470093,-0.06598290055990219,0.5676575899124146,0.746056318283081,-0.06201096996665001,0.5850250720977783,0.7782774567604065,-0.05898190289735794,0.456104040145874,0.6752938032150269,-0.08102810382843018,0.5154352188110352,0.6895073652267456,-0.09229392558336258,0.5500011444091797,0.7116864323616028,-0.08782839775085449,0.5809198021888733,0.734534502029419,-0.0828629657626152
15,left,0.6063091158866882,0.8691211342811584,1.5678408260555443e-07,0.6434880495071411,0.8217934370040894,-0.042368218302726746,0.6648089289665222,0.7786011099815369,-0.07385445386171341,0.6979522109031677,0.7538109421730042,-0.09725100547075272,0.7314502000808716,0.7493680715560913,-0.12350597977638245,0.5937040448188782,0.8062257170677185,-0.07727137207984924,0.5476508736610413,0.8029959201812744,-0.10317996144294739,0.5139685869216919,0.7994454503059387,-0.1259637475013733,0.47831541299819946,0.7928279638290405,-0.14249344170093536,0.5634196400642395,0.8252668380737305,-0.0620255246758461,0.5072684288024902,0.8005255460739136,-0.0804707333445549,0.4693889617919922,0.7851842641830444,-0.09805072098970413,0.4352235794067383,0.7761853337287903,-0.11468134820461273,0.5418576002120972,0.8323863744735718,-0.04515552893280983,0.49365004897117615,0.7932122945785522,-0.05681460723280907,0.46339303255081177,0.7755030393600464,-0.06404975801706314,0.44228148460388184,0.7635636329650879,-0.07078906148672104,0.5290542244911194,0.8289681673049927,-0.030922211706638336,0.4944816827774048,0.791054368019104,-0.03354671970009804,0.47440487146377563,0.774235725402832,-0.029712596908211708,0.4597629904747009,0.7600328922271729,-0.029064353555440903
16,right,0.3468168377876282,0.7262097597122192,3.3663891230162335e-08,0.4213719964027405,0.7398831844329834,0.04193282872438431,0.47397592663764954,0.727289617061615,0.0478636808693409,0.5094429850578308,0.7243199348449707,0.04181360825896263,0.5404306650161743,0.7262484431266785,0.0332297645509243,0.48713207244873047,0.6183062791824341,0.013733536005020142,0.5612672567367554,0.6035740375518799,0.001282547484152019,0.6033755540847778,0.6210520267486572,-0.0070113432593643665,0.6332350373268127,0.6468545794487,-0.012410935945808887,0.4766049385070801,0.6189736127853394,-0.020543629303574562,0.5513570308685303,0.6883140802383423,-0.03749845176935196,0.5605635643005371,0.7379466891288757,-0.04166210815310478,0.5609830617904663,0.7712799310684204,-0.042365267872810364,0.4643385708332062,0.641581654548645,-0.051982466131448746,0.5414015650749207,0.6973857283592224,-0.06463567912578583,0.563937783241272,0.7399759292602539,-0.05908331274986267,0.5801242589950562,0.7680229544639587,-0.055037546902894974,0.45601245760917664,0.6763460040092468,-0.0802321806550026,0.5150483250617981,0.6915988326072693,-0.0896277129650116,0.5492234230041504,0.7112334966659546,-0.08343688398599625,0.5796390175819397,0.7300863265991211,-0.0774092748761177
16,left,0.6183642148971558,0.8681206703186035,1.2952295946888626e-07,0.6513871550559998,0.8157838582992554,-0.03582904115319252,0.6684051752090454,0.7701998949050903,-0.06393472850322723,0.701383650302887,0.7456880807876587,-0.08536674827337265,0.7360849976539612,0.7443639039993286,-0.11027808487415314,0.6025687456130981,0.8014436960220337,-0.06909243017435074,0.5570656061172485,0.7959281802177429,-0.09102117270231247,0.5239508748054504,0.7930925488471985,-0.11002844572067261,0.4905990660190582,0.7875478863716125,-0.12376280874013901,0.5752343535423279,0.8256062269210815,-0.05604724958539009,0.5262637138366699,0.7959229350090027,-0.07120873034000397,0.4965861737728119,0.7795488834381104,-0.08560551702976227,0.47040438652038574,0.7703306674957275,-0.09973196685314178,0.5571610927581787,0.8359318971633911,-0.04121077433228493,0.5162968635559082,0.7962644100189209,-0.049261610954999924,0.4943334758281708,0.7803893089294434,-0.054461367428302765,0.47979456186294556,0.770550549030304,-0.060012929141521454,0.5472517013549805,0.837134599685669,-0.02876780368387699,0.515203058719635,0.8016518354415894,-0.02925995923578739,0.49929893016815186,0.7873432040214539,-0.025027519091963768,0.48911792039871216,0.7766199707984924,-0.024149592965841293
17,right,0.3467773199081421,0.7265142798423767,3.5365022910127664e-08,0.4165921211242676,0.7401043176651001,0.038351818919181824,0.4692719280719757,0.726472020149231,0.04177263006567955,0.5049915313720703,0.7221271395683289,0.03445630520582199,0.5373178720474243,0.721888542175293,0.024642188102006912,0.4850335419178009,0.6181024312973022,0.003918826580047607,0.5591235160827637,0.5983479022979736,-0.011266998946666718,0.5997185111045837,0.6158925890922546,-0.020418772473931313,0.627167820930481,0.6442911028862,-0.025746269151568413,0.4731343388557434,0.6194828748703003,-0.02929031103849411,0.5453561544418335,0.6930373311042786,-0.04890160262584686,0.5572249293327332,0.7421337366104126,-0.053081315010786057,0.558975100517273,0.775938093662262,-0.05307503789663315,0.45829740166664124,0.6447089910507202,-0.059658974409103394,0.5361887812614441,0.6992616653442383,-0.07448457926511765,0.566267728805542,0.7400354146957397,-0.06909000128507614,0.5892810821533203,0.7677937746047974,-0.06475070863962173,0.4485628306865692,0.6813818216323853,-0.08681362867355347,0.5066832304000854,0.6940371990203857,-0.09837903082370758,0.5412086248397827,0.7090842127799988,-0.09225577861070633,0.5732012987136841,0.7240192890167236,-0.08561480045318604
17,left,0.6255538463592529,0.8802577257156372,5.51435391571431e-07,0.6518322825431824,0.8267934322357178,-0.048711054027080536,0.6592392325401306,0.7828280329704285,-0.08552849292755127,0.6837029457092285,0.7564218640327454,-0.11347357928752899,0.7177997827529907,0.7451244592666626,-0.14220647513866425,0.5957555770874023,0.8218697309494019,-0.09934107214212418,0.544732928276062,0.8034179210662842,-0.13133463263511658,0.5076513290405273,0.790281355381012,-0.1494448333978653,0.4718073904514313,0.7832610011100769,-0.16065427660942078,0.5684852600097656,0.8428474068641663,-0.08511446416378021,0.5024535655975342,0.8021227717399597,-0.11519792675971985,0.46039333939552307,0.7714986801147461,-0.1299152672290802,0.4256772994995117,0.7502706050872803,-0.13967449963092804,0.5505642890930176,0.8523327112197876,-0.06949153542518616,0.4920795261859894,0.8068519830703735,-0.0901106670498848,0.45671218633651733,0.7735844850540161,-0.102090023458004,0.4282413125038147,0.7487322092056274,-0.1089785173535347,0.5400620698928833,0.8548278212547302,-0.05655864626169205,0.5003359317779541,0.8173807859420776,-0.06759494543075562,0.47135668992996216,0.7923186421394348,-0.07223399728536606,0.4472827911376953,0.7723312377929688,-0.0755905956029892
18,right,0.3455089330673218,0.7371488809585571,2.125392626339817e-07,0.4097929000854492,0.7160941958427429,0.027750743553042412,0.46776527166366577,0.6850829720497131,0.025681274011731148,0.5115436315536499,0.6665236353874207,0.01594114676117897,0.5503716468811035,0.6540434956550598,0.0042525543831288815,0.47774094343185425,0.6093087196350098,-0.013452034443616867,0.5469388365745544,0.5853142738342285,-0.0329572819173336,0.5885136723518372,0.5961493253707886,-0.042872555553913116,0.6186317205429077,0.6183057427406311,-0.0479719340801239,0.46426844596862793,0.6195141077041626,-0.04151097312569618,0.5440847873687744,0.6879929304122925,-0.062027622014284134,0.5709195733070374,0.7362276911735535,-0.06507610529661179,0.585852324962616,0.7718833088874817,-0.0647946447134018,0.44751590490341187,0.6524038314819336,-0.06699497252702713,0.5291333794593811,0.7007266879081726,-0.08362053334712982,0.5662794709205627,0.7396227121353149,-0.07767610996961594,0.5949767827987671,0.7673317790031433,-0.0727122500538826,0.43432989716529846,0.6949061751365662,-0.09004762768745422,0.4961877763271332,0.7077394723892212,-0.10163571685552597,0.5337130427360535,0.7221680283546448,-0.0952722579240799,0.5678713917732239,0.7359502911567688,-0.08850515633821487
18,left,0.6142358183860779,0.8698558211326599,2.1591506538243266e-07,0.6467071771621704,0.8182333707809448,-0.03942427411675453,0.6622969508171082,0.7729160785675049,-0.06974808126688004,0.6915743350982666,0.7468647956848145,-0.09329438209533691,0.7259109020233154,0.7410376071929932,-0.12035521119832993,0.6005117893218994,0.8081581592559814,-0.07171406596899033,0.5524643659591675,0.804904043674469,-0.0949440598487854,0.5163877606391907,0.7990716695785522,-0.11400091648101807,0.48128747940063477,0.7919325828552246,-0.12789061665534973,0.5728586912155151,0.8333593010902405,-0.0584636926651001,0.5215959548950195,0.8034132122993469,-0.07610121369361877,0.4870407283306122,0.7858912944793701,-0.09146319329738617,0.45670247077941895,0.777168869972229,-0.10535893589258194,0.5534912943840027,0.8450514078140259,-0.04379395395517349,0.5087702870368958,0.807948887348175,-0.0529116615653038,0.4806414246559143,0.7895969152450562,-0.05926896631717682,0.4600122570991516,0.7776175141334534,-0.06533526629209518,0.5417309999465942,0.8474248647689819,-0.0318811796605587,0.5080922842025757,0.8130552768707275,-0.032842736691236496,0.4879124164581299,0.7983002662658691,-0.029563287273049355,0.473691463470459,0.7874733805656433,-0.02924196422100067
19,right,0.3368549048900604,0.7307391166687012,2.191988670574574e-07,0.39729008078575134,0.6912969946861267,0.024832921102643013,0.4562256932258606,0.657440185546875,0.02132697030901909,0.5021353960037231,0.6393209099769592,0.01126766949892044,0.5395733118057251,0.6384584903717041,-0.001088852877728641,0.4645528197288513,0.5972543954849243,-0.018700920045375824,0.5336366891860962,0.5696732997894287,-0.037905726581811905,0.5762031078338623,0.576805055141449,-0.04768047854304314,0.607481837272644,0.5943755507469177,-0.053217750042676926,0.4534066617488861,0.613461434841156,-0.044219765812158585,0.5381768345832825,0.659965455532074,-0.06453162431716919,0.5623695850372314,0.705885112285614,-0.06842853128910065,0.5711445212364197,0.7404088973999023,-0.0698542669415474,0.43916743993759155,0.6504700183868408,-0.06661567836999893,0.5200450420379639,0.6789914965629578,-0.08253425359725952,0.5515103936195374,0.7180852293968201,-0.07918857783079147,0.5730053782463074,0.7480601668357849,-0.07697982341051102,0.4264228045940399,0.697803258895874,-0.08651001751422882,0.48830026388168335,0.7073999047279358,-0.09574577212333679,0.5239638090133667,0.7235687971115112,-0.09071911126375198,0.5540813207626343,0.7382509112358093,-0.08666476607322693
19,left,0.6246793270111084,0.8788788318634033,5.875421607015596e-07,0.6483883261680603,0.8254474997520447,-0.05091967061161995,0.6550275087356567,0.7820023894309998,-0.08862744271755219,0.678646445274353,0.7544320821762085,-0.11669431626796722,0.7133995890617371,0.7447786331176758,-0.14530885219573975,0.5937667489051819,0.8247559070587158,-0.10211175680160522,0.5411093831062317,0.8066365122795105,-0.1356406956911087,0.5035749077796936,0.7947248816490173,-0.15434975922107697,0.46807631850242615,0.789289116859436,-0.16535061597824097,0.5653553009033203,0.846568763256073,-0.08632207661867142,0.4978625774383545,0.8080284595489502,-0.11663475632667542,0.4559330344200134,0.7770929336547852,-0.1304258108139038,0.42285025119781494,0.7564697861671448,-0.13905048370361328,0.5474178194999695,0.8566180467605591,-0.06933112442493439,0.49030739068984985,0.8113868832588196,-0.09043581783771515,0.4554916024208069,0.7795805931091309,-0.10206152498722076,0.42719918489456177,0.7567427158355713,-0.1084553524851799,0.5373517274856567,0.8590123057365417,-0.055249765515327454,0.5012142062187195,0.822731614112854,-0.06751399487257004,0.4737807810306549,0.7988858819007874,-0.07243409007787704,0.4502372145652771,0.7801370024681091,-0.07555050402879715
20,right,0.31549888849258423,0.724143922328949,3.9203183632707805e-07,0.3709140717983246,0.6754931807518005,0.015786442905664444,0.43407756090164185,0.6318196058273315,0.00968971662223339,0.48526400327682495,0.6066471934318542,-0.0007423956994898617,0.5225774049758911,0.5854429006576538,-0.011445344425737858,0.4370935261249542,0.5746059417724609,-0.02255561761558056,0.5049551725387573,0.5322980284690857,-0.04644252732396126,0.552911639213562,0.5328318476676941,-0.06002397835254669,0.587620735168457,0.5457942485809326,-0.06770458817481995,0.4268026053905487,0.5988157987594604,-0.043887559324502945,0.5218106508255005,0.628852903842926,-0.06824035197496414,0.5608681440353394,0.6712781190872192,-0.0757959857583046,0.5825152397155762,0.7044392824172974,-0.07920147478580475,0.4163309931755066,0.6402178406715393,-0.06330792605876923,0.5057913064956665,0.660736620426178,-0.08105961233377457,0.5510081052780151,0.6948832869529724,-0.08018719404935837,0.5821374654769897,0.7204654216766357,-0.07906166464090347,0.4079209268093109,0.690603494644165,-0.0812387689948082,0.47298920154571533,0.6954265832901001,-0.09047488123178482,0.5091360807418823,0.7083588242530823,-0.08628956973552704,0.5387611985206604,0.7186176776885986,-0.08277236670255661
20,left,0.6211921572685242,0.8522586822509766,7.269971291634647e-08,0.6471061110496521,0.81116783618927,-0.03536408394575119,0.6595090627670288,0.7745346426963806,-0.06341079622507095,0.6884690523147583,0.7465620636940002,-0.08644156903028488,0.7141668796539307,0.7308308482170105,-0.11208023130893707,0.581926703453064,0.7833895087242126,-0.06145123019814491,0.535243034362793,0.7778688073158264,-0.0869479700922966,0.4989131689071655,0.7694021463394165,-0.10869824886322021,0.466023325920105,0.7588874697685242,-0.1251661330461502,0.5571426749229431,0.7908248901367188,-0.05608644708991051,0.4994381070137024,0.7651003003120422,-0.07772114872932434,0.45704546570777893,0.7416146993637085,-0.09902489185333252,0.41985899209976196,0.7223379611968994,-0.11819492280483246,0.5415182113647461,0.7935571074485779,-0.0503695122897625,0.48632508516311646,0.7661606669425964,-0.06734003126621246,0.448121041059494,0.7440834641456604,-0.08119004219770432,0.41860947012901306,0.7253968119621277,-0.09346829354763031,0.5357105731964111,0.7965173125267029,-0.04701930657029152,0.4945315718650818,0.7817939519882202,-0.05825677886605263,0.46498656272888184,0.768905758857727,-0.06250368803739548,0.43918007612228394,0.7572176456451416,-0.0677838996052742
21,right,0.30391594767570496,0.7228878140449524,3.7020237186879967e-07,0.3580073416233063,0.6620950698852539,0.013596083037555218,0.41804125905036926,0.6137778162956238,0.006233577150851488,0.4710039496421814,0.5842920541763306,-0.005193083547055721,0.5094530582427979,0.5565529465675354,-0.016875917091965675,0.4156186580657959,0.5687036514282227,-0.024492304772138596,0.4819636046886444,0.5196644067764282,-0.04828566312789917,0.5295852422714233,0.5118057131767273,-0.061222661286592484,0.5665771961212158,0.5168984532356262,-0.06903813779354095,0.40892013907432556,0.5957694053649902,-0.045432399958372116,0.5040956139564514,0.615596354007721,-0.0716242715716362,0.5460779070854187,0.6558048725128174,-0.08078581094741821,0.5703347325325012,0.6896259784698486,-0.0852951928973198,0.40220022201538086,0.6393030285835266,-0.06440966576337814,0.4914807677268982,0.6503889560699463,-0.08431950956583023,0.5384976267814636,0.6811261773109436,-0.08541030436754227,0.5708933472633362,0.7054241299629211,-0.08563653379678726,0.397544801235199,0.6907606720924377,-0.08195958286523819,0.46177390217781067,0.693557620048523,-0.09329326450824738,0.49746569991111755,0.7035714387893677,-0.09135786443948746,0.5271145701408386,0.7100683450698853,-0.08967680484056473
21,left,0.6235451102256775,0.8711408972740173,4.859970772486122e-07,0.6462478041648865,0.8178607821464539,-0.04984390363097191,0.6539098024368286,0.7734559178352356,-0.08597943931818008,0.6769542694091797,0.7433136105537415,-0.11312229186296463,0.708855152130127,0.7292271852493286,-0.1404971033334732,0.5905627012252808,0.8148077726364136,-0.09381997585296631,0.5328380465507507,0.7966635823249817,-0.12444557249546051,0.4964107573032379,0.7873268127441406,-0.14166246354579926,0.46448683738708496,0.7826165556907654,-0.15159060060977936,0.5656300187110901,0.8359226584434509,-0.07748839259147644,0.5016382932662964,0.7979153394699097,-0.1049380972981453,0.46039879322052,0.7700499892234802,-0.11726583540439606,0.4291408658027649,0.752228856086731,-0.12501737475395203,0.5494267344474792,0.8446167707443237,-0.06082933768630028,0.49454188346862793,0.8050462007522583,-0.08000103384256363,0.45972371101379395,0.7787261009216309,-0.09040550142526627,0.4326046109199524,0.7594831585884094,-0.09604474902153015,0.5392560362815857,0.8450279831886292,-0.047346942126750946,0.5017250776290894,0.8155686855316162,-0.057829614728689194,0.4737832248210907,0.7970433235168457,-0.06187563017010689,0.45188015699386597,0.7822607159614563,-0.06448601186275482
22,right,0.28096598386764526,0.7402979135513306,3.9830763398640556e-07,0.3245939612388611,0.6652494668960571,0.010080402716994286,0.375371515750885,0.609192967414856,-0.0011696267174556851,0.4241916239261627,0.5805351734161377,-0.014923353679478168,0.4629497528076172,0.5650148391723633,-0.02887939102947712,0.3727435767650604,0.573622465133667,-0.03876778110861778,0.4246333837509155,0.510282576084137,-0.06775934249162674,0.4720298647880554,0.49488699436187744,-0.08486831188201904,0.5116328001022339,0.4904596209526062,-0.09468867629766464,0.3660496771335602,0.606393575668335,-0.05786459892988205,0.46664920449256897,0.6035925149917603,-0.0869116485118866,0.5154672861099243,0.6358946561813354,-0.09681006520986557,0.5447776317596436,0.6637405753135681,-0.10123184323310852,0.36464762687683105,0.655924379825592,-0.07440733164548874,0.46261876821517944,0.6558329463005066,-0.09650309383869171,0.5128830075263977,0.6804196238517761,-0.09765991568565369,0.5447787046432495,0.6980500817298889,-0.09664763510227203,0.3689316213130951,0.7092587947845459,-0.08955582231283188,0.4421951174736023,0.7080835103988647,-0.10200447589159012,0.4791091978549957,0.718122124671936,-0.09927217662334442,0.5073560476303101,0.7233407497406006,-0.0960693210363388
22,left,0.6246082782745361,0.870067834854126,4.700624458564562e-07,0.6455358266830444,0.818088710308075,-0.040837015956640244,0.6524233818054199,0.7724918127059937,-0.0701790601015091,0.6713743209838867,0.7440956234931946,-0.09313593804836273,0.701052725315094,0.7276350855827332,-0.11608193814754486,0.5943185687065125,0.813445508480072,-0.07249059528112411,0.5472123622894287,0.8016551733016968,-0.09907127916812897,0.5134119391441345,0.7940784096717834,-0.11562453955411911,0.4833909869194031,0.7892930507659912,-0.12591436505317688,0.5713008046150208,0.8377233147621155,-0.06159380078315735,0.5149492025375366,0.8079622983932495,-0.0842653438448906,0.4755496382713318,0.7844423651695251,-0.09653988480567932,0.44442903995513916,0.767684817314148,-0.10469640046358109,0.5558121204376221,0.8488386869430542,-0.050945449620485306,0.505471408367157,0.8144680261611938,-0.06604432314634323,0.47022104263305664,0.7881594896316528,-0.0764985904097557,0.4423375725746155,0.7684946656227112,-0.08278635144233704,0.5465874671936035,0.8527666330337524,-0.04336525872349739,0.5108924508094788,0.8223567605018616,-0.052524421364068985,0.48296457529067993,0.8020369410514832,-0.057453613728284836,0.4599749743938446,0.7858703136444092,-0.06065726280212402
23,right,0.25483438372612,0.7615297436714172,5.969050675957988e-07,0.2882498502731323,0.6827459335327148,-0.0006216213223524392,0.3312775194644928,0.6246227622032166,-0.019083283841609955,0.3773110508918762,0.6015932559967041,-0.03802246227860451,0.4163933992385864,0.6030813455581665,-0.05699576064944267,0.32295316457748413,0.5925776362419128,-0.05827463045716286,0.3614048659801483,0.5326640009880066,-0.09556834399700165,0.4070943593978882,0.5156483054161072,-0.11899754405021667,0.448996365070343,0.5082836151123047,-0.13306857645511627,0.31539979577064514,0.6351748704910278,-0.07486718147993088,0.41299968957901,0.626167893409729,-0.11079549044370651,0.47356563806533813,0.6469166278839111,-0.12354935705661774,0.5171873569488525,0.6656291484832764,-0.13045817613601685,0.31602007150650024,0.6915497779846191,-0.0895097553730011,0.41264042258262634,0.6886023879051208,-0.11902730166912079,0.4690735936164856,0.704572319984436,-0.1229712963104248,0.5083749294281006,0.7151942253112793,-0.12327128648757935,0.32281357049942017,0.7503774166107178,-0.10344166308641434,0.3970358669757843,0.7567746639251709,-0.12196733802556992,0.43836280703544617,0.7687534093856812,-0.12140098214149475,0.47146153450012207,0.7744073867797852,-0.119194895029068
23,left,0.6315867304801941,0.876956045627594,4.44037198121805e-07,0.6474897861480713,0.822035014629364,-0.036492589861154556,0.6509286165237427,0.7779600620269775,-0.062248580157756805,0.6697032451629639,0.7482197880744934,-0.0828549861907959,0.6996861696243286,0.7343870997428894,-0.10356119275093079,0.5936420559883118,0.8206321001052856,-0.060688331723213196,0.5409705638885498,0.8091483116149902,-0.08150124549865723,0.5054285526275635,0.8029040098190308,-0.0940047949552536,0.4757644236087799,0.8002237677574158,-0.10188938677310944,0.575623095035553,0.849921703338623,-0.05092562735080719,0.5206385850906372,0.8286876678466797,-0.06900633871555328,0.48302650451660156,0.8136064410209656,-0.07906809449195862,0.4548095464706421,0.8042330145835876,-0.08574996143579483,0.5636940598487854,0.8660491704940796,-0.04154254496097565,0.5166011452674866,0.8424745202064514,-0.05190211534500122,0.48465049266815186,0.8259429931640625,-0.05865390971302986,0.4602568447589874,0.8132647275924683,-0.06269396841526031,0.5567401051521301,0.8724786043167114,-0.035369470715522766,0.5222105979919434,0.8510987758636475,-0.04046626761555672,0.497102826833725,0.836044430732727,-0.04269303008913994,0.47778645157814026,0.8240475654602051,-0.04414364695549011
24,right,0.23138532042503357,0.7844271659851074,6.627727202612732e-07,0.26053088903427124,0.7039802074432373,-0.01024774368852377,0.30431121587753296,0.6255982518196106,-0.028023293241858482,0.3447765111923218,0.5706620216369629,-0.042616523802280426,0.36992210149765015,0.5165657997131348,-0.05716794729232788,0.27139467000961304,0.6294456720352173,-0.07196645438671112,0.2955653965473175,0.588558554649353,-0.1092812716960907,0.33592066168785095,0.5724146962165833,-0.12984496355056763,0.3763926923274994,0.5609759092330933,-0.1417914777994156,0.2652837932109833,0.6870026588439941,-0.0835474357008934,0.3596360683441162,0.663458526134491,-0.11959067732095718,0.42729198932647705,0.6746330857276917,-0.13161493837833405,0.4779090881347656,0.6898058652877808,-0.13857974112033844,0.27195924520492554,0.7532835602760315,-0.09313782304525375,0.3723905086517334,0.740718424320221,-0.12782956659793854,0.43509042263031006,0.7482442855834961,-0.13403970003128052,0.4784638583660126,0.7517114877700806,-0.13494077324867249,0.2855358123779297,0.8169651627540588,-0.10165262967348099,0.3640674352645874,0.8167091608047485,-0.12720905244350433,0.4099484086036682,0.8222601413726807,-0.12934748828411102,0.44440409541130066,0.822741687297821,-0.12845978140830994
24,left,0,0,0,0,0,0,0,0,0,0,0,0,0,0,0,0,0,0,0,0,0,0,0,0,0,0,0,0,0,0,0,0,0,0,0,0,0,0,0,0,0,0,0,0,0,0,0,0,0,0,0,0,0,0,0,0,0,0,0,0,0,0,0
25,right,0.21514227986335754,0.8260400295257568,5.917206635785988e-07,0.24626263976097107,0.7439115047454834,-0.015011527575552464,0.2914156913757324,0.6619676947593689,-0.028821714222431183,0.3227819800376892,0.6057202816009521,-0.03854596987366676,0.32840919494628906,0.5508177876472473,-0.04850403219461441,0.24284908175468445,0.6789647936820984,-0.057533469051122665,0.26942873001098633,0.6509858965873718,-0.08313436061143875,0.3039151728153229,0.6434523463249207,-0.09677641838788986,0.338320791721344,0.6366443037986755,-0.10516238957643509,0.24295906722545624,0.7455824017524719,-0.06395866721868515,0.3271639049053192,0.725330650806427,-0.08821633458137512,0.3901941776275635,0.7293512225151062,-0.09695563465356827,0.44389867782592773,0.7335604429244995,-0.1040860190987587,0.2510361969470978,0.8150151371955872,-0.06949407607316971,0.3456108570098877,0.8147331476211548,-0.09850465506315231,0.4075820744037628,0.8122769594192505,-0.10696354508399963,0.4566163718700409,0.8059034943580627,-0.11097368597984314,0.2646602988243103,0.8787033557891846,-0.07444202154874802,0.3370134234428406,0.8828507661819458,-0.09686781466007233,0.3830941915512085,0.885798454284668,-0.10009600967168808,0.42079517245292664,0.8818023800849915,-0.10142219066619873
25,left,0.6118754744529724,0.8909063935279846,1.0675767470047504e-07,0.6380119323730469,0.8535215258598328,-0.053558968007564545,0.6484990119934082,0.8087486028671265,-0.08957831561565399,0.6688125133514404,0.7680622935295105,-0.11590792238712311,0.6967671513557434,0.7466866970062256,-0.14294028282165527,0.5843778252601624,0.8341113328933716,-0.0950724184513092,0.5450182557106018,0.8305747509002686,-0.1321847289800644,0.5094216465950012,0.8258637189865112,-0.1579591929912567,0.4745297431945801,0.8200930953025818,-0.1744564324617386,0.5475095510482788,0.8385234475135803,-0.07884594798088074,0.4828723967075348,0.8170139789581299,-0.10746016353368759,0.4383884370326996,0.8008123636245728,-0.12369333952665329,0.40103232860565186,0.7855265736579895,-0.137269526720047,0.5221861600875854,0.8339972496032715,-0.06289166212081909,0.4615870714187622,0.8081110119819641,-0.08574268221855164,0.42284542322158813,0.7862604856491089,-0.09529720991849899,0.39348822832107544,0.7628725171089172,-0.10197687149047852,0.5076274871826172,0.8270460963249207,-0.050536759197711945,0.46802040934562683,0.797186553478241,-0.06129319593310356,0.44141894578933716,0.775140643119812,-0.061857596039772034,0.4212445616722107,0.7542833089828491,-0.06350740790367126
26,right,0.20017382502555847,0.8646199107170105,6.701332040393027e-07,0.2404695749282837,0.7702544331550598,-0.015102493576705456,0.28354737162590027,0.6874522566795349,-0.03071865625679493,0.31053581833839417,0.6287385821342468,-0.042983632534742355,0.31530606746673584,0.5741692185401917,-0.055356189608573914,0.22968783974647522,0.7054226398468018,-0.060443803668022156,0.253974050283432,0.6848974227905273,-0.09400112926959991,0.2907430827617645,0.6795505881309509,-0.11385763436555862,0.3287591338157654,0.6731330156326294,-0.12573452293872833,0.22629934549331665,0.7737863659858704,-0.06941937655210495,0.3206688463687897,0.7552793025970459,-0.10305756330490112,0.39039817452430725,0.7580501437187195,-0.11781448125839233,0.44880348443984985,0.7613275647163391,-0.12753655016422272,0.23481033742427826,0.8443934321403503,-0.07779616117477417,0.33851733803749084,0.8467448949813843,-0.11442356556653976,0.4108445346355438,0.8409097194671631,-0.12764033675193787,0.46516746282577515,0.8322709798812866,-0.1328580230474472,0.24893836677074432,0.9036792516708374,-0.0856432095170021,0.3294311463832855,0.9114238023757935,-0.11247717589139938,0.38018372654914856,0.9093341827392578,-0.11910171061754227,0.42041900753974915,0.9018813967704773,-0.12196195870637894
26,left,0.6218555569648743,0.8872071504592896,3.299092554698291e-07,0.6421703696250916,0.832252025604248,-0.04347052425146103,0.6494181752204895,0.7897843718528748,-0.07643970847129822,0.6714397668838501,0.7591862082481384,-0.10267074406147003,0.7046590447425842,0.7432668209075928,-0.1287427693605423,0.5952447056770325,0.8321706652641296,-0.0795598179101944,0.5471906065940857,0.8260732889175415,-0.10937424749135971,0.5155834555625916,0.8189342021942139,-0.12790939211845398,0.487665057182312,0.8135128617286682,-0.13912011682987213,0.5709656476974487,0.8595375418663025,-0.06840930879116058,0.5143859386444092,0.8363233804702759,-0.09225114434957504,0.4805713891983032,0.8162684440612793,-0.10175400227308273,0.45715388655662537,0.8032025694847107,-0.10790957510471344,0.5533026456832886,0.8727409243583679,-0.05788913741707802,0.5022807121276855,0.8435772657394409,-0.07415352761745453,0.4761033058166504,0.8195841312408447,-0.07886446267366409,0.458179235458374,0.7990485429763794,-0.08077866584062576,0.5414152145385742,0.8753530979156494,-0.05093928799033165,0.5048835873603821,0.8469740152359009,-0.058767255395650864,0.4825502038002014,0.8230721950531006,-0.059017814695835114,0.46638718247413635,0.8017910718917847,-0.0590076744556427
27,right,0.20236575603485107,0.8675728440284729,7.357609206337656e-07,0.24437519907951355,0.7704485058784485,-0.013690409250557423,0.28626570105552673,0.6909133791923523,-0.029489737004041672,0.3117375373840332,0.6339914202690125,-0.04280887171626091,0.3150152564048767,0.5805836915969849,-0.05652403086423874,0.232294499874115,0.6998511552810669,-0.058911003172397614,0.25094306468963623,0.6834501624107361,-0.09414312243461609,0.2904849350452423,0.676067590713501,-0.11673561483621597,0.33231431245803833,0.6703577637672424,-0.1304878145456314,0.22815273702144623,0.7653053402900696,-0.0686880573630333,0.31971144676208496,0.7539719343185425,-0.10592629015445709,0.39357924461364746,0.7557320594787598,-0.12365084886550903,0.45428892970085144,0.7614841461181641,-0.13451585173606873,0.23685479164123535,0.8336958289146423,-0.07772614061832428,0.33913129568099976,0.8393663763999939,-0.11619379371404648,0.4108961522579193,0.833515465259552,-0.13029995560646057,0.46359187364578247,0.8278689980506897,-0.13530924916267395,0.2505175471305847,0.892779529094696,-0.08639317750930786,0.3309844136238098,0.9084038734436035,-0.11446992307901382,0.38240140676498413,0.9037467241287231,-0.12266910821199417,0.4228668212890625,0.8963316679000854,-0.1258392482995987
27,left,0.6348902583122253,0.8823095560073853,4.255018097865104e-07,0.6506906151771545,0.8256886601448059,-0.03665158525109291,0.6551229357719421,0.7819145321846008,-0.06316529214382172,0.6744682788848877,0.7562012076377869,-0.08397549390792847,0.7064880132675171,0.7444778084754944,-0.10483341664075851,0.6018533110618591,0.8331059217453003,-0.06581616401672363,0.5485180020332336,0.82725989818573,-0.08812885731458664,0.5133658051490784,0.8213496804237366,-0.10052115470170975,0.4867910146713257,0.8168813586235046,-0.10782917588949203,0.5826322436332703,0.8634421825408936,-0.05578712001442909,0.5268236994743347,0.84700608253479,-0.07484788447618484,0.49240925908088684,0.8304557800292969,-0.08346289396286011,0.4689394533634186,0.8187378644943237,-0.08898914605379105,0.5692012310028076,0.8800673484802246,-0.046018946915864944,0.5200802087783813,0.8612897992134094,-0.05830203741788864,0.4907071590423584,0.8438756465911865,-0.06471988558769226,0.4699610471725464,0.8301694989204407,-0.06828565150499344,0.5607123374938965,0.8859156370162964,-0.03915998712182045,0.5241053104400635,0.8674923181533813,-0.045815564692020416,0.49945324659347534,0.8521146774291992,-0.04814934730529785,0.4812372326850891,0.8395405411720276,-0.04964978247880936
28,right,0.20315766334533691,0.8662592172622681,7.171764195845753e-07,0.24033227562904358,0.7693948745727539,-0.011315231211483479,0.2838994860649109,0.6882081031799316,-0.02625533752143383,0.3134072422981262,0.6297608017921448,-0.038831185549497604,0.31975167989730835,0.5752949118614197,-0.05206068605184555,0.23278383910655975,0.6973148584365845,-0.059000153094530106,0.2518707811832428,0.6773625612258911,-0.09343113005161285,0.28966137766838074,0.6695391535758972,-0.11599811911582947,0.32884693145751953,0.6653178334236145,-0.1297706663608551,0.2287074476480484,0.7619651556015015,-0.06969022750854492,0.3260745704174042,0.7484107613563538,-0.1064969152212143,0.3979821503162384,0.7490651607513428,-0.12459158152341843,0.45483899116516113,0.7555863261222839,-0.1355738788843155,0.2376631796360016,0.8306993842124939,-0.07907842844724655,0.34312552213668823,0.8315014839172363,-0.11562221497297287,0.4125322699546814,0.8244708776473999,-0.1291290521621704,0.46203774213790894,0.8193765878677368,-0.134083554148674,0.2519080936908722,0.8894050717353821,-0.08789951354265213,0.3335469961166382,0.9022210836410522,-0.11435449123382568,0.38348010182380676,0.8974425792694092,-0.12133481353521347,0.4217546880245209,0.8915776610374451,-0.12358489632606506
28,left,0.6441749334335327,0.8834459781646729,5.590272280642239e-07,0.6550878882408142,0.8230047225952148,-0.03677667677402496,0.6528817415237427,0.7794799208641052,-0.06239406019449234,0.669927716255188,0.756101131439209,-0.08244519680738449,0.7021157741546631,0.7458940148353577,-0.10301865637302399,0.6010609269142151,0.8360463380813599,-0.06520041078329086,0.5454566478729248,0.8288583159446716,-0.08833353221416473,0.50761479139328,0.8229724764823914,-0.10173945128917694,0.47813209891319275,0.8186938762664795,-0.10961848497390747,0.5845897197723389,0.8675047755241394,-0.05498805269598961,0.5287346839904785,0.8519325256347656,-0.07507974654436111,0.49033069610595703,0.8364856839179993,-0.0857435017824173,0.4624503552913666,0.8237630128860474,-0.09230988472700119,0.5734027028083801,0.8834301233291626,-0.04488044232130051,0.5256184339523315,0.8654614090919495,-0.056961510330438614,0.49281105399131775,0.8489241600036621,-0.06538217514753342,0.4690925180912018,0.8348634839057922,-0.07029550522565842,0.5662689805030823,0.8887265920639038,-0.03774222359061241,0.5321969985961914,0.8715775012969971,-0.0448702834546566,0.5059845447540283,0.8568331599235535,-0.04885261878371239,0.4862786829471588,0.8433583974838257,-0.05121101438999176
29,right,0.20534832775592804,0.8640411496162415,6.921625868017145e-07,0.2461942434310913,0.7689576148986816,-0.012912400998175144,0.2889677882194519,0.6875093579292297,-0.02794087864458561,0.31550249457359314,0.6281186938285828,-0.040530283004045486,0.32023704051971436,0.5717424154281616,-0.05369815602898598,0.2360469102859497,0.6965665221214294,-0.05777723714709282,0.2525973916053772,0.6757852435112,-0.09185212105512619,0.2898504436016083,0.6666148900985718,-0.11440153419971466,0.3289250135421753,0.660130500793457,-0.1284131407737732,0.23034211993217468,0.7595859169960022,-0.06778774410486221,0.32435351610183716,0.7476913928985596,-0.10333363711833954,0.39550864696502686,0.7481755614280701,-0.12091102451086044,0.4524790644645691,0.7537176609039307,-0.13211053609848022,0.23796162009239197,0.8275831341743469,-0.07695874571800232,0.3420136868953705,0.8318555355072021,-0.11316470801830292,0.41182488203048706,0.8243052959442139,-0.12664277851581573,0.4626559615135193,0.8187572956085205,-0.13198858499526978,0.2513619363307953,0.8868594765663147,-0.0858253538608551,0.3320302963256836,0.9013292193412781,-0.11244818568229675,0.38219791650772095,0.8967214226722717,-0.1197533905506134,0.4215417504310608,0.8908096551895142,-0.12258324027061462
29,left,0.6150385737419128,0.8919738531112671,2.2326848636566865e-07,0.6371715068817139,0.8455685377120972,-0.055942438542842865,0.6471211910247803,0.8042988181114197,-0.09098008275032043,0.6741808652877808,0.7643094658851624,-0.11601661890745163,0.7046269774436951,0.744935929775238,-0.1396428644657135,0.5690089464187622,0.8324272036552429,-0.08024531602859497,0.5160923004150391,0.8383850455284119,-0.10861964523792267,0.4796835482120514,0.8314496278762817,-0.12807559967041016,0.4507913291454315,0.8255146145820618,-0.13885894417762756,0.5377495288848877,0.8427508473396301,-0.05844492465257645,0.46949705481529236,0.8277814388275146,-0.07461651414632797,0.4315447509288788,0.8107991814613342,-0.07965761423110962,0.40747132897377014,0.8041911125183105,-0.08324557542800903,0.5154806971549988,0.8449724316596985,-0.03877564147114754,0.4522179961204529,0.8252689242362976,-0.05121086910367012,0.4209933578968048,0.8056795001029968,-0.05244497209787369,0.3992650508880615,0.787896454334259,-0.051508042961359024,0.49989429116249084,0.8430030345916748,-0.023729773238301277,0.45430609583854675,0.8203286528587341,-0.0261965524405241,0.4290648102760315,0.7993354797363281,-0.021375272423028946,0.41408398747444153,0.7807213068008423,-0.01764773577451706
30,right,0.20372611284255981,0.8662644028663635,6.783069466109737e-07,0.24417369067668915,0.7680699229240417,-0.01306216325610876,0.2870638370513916,0.6870220303535461,-0.028530621901154518,0.31420189142227173,0.6310241222381592,-0.041725415736436844,0.319919228553772,0.5776976943016052,-0.05549396201968193,0.2353632152080536,0.6961556077003479,-0.05769449099898338,0.25233015418052673,0.6782898306846619,-0.09149044752120972,0.2905958592891693,0.6700723171234131,-0.11327282339334488,0.33097633719444275,0.661801815032959,-0.1267530769109726,0.2310696542263031,0.7615657448768616,-0.06786995381116867,0.3224097788333893,0.7506008744239807,-0.10278242826461792,0.3940071761608124,0.7508410215377808,-0.11967737972736359,0.4521021842956543,0.7535306215286255,-0.1306602507829666,0.23944444954395294,0.8310717940330505,-0.07727447897195816,0.3422817885875702,0.836232602596283,-0.11330070346593857,0.4122193455696106,0.8298596143722534,-0.12630604207515717,0.46312013268470764,0.8238646388053894,-0.13127143681049347,0.25356584787368774,0.8918444514274597,-0.08641313016414642,0.33308088779449463,0.9016025066375732,-0.11258856952190399,0.38307154178619385,0.8966332674026489,-0.11946959793567657,0.42249348759651184,0.8906616568565369,-0.12208764255046844
30,left,0.6301736831665039,0.8971121907234192,4.313648673814896e-07,0.6470595598220825,0.8381600379943848,-0.042296767234802246,0.6519718170166016,0.7918409109115601,-0.07365995645523071,0.6727644205093384,0.7592076063156128,-0.0989886000752449,0.7053018808364868,0.7442004084587097,-0.12372835725545883,0.5916323661804199,0.836747944355011,-0.07449554651975632,0.5357614159584045,0.8292020559310913,-0.10205920785665512,0.5017853379249573,0.8172340989112854,-0.11731728166341782,0.4770476818084717,0.8090084195137024,-0.1255798637866974,0.5665096044540405,0.8647373914718628,-0.0639553964138031,0.5006343126296997,0.8384551405906677,-0.08660302311182022,0.4674184322357178,0.8097411394119263,-0.09480012208223343,0.45101022720336914,0.7902997732162476,-0.0992400273680687,0.5494190454483032,0.8790027499198914,-0.05433256924152374,0.49079445004463196,0.8492751121520996,-0.06996476650238037,0.46738845109939575,0.8196642994880676,-0.07503002136945724,0.45664528012275696,0.7957538962364197,-0.07664299756288528,0.5386102795600891,0.8831809759140015,-0.04822208359837532,0.4962925910949707,0.8562101721763611,-0.0553610697388649,0.47419410943984985,0.8291348814964294,-0.05594504997134209,0.4613037109375,0.8062746524810791,-0.05588169023394585
31,right,0.2082313597202301,0.8656310439109802,7.068582021929615e-07,0.24795332551002502,0.7687109708786011,-0.01437273807823658,0.2888007164001465,0.6883006691932678,-0.03015221655368805,0.31436315178871155,0.6317360401153564,-0.043215569108724594,0.31881842017173767,0.5774260759353638,-0.05662760138511658,0.2352735698223114,0.6984835267066956,-0.05905972048640251,0.2522829473018646,0.6796826124191284,-0.0936480462551117,0.290985643863678,0.6725233793258667,-0.11589384824037552,0.33211758732795715,0.6670647859573364,-0.12944355607032776,0.2312316596508026,0.7634009718894958,-0.06806988269090652,0.3215523660182953,0.7529610991477966,-0.10325343906879425,0.3935701251029968,0.7528092265129089,-0.1202467530965805,0.4524820148944855,0.7559860944747925,-0.13133025169372559,0.23970982432365417,0.8318610191345215,-0.07645522803068161,0.3419415056705475,0.839006781578064,-0.11285850405693054,0.4117373824119568,0.8314348459243774,-0.12637771666049957,0.46313759684562683,0.8242694139480591,-0.13168448209762573,0.253879189491272,0.8913295269012451,-0.08462760597467422,0.33355093002319336,0.9049359560012817,-0.11111535131931305,0.3831143379211426,0.8995176553726196,-0.11859909445047379,0.4221632182598114,0.8919689655303955,-0.12164510786533356
31,left,0.6364904642105103,0.8887458443641663,4.0235531173493655e-07,0.6503799557685852,0.8294789791107178,-0.03517081215977669,0.6529908776283264,0.7850433588027954,-0.061094604432582855,0.6715008616447449,0.7567068338394165,-0.08168364316225052,0.703675389289856,0.7436985969543457,-0.10202665627002716,0.5996342301368713,0.8323181867599487,-0.062149886041879654,0.5462732315063477,0.827025294303894,-0.0830925926566124,0.5128374695777893,0.8214075565338135,-0.09485943615436554,0.48685628175735474,0.8166297078132629,-0.10199292004108429,0.5805342793464661,0.8639073371887207,-0.052793972194194794,0.5254949927330017,0.8463894724845886,-0.07012621313333511,0.4936416745185852,0.8300009369850159,-0.07740316540002823,0.4726235866546631,0.8181319236755371,-0.08212659507989883,0.5672203898429871,0.8814696073532104,-0.0437760129570961,0.5198463797569275,0.8607819080352783,-0.05438186973333359,0.49238309264183044,0.8431966304779053,-0.059034984558820724,0.47340822219848633,0.82917320728302,-0.06156906485557556,0.5586968064308167,0.8875927925109863,-0.03775707259774208,0.5234591960906982,0.8672343492507935,-0.04278111830353737,0.5003470182418823,0.8517518043518066,-0.04369405284523964,0.48292678594589233,0.8396250605583191,-0.04430505260825157
32,right,0.2067267894744873,0.8640724420547485,6.785343771298358e-07,0.2464647889137268,0.7666856646537781,-0.014093441888689995,0.2892459034919739,0.686616063117981,-0.029558798298239708,0.315854012966156,0.6316390633583069,-0.042668722569942474,0.32057300209999084,0.5785499811172485,-0.05640237033367157,0.23644806444644928,0.699211597442627,-0.05856787785887718,0.25122618675231934,0.6798785328865051,-0.09230702370405197,0.28866448998451233,0.6710256338119507,-0.11419467628002167,0.3285190761089325,0.6637520790100098,-0.12768752872943878,0.23166446387767792,0.764438271522522,-0.06810294091701508,0.32187318801879883,0.7536745667457581,-0.10373703390359879,0.393472284078598,0.7532345652580261,-0.12130377441644669,0.4512598216533661,0.7569666504859924,-0.1326046735048294,0.24005350470542908,0.832464337348938,-0.07689613103866577,0.3424723744392395,0.8412452340126038,-0.11293420940637589,0.41142264008522034,0.8328007459640503,-0.12653881311416626,0.4611102342605591,0.825542688369751,-0.1320035308599472,0.25401774048805237,0.8913940191268921,-0.08561825007200241,0.3336891531944275,0.9041509628295898,-0.11185329407453537,0.38294848799705505,0.8981611132621765,-0.1192898154258728,0.42149651050567627,0.8915177583694458,-0.12235063314437866
32,left,0.6383727192878723,0.8850798606872559,5.045922648605483e-07,0.6537273526191711,0.8274731636047363,-0.038243260234594345,0.6550392508506775,0.7832830548286438,-0.06601212918758392,0.6727044582366943,0.7534903883934021,-0.08784722536802292,0.7038889527320862,0.7361599206924438,-0.10979866236448288,0.6025669574737549,0.8318510055541992,-0.06774677336215973,0.5488842725753784,0.8221030235290527,-0.09137560427188873,0.5143582820892334,0.8155505657196045,-0.1050388514995575,0.4870711863040924,0.8109502792358398,-0.11313700675964355,0.5847235321998596,0.8626708388328552,-0.05672300606966019,0.5300976037979126,0.8441250324249268,-0.07666987180709839,0.4963022470474243,0.8281069993972778,-0.085914745926857,0.47233420610427856,0.816174328327179,-0.09162458777427673,0.5721096396446228,0.8793572187423706,-0.04596944898366928,0.5249139070510864,0.8581095337867737,-0.05809589475393295,0.4959839880466461,0.8416237235069275,-0.06395329535007477,0.47523364424705505,0.8276354670524597,-0.06701931357383728,0.5635151267051697,0.8859638571739197,-0.03831741213798523,0.5283508896827698,0.8653271794319153,-0.04461045190691948,0.5045518279075623,0.8501387238502502,-0.04651179164648056,0.4863377511501312,0.8370017409324646,-0.04746497794985771
33,right,0.2098710685968399,0.8621361255645752,7.119558631529799e-07,0.24786506593227386,0.766483724117279,-0.013295939192175865,0.28945648670196533,0.6869392395019531,-0.02906607836484909,0.31596124172210693,0.6305193305015564,-0.0421438105404377,0.32085421681404114,0.5769789814949036,-0.05582616850733757,0.23564623296260834,0.6996027231216431,-0.05980674549937248,0.25014519691467285,0.6780765652656555,-0.0941728875041008,0.2893211543560028,0.6697448492050171,-0.1167856827378273,0.33063802123069763,0.6649515628814697,-0.13059009611606598,0.2316763699054718,0.7644129991531372,-0.06945715844631195,0.32611382007598877,0.7515852451324463,-0.10503005236387253,0.397968053817749,0.7517271041870117,-0.12224872410297394,0.4548165202140808,0.7562701106071472,-0.13320624828338623,0.24087853729724884,0.8328739404678345,-0.07812336087226868,0.34510764479637146,0.834731936454773,-0.11414453387260437,0.41515421867370605,0.826468825340271,-0.1272727996110916,0.4652588963508606,0.819853663444519,-0.13240928947925568,0.25580209493637085,0.8915244340896606,-0.08645761013031006,0.33607354760169983,0.9035496711730957,-0.11261729151010513,0.3857811689376831,0.8980651497840881,-0.11934804171323776,0.4238942861557007,0.8913916349411011,-0.12183522433042526
33,left,0.6379292011260986,0.8802811503410339,5.659735506924335e-07,0.6540226936340332,0.8221264481544495,-0.04033471643924713,0.6572043895721436,0.7801324129104614,-0.07055997103452682,0.6749094724655151,0.7514052987098694,-0.09413303434848785,0.7045876979827881,0.7340981960296631,-0.11788108199834824,0.6040610074996948,0.829539954662323,-0.07567321509122849,0.5498417019844055,0.8217255473136902,-0.10229593515396118,0.5132666826248169,0.8151043653488159,-0.11778406798839569,0.484130322933197,0.8105643391609192,-0.12684984505176544,0.5852273106575012,0.8597546815872192,-0.06424926966428757,0.5279598832130432,0.8390024900436401,-0.08669693022966385,0.49174782633781433,0.820172905921936,-0.09669182449579239,0.4661110043525696,0.8054611682891846,-0.10264619439840317,0.5714634656906128,0.8753606677055359,-0.05283229798078537,0.5219241380691528,0.8517586588859558,-0.06683323532342911,0.49165821075439453,0.8311614990234375,-0.07379059493541718,0.47079601883888245,0.8135474324226379,-0.07749263197183609,0.5621846318244934,0.880560040473938,-0.044477857649326324,0.5269410014152527,0.8588823080062866,-0.052480582147836685,0.5028202533721924,0.8414442539215088,-0.05527122691273689,0.48461973667144775,0.8253684043884277,-0.05668175220489502
34,right,0.20871564745903015,0.8619712591171265,6.85544137013494e-07,0.2477947175502777,0.7667282223701477,-0.014102482236921787,0.29044777154922485,0.6878527402877808,-0.03032727912068367,0.31776317954063416,0.6322118043899536,-0.04388459399342537,0.3232428729534149,0.5786703824996948,-0.05806047096848488,0.23827317357063293,0.699558675289154,-0.06215791776776314,0.2523297369480133,0.6776940226554871,-0.09680845588445663,0.2911233603954315,0.6680612564086914,-0.11924837529659271,0.3320120573043823,0.6615797281265259,-0.1329624354839325,0.23337435722351074,0.7637197971343994,-0.07164447009563446,0.32501035928726196,0.7526570558547974,-0.10742183029651642,0.3967742323875427,0.7513846755027771,-0.12451060861349106,0.4540866017341614,0.7549605965614319,-0.13562814891338348,0.24159787595272064,0.831006646156311,-0.08014120161533356,0.3440057039260864,0.8360274434089661,-0.1158277690410614,0.41332367062568665,0.827514111995697,-0.12846601009368896,0.4632558822631836,0.8209603428840637,-0.13355645537376404,0.2556542456150055,0.8889456391334534,-0.08856339752674103,0.33506256341934204,0.9010047912597656,-0.11462762951850891,0.3846343755722046,0.894437849521637,-0.12146126478910446,0.42346546053886414,0.8876208662986755,-0.12410330027341843
34,left,0.6425862312316895,0.879765510559082,5.500324391505274e-07,0.6557325720787048,0.8208135366439819,-0.03877953439950943,0.6558303236961365,0.7772374749183655,-0.06675150245428085,0.6732678413391113,0.7508727312088013,-0.08856678754091263,0.7047849893569946,0.736543595790863,-0.11089422553777695,0.6043986082077026,0.8305107951164246,-0.0714091956615448,0.5509722828865051,0.8232881426811218,-0.09670523554086685,0.5144084692001343,0.8169059157371521,-0.11169765144586563,0.4847601354122162,0.8121317625045776,-0.12087593227624893,0.5871062874794006,0.8615145683288574,-0.060840755701065063,0.5317473411560059,0.8437727093696594,-0.08252561837434769,0.49457085132598877,0.8266459703445435,-0.09329159557819366,0.46709489822387695,0.8132113814353943,-0.1002194806933403,0.5750676989555359,0.8779284954071045,-0.0503620021045208,0.527685284614563,0.8565564751625061,-0.06388531625270844,0.49648094177246094,0.8378692865371704,-0.07197127491235733,0.47410088777542114,0.8224425911903381,-0.0767768993973732,0.5671523809432983,0.8839380145072937,-0.042933378368616104,0.5330172181129456,0.8630834221839905,-0.05140860751271248,0.5082466006278992,0.8468132019042969,-0.055513329803943634,0.4892938435077667,0.8326437473297119,-0.05803864449262619
35,right,0.21208295226097107,0.865950345993042,6.891985435686365e-07,0.24948573112487793,0.770440399646759,-0.014258775860071182,0.2910654842853546,0.6893528699874878,-0.029851116240024567,0.3182467222213745,0.631973385810852,-0.042409203946590424,0.32332730293273926,0.5780274271965027,-0.05528140068054199,0.23759245872497559,0.7019360661506653,-0.06012485548853874,0.25141382217407227,0.6785788536071777,-0.09388887137174606,0.2907847762107849,0.6705251336097717,-0.11555739492177963,0.3323374390602112,0.665654718875885,-0.12858660519123077,0.23508457839488983,0.7659409642219543,-0.06860145926475525,0.3248121738433838,0.752284586429596,-0.10237035900354385,0.39604881405830383,0.751330554485321,-0.11835569888353348,0.4532533884048462,0.7545090317726135,-0.12891227006912231,0.2449018359184265,0.8335297107696533,-0.07623720169067383,0.3473775386810303,0.8353601694107056,-0.11091835796833038,0.41600191593170166,0.8269211053848267,-0.12347319722175598,0.465085506439209,0.8200652599334717,-0.12847782671451569,0.25999537110328674,0.8916881680488586,-0.08365505933761597,0.3391382694244385,0.9010040760040283,-0.10891484469175339,0.3876491189002991,0.895297110080719,-0.11555961519479752,0.425008088350296,0.8887858390808105,-0.11811338365077972
35,left,0.6429176926612854,0.8815392851829529,5.851604214512918e-07,0.6554802656173706,0.8222355842590332,-0.03873222693800926,0.6541263461112976,0.7762666344642639,-0.06580773741006851,0.6712237596511841,0.7499908804893494,-0.0864981934428215,0.703241765499115,0.7366412281990051,-0.1078982800245285,0.6041229367256165,0.8327577710151672,-0.07094980776309967,0.5516158938407898,0.8240066766738892,-0.09573844820261002,0.5145730972290039,0.817523181438446,-0.11012529581785202,0.4848315119743347,0.8125036954879761,-0.1187533363699913,0.5864943265914917,0.8642170429229736,-0.059972815215587616,0.5310688614845276,0.8456379771232605,-0.08130306005477905,0.4928090572357178,0.8280356526374817,-0.09208644926548004,0.4645441770553589,0.8131640553474426,-0.09886018931865692,0.574404776096344,0.8803496360778809,-0.04898311570286751,0.525547981262207,0.8585457801818848,-0.062412310391664505,0.4924767017364502,0.8400682210922241,-0.07109859585762024,0.4682871401309967,0.8233596682548523,-0.07618056982755661,0.5667685270309448,0.8863956332206726,-0.04092967510223389,0.5308894515037537,0.8660350441932678,-0.049650125205516815,0.5046854019165039,0.8496935963630676,-0.05409352108836174,0.4845502972602844,0.8337560296058655,-0.05665813013911247
36,right,0.2099567949771881,0.8662863969802856,7.141143782973813e-07,0.24870534241199493,0.7685773372650146,-0.014954622834920883,0.28953924775123596,0.6884593367576599,-0.0312822200357914,0.31594377756118774,0.632576048374176,-0.044981714338064194,0.32234275341033936,0.5799058079719543,-0.05918196588754654,0.23541662096977234,0.7011457085609436,-0.0607205294072628,0.2512335181236267,0.6805446743965149,-0.09551787376403809,0.2908323109149933,0.6714249849319458,-0.11847545206546783,0.33223119378089905,0.6643433570861816,-0.13269434869289398,0.2313549816608429,0.7668680548667908,-0.06979271024465561,0.3216102421283722,0.7547707557678223,-0.10622499883174896,0.3946181833744049,0.7543826103210449,-0.1242029219865799,0.45271751284599304,0.7583349347114563,-0.1357940286397934,0.24101939797401428,0.8352826833724976,-0.07806843519210815,0.34197545051574707,0.8371052742004395,-0.11481955647468567,0.41178080439567566,0.8282954692840576,-0.12816332280635834,0.4613673985004425,0.8216205835342407,-0.13333353400230408,0.2563514709472656,0.8938702344894409,-0.08629199117422104,0.33629336953163147,0.9027595520019531,-0.11326833069324493,0.38578394055366516,0.8962291479110718,-0.12051643431186676,0.42371058464050293,0.8896936774253845,-0.12322086095809937
36,left,0.6213365793228149,0.8827970027923584,2.7530447255230683e-07,0.6449187994003296,0.8431706428527832,-0.07086896896362305,0.6531250476837158,0.7991219162940979,-0.11691169440746307,0.6765090227127075,0.7563894987106323,-0.15002994239330292,0.7046474814414978,0.7339083552360535,-0.18188953399658203,0.5806301236152649,0.8290578722953796,-0.11317066848278046,0.5409980416297913,0.818611741065979,-0.15043462812900543,0.5119918584823608,0.8101173639297485,-0.17364133894443512,0.4878695011138916,0.8065389394760132,-0.18725179135799408,0.5455368161201477,0.8384236097335815,-0.08741290867328644,0.484107106924057,0.8129696846008301,-0.1149958074092865,0.45405977964401245,0.7985755801200867,-0.1245657205581665,0.4371579885482788,0.7942226529121399,-0.13136227428913116,0.5193692445755005,0.8400579690933228,-0.06387022882699966,0.4617018699645996,0.8067700266838074,-0.08580972254276276,0.4382745027542114,0.7895461320877075,-0.09319139271974564,0.42362281680107117,0.7759202718734741,-0.0967332050204277,0.5011960864067078,0.8387172818183899,-0.045393768697977066,0.4570240378379822,0.8061705827713013,-0.05657079443335533,0.4355979561805725,0.7825707793235779,-0.05974559485912323,0.42417043447494507,0.7631394863128662,-0.06220739707350731
