1,right,0,0,0,0,0,0,0,0,0,0,0,0,0,0,0,0,0,0,0,0,0,0,0,0,0,0,0,0,0,0,0,0,0,0,0,0,0,0,0,0,0,0,0,0,0,0,0,0,0,0,0,0,0,0,0,0,0,0,0,0,0,0,0
1,left,0,0,0,0,0,0,0,0,0,0,0,0,0,0,0,0,0,0,0,0,0,0,0,0,0,0,0,0,0,0,0,0,0,0,0,0,0,0,0,0,0,0,0,0,0,0,0,0,0,0,0,0,0,0,0,0,0,0,0,0,0,0,0
2,right,0,0,0,0,0,0,0,0,0,0,0,0,0,0,0,0,0,0,0,0,0,0,0,0,0,0,0,0,0,0,0,0,0,0,0,0,0,0,0,0,0,0,0,0,0,0,0,0,0,0,0,0,0,0,0,0,0,0,0,0,0,0,0
2,left,0,0,0,0,0,0,0,0,0,0,0,0,0,0,0,0,0,0,0,0,0,0,0,0,0,0,0,0,0,0,0,0,0,0,0,0,0,0,0,0,0,0,0,0,0,0,0,0,0,0,0,0,0,0,0,0,0,0,0,0,0,0,0
3,right,0,0,0,0,0,0,0,0,0,0,0,0,0,0,0,0,0,0,0,0,0,0,0,0,0,0,0,0,0,0,0,0,0,0,0,0,0,0,0,0,0,0,0,0,0,0,0,0,0,0,0,0,0,0,0,0,0,0,0,0,0,0,0
3,left,0,0,0,0,0,0,0,0,0,0,0,0,0,0,0,0,0,0,0,0,0,0,0,0,0,0,0,0,0,0,0,0,0,0,0,0,0,0,0,0,0,0,0,0,0,0,0,0,0,0,0,0,0,0,0,0,0,0,0,0,0,0,0
4,right,0,0,0,0,0,0,0,0,0,0,0,0,0,0,0,0,0,0,0,0,0,0,0,0,0,0,0,0,0,0,0,0,0,0,0,0,0,0,0,0,0,0,0,0,0,0,0,0,0,0,0,0,0,0,0,0,0,0,0,0,0,0,0
4,left,0,0,0,0,0,0,0,0,0,0,0,0,0,0,0,0,0,0,0,0,0,0,0,0,0,0,0,0,0,0,0,0,0,0,0,0,0,0,0,0,0,0,0,0,0,0,0,0,0,0,0,0,0,0,0,0,0,0,0,0,0,0,0
5,right,0.3147658109664917,0.8677601218223572,2.393452689375408e-07,0.3375500440597534,0.8225881457328796,-0.0053212884813547134,0.3724970817565918,0.7843408584594727,-0.014177853241562843,0.40341195464134216,0.7622109651565552,-0.022880950942635536,0.4250960648059845,0.7407737970352173,-0.03147155046463013,0.3725146949291229,0.7930023074150085,-0.022172091528773308,0.41819947957992554,0.7835816740989685,-0.03942297771573067,0.4449135661125183,0.7852579355239868,-0.049496475607156754,0.4592040181159973,0.7878846526145935,-0.05389748886227608,0.3700112998485565,0.8234392404556274,-0.027453210204839706,0.4231012463569641,0.8137680888175964,-0.042131759226322174,0.44948315620422363,0.8165248036384583,-0.0482122078537941,0.46247076988220215,0.8178882598876953,-0.051020778715610504,0.3674853444099426,0.8594090342521667,-0.03281435742974281,0.4200139343738556,0.8542192578315735,-0.04586479067802429,0.4462168216705322,0.856181800365448,-0.04713539034128189,0.46057483553886414,0.8532000184059143,-0.04627144709229469,0.3652403950691223,0.897430419921875,-0.03805212676525116,0.4078952372074127,0.8968917727470398,-0.047999512404203415,0.43052712082862854,0.8993561267852783,-0.04762810841202736,0.4437933564186096,0.8966884613037109,-0.04571216180920601
5,left,0.608711838722229,0.9459609389305115,-1.8247189359499316e-07,0.598213255405426,0.9262466430664062,-0.0070451791398227215,0.583856999874115,0.9252760410308838,-0.015063803642988205,0.5745797753334045,0.9493346810340881,-0.02311505191028118,0.5739264488220215,0.9774293303489685,-0.03195229172706604,0.5607455372810364,0.9133327007293701,-0.015337076038122177,0.5451448559761047,0.9495365619659424,-0.030249828472733498,0.5408706665039062,0.9740910530090332,-0.04036397859454155,0.5376177430152893,0.9886096119880676,-0.04584738612174988,0.5568231344223022,0.9225740432739258,-0.017694605514407158,0.5460798144340515,0.9627061486244202,-0.03012032061815262,0.5480555891990662,0.9871052503585815,-0.03494059294462204,0.5479272603988647,1.0021846294403076,-0.03716643899679184,0.5582956075668335,0.934540867805481,-0.02087177149951458,0.5515760779380798,0.9742211103439331,-0.03020227700471878,0.5533802509307861,0.9910961389541626,-0.029847340658307076,0.5508023500442505,0.999120831489563,-0.029075440019369125,0.5637995600700378,0.9475125074386597,-0.02472357079386711,0.56208735704422,0.9833730459213257,-0.030151352286338806,0.5648126602172852,0.9943804144859314,-0.028021030128002167,0.5644572973251343,0.9976685047149658,-0.025745511054992676
6,right,0.33170220255851746,0.7570138573646545,2.629492428241065e-07,0.3600996434688568,0.7202078700065613,-0.004125975538045168,0.4017805755138397,0.6898869872093201,-0.013596435077488422,0.43774595856666565,0.6762601733207703,-0.022835904732346535,0.46419471502304077,0.6579515337944031,-0.031327564269304276,0.40629521012306213,0.6710681319236755,-0.032634422183036804,0.45619940757751465,0.6756783723831177,-0.0512649267911911,0.48082393407821655,0.6927332282066345,-0.05996597185730934,0.49776920676231384,0.710527241230011,-0.06431803852319717,0.3962152898311615,0.6971621513366699,-0.03983088955283165,0.4513137936592102,0.7170840501785278,-0.05847012624144554,0.4760773479938507,0.7451624274253845,-0.06237642467021942,0.49104657769203186,0.7698035836219788,-0.06386414915323257,0.3863494098186493,0.7314788699150085,-0.04654179885983467,0.4366030991077423,0.7539933919906616,-0.06252928823232651,0.454715371131897,0.7815912365913391,-0.06154082342982292,0.4643734395503998,0.8019224405288696,-0.059296563267707825,0.37773755192756653,0.7697412371635437,-0.05321450158953667,0.4175361394882202,0.7888879776000977,-0.06343083828687668,0.4316931962966919,0.8061063289642334,-0.061931438744068146,0.4411953389644623,0.8187758922576904,-0.059724148362874985
6,left,0.5690257549285889,0.930290162563324,-9.022191704843863e-08,0.53722083568573,0.9511321783065796,-0.013321585953235626,0.5007054805755615,0.9601383209228516,-0.021108441054821014,0.4746285378932953,0.9616265892982483,-0.028145547956228256,0.45668596029281616,0.974128246307373,-0.03472520411014557,0.5058917999267578,0.9413129687309265,-0.026784947142004967,0.48594430088996887,0.9259548783302307,-0.043657850474119186,0.48357394337654114,0.9245511293411255,-0.0532563291490078,0.4794149398803711,0.9248971343040466,-0.05895763263106346,0.5249210000038147,0.9205747246742249,-0.029372921213507652,0.5199774503707886,0.9048510789871216,-0.046022359281778336,0.5219340324401855,0.9043178558349609,-0.05105332285165787,0.5225179195404053,0.9056750535964966,-0.05406784266233444,0.5467640161514282,0.9024606943130493,-0.033142440021038055,0.5518923997879028,0.8856129050254822,-0.05248061940073967,0.5597105622291565,0.887211799621582,-0.054782088845968246,0.5646342635154724,0.8930947184562683,-0.054053571075201035,0.5692492723464966,0.8877632021903992,-0.03774382174015045,0.5761963725090027,0.8695629835128784,-0.05480923876166344,0.5874943137168884,0.8793841004371643,-0.056514568626880646,0.5962212681770325,0.8932023644447327,-0.05555408075451851
7,right,0.3545563817024231,0.6998628973960876,3.3431777524128847e-07,0.3850853145122528,0.6708141565322876,-0.00045282882638275623,0.4219874143600464,0.6559004783630371,-0.01041655894368887,0.4555738568305969,0.6621236205101013,-0.021192532032728195,0.4804675877094269,0.6751793622970581,-0.0317646861076355,0.43200474977493286,0.6259111166000366,-0.032513588666915894,0.48296868801116943,0.6358836889266968,-0.05229533091187477,0.5081230401992798,0.6610071063041687,-0.06271392852067947,0.5227584838867188,0.6863965392112732,-0.06792767345905304,0.4197518825531006,0.6453952789306641,-0.04142941161990166,0.4745190739631653,0.6797584891319275,-0.06176590174436569,0.49562868475914,0.7173115015029907,-0.06680528074502945,0.5036325454711914,0.7458267211914062,-0.06835950165987015,0.40782392024993896,0.6750817894935608,-0.049232665449380875,0.4597858488559723,0.7101137638092041,-0.06505873054265976,0.4747660458087921,0.7433427572250366,-0.06423553079366684,0.4769420921802521,0.764999270439148,-0.06152921915054321,0.3978275656700134,0.7075802683830261,-0.05677644535899162,0.4366132318973541,0.7371541857719421,-0.06617816537618637,0.4500846266746521,0.7583162188529968,-0.06425229460000992,0.45599129796028137,0.7730308175086975,-0.061010681092739105
7,left,0.5638744831085205,0.8795281648635864,2.4697219824787453e-09,0.5322482585906982,0.8973469734191895,-0.010508297942578793,0.49551576375961304,0.8959739804267883,-0.01922421157360077,0.46877387166023254,0.8921607136726379,-0.027158262208104134,0.4451603889465332,0.900433361530304,-0.036179326474666595,0.4963268041610718,0.8701775670051575,-0.033999089151620865,0.4672572612762451,0.8533081412315369,-0.05077619105577469,0.45110660791397095,0.8469772338867188,-0.0600997731089592,0.4373878240585327,0.8435776233673096,-0.06750074028968811,0.5155222415924072,0.8538774251937866,-0.03993377089500427,0.5077520608901978,0.8329256176948547,-0.05914928764104843,0.5088382363319397,0.838222324848175,-0.06422251462936401,0.5082954168319702,0.8473454117774963,-0.0678025558590889,0.5413677096366882,0.8435173630714417,-0.04628525674343109,0.5436009168624878,0.824777364730835,-0.06779823452234268,0.5451525449752808,0.8302994966506958,-0.07195254415273666,0.5444681644439697,0.8402814865112305,-0.0742984339594841,0.5688818693161011,0.8374839425086975,-0.05277151241898537,0.5807768702507019,0.8277291059494019,-0.07559908181428909,0.5886592864990234,0.8409207463264465,-0.08193916827440262,0.5923705697059631,0.856407880783081,-0.08501125872135162
8,right,0.34386229515075684,0.706296980381012,3.5762158745455963e-07,0.3783159554004669,0.6798309087753296,0.002192244166508317,0.41717010736465454,0.6665889024734497,-0.007169927470386028,0.45154544711112976,0.6710330247879028,-0.01840377226471901,0.47866034507751465,0.6828180551528931,-0.03004426322877407,0.42980557680130005,0.6305876970291138,-0.027053844183683395,0.48090606927871704,0.6379535794258118,-0.047402411699295044,0.508377730846405,0.6601122617721558,-0.05981298163533211,0.5248766541481018,0.6827431917190552,-0.06646229326725006,0.4192259907722473,0.6476155519485474,-0.037655383348464966,0.475396066904068,0.6786646246910095,-0.056686852127313614,0.49711212515830994,0.7161561250686646,-0.06300164759159088,0.5044720768928528,0.7442994713783264,-0.06611098349094391,0.40791934728622437,0.6760104894638062,-0.04715869948267937,0.460411012172699,0.708899199962616,-0.06251626461744308,0.47359707951545715,0.7417153120040894,-0.06220520660281181,0.4742337465286255,0.7639722228050232,-0.05999523773789406,0.39762234687805176,0.7081661820411682,-0.05619583651423454,0.4380563795566559,0.7365111708641052,-0.06466544419527054,0.45032912492752075,0.7585353851318359,-0.06179741770029068,0.4546636641025543,0.7742098569869995,-0.0579630546271801
8,left,0,0,0,0,0,0,0,0,0,0,0,0,0,0,0,0,0,0,0,0,0,0,0,0,0,0,0,0,0,0,0,0,0,0,0,0,0,0,0,0,0,0,0,0,0,0,0,0,0,0,0,0,0,0,0,0,0,0,0,0,0,0,0
9,right,0.36806726455688477,0.6704946160316467,3.313131742288533e-07,0.40375617146492004,0.6549303531646729,0.0038516672793775797,0.44416046142578125,0.6507039070129395,-0.004749246872961521,0.47627395391464233,0.6643184423446655,-0.015719836577773094,0.4987632930278778,0.6841220855712891,-0.027129432186484337,0.4612759053707123,0.6231840252876282,-0.028891853988170624,0.5121241807937622,0.6463521122932434,-0.048786282539367676,0.5339626669883728,0.6763663291931152,-0.059193771332502365,0.5464996695518494,0.7027336359024048,-0.06427937000989914,0.4484231472015381,0.6329447031021118,-0.04031657055020332,0.4998559355735779,0.6849370002746582,-0.06066781282424927,0.5154570937156677,0.7344053983688354,-0.06543360650539398,0.5183566808700562,0.7684497833251953,-0.06658847630023956,0.433005690574646,0.6554674506187439,-0.05029786378145218,0.48180243372917175,0.7055239677429199,-0.06636493653059006,0.4865303337574005,0.7463308572769165,-0.0638437271118164,0.48081210255622864,0.7688149213790894,-0.059375520795583725,0.419093519449234,0.6830593347549438,-0.059728048741817474,0.45696932077407837,0.7243679165840149,-0.06834834069013596,0.4647692143917084,0.75179123878479,-0.06413649767637253,0.4646308124065399,0.768803596496582,-0.05891215428709984
9,left,0.5237330198287964,0.8246509432792664,4.343647574955867e-08,0.5517691373825073,0.8025747537612915,-0.02685493417084217,0.5701219439506531,0.7850385308265686,-0.04741615429520607,0.5865877270698547,0.7844690680503845,-0.0646786317229271,0.6043707132339478,0.7957584261894226,-0.08259367942810059,0.527693510055542,0.8011532425880432,-0.04697399213910103,0.5128338932991028,0.8139675259590149,-0.06699923425912857,0.496460497379303,0.8231366872787476,-0.08087614923715591,0.4792115390300751,0.8291768431663513,-0.09031955897808075,0.5027668476104736,0.8062042593955994,-0.042207617312669754,0.4777984321117401,0.8026924133300781,-0.05788082629442215,0.46174320578575134,0.7974920868873596,-0.06609686464071274,0.44907063245773315,0.7913423180580139,-0.07310590147972107,0.483295202255249,0.808066725730896,-0.038241196423769,0.45564544200897217,0.7992755770683289,-0.05145149305462837,0.437284916639328,0.7884209156036377,-0.0590890571475029,0.4212896227836609,0.7766509056091309,-0.06489084661006927,0.4700806736946106,0.8086289763450623,-0.03613177686929703,0.44864141941070557,0.7984021306037903,-0.043791454285383224,0.4337589740753174,0.7892235517501831,-0.046338967978954315,0.42091605067253113,0.7776247262954712,-0.049393218010663986
10,right,0.37706321477890015,0.6660529375076294,2.9062408657409833e-07,0.4121359884738922,0.6519571542739868,0.0038387353997677565,0.45165327191352844,0.6497262120246887,-0.005412921775132418,0.48309415578842163,0.6659201979637146,-0.0169509407132864,0.5043143630027771,0.689383327960968,-0.029057402163743973,0.46936285495758057,0.6235154867172241,-0.02936987206339836,0.5192480683326721,0.6498592495918274,-0.049208298325538635,0.5397469997406006,0.6843150854110718,-0.06007643789052963,0.5508390665054321,0.7129517197608948,-0.06553807109594345,0.4550613760948181,0.6317424178123474,-0.040715329349040985,0.5063658356666565,0.6899335384368896,-0.06046731024980545,0.5156916975975037,0.7391823530197144,-0.06478959321975708,0.5139697194099426,0.7682824730873108,-0.06584807485342026,0.43843013048171997,0.6539676785469055,-0.05052487552165985,0.4877890944480896,0.7076461911201477,-0.06639771908521652,0.48988720774650574,0.7493996024131775,-0.06361574679613113,0.4818919897079468,0.7704732418060303,-0.059154804795980453,0.4236512780189514,0.6814103126525879,-0.05968368425965309,0.4616016149520874,0.7248080372810364,-0.06810387223958969,0.46774137020111084,0.7536022067070007,-0.06351961195468903,0.465771347284317,0.7699396014213562,-0.058261800557374954
10,left,0.5281389951705933,0.8194736838340759,1.5337634806655842e-07,0.5504701137542725,0.7953101992607117,-0.031045641750097275,0.5659923553466797,0.7768591642379761,-0.053389064967632294,0.5851275324821472,0.7737913131713867,-0.07152137160301208,0.6070886254310608,0.7870188355445862,-0.09009354561567307,0.5154339671134949,0.805152416229248,-0.05106708034873009,0.48913559317588806,0.8159176707267761,-0.07008087635040283,0.46700549125671387,0.8177695870399475,-0.08334685117006302,0.44671714305877686,0.8145318031311035,-0.09276995807886124,0.4928480386734009,0.8043132424354553,-0.04226475581526756,0.46246761083602905,0.8014543652534485,-0.05729293450713158,0.44445911049842834,0.7908695936203003,-0.06533003598451614,0.43057888746261597,0.7800918221473694,-0.07212655246257782,0.47811412811279297,0.7989596724510193,-0.03398879989981651,0.4493534564971924,0.7900829315185547,-0.04547761380672455,0.4328564405441284,0.7763314247131348,-0.051625777035951614,0.41966351866722107,0.7627742290496826,-0.05595874413847923,0.4680297374725342,0.7918816804885864,-0.02808198146522045,0.4465271830558777,0.7813059091567993,-0.034011103212833405,0.43224960565567017,0.7704910635948181,-0.03562861680984497,0.42165687680244446,0.7581602334976196,-0.03757216036319733
11,right,0.3852040469646454,0.6708462834358215,3.0742873491362843e-07,0.41925883293151855,0.6537961363792419,0.0021564727649092674,0.4580334424972534,0.6504635214805603,-0.00880157295614481,0.489635169506073,0.666222095489502,-0.021991202607750893,0.5098317861557007,0.6898474097251892,-0.03581835702061653,0.47406435012817383,0.6262097954750061,-0.0315730907022953,0.5235352516174316,0.6561572551727295,-0.05191115289926529,0.5436861515045166,0.6911617517471313,-0.06329439580440521,0.5542911887168884,0.7195587754249573,-0.06928989291191101,0.4596593379974365,0.6347178220748901,-0.04247152805328369,0.5103067755699158,0.6938217878341675,-0.0624353401362896,0.5197768807411194,0.7424020767211914,-0.06702142208814621,0.5187729597091675,0.7706592679023743,-0.06882678717374802,0.4435502886772156,0.6562575101852417,-0.05190397799015045,0.49399784207344055,0.7080358266830444,-0.06850095838308334,0.49319636821746826,0.7487778067588806,-0.06590569019317627,0.48273026943206787,0.7697881460189819,-0.06181732192635536,0.42912960052490234,0.6826432943344116,-0.06081017479300499,0.4676577150821686,0.7250103950500488,-0.07007624208927155,0.4724046587944031,0.7530217170715332,-0.06596679240465164,0.469140887260437,0.7688965201377869,-0.06127004697918892
11,left,0.5279120802879333,0.8185802698135376,2.733323754000594e-07,0.551477313041687,0.7913792729377747,-0.034077998250722885,0.5680885314941406,0.7744007110595703,-0.05966781824827194,0.5864617228507996,0.771528422832489,-0.08017697930335999,0.6033042669296265,0.7781171798706055,-0.10157764703035355,0.5141149759292603,0.8008679747581482,-0.058501340448856354,0.4912281632423401,0.8108363747596741,-0.07929553091526031,0.46984466910362244,0.8106473684310913,-0.09424740821123123,0.44918376207351685,0.8084036707878113,-0.10487248003482819,0.4944950044155121,0.8026576638221741,-0.048295196145772934,0.464798241853714,0.7916350960731506,-0.06652136892080307,0.4435836374759674,0.7746990323066711,-0.07726524770259857,0.42412516474723816,0.7598932981491089,-0.08602533489465714,0.4816153347492218,0.8004756569862366,-0.0382634662091732,0.45368191599845886,0.7855839133262634,-0.0513048991560936,0.4366376996040344,0.7685879468917847,-0.05841849744319916,0.42094260454177856,0.7524885535240173,-0.06363781541585922,0.473718523979187,0.7973244190216064,-0.03056934103369713,0.4529390335083008,0.7863368988037109,-0.037297580391168594,0.43767544627189636,0.7757594585418701,-0.03930998593568802,0.4256765842437744,0.7641317844390869,-0.041735563427209854
12,right,0.3653050363063812,0.6733191013336182,2.992138377067022e-07,0.40549153089523315,0.6605124473571777,0.00792908389121294,0.4469031095504761,0.6587930917739868,-0.00038345553912222385,0.4789183437824249,0.6725811958312988,-0.012450642883777618,0.5017712116241455,0.6936004161834717,-0.025408999994397163,0.4675978422164917,0.6299014687538147,-0.022265365347266197,0.5174431204795837,0.6536222100257874,-0.04173823073506355,0.540911078453064,0.6842697262763977,-0.052868638187646866,0.5530516505241394,0.712542712688446,-0.05864908918738365,0.45515114068984985,0.6347333192825317,-0.03581244871020317,0.5073032975196838,0.6927412152290344,-0.053744763135910034,0.5117741823196411,0.7403347492218018,-0.05701153725385666,0.5071350932121277,0.766667366027832,-0.05758059769868851,0.44016075134277344,0.6554995775222778,-0.04787897691130638,0.4926516115665436,0.705967366695404,-0.06154618039727211,0.49279069900512695,0.7473443746566772,-0.055995263159275055,0.4833085834980011,0.7684668898582458,-0.05010932683944702,0.42514073848724365,0.6825205087661743,-0.059381142258644104,0.4653667211532593,0.7220355272293091,-0.06574911624193192,0.4718286991119385,0.7489286065101624,-0.059429802000522614,0.4705486595630646,0.7635850310325623,-0.05315239727497101
12,left,0.5434719920158386,0.798565685749054,3.860755271034577e-07,0.5622310042381287,0.7808971405029297,-0.04583078995347023,0.5695481896400452,0.7682985067367554,-0.07571286708116531,0.5820311307907104,0.76930832862854,-0.09756217151880264,0.6002072691917419,0.7781501412391663,-0.1191798597574234,0.5143617391586304,0.8038892149925232,-0.0737619400024414,0.49059295654296875,0.8064574003219604,-0.09823774546384811,0.4687817692756653,0.8073919415473938,-0.11402276903390884,0.44746899604797363,0.8073009252548218,-0.12512868642807007,0.49302467703819275,0.7973081469535828,-0.05805546045303345,0.4625302255153656,0.7877657413482666,-0.07820426672697067,0.44318127632141113,0.7732256650924683,-0.08748649060726166,0.42587733268737793,0.7604273557662964,-0.09485471248626709,0.48097074031829834,0.7878116965293884,-0.04344130679965019,0.4525090754032135,0.7772618532180786,-0.058016981929540634,0.43572360277175903,0.7611859440803528,-0.06463583558797836,0.420181006193161,0.7465053200721741,-0.06969466805458069,0.4744691848754883,0.7798464894294739,-0.03211589902639389,0.45320090651512146,0.7717452049255371,-0.04060598090291023,0.4387885332107544,0.7619163393974304,-0.044362250715494156,0.42521145939826965,0.749921441078186,-0.04809217527508736
13,right,0.385405033826828,0.6730908751487732,2.633071289892541e-07,0.4205471873283386,0.6582216024398804,0.002816121093928814,0.4591348171234131,0.6559266448020935,-0.00816329475492239,0.49037086963653564,0.6715276837348938,-0.02104162611067295,0.5100167393684387,0.6940906643867493,-0.03430437669157982,0.4769235849380493,0.6244150400161743,-0.03339381143450737,0.5262093544006348,0.6545894742012024,-0.05402804911136627,0.5451798439025879,0.6885362267494202,-0.06578747928142548,0.5560615658760071,0.7162249684333801,-0.07245095819234848,0.4622339606285095,0.6329062581062317,-0.04494895413517952,0.5094584822654724,0.6933830976486206,-0.06472258269786835,0.5173530578613281,0.7408658266067505,-0.06974346190690994,0.5172752737998962,0.7696654796600342,-0.07268977165222168,0.44496139883995056,0.654232382774353,-0.05495245009660721,0.4938030242919922,0.7052965760231018,-0.07040723413228989,0.4974268674850464,0.7482065558433533,-0.06862729787826538,0.49181437492370605,0.7737571597099304,-0.06649301201105118,0.4297489523887634,0.6810715198516846,-0.06444498896598816,0.4672802984714508,0.7201756238937378,-0.07270079106092453,0.4734618365764618,0.7469061613082886,-0.06910951435565948,0.47271519899368286,0.7639769315719604,-0.06589843332767487
13,left,0.53345787525177,0.8091782927513123,1.6450744055873656e-07,0.5545631051063538,0.7869323492050171,-0.0345618799328804,0.5674164891242981,0.7716138958930969,-0.05885952338576317,0.5860261917114258,0.7665475606918335,-0.07743941247463226,0.6076480746269226,0.7754877209663391,-0.0960511714220047,0.5204384922981262,0.7983018755912781,-0.0569564588367939,0.49438488483428955,0.8061913251876831,-0.07675907015800476,0.47105127573013306,0.8067673444747925,-0.0904269888997078,0.4494604170322418,0.8038141131401062,-0.10021104663610458,0.498225599527359,0.7944550514221191,-0.04568987339735031,0.46768805384635925,0.7870973348617554,-0.061015404760837555,0.4492380917072296,0.7772589921951294,-0.06841579079627991,0.43334442377090454,0.7672318816184998,-0.07483279705047607,0.48380327224731445,0.7884781956672668,-0.034964025020599365,0.45498988032341003,0.7751250863075256,-0.046700943261384964,0.43834778666496277,0.7619072198867798,-0.05180947855114937,0.42339232563972473,0.7485882639884949,-0.05541674420237541,0.4744105339050293,0.7813502550125122,-0.02670089155435562,0.4511365592479706,0.7687293887138367,-0.03283664584159851,0.43598613142967224,0.7594177722930908,-0.03387933224439621,0.4251190721988678,0.7491528987884521,-0.035347700119018555
14,right,0.3648391366004944,0.6758508682250977,2.9638556497957325e-07,0.40559691190719604,0.664332389831543,0.0078059094958007336,0.4470560550689697,0.6618205308914185,-0.00011683815682772547,0.47890034317970276,0.6746634244918823,-0.01179372426122427,0.5018904805183411,0.6949368715286255,-0.024285487830638885,0.46887001395225525,0.6299211382865906,-0.02084210515022278,0.5181000232696533,0.6558447480201721,-0.04012995958328247,0.5416094660758972,0.6880547404289246,-0.05180612951517105,0.553563117980957,0.7175887227058411,-0.05816549062728882,0.4556766450405121,0.6353164315223694,-0.034503526985645294,0.5078476667404175,0.6932784914970398,-0.05214492231607437,0.5155512094497681,0.7404996156692505,-0.05627581849694252,0.5129692554473877,0.7683700919151306,-0.05784013867378235,0.440001517534256,0.6559000611305237,-0.046839553862810135,0.49261677265167236,0.7065596580505371,-0.06044198200106621,0.4950990676879883,0.7474184632301331,-0.05618153512477875,0.4876142740249634,0.7697436809539795,-0.05145657807588577,0.4245186746120453,0.6831282377243042,-0.05863218382000923,0.46521294116973877,0.7224972248077393,-0.06497802585363388,0.47267964482307434,0.7493903040885925,-0.059326186776161194,0.47240039706230164,0.7650388479232788,-0.05375199764966965
14,left,0.5474080443382263,0.7893983721733093,3.7322149637475377e-07,0.5670384168624878,0.7803995609283447,-0.04746764525771141,0.5745514631271362,0.772761881351471,-0.07834729552268982,0.5864708423614502,0.7683146595954895,-0.10104816406965256,0.6044803261756897,0.7700693011283875,-0.12333714216947556,0.5170677304267883,0.8012802600860596,-0.07351775467395782,0.49414685368537903,0.8063198924064636,-0.09865342825651169,0.47141292691230774,0.8075006604194641,-0.11502284556627274,0.4502764940261841,0.8064534664154053,-0.12662135064601898,0.4947190284729004,0.7917040586471558,-0.057517774403095245,0.4644129276275635,0.7838413715362549,-0.07702844589948654,0.44445881247520447,0.7712615132331848,-0.08559241145849228,0.42654338479042053,0.7597902417182922,-0.09273239225149155,0.48190200328826904,0.7812302112579346,-0.0431225523352623,0.45423197746276855,0.7721365690231323,-0.05745802819728851,0.43730872869491577,0.7587307095527649,-0.06367941200733185,0.4207875728607178,0.7468187808990479,-0.06869277358055115,0.4754556119441986,0.7740750312805176,-0.03231816366314888,0.4548477232456207,0.7686367034912109,-0.04113131761550903,0.44050997495651245,0.760113537311554,-0.04506174474954605,0.42597976326942444,0.7492170333862305,-0.0489317961037159
15,right,0.3588660657405853,0.6828221678733826,3.1692911761638243e-07,0.40425989031791687,0.6704980731010437,0.009319193661212921,0.44697877764701843,0.6665464639663696,0.002334404271095991,0.4805874526500702,0.6753026843070984,-0.008158870041370392,0.5049335360527039,0.689890444278717,-0.01920175738632679,0.4664723873138428,0.6262463927268982,-0.021754322573542595,0.5168883800506592,0.6483764052391052,-0.04072025790810585,0.542150616645813,0.6762005090713501,-0.052458830177783966,0.5575643181800842,0.700797438621521,-0.058858223259449005,0.45214253664016724,0.6348028779029846,-0.03596149757504463,0.5047383308410645,0.688870906829834,-0.05395473539829254,0.5177709460258484,0.7356059551239014,-0.05935109034180641,0.5187790393829346,0.7651916146278381,-0.06188800558447838,0.4356313943862915,0.6580898761749268,-0.04838188737630844,0.4871672987937927,0.7056257128715515,-0.0626135766506195,0.49202436208724976,0.7458071708679199,-0.06017115339636803,0.4862605333328247,0.769871711730957,-0.0564807653427124,0.4205872118473053,0.6874678134918213,-0.059854622930288315,0.46265920996665955,0.7239976525306702,-0.06620724499225616,0.4710695445537567,0.7491966485977173,-0.06106652319431305,0.47135400772094727,0.7649216651916504,-0.05580998212099075
15,left,0.5282505750656128,0.8127946853637695,1.352158420786509e-07,0.5549529194831848,0.7891260981559753,-0.027278807014226913,0.5709539651870728,0.7716046571731567,-0.04869028925895691,0.5866813063621521,0.7679914832115173,-0.06661459803581238,0.6024645566940308,0.7778677344322205,-0.08592154085636139,0.5215869545936584,0.7938888669013977,-0.04596669599413872,0.498158723115921,0.8062214851379395,-0.06587826460599899,0.4751269519329071,0.8083418607711792,-0.08052821457386017,0.4541337192058563,0.8083864450454712,-0.09058380872011185,0.5003920793533325,0.7942746877670288,-0.03938371315598488,0.47594672441482544,0.7808079719543457,-0.05448233336210251,0.46126633882522583,0.7715846300125122,-0.06224054843187332,0.44984865188598633,0.7662230134010315,-0.06807823479175568,0.48530349135398865,0.790598452091217,-0.03351746127009392,0.46076732873916626,0.7709755301475525,-0.04516890272498131,0.4445580244064331,0.7583405375480652,-0.048807308077812195,0.43079614639282227,0.7452791929244995,-0.050766944885253906,0.47474202513694763,0.7873005270957947,-0.029642991721630096,0.45423802733421326,0.7730911374092102,-0.03629190847277641,0.44025495648384094,0.763323187828064,-0.03569260984659195,0.4304974377155304,0.7536576390266418,-0.035097017884254456
16,right,0.35498735308647156,0.6829680800437927,3.046348808766197e-07,0.39801788330078125,0.6583115458488464,0.007981560193002224,0.44280341267585754,0.6503363251686096,0.0006019696593284607,0.4790916442871094,0.6554263234138489,-0.009440419264137745,0.5057731866836548,0.6656397581100464,-0.019850237295031548,0.45865246653556824,0.6196326017379761,-0.025440452620387077,0.5109794735908508,0.62544846534729,-0.04344034194946289,0.5402607917785645,0.6453004479408264,-0.052618127316236496,0.5577256679534912,0.6669931411743164,-0.0566863939166069,0.4465927183628082,0.6356913447380066,-0.03803575411438942,0.5048234462738037,0.6861809492111206,-0.05406492203474045,0.5177010297775269,0.7271199226379395,-0.055658139288425446,0.5174802541732788,0.7518842816352844,-0.05501750484108925,0.43164175748825073,0.6641019582748413,-0.0486658439040184,0.48511454463005066,0.707596480846405,-0.05995410308241844,0.49210938811302185,0.7404196858406067,-0.05354904383420944,0.4869373142719269,0.7585391998291016,-0.04748164117336273,0.4170796573162079,0.6967756748199463,-0.05851893872022629,0.4590245485305786,0.7289358973503113,-0.06181023642420769,0.4694744050502777,0.7490856647491455,-0.053837958723306656,0.4713347852230072,0.7604634761810303,-0.046646833419799805
16,left,0.5403205752372742,0.808253288269043,3.1287837032323296e-07,0.5611070990562439,0.7807828187942505,-0.03672412037849426,0.5715773105621338,0.7619985938072205,-0.061489567160606384,0.5849210023880005,0.7632684707641602,-0.08041448891162872,0.6040304899215698,0.7748079895973206,-0.09911046922206879,0.5208492875099182,0.7990440726280212,-0.06140455603599548,0.49538227915763855,0.8079191446304321,-0.08301208168268204,0.472014844417572,0.8098583221435547,-0.09678681939840317,0.4504345953464508,0.8093961477279663,-0.10641904920339584,0.49831998348236084,0.7992920875549316,-0.050504785031080246,0.4680139422416687,0.7930416464805603,-0.06929069757461548,0.4470565915107727,0.7768775820732117,-0.07872962951660156,0.4293935000896454,0.763810932636261,-0.08582445234060287,0.48462235927581787,0.7943246960639954,-0.040246035903692245,0.45664018392562866,0.7830501794815063,-0.05498142167925835,0.4395226836204529,0.763628363609314,-0.06314636021852493,0.4245271682739258,0.747385561466217,-0.0684640184044838,0.47686880826950073,0.7880429625511169,-0.03247128427028656,0.4567689597606659,0.7771890163421631,-0.041118789464235306,0.4415150582790375,0.7639002203941345,-0.045001205056905746,0.4278017282485962,0.7498599290847778,-0.04834570735692978
17,right,0.3279934525489807,0.6772321462631226,3.1456755777981016e-07,0.3661913275718689,0.636250913143158,0.005989153869450092,0.4074327051639557,0.6146442294120789,-0.001159308711066842,0.4409051835536957,0.6165943145751953,-0.010403268970549107,0.46478214859962463,0.6343108415603638,-0.019672153517603874,0.42284873127937317,0.5898090600967407,-0.020572343841195107,0.47439318895339966,0.5810047388076782,-0.03562956675887108,0.506277322769165,0.5849958062171936,-0.04313906654715538,0.5295856595039368,0.5913763642311096,-0.04667181521654129,0.4191632866859436,0.6162984371185303,-0.031735315918922424,0.48140352964401245,0.6417869925498962,-0.045145515352487564,0.5056488513946533,0.6728621125221252,-0.04761065915226936,0.5163928270339966,0.697687029838562,-0.04750709608197212,0.41253095865249634,0.6526823043823242,-0.041314877569675446,0.46943747997283936,0.6768890619277954,-0.04991994425654411,0.4866042733192444,0.7018060088157654,-0.045419421046972275,0.49122339487075806,0.7181708216667175,-0.040892019867897034,0.4049653708934784,0.6925000548362732,-0.05045927315950394,0.4478611946105957,0.7084243297576904,-0.05186454951763153,0.4628135561943054,0.7202285528182983,-0.04461412876844406,0.47048890590667725,0.727806568145752,-0.038168832659721375
17,left,0.5446638464927673,0.7937449216842651,4.241057638409984e-07,0.5631532073020935,0.7686518430709839,-0.04569672420620918,0.5717350244522095,0.7596897482872009,-0.07672186195850372,0.5846011638641357,0.7681313157081604,-0.09957265108823776,0.6033281087875366,0.7762105464935303,-0.1224089115858078,0.5267395377159119,0.7971512079238892,-0.07992610335350037,0.49780339002609253,0.805513322353363,-0.10595418512821198,0.4732619524002075,0.8102100491523743,-0.1218818873167038,0.45118799805641174,0.8109185099601746,-0.13269980251789093,0.5035755038261414,0.7989041209220886,-0.06540508568286896,0.47010380029678345,0.7910506725311279,-0.08537150919437408,0.44746023416519165,0.7762203216552734,-0.09435494244098663,0.4290832579135895,0.7616841197013855,-0.10187968611717224,0.4882381856441498,0.7946199178695679,-0.05164242163300514,0.45839163661003113,0.781434953212738,-0.06517475843429565,0.44019150733947754,0.7634196877479553,-0.07196986675262451,0.42631322145462036,0.7469576597213745,-0.0778074562549591,0.4794166088104248,0.7883762121200562,-0.04132090508937836,0.4584682285785675,0.7774892449378967,-0.0494433231651783,0.44368040561676025,0.7644452452659607,-0.053380511701107025,0.43141311407089233,0.7502403259277344,-0.05749281868338585
18,right,0.29107552766799927,0.6734991669654846,2.929617153313302e-07,0.32403168082237244,0.6230201721191406,0.005353092681616545,0.3651718199253082,0.5937451720237732,-0.002349291695281863,0.40126895904541016,0.591986894607544,-0.011594684794545174,0.4289684295654297,0.6041178107261658,-0.020202135667204857,0.3670456111431122,0.5741948485374451,-0.025770854204893112,0.41441142559051514,0.542335569858551,-0.043597396463155746,0.44681230187416077,0.5354178547859192,-0.05230681225657463,0.4710117280483246,0.5369550585746765,-0.05567498132586479,0.36581170558929443,0.6043998003005981,-0.036451760679483414,0.4337814152240753,0.5980691313743591,-0.05131934583187103,0.46954476833343506,0.6123639345169067,-0.05295887216925621,0.48974883556365967,0.6295229196548462,-0.052154310047626495,0.3656103312969208,0.6437629461288452,-0.04544352740049362,0.4347466826438904,0.640559732913971,-0.055367931723594666,0.455949991941452,0.6506985425949097,-0.048442304134368896,0.46197232604026794,0.6594614386558533,-0.041436195373535156,0.36649206280708313,0.6858228445053101,-0.05400367081165314,0.41979241371154785,0.6829518675804138,-0.05581938102841377,0.4361867606639862,0.682336688041687,-0.046430833637714386,0.4430472254753113,0.6815812587738037,-0.0379607267677784
18,left,0.5409218072891235,0.8145754337310791,2.935088616595749e-07,0.5646383166313171,0.787337064743042,-0.034447088837623596,0.5770294070243835,0.7645297646522522,-0.05784367397427559,0.5882507562637329,0.7644793391227722,-0.07488551735877991,0.6042709350585938,0.7726450562477112,-0.09206265956163406,0.529288649559021,0.7969169616699219,-0.06320030242204666,0.49991294741630554,0.8061416149139404,-0.0838937982916832,0.4754951000213623,0.8084163069725037,-0.09661296755075455,0.4532974362373352,0.8081751465797424,-0.1049194484949112,0.507746160030365,0.8027772903442383,-0.05204411968588829,0.4707348346710205,0.7941118478775024,-0.07010254263877869,0.44607409834861755,0.7780035734176636,-0.07923272252082825,0.4271661639213562,0.7651199698448181,-0.08589860796928406,0.49373435974121094,0.800792932510376,-0.04051396995782852,0.46000921726226807,0.7880781292915344,-0.053775057196617126,0.4404684007167816,0.7688546180725098,-0.060779549181461334,0.4260164797306061,0.7528661489486694,-0.06525436788797379,0.48457834124565125,0.796238124370575,-0.031094759702682495,0.46122825145721436,0.7835752367973328,-0.03842122107744217,0.44603997468948364,0.7700995802879333,-0.04063309729099274,0.4342069625854492,0.7564594745635986,-0.042561665177345276
19,right,0.25869712233543396,0.6767627000808716,3.0738200962332485e-07,0.28399956226348877,0.6199430227279663,-0.005585642531514168,0.3190609812736511,0.5707395672798157,-0.017558464780449867,0.3494906425476074,0.5382018685340881,-0.027095898985862732,0.3671557307243347,0.5102943181991577,-0.03557204455137253,0.31051793694496155,0.5762958526611328,-0.04606911912560463,0.3492542505264282,0.5537844896316528,-0.06768560409545898,0.37748461961746216,0.5432642102241516,-0.07795963436365128,0.40075984597206116,0.5360569953918457,-0.08251398801803589,0.3105308413505554,0.6188021302223206,-0.05079737678170204,0.3812893033027649,0.602131187915802,-0.06841398030519485,0.4205886721611023,0.5983594059944153,-0.07031136006116867,0.448161780834198,0.5977271795272827,-0.07110568135976791,0.3147827386856079,0.6632102131843567,-0.053711846470832825,0.38752803206443787,0.6538047790527344,-0.06791296601295471,0.4125733971595764,0.6467896103858948,-0.06259157508611679,0.4229682385921478,0.6391662359237671,-0.056692950427532196,0.3204524517059326,0.7061034440994263,-0.05632565915584564,0.3792249858379364,0.6973959803581238,-0.062021270394325256,0.39858683943748474,0.6869598031044006,-0.05532481148838997,0.40712833404541016,0.6747692227363586,-0.04931178316473961
19,left,0.5447752475738525,0.7980369925498962,3.8445639916062646e-07,0.5652321577072144,0.7737104296684265,-0.046256911009550095,0.5720460414886475,0.76048743724823,-0.0764557272195816,0.5825209617614746,0.7622601389884949,-0.09824269264936447,0.6000311970710754,0.7689059376716614,-0.11959507316350937,0.5220844149589539,0.7961247563362122,-0.07742910087108612,0.4951493442058563,0.8031231760978699,-0.10250108689069748,0.4717956483364105,0.8061683773994446,-0.11825036257505417,0.4493960738182068,0.8070833683013916,-0.12903955578804016,0.49952250719070435,0.7969127297401428,-0.061826497316360474,0.4676312804222107,0.7938094139099121,-0.08267823606729507,0.44586849212646484,0.7794685959815979,-0.09269465506076813,0.42724230885505676,0.7659834623336792,-0.10047432035207748,0.48523423075675964,0.7909981608390808,-0.04691042751073837,0.45508623123168945,0.7844827175140381,-0.06146753951907158,0.4356604218482971,0.7674986124038696,-0.06908663362264633,0.4200461506843567,0.7521369457244873,-0.07483970373868942,0.4769326150417328,0.7825032472610474,-0.03535418212413788,0.45448440313339233,0.7750591039657593,-0.04390775039792061,0.4389989674091339,0.7648096084594727,-0.048360563814640045,0.425922691822052,0.7532141804695129,-0.05255655199289322
20,right,0.24198278784751892,0.696337103843689,4.069975716447516e-07,0.26189881563186646,0.6388862729072571,-0.008949189446866512,0.2957511842250824,0.5904433727264404,-0.02132045105099678,0.3265301585197449,0.5552690625190735,-0.029679587110877037,0.3396245837211609,0.5184422731399536,-0.03731648251414299,0.2802952229976654,0.6023869514465332,-0.051671892404556274,0.31453341245651245,0.5776879787445068,-0.07513383775949478,0.3453303575515747,0.5660327672958374,-0.08804313093423843,0.37253016233444214,0.559773862361908,-0.09469633549451828,0.28666695952415466,0.6485035419464111,-0.05460131913423538,0.35357198119163513,0.6239872574806213,-0.07242871820926666,0.3971051573753357,0.6126928329467773,-0.0771450325846672,0.42983174324035645,0.6066133379936218,-0.0807558074593544,0.29586532711982727,0.6914266347885132,-0.05571674555540085,0.3644142746925354,0.677822470664978,-0.07004983723163605,0.39405587315559387,0.6636667847633362,-0.06885023415088654,0.4104112684726715,0.6514701843261719,-0.0670098140835762,0.3053808808326721,0.7296220064163208,-0.0564701072871685,0.3598105013370514,0.7201909422874451,-0.06335557997226715,0.37882912158966064,0.7068899869918823,-0.059075526893138885,0.38815969228744507,0.6914659142494202,-0.05557067319750786
20,left,0.532358705997467,0.8137083053588867,3.3141304811579175e-07,0.5553331971168518,0.7893359661102295,-0.039045579731464386,0.5705149173736572,0.7674851417541504,-0.06599212437868118,0.5847026109695435,0.7629916667938232,-0.08604232966899872,0.5998674631118774,0.7674852609634399,-0.10618599504232407,0.5185307860374451,0.7998313903808594,-0.06902599334716797,0.4919896423816681,0.8062522411346436,-0.09204407036304474,0.46908819675445557,0.8086440563201904,-0.1065685898065567,0.4479202926158905,0.8087624311447144,-0.1162475124001503,0.499761700630188,0.8027154803276062,-0.056200843304395676,0.466617226600647,0.7909549474716187,-0.07794895023107529,0.4442300498485565,0.7750487327575684,-0.08984960615634918,0.4262096881866455,0.7618625164031982,-0.09847266227006912,0.48769649863243103,0.7987969517707825,-0.043195776641368866,0.45706847310066223,0.7865159511566162,-0.059157129377126694,0.43807458877563477,0.769073486328125,-0.06766030192375183,0.4229559600353241,0.754263699054718,-0.07324667274951935,0.47960230708122253,0.7934203743934631,-0.03256998956203461,0.4576733112335205,0.7821887731552124,-0.04171444848179817,0.44244667887687683,0.7717921137809753,-0.045292653143405914,0.4295114278793335,0.7610872983932495,-0.04836798459291458
21,right,0.22999724745750427,0.7306577563285828,3.3261053999922296e-07,0.246063232421875,0.6748341917991638,-0.011380406096577644,0.27499493956565857,0.6267775893211365,-0.024185819551348686,0.29942020773887634,0.5942472219467163,-0.03230104222893715,0.3038143217563629,0.5617277026176453,-0.03944660723209381,0.2523973882198334,0.6521391272544861,-0.053288284689188004,0.28538304567337036,0.6414436101913452,-0.07605452090501785,0.31119436025619507,0.6334891319274902,-0.08683395385742188,0.3321087062358856,0.6267626285552979,-0.09132639318704605,0.25671103596687317,0.7034404277801514,-0.05511675402522087,0.32509392499923706,0.6829910278320312,-0.07447993755340576,0.3682447671890259,0.6696741580963135,-0.07884154468774796,0.4002719521522522,0.6594396233558655,-0.08126535266637802,0.2661711871623993,0.7470325827598572,-0.05523591861128807,0.33363887667655945,0.7396132349967957,-0.073065847158432,0.3659012019634247,0.7221969366073608,-0.0748930349946022,0.3858129680156708,0.7020948529243469,-0.07365678250789642,0.27751120924949646,0.7847970724105835,-0.0546499565243721,0.33053749799728394,0.779823899269104,-0.06339238584041595,0.350020170211792,0.7677990794181824,-0.06013387814164162,0.36034315824508667,0.7490283250808716,-0.05707717686891556
21,left,0.5402297973632812,0.799295961856842,3.7065171909489436e-07,0.5618765354156494,0.7748886346817017,-0.04400830343365669,0.5700369477272034,0.7612555027008057,-0.0727827250957489,0.5819077491760254,0.7632143497467041,-0.09382165968418121,0.601279616355896,0.7668048143386841,-0.11444492638111115,0.521661639213562,0.7994776964187622,-0.07422608882188797,0.494772732257843,0.8049517869949341,-0.09882926940917969,0.4723079800605774,0.8074308037757874,-0.1139262467622757,0.45032352209091187,0.8075571656227112,-0.12432073801755905,0.4977378249168396,0.7990108132362366,-0.059839632362127304,0.4678526520729065,0.7950533628463745,-0.08002190291881561,0.4467895030975342,0.7810456156730652,-0.09007497131824493,0.4273604154586792,0.768268883228302,-0.09798754751682281,0.4829706847667694,0.7925087809562683,-0.04611479490995407,0.45581015944480896,0.7860360145568848,-0.06054370477795601,0.4378287196159363,0.7690739631652832,-0.06872712820768356,0.42202168703079224,0.7538947463035583,-0.07488379627466202,0.4742988646030426,0.7839899659156799,-0.03552655130624771,0.4536212384700775,0.7767457962036133,-0.04391014948487282,0.4388303756713867,0.7660627961158752,-0.048520777374506,0.42543163895606995,0.7538888454437256,-0.05285803973674774
22,right,0.2177692949771881,0.7557450532913208,4.199281420369516e-07,0.23849943280220032,0.6955453753471375,-0.014082960784435272,0.2680648863315582,0.6492934226989746,-0.027826886624097824,0.29173433780670166,0.6183815002441406,-0.03707768768072128,0.29801756143569946,0.5866029858589172,-0.04551288112998009,0.24367310106754303,0.6751396656036377,-0.051138803362846375,0.2742753326892853,0.6680665016174316,-0.07488974183797836,0.29818856716156006,0.6626992225646973,-0.08817235380411148,0.3175727427005768,0.6562412977218628,-0.09453844279050827,0.24874097108840942,0.7260934114456177,-0.05188939720392227,0.31425556540489197,0.7146759033203125,-0.07039809226989746,0.35973086953163147,0.6993930339813232,-0.07685217261314392,0.3947848975658417,0.6857974529266357,-0.08169802278280258,0.2575235664844513,0.7696090936660767,-0.051685307174921036,0.321786493062973,0.7674857378005981,-0.0689598023891449,0.3564324975013733,0.7486880421638489,-0.07328040897846222,0.3781372606754303,0.7277733683586121,-0.07454392313957214,0.2673787474632263,0.8061780333518982,-0.05122705176472664,0.3186841309070587,0.8076474070549011,-0.061592087149620056,0.34233805537223816,0.7951140403747559,-0.06163179129362106,0.3569195866584778,0.7755705714225769,-0.061231665313243866
22,left,0.5447270274162292,0.7956292033195496,4.2909425701509463e-07,0.5610737204551697,0.7651112079620361,-0.045370280742645264,0.5682717561721802,0.7553542852401733,-0.07515662163496017,0.579343855381012,0.762810230255127,-0.0974486693739891,0.5961962938308716,0.7761074900627136,-0.11941708624362946,0.5225204825401306,0.8036346435546875,-0.07511822134256363,0.4961619973182678,0.8091606497764587,-0.1014275997877121,0.47445422410964966,0.8108453750610352,-0.11731155961751938,0.45441699028015137,0.8097608089447021,-0.12789538502693176,0.5006486773490906,0.8060587644577026,-0.06244973465800285,0.4688965082168579,0.7969219088554382,-0.08408132195472717,0.4457513689994812,0.7826554179191589,-0.0945068821310997,0.4264768362045288,0.7688193917274475,-0.10267192870378494,0.48636898398399353,0.8003684878349304,-0.0512833297252655,0.45866432785987854,0.7851996421813965,-0.0683298110961914,0.4391884207725525,0.7684495449066162,-0.07722874730825424,0.4230589270591736,0.752728283405304,-0.08386138081550598,0.47827431559562683,0.7901098132133484,-0.04356188699603081,0.4577381908893585,0.7781050205230713,-0.05396892875432968,0.4430195391178131,0.7665178775787354,-0.05916484445333481,0.43033352494239807,0.7538962960243225,-0.06410739570856094
23,right,0.21556356549263,0.7639529705047607,5.03504452353809e-07,0.23703636229038239,0.7055462002754211,-0.017120013013482094,0.26835763454437256,0.6616617441177368,-0.034682631492614746,0.29161596298217773,0.6304072141647339,-0.04636789858341217,0.2964523732662201,0.5972229242324829,-0.05761127918958664,0.24078738689422607,0.6864461898803711,-0.06684055179357529,0.2698155641555786,0.6828356981277466,-0.09572327136993408,0.2943341135978699,0.6762890815734863,-0.11185991019010544,0.3144384026527405,0.6692830920219421,-0.11991860717535019,0.24510830640792847,0.7378987669944763,-0.06704183667898178,0.31444236636161804,0.7271315455436707,-0.09200825542211533,0.36319729685783386,0.7114044427871704,-0.10136798769235611,0.39939218759536743,0.6982727646827698,-0.10801829397678375,0.25489532947540283,0.7806442975997925,-0.06540261209011078,0.3232511281967163,0.7822954058647156,-0.08660133928060532,0.35911691188812256,0.7629515528678894,-0.09202943742275238,0.380605548620224,0.7423118948936462,-0.09391564875841141,0.2657109200954437,0.8152241706848145,-0.06338637322187424,0.31983253359794617,0.8199442028999329,-0.07487159222364426,0.3433956503868103,0.8074740171432495,-0.07486723363399506,0.35729897022247314,0.7897204160690308,-0.07473916560411453
23,left,0.5420781373977661,0.8110257983207703,2.395422029621841e-07,0.5665923953056335,0.7847799062728882,-0.033102937042713165,0.5807287096977234,0.7607018947601318,-0.05523492395877838,0.5906873941421509,0.7578721642494202,-0.0716695711016655,0.6034591794013977,0.7661598324775696,-0.08823198080062866,0.5337777733802795,0.7934201955795288,-0.05929727852344513,0.504456639289856,0.8076627850532532,-0.07969919592142105,0.4789275527000427,0.8118937611579895,-0.09204339236021042,0.4567278325557709,0.8125234842300415,-0.10031275451183319,0.5112541317939758,0.7997530698776245,-0.049538131803274155,0.4763111174106598,0.7947391271591187,-0.06777524948120117,0.4514780044555664,0.782731831073761,-0.07695566862821579,0.4324568808078766,0.7720224857330322,-0.08377500623464584,0.4957031309604645,0.7992754578590393,-0.0397111177444458,0.46296393871307373,0.7901415228843689,-0.052991073578596115,0.44221264123916626,0.7741466164588928,-0.059514597058296204,0.4265506863594055,0.7596144080162048,-0.06390310078859329,0.485225647687912,0.7967763543128967,-0.03209714591503143,0.4619749188423157,0.7856956124305725,-0.03960896283388138,0.4453383684158325,0.7744664549827576,-0.04185819625854492,0.4315352439880371,0.7618649005889893,-0.04393245279788971
24,right,0.2183726280927658,0.7649847269058228,4.901996817352483e-07,0.24131658673286438,0.7056527733802795,-0.016405152156949043,0.2735166549682617,0.6624179482460022,-0.032644085586071014,0.29737985134124756,0.6313116550445557,-0.0432366281747818,0.30102425813674927,0.5976492166519165,-0.05330938473343849,0.24564436078071594,0.6887021660804749,-0.06021435558795929,0.27484267950057983,0.6881818771362305,-0.08627434074878693,0.2994216978549957,0.6823186874389648,-0.10054761916399002,0.3213734030723572,0.6751940250396729,-0.10790131241083145,0.25094255805015564,0.7415640354156494,-0.06040213629603386,0.31908053159713745,0.7302062511444092,-0.0829191580414772,0.3656603693962097,0.7145517468452454,-0.0908651351928711,0.40253782272338867,0.7010366320610046,-0.0967133641242981,0.2602274417877197,0.7845813035964966,-0.059053290635347366,0.3266940414905548,0.7862891554832458,-0.07935340702533722,0.3622299134731293,0.7668931484222412,-0.08440950512886047,0.3851144015789032,0.7455253005027771,-0.08592670410871506,0.2700777053833008,0.8190164566040039,-0.05728308483958244,0.32246333360671997,0.8231542110443115,-0.06801881641149521,0.34494489431381226,0.811467170715332,-0.06756658107042313,0.35839706659317017,0.7934147715568542,-0.06721758097410202
24,left,0.5451270937919617,0.8049158453941345,3.4554520311758097e-07,0.5663722157478333,0.7783098816871643,-0.04225148260593414,0.574783980846405,0.7642971277236938,-0.07067855447530746,0.5873902440071106,0.7650827169418335,-0.09147677570581436,0.6067636013031006,0.7669704556465149,-0.11209122836589813,0.5278099179267883,0.8003641366958618,-0.07383778691291809,0.5004066228866577,0.8106874227523804,-0.0973847433924675,0.4759780764579773,0.8140871524810791,-0.11215175688266754,0.45326584577560425,0.8137953281402588,-0.12269798666238785,0.5048177242279053,0.8021258115768433,-0.05991903692483902,0.47262442111968994,0.8048031330108643,-0.0793447270989418,0.451011061668396,0.7922355532646179,-0.089143767952919,0.4321863055229187,0.7799866199493408,-0.09713122248649597,0.49036121368408203,0.7964769601821899,-0.046290382742881775,0.4607495367527008,0.7928974032402039,-0.05994404852390289,0.4418354034423828,0.7751227021217346,-0.06807603687047958,0.4261731505393982,0.7592124342918396,-0.07450081408023834,0.4821397662162781,0.7878362536430359,-0.03556312993168831,0.4616827964782715,0.7834132313728333,-0.04406510293483734,0.4463220238685608,0.7731315493583679,-0.04898928478360176,0.4324319660663605,0.7609817385673523,-0.05368190258741379
25,right,0.22128905355930328,0.7644801735877991,4.4608719917960116e-07,0.24190393090248108,0.7090331315994263,-0.019251666963100433,0.270936518907547,0.6684704422950745,-0.037765983492136,0.2944734990596771,0.6392369866371155,-0.050313275307416916,0.3023039400577545,0.6039412021636963,-0.0624358132481575,0.2461235374212265,0.6931775808334351,-0.06502855569124222,0.27267929911613464,0.692634105682373,-0.09341784566640854,0.29711684584617615,0.686488687992096,-0.10998950153589249,0.3187766373157501,0.6780518889427185,-0.11893469095230103,0.25158604979515076,0.7453036904335022,-0.06456317752599716,0.31710880994796753,0.7334555387496948,-0.08791333436965942,0.36419999599456787,0.7173683047294617,-0.0966307669878006,0.40052613615989685,0.7035611271858215,-0.10365380346775055,0.2609114646911621,0.7869934439659119,-0.06290832906961441,0.3260226547718048,0.7901374101638794,-0.0837632343173027,0.3630988597869873,0.7707870006561279,-0.08962944895029068,0.38673293590545654,0.7496246099472046,-0.09230275452136993,0.2701282501220703,0.8191964626312256,-0.061149679124355316,0.3213348090648651,0.8263922929763794,-0.07380054146051407,0.34501269459724426,0.8141049742698669,-0.07513248175382614,0.3596716523170471,0.7950267195701599,-0.07625085115432739
25,left,0.5481880307197571,0.7980387210845947,4.2235762975906255e-07,0.5675636529922485,0.7723492980003357,-0.05047198757529259,0.5749967694282532,0.7641569972038269,-0.0839608833193779,0.585354745388031,0.7674936652183533,-0.10861506313085556,0.6034896969795227,0.773024320602417,-0.13327866792678833,0.5299903154373169,0.8046867251396179,-0.08507829159498215,0.5025395750999451,0.8111959099769592,-0.11433277279138565,0.4790984094142914,0.8142282962799072,-0.1330844610929489,0.4570448100566864,0.8136100769042969,-0.14602629840373993,0.5061875581741333,0.8053494095802307,-0.06960724294185638,0.475005567073822,0.8043962121009827,-0.0928492322564125,0.4524993598461151,0.7931820750236511,-0.1041945368051529,0.4328106939792633,0.7811787724494934,-0.1135835126042366,0.4908057153224945,0.7990952730178833,-0.05550713837146759,0.4609699845314026,0.7903980016708374,-0.07285144180059433,0.4416846036911011,0.7741739153862,-0.08178934454917908,0.42715588212013245,0.7591060996055603,-0.08890177309513092,0.4818837344646454,0.7890959978103638,-0.04515128210186958,0.459325909614563,0.7803301811218262,-0.056559737771749496,0.4433863162994385,0.7703871726989746,-0.06291389465332031,0.43044525384902954,0.7593264579772949,-0.06884594261646271
26,right,0.22563180327415466,0.7605540752410889,4.640426141122589e-07,0.24451321363449097,0.7078722715377808,-0.02007540501654148,0.270142525434494,0.6694897413253784,-0.04061131924390793,0.29191285371780396,0.6409785747528076,-0.05493149906396866,0.30107250809669495,0.607322096824646,-0.0685625970363617,0.244598850607872,0.6946442723274231,-0.07060703635215759,0.2705111503601074,0.6949707269668579,-0.10148701816797256,0.2940492033958435,0.6888173222541809,-0.1184472069144249,0.31352850794792175,0.6815745234489441,-0.12709291279315948,0.2496439665555954,0.7459402680397034,-0.07044992595911026,0.31762152910232544,0.7346506714820862,-0.09722653031349182,0.3656516969203949,0.7177620530128479,-0.10634010285139084,0.4011584520339966,0.7032427191734314,-0.11287952214479446,0.25919896364212036,0.7871261239051819,-0.06897653639316559,0.3251155912876129,0.7901244759559631,-0.09236258268356323,0.3636610209941864,0.7704699039459229,-0.09828687459230423,0.3876291811466217,0.7476344108581543,-0.10042089223861694,0.26841020584106445,0.819344699382782,-0.06729544699192047,0.3196013867855072,0.8296533226966858,-0.08096414804458618,0.34381160140037537,0.8186425566673279,-0.08197290450334549,0.3580840229988098,0.7991299033164978,-0.08260546624660492
26,left,0.5468417406082153,0.8129643797874451,2.589084999726765e-07,0.568662166595459,0.7854139804840088,-0.03423531353473663,0.5809714794158936,0.7615298628807068,-0.057412147521972656,0.5914966464042664,0.7594000101089478,-0.07444123178720474,0.6070355176925659,0.7669996619224548,-0.09163321554660797,0.5336400866508484,0.7946892380714417,-0.06211048364639282,0.505778431892395,0.8107607960700989,-0.08304072916507721,0.48031920194625854,0.8164085149765015,-0.09602653235197067,0.45778095722198486,0.818307638168335,-0.10461504757404327,0.5113481283187866,0.8027618527412415,-0.05104564502835274,0.47726625204086304,0.7984232306480408,-0.06937418133020401,0.45179373025894165,0.7853195071220398,-0.07846078276634216,0.43240368366241455,0.774551510810852,-0.08521007746458054,0.4965658187866211,0.802941083908081,-0.03974179923534393,0.46459463238716125,0.7940933704376221,-0.053161390125751495,0.4444969892501831,0.7767187356948853,-0.06008375808596611,0.42975521087646484,0.7615410685539246,-0.06459414213895798,0.486956924200058,0.8005315065383911,-0.030630599707365036,0.4644854664802551,0.7898617386817932,-0.03799278661608696,0.4485313892364502,0.7778681516647339,-0.040317341685295105,0.4358600080013275,0.7647807002067566,-0.042437683790922165
27,right,0.2215956151485443,0.7625051140785217,4.5412033955472e-07,0.24260520935058594,0.7079654932022095,-0.019701199606060982,0.2705075740814209,0.6695245504379272,-0.039696644991636276,0.2933523952960968,0.6411901116371155,-0.053683724254369736,0.30112263560295105,0.6076195240020752,-0.06707742065191269,0.2439337819814682,0.6943654417991638,-0.06862267106771469,0.26992267370224,0.6939038634300232,-0.09896340221166611,0.2933744788169861,0.68801349401474,-0.11559689790010452,0.31256991624832153,0.6809265613555908,-0.12400321662425995,0.24864456057548523,0.7461302876472473,-0.06865593791007996,0.31633344292640686,0.7339563369750977,-0.09503357112407684,0.36436939239501953,0.7181347608566284,-0.10440624505281448,0.4004422426223755,0.7044559717178345,-0.11117812991142273,0.2577708661556244,0.7881590127944946,-0.06741892546415329,0.32396623492240906,0.7899084687232971,-0.0910177007317543,0.3621574938297272,0.771689236164093,-0.09746717661619186,0.3859684467315674,0.7501236796379089,-0.0997953712940216,0.2670525014400482,0.8207220435142517,-0.06591831892728806,0.3194746971130371,0.8293278217315674,-0.0797891840338707,0.3437865972518921,0.8182899951934814,-0.08118698745965958,0.3580434322357178,0.7989971041679382,-0.08207333087921143
27,left,0.5459008812904358,0.7993263006210327,3.5340377735337825e-07,0.5666453838348389,0.7784315347671509,-0.044176749885082245,0.5757831931114197,0.7693883180618286,-0.07427030056715012,0.5892602801322937,0.7678771018981934,-0.09647290408611298,0.6073771119117737,0.7679923176765442,-0.11837249249219894,0.5287944078445435,0.8028697371482849,-0.07572600990533829,0.5023112893104553,0.809685468673706,-0.10094816982746124,0.4789259135723114,0.8118699789047241,-0.11707364022731781,0.4561673402786255,0.8114103674888611,-0.12856002151966095,0.5046218633651733,0.8003912568092346,-0.06179158017039299,0.47467342019081116,0.8031940460205078,-0.08184098452329636,0.45385029911994934,0.7926594614982605,-0.09184020757675171,0.4345187246799469,0.781901478767395,-0.10033781826496124,0.4891575276851654,0.7936118841171265,-0.04858393967151642,0.4601045846939087,0.7906244993209839,-0.06316643953323364,0.4407781958580017,0.7751356959342957,-0.07121691107749939,0.42425018548965454,0.7615807056427002,-0.07775162160396576,0.4802325367927551,0.7853654026985168,-0.03846019506454468,0.4583856165409088,0.7808428406715393,-0.048094961792230606,0.4426632523536682,0.7715256214141846,-0.053333498537540436,0.4286271631717682,0.7609528303146362,-0.058285173028707504
28,right,0.22011813521385193,0.7632908821105957,4.515759428613819e-07,0.24054811894893646,0.7095556855201721,-0.02071426436305046,0.26921600103378296,0.6713318824768066,-0.041621021926403046,0.29253512620925903,0.6434028148651123,-0.0562220960855484,0.30099308490753174,0.6097647547721863,-0.07022187858819962,0.24334661662578583,0.6945236921310425,-0.07183942198753357,0.2703351378440857,0.695564329624176,-0.10368496924638748,0.2931897044181824,0.6899219751358032,-0.12136886268854141,0.3110274076461792,0.682809591293335,-0.13018912076950073,0.24759139120578766,0.7462202310562134,-0.0714251697063446,0.3163396120071411,0.7359969615936279,-0.09883380681276321,0.3637816607952118,0.7207587361335754,-0.10853535681962967,0.398275762796402,0.7076687812805176,-0.1154409721493721,0.2566218972206116,0.788601815700531,-0.06970873475074768,0.3247099220752716,0.7924375534057617,-0.09354262799024582,0.3625643849372864,0.7743052840232849,-0.09960360080003738,0.3851936161518097,0.7527568936347961,-0.10166142135858536,0.2656615674495697,0.8216038942337036,-0.06780491769313812,0.31971001625061035,0.831302285194397,-0.08157911896705627,0.3432685136795044,0.8201376795768738,-0.08244213461875916,0.3557637929916382,0.8007363080978394,-0.0828678235411644
28,left,0.5530389547348022,0.7968719005584717,3.659286846868781e-07,0.5682726502418518,0.7661237716674805,-0.043878041207790375,0.5742579698562622,0.756495475769043,-0.07292868942022324,0.5829184055328369,0.762645959854126,-0.0946340411901474,0.5987799763679504,0.7770910263061523,-0.11587853729724884,0.5330542325973511,0.8041309714317322,-0.07435935735702515,0.5049830079078674,0.8117155432701111,-0.10045361518859863,0.48142537474632263,0.8143806457519531,-0.11648868769407272,0.46004724502563477,0.8128109574317932,-0.12730780243873596,0.5100929737091064,0.8072637915611267,-0.06149061396718025,0.4786287546157837,0.8058971166610718,-0.08207473903894424,0.45650702714920044,0.798090398311615,-0.0914984792470932,0.4380488097667694,0.7891757488250732,-0.09919792413711548,0.4947056174278259,0.802226722240448,-0.04991859197616577,0.4646793603897095,0.7899611592292786,-0.06647679209709167,0.44425398111343384,0.7743066549301147,-0.07498744875192642,0.428297758102417,0.7599781155586243,-0.08146658539772034,0.48521003127098083,0.7927137613296509,-0.04150686413049698,0.4626109302043915,0.7805697917938232,-0.05213140696287155,0.44656312465667725,0.7694758176803589,-0.057620588690042496,0.4326799809932709,0.7576220631599426,-0.06280294805765152
29,right,0.22263799607753754,0.7688854932785034,4.4213925320946146e-07,0.2436107099056244,0.7134950160980225,-0.019673623144626617,0.27096617221832275,0.6751795411109924,-0.040566444396972656,0.2924066483974457,0.6481252908706665,-0.05507554113864899,0.2998257279396057,0.6145691871643066,-0.06909287720918655,0.24081844091415405,0.7004715204238892,-0.0727580264210701,0.2642594575881958,0.6993342041969299,-0.10439193993806839,0.2875363826751709,0.6936070322990417,-0.12208910286426544,0.3070715069770813,0.6875644326210022,-0.13117416203022003,0.24508145451545715,0.7535403966903687,-0.07264205068349838,0.3136734664440155,0.7405639886856079,-0.09975564479827881,0.3608558773994446,0.7232978343963623,-0.10854817926883698,0.3954608738422394,0.7094801068305969,-0.11491921544075012,0.254745751619339,0.7962503433227539,-0.07096043974161148,0.32350048422813416,0.7965574264526367,-0.09434337913990021,0.36155474185943604,0.775510311126709,-0.09934589266777039,0.3844301402568817,0.7533157467842102,-0.10071351379156113,0.26450949907302856,0.8293768167495728,-0.06896384805440903,0.31876206398010254,0.8355826735496521,-0.08214784413576126,0.34312981367111206,0.8220041990280151,-0.0821828693151474,0.3570970594882965,0.8018516302108765,-0.08206292986869812
29,left,0.5420167446136475,0.8161547780036926,3.029790605069138e-07,0.5658583641052246,0.7868385910987854,-0.03503139317035675,0.5796242356300354,0.761205792427063,-0.058774854987859726,0.5913820862770081,0.7590197920799255,-0.07625819742679596,0.6073606610298157,0.7649903297424316,-0.0939619317650795,0.5332834124565125,0.7995275259017944,-0.06424124538898468,0.5048791170120239,0.8104776740074158,-0.0856567919254303,0.48046356439590454,0.8128001093864441,-0.09848296642303467,0.45924627780914307,0.8122605085372925,-0.10676570981740952,0.5116360187530518,0.8085940480232239,-0.05316891148686409,0.4763685166835785,0.7991600036621094,-0.07238101214170456,0.45139169692993164,0.7838398814201355,-0.08182986080646515,0.43248993158340454,0.7712386846542358,-0.08856843411922455,0.49710795283317566,0.80750572681427,-0.04186909645795822,0.46436429023742676,0.7940992116928101,-0.05601668730378151,0.4443679451942444,0.775530993938446,-0.06309626996517181,0.4297684133052826,0.75978022813797,-0.0676325336098671,0.48747316002845764,0.8029156923294067,-0.03277328982949257,0.46521705389022827,0.7902007102966309,-0.04080057889223099,0.44976556301116943,0.7769864201545715,-0.043364837765693665,0.43742936849594116,0.7635787129402161,-0.04559090733528137
30,right,0.2285974621772766,0.7696187496185303,4.59772536487435e-07,0.24882331490516663,0.7137016654014587,-0.02078658901154995,0.27139732241630554,0.6763166189193726,-0.04286972060799599,0.288798987865448,0.6498875021934509,-0.05844982713460922,0.2978726029396057,0.6172458529472351,-0.07351348549127579,0.23949038982391357,0.7053308486938477,-0.07607456296682358,0.26132911443710327,0.7031949162483215,-0.10904980450868607,0.2838171720504761,0.697873055934906,-0.12785524129867554,0.3026268184185028,0.6923676133155823,-0.1373559981584549,0.24279706180095673,0.7590799331665039,-0.07551572471857071,0.3120192289352417,0.7460916638374329,-0.10301520675420761,0.3593081831932068,0.72816002368927,-0.11190954595804214,0.3941357135772705,0.7141832709312439,-0.11843212693929672,0.25358086824417114,0.8020256757736206,-0.07337889820337296,0.32469356060028076,0.8002946972846985,-0.0967232957482338,0.3607841730117798,0.7761724591255188,-0.10065603256225586,0.380926251411438,0.7535682916641235,-0.1011764258146286,0.26601871848106384,0.8348436951637268,-0.07108889520168304,0.3219131827354431,0.8380823731422424,-0.08331846445798874,0.3449475169181824,0.8208039402961731,-0.08189846575260162,0.3560405969619751,0.7997474670410156,-0.0806407779455185
30,left,0.5484607219696045,0.8019624948501587,3.462520226094057e-07,0.5687345266342163,0.7794188857078552,-0.042548179626464844,0.5775346755981445,0.7691209316253662,-0.07136150449514389,0.5895464420318604,0.7676253914833069,-0.0926038920879364,0.607634425163269,0.7672869563102722,-0.11355862021446228,0.5308393836021423,0.8027814626693726,-0.0731203556060791,0.5034742951393127,0.8108536005020142,-0.09714587777853012,0.4793495833873749,0.8138023018836975,-0.11243578791618347,0.4564208388328552,0.813742458820343,-0.12339707463979721,0.5067681670188904,0.801353394985199,-0.059531666338443756,0.4762941002845764,0.8042975664138794,-0.07851576060056686,0.45487546920776367,0.7940754890441895,-0.0880044549703598,0.435346394777298,0.7832657098770142,-0.09608957171440125,0.4917077124118805,0.7951739430427551,-0.046542055904865265,0.462726891040802,0.792717695236206,-0.06028728932142258,0.4431913197040558,0.7775252461433411,-0.06816130876541138,0.42693716287612915,0.7637234330177307,-0.0745757445693016,0.4831191897392273,0.7870887517929077,-0.0365278497338295,0.46177539229393005,0.782804548740387,-0.045383065938949585,0.4461243450641632,0.7736837267875671,-0.0503678061068058,0.43237438797950745,0.762825608253479,-0.055137693881988525
31,right,0.22910402715206146,0.7715354561805725,4.5773791157444066e-07,0.24857354164123535,0.7155250310897827,-0.018392125144600868,0.27159062027931213,0.6774816513061523,-0.038523491472005844,0.29031798243522644,0.6495774984359741,-0.05285750702023506,0.2981258034706116,0.61617511510849,-0.06667634099721909,0.2394946813583374,0.7079641819000244,-0.07012752443552017,0.2600279748439789,0.7037873268127441,-0.10090668499469757,0.2825111150741577,0.6992142796516418,-0.11850234866142273,0.30226901173591614,0.6934372186660767,-0.1276802122592926,0.2427903264760971,0.7601737976074219,-0.07063306123018265,0.31005725264549255,0.7465429902076721,-0.09673688560724258,0.35781893134117126,0.7313539981842041,-0.10585883259773254,0.3948058485984802,0.7186390161514282,-0.11267025768756866,0.2531106173992157,0.8027355074882507,-0.0694802924990654,0.32071080803871155,0.8008711338043213,-0.09255878627300262,0.3564136028289795,0.7800268530845642,-0.09689006954431534,0.3787583112716675,0.7590565085411072,-0.09774962812662125,0.26532256603240967,0.8359981775283813,-0.06798602640628815,0.31835833191871643,0.8387635350227356,-0.0803854763507843,0.3407837152481079,0.824284017086029,-0.07908555120229721,0.35351428389549255,0.8049188852310181,-0.07801234722137451
31,left,0.5489376783370972,0.7983765006065369,4.0462137462782266e-07,0.5673743486404419,0.7723966836929321,-0.04807393252849579,0.5763261318206787,0.7630541920661926,-0.0805487185716629,0.5855540037155151,0.7655860781669617,-0.10503756999969482,0.6015304327011108,0.7753927707672119,-0.1293560117483139,0.532011866569519,0.8051257133483887,-0.08143652975559235,0.5051153302192688,0.8135822415351868,-0.11044762283563614,0.48151591420173645,0.8163660764694214,-0.12874767184257507,0.4601161479949951,0.814236581325531,-0.14115791022777557,0.5079035758972168,0.80771404504776,-0.06725036352872849,0.4775867164134979,0.8103680610656738,-0.09066081792116165,0.45520293712615967,0.8007866740226746,-0.101697638630867,0.43631258606910706,0.7891259789466858,-0.11072733998298645,0.4919154644012451,0.8028045296669006,-0.05451567843556404,0.4628429412841797,0.7954596877098083,-0.07272428274154663,0.4440298080444336,0.7787268161773682,-0.08173440396785736,0.4302552342414856,0.7620173096656799,-0.0886569395661354,0.48191559314727783,0.7937197089195251,-0.045292388647794724,0.46041804552078247,0.7851647138595581,-0.05715080723166466,0.44535237550735474,0.7742260098457336,-0.06360050290822983,0.4327264130115509,0.7613595724105835,-0.06956028938293457
32,right,0.22992604970932007,0.7720029354095459,4.977375169801235e-07,0.24930565059185028,0.7162023186683655,-0.019125469028949738,0.27198609709739685,0.6773735880851746,-0.04036181420087814,0.2907538414001465,0.6500364542007446,-0.05574844032526016,0.29981788992881775,0.6177282929420471,-0.07070363312959671,0.23925718665122986,0.7073278427124023,-0.07484280318021774,0.2595441937446594,0.7018702626228333,-0.10750968754291534,0.28193399310112,0.6984973549842834,-0.1262812465429306,0.29975247383117676,0.6933621764183044,-0.1360449343919754,0.24087531864643097,0.7576538920402527,-0.07554083317518234,0.3096192181110382,0.7460381984710693,-0.10372563451528549,0.3582956790924072,0.7319885492324829,-0.11409428715705872,0.3934580981731415,0.7200751304626465,-0.12165868282318115,0.25052425265312195,0.8007286190986633,-0.07447333633899689,0.3190893232822418,0.7996471524238586,-0.0982915461063385,0.3572392165660858,0.7805141806602478,-0.10347149521112442,0.37893378734588623,0.759909451007843,-0.10509426146745682,0.26337873935699463,0.8342723846435547,-0.07316191494464874,0.31686878204345703,0.8384618163108826,-0.08674631267786026,0.3414590358734131,0.8245131373405457,-0.08668369799852371,0.35404399037361145,0.8045527935028076,-0.08647546917200089
32,left,0.5444627404212952,0.8180834650993347,2.2817850720002752e-07,0.5684812068939209,0.7872322797775269,-0.030528826639056206,0.5825054049491882,0.7616196274757385,-0.05205965042114258,0.593104362487793,0.7601845860481262,-0.06814665347337723,0.6066808700561523,0.7699875831604004,-0.08486972004175186,0.5412319898605347,0.7962363958358765,-0.05986688658595085,0.5134002566337585,0.8100871443748474,-0.08040334284305573,0.4876427948474884,0.8148069381713867,-0.09320519119501114,0.46464088559150696,0.8165366053581238,-0.10176551342010498,0.5172092318534851,0.8069683909416199,-0.050926677882671356,0.4822155237197876,0.8015921115875244,-0.0699780136346817,0.45640337467193604,0.7885707020759583,-0.08010248094797134,0.436345636844635,0.7770282030105591,-0.08769719302654266,0.5000779032707214,0.8081512451171875,-0.041316717863082886,0.46681109070777893,0.7970582842826843,-0.05521414428949356,0.44654107093811035,0.7799088358879089,-0.06263572722673416,0.43153542280197144,0.7644153237342834,-0.06776764243841171,0.4880722761154175,0.8053613305091858,-0.033516936004161835,0.4659545123577118,0.7930079698562622,-0.04119342938065529,0.4504801034927368,0.7800436615943909,-0.04360686615109444,0.4374924898147583,0.7660645246505737,-0.046025749295949936
33,right,0.22356051206588745,0.7777149677276611,5.219067702455504e-07,0.24526283144950867,0.7185100317001343,-0.017458271235227585,0.2731061577796936,0.6741946339607239,-0.03733280301094055,0.29371005296707153,0.6453165411949158,-0.05095928907394409,0.30001330375671387,0.6108529567718506,-0.06395397335290909,0.23819711804389954,0.7063942551612854,-0.07540849596261978,0.26473701000213623,0.7019953727722168,-0.10778535902500153,0.2852659523487091,0.6991780400276184,-0.12690238654613495,0.2984335124492645,0.6920857429504395,-0.13653630018234253,0.23705099523067474,0.7584668397903442,-0.0756668746471405,0.31044822931289673,0.7478634119033813,-0.10288497060537338,0.3572198152542114,0.7324308753013611,-0.11252917349338531,0.38980531692504883,0.7189040184020996,-0.11927711963653564,0.24559611082077026,0.802788257598877,-0.07365237921476364,0.3186873495578766,0.8009083867073059,-0.0952230766415596,0.35592415928840637,0.777137041091919,-0.09868846088647842,0.3757409155368805,0.7550098896026611,-0.09939152747392654,0.2588775157928467,0.837273359298706,-0.07129134982824326,0.3154186010360718,0.8391982913017273,-0.08272705227136612,0.34031903743743896,0.8224619626998901,-0.0810001865029335,0.35234370827674866,0.8038092255592346,-0.079496830701828
33,left,0.5475288033485413,0.8134270906448364,3.563345103430038e-07,0.5692030191421509,0.7819223403930664,-0.0429265983402729,0.5762391090393066,0.7644249796867371,-0.07180111110210419,0.5877044200897217,0.7656933665275574,-0.092703677713871,0.6062211394309998,0.7694101929664612,-0.11357227712869644,0.5329172611236572,0.8060665130615234,-0.07855534553527832,0.5046260952949524,0.8148211240768433,-0.10347513109445572,0.47981032729148865,0.8176577687263489,-0.11834128201007843,0.45703375339508057,0.8179654479026794,-0.12874870002269745,0.510505199432373,0.8108870387077332,-0.06478522717952728,0.4765287935733795,0.8114165663719177,-0.0869239941239357,0.45361799001693726,0.798389732837677,-0.09794336557388306,0.43384218215942383,0.7862948179244995,-0.10644511878490448,0.495463103055954,0.8069612979888916,-0.051074832677841187,0.46318939328193665,0.8000478148460388,-0.06753137707710266,0.4440903067588806,0.7808159589767456,-0.07731308043003082,0.4284321367740631,0.7639711499214172,-0.08447031676769257,0.486039936542511,0.798725962638855,-0.0399760827422142,0.464567095041275,0.7909663319587708,-0.05099989101290703,0.4493046700954437,0.779056966304779,-0.057488128542900085,0.4351182281970978,0.7654718160629272,-0.06311611086130142
34,right,0.22264209389686584,0.7844404578208923,5.143945145391626e-07,0.2423323094844818,0.72463059425354,-0.01787635125219822,0.26899880170822144,0.6790359020233154,-0.037505295127630234,0.29052358865737915,0.6497288942337036,-0.05082038789987564,0.30032047629356384,0.6159778237342834,-0.06366383284330368,0.23626253008842468,0.7122017741203308,-0.07525982707738876,0.25810253620147705,0.7067452073097229,-0.10722437500953674,0.2789073884487152,0.7035852670669556,-0.12679781019687653,0.29490700364112854,0.697598397731781,-0.1374748945236206,0.23705437779426575,0.7626436352729797,-0.07535674422979355,0.3083474934101105,0.7505331039428711,-0.10223618894815445,0.3556307852268219,0.7351829409599304,-0.1128503754734993,0.3900846242904663,0.7225587368011475,-0.12084503471851349,0.2464168220758438,0.805347204208374,-0.07316678017377853,0.31907087564468384,0.8027797341346741,-0.09550253301858902,0.35568293929100037,0.7791053652763367,-0.10044138878583908,0.37550991773605347,0.7579696774482727,-0.10242991894483566,0.2595716118812561,0.839034914970398,-0.07054157555103302,0.31550800800323486,0.8426176309585571,-0.08360865712165833,0.3394779562950134,0.8261541128158569,-0.08346423506736755,0.3509085178375244,0.8080582022666931,-0.08314194530248642
34,left,0.5489370822906494,0.8028547167778015,4.2019851775876305e-07,0.5675297379493713,0.7760227918624878,-0.046257197856903076,0.5753527879714966,0.7669949531555176,-0.07751021534204483,0.5858349800109863,0.7688313126564026,-0.10062959045171738,0.6021089553833008,0.7747065424919128,-0.12382134795188904,0.5341881513595581,0.807773768901825,-0.08126209676265717,0.506066620349884,0.8179340958595276,-0.10939748585224152,0.48024868965148926,0.8196737766265869,-0.1272556185722351,0.4563787877559662,0.8175135850906372,-0.13974539935588837,0.5102738738059998,0.8095407485961914,-0.06782197207212448,0.47666460275650024,0.8107434511184692,-0.09002865105867386,0.45334357023239136,0.7985092997550964,-0.10128794610500336,0.4323421120643616,0.7855902314186096,-0.11069043725728989,0.49488207697868347,0.805412232875824,-0.05532188341021538,0.463371217250824,0.8011704683303833,-0.072523333132267,0.4426214098930359,0.7848209738731384,-0.08230792731046677,0.42637190222740173,0.7693537473678589,-0.08997933566570282,0.4856833517551422,0.7978896498680115,-0.046041544526815414,0.46288514137268066,0.7928904294967651,-0.057906799018383026,0.4463046193122864,0.7832537889480591,-0.06488136202096939,0.4320129454135895,0.771877110004425,-0.0712331160902977
35,right,0.2221207320690155,0.7845060229301453,5.337777224667661e-07,0.24238361418247223,0.7244183421134949,-0.017769690603017807,0.26777467131614685,0.6805087924003601,-0.03831997886300087,0.2879182696342468,0.6536322236061096,-0.053004246205091476,0.2986241579055786,0.6223616600036621,-0.06745453923940659,0.235428124666214,0.714595377445221,-0.07548277080059052,0.25621047616004944,0.7110539674758911,-0.10824090242385864,0.2758200168609619,0.7082070708274841,-0.12823282182216644,0.2907142639160156,0.7017834782600403,-0.13910165429115295,0.23547068238258362,0.7637344002723694,-0.07636915147304535,0.306835412979126,0.7524016499519348,-0.1049838736653328,0.3545399308204651,0.7372204065322876,-0.11658119410276413,0.38888001441955566,0.7240920066833496,-0.12483171373605728,0.24462199211120605,0.8065211176872253,-0.07498404383659363,0.31661468744277954,0.8041245341300964,-0.09907554090023041,0.3547152876853943,0.78159499168396,-0.10490834712982178,0.3752950429916382,0.759888231754303,-0.1071283221244812,0.25827112793922424,0.8408054709434509,-0.07311124354600906,0.31378430128097534,0.8447399735450745,-0.08710683882236481,0.33872395753860474,0.8290303945541382,-0.08721301704645157,0.35090312361717224,0.8112108707427979,-0.08692535758018494
35,left,0.5430309176445007,0.820629358291626,2.208548721682746e-07,0.5666559934616089,0.7923712134361267,-0.03197048231959343,0.5792867541313171,0.7691999673843384,-0.053820423781871796,0.5893843770027161,0.7647831439971924,-0.07021734863519669,0.6042658090591431,0.7717123031616211,-0.0868055671453476,0.5330513715744019,0.8011493682861328,-0.0562015064060688,0.506203830242157,0.8177357912063599,-0.07583649456501007,0.4817582368850708,0.8237757086753845,-0.08867254853248596,0.45928749442100525,0.8256884813308716,-0.09761953353881836,0.5100768208503723,0.8089094161987305,-0.04676823318004608,0.4771586060523987,0.8064546585083008,-0.06410498917102814,0.4528813362121582,0.7948201298713684,-0.07387150824069977,0.43324416875839233,0.7839329838752747,-0.08153140544891357,0.49470555782318115,0.8097970485687256,-0.037242405116558075,0.46379566192626953,0.8021931052207947,-0.04999707639217377,0.44463568925857544,0.7862946391105652,-0.056936800479888916,0.42927974462509155,0.7719161510467529,-0.06195086985826492,0.48501500487327576,0.8077352046966553,-0.02986898645758629,0.46326494216918945,0.7965202331542969,-0.03710601478815079,0.44729524850845337,0.7848222255706787,-0.039563875645399094,0.433663010597229,0.7717931270599365,-0.04205973446369171
36,right,0.22407324612140656,0.787858784198761,5.34039543254039e-07,0.24387463927268982,0.7260258197784424,-0.016783708706498146,0.26949983835220337,0.6816952228546143,-0.03668341413140297,0.28823164105415344,0.657707691192627,-0.05060325190424919,0.29544857144355774,0.6298049688339233,-0.0642893835902214,0.2349649965763092,0.7190032005310059,-0.07560606300830841,0.25405237078666687,0.7162287831306458,-0.10751385241746902,0.27452367544174194,0.7125241756439209,-0.12709647417068481,0.29047149419784546,0.7066866159439087,-0.13795368373394012,0.23564527928829193,0.7698407769203186,-0.07644854485988617,0.3053293526172638,0.7586731314659119,-0.10472236573696136,0.35254159569740295,0.7427626252174377,-0.11626779288053513,0.38681933283805847,0.7288920879364014,-0.12475574016571045,0.24537569284439087,0.8125826716423035,-0.07469069957733154,0.3172234296798706,0.8096855878829956,-0.0981951430439949,0.3546814024448395,0.7863950729370117,-0.10418770462274551,0.3751733899116516,0.7648710012435913,-0.10671178251504898,0.25938963890075684,0.8468263149261475,-0.0722532644867897,0.3152213990688324,0.8485271334648132,-0.08518621325492859,0.34006455540657043,0.8325219750404358,-0.08520491421222687,0.3526643216609955,0.8151430487632751,-0.08517644554376602
36,left,0.5446505546569824,0.8130655884742737,3.593789870137698e-07,0.5654975175857544,0.7845411896705627,-0.041923291981220245,0.5743045210838318,0.7709895968437195,-0.07066069543361664,0.5869753956794739,0.7714676856994629,-0.09211218357086182,0.60604327917099,0.7726702690124512,-0.11334730684757233,0.5294957160949707,0.8103427290916443,-0.07453399896621704,0.5025380253791809,0.821546733379364,-0.09971152245998383,0.47771695256233215,0.8246655464172363,-0.11555211991071701,0.4547364115715027,0.8245415091514587,-0.12672041356563568,0.5071983337402344,0.8132342100143433,-0.06174244359135628,0.47424978017807007,0.8161026239395142,-0.08307695388793945,0.4518289864063263,0.8020073771476746,-0.09401402622461319,0.432883083820343,0.789111852645874,-0.10260003060102463,0.4924232065677643,0.8077427744865417,-0.04934363067150116,0.46147656440734863,0.8042968511581421,-0.06490220129489899,0.44231778383255005,0.7846808433532715,-0.0739283561706543,0.42710089683532715,0.7674666047096252,-0.08060944825410843,0.4835648536682129,0.7980844378471375,-0.039785776287317276,0.4619584083557129,0.7929567098617554,-0.049899984151124954,0.4463024139404297,0.7813088893890381,-0.05564604327082634,0.4324567914009094,0.7679049372673035,-0.06075434386730194
