1,right,0,0,0,0,0,0,0,0,0,0,0,0,0,0,0,0,0,0,0,0,0,0,0,0,0,0,0,0,0,0,0,0,0,0,0,0,0,0,0,0,0,0,0,0,0,0,0,0,0,0,0,0,0,0,0,0,0,0,0,0,0,0,0
1,left,0,0,0,0,0,0,0,0,0,0,0,0,0,0,0,0,0,0,0,0,0,0,0,0,0,0,0,0,0,0,0,0,0,0,0,0,0,0,0,0,0,0,0,0,0,0,0,0,0,0,0,0,0,0,0,0,0,0,0,0,0,0,0
2,right,0,0,0,0,0,0,0,0,0,0,0,0,0,0,0,0,0,0,0,0,0,0,0,0,0,0,0,0,0,0,0,0,0,0,0,0,0,0,0,0,0,0,0,0,0,0,0,0,0,0,0,0,0,0,0,0,0,0,0,0,0,0,0
2,left,0,0,0,0,0,0,0,0,0,0,0,0,0,0,0,0,0,0,0,0,0,0,0,0,0,0,0,0,0,0,0,0,0,0,0,0,0,0,0,0,0,0,0,0,0,0,0,0,0,0,0,0,0,0,0,0,0,0,0,0,0,0,0
3,right,0,0,0,0,0,0,0,0,0,0,0,0,0,0,0,0,0,0,0,0,0,0,0,0,0,0,0,0,0,0,0,0,0,0,0,0,0,0,0,0,0,0,0,0,0,0,0,0,0,0,0,0,0,0,0,0,0,0,0,0,0,0,0
3,left,0,0,0,0,0,0,0,0,0,0,0,0,0,0,0,0,0,0,0,0,0,0,0,0,0,0,0,0,0,0,0,0,0,0,0,0,0,0,0,0,0,0,0,0,0,0,0,0,0,0,0,0,0,0,0,0,0,0,0,0,0,0,0
4,right,0,0,0,0,0,0,0,0,0,0,0,0,0,0,0,0,0,0,0,0,0,0,0,0,0,0,0,0,0,0,0,0,0,0,0,0,0,0,0,0,0,0,0,0,0,0,0,0,0,0,0,0,0,0,0,0,0,0,0,0,0,0,0
4,left,0,0,0,0,0,0,0,0,0,0,0,0,0,0,0,0,0,0,0,0,0,0,0,0,0,0,0,0,0,0,0,0,0,0,0,0,0,0,0,0,0,0,0,0,0,0,0,0,0,0,0,0,0,0,0,0,0,0,0,0,0,0,0
5,right,0,0,0,0,0,0,0,0,0,0,0,0,0,0,0,0,0,0,0,0,0,0,0,0,0,0,0,0,0,0,0,0,0,0,0,0,0,0,0,0,0,0,0,0,0,0,0,0,0,0,0,0,0,0,0,0,0,0,0,0,0,0,0
5,left,0,0,0,0,0,0,0,0,0,0,0,0,0,0,0,0,0,0,0,0,0,0,0,0,0,0,0,0,0,0,0,0,0,0,0,0,0,0,0,0,0,0,0,0,0,0,0,0,0,0,0,0,0,0,0,0,0,0,0,0,0,0,0
6,right,0,0,0,0,0,0,0,0,0,0,0,0,0,0,0,0,0,0,0,0,0,0,0,0,0,0,0,0,0,0,0,0,0,0,0,0,0,0,0,0,0,0,0,0,0,0,0,0,0,0,0,0,0,0,0,0,0,0,0,0,0,0,0
6,left,0,0,0,0,0,0,0,0,0,0,0,0,0,0,0,0,0,0,0,0,0,0,0,0,0,0,0,0,0,0,0,0,0,0,0,0,0,0,0,0,0,0,0,0,0,0,0,0,0,0,0,0,0,0,0,0,0,0,0,0,0,0,0
7,right,0.3356478214263916,0.9133408665657043,1.3139187160504662e-07,0.3481254577636719,0.8757497072219849,-0.02092001959681511,0.3719456195831299,0.8493097424507141,-0.03474672883749008,0.39313530921936035,0.8433640003204346,-0.04540277644991875,0.40960630774497986,0.8445557951927185,-0.05484233424067497,0.4092744290828705,0.8729464411735535,-0.02534507028758526,0.43361228704452515,0.8819478750228882,-0.038690656423568726,0.44403812289237976,0.8943227529525757,-0.04885154962539673,0.45225510001182556,0.9067524075508118,-0.05584654211997986,0.4075298309326172,0.9120871424674988,-0.022822437807917595,0.43035653233528137,0.9373869299888611,-0.033412449061870575,0.44185659289360046,0.9537128806114197,-0.039792750030756,0.4526161551475525,0.9668125510215759,-0.04549000784754753,0.40009984374046326,0.9448344111442566,-0.022272389382123947,0.42236924171447754,0.9692506194114685,-0.03430752083659172,0.43725937604904175,0.9835042953491211,-0.0369909405708313,0.44908180832862854,0.9953303337097168,-0.03862679749727249,0.39015647768974304,0.9715127944946289,-0.023255106061697006,0.4094889760017395,0.9899225831031799,-0.03202056884765625,0.42409878969192505,1.0001628398895264,-0.03208959475159645,0.4374755620956421,1.0078006982803345,-0.03180369362235069
7,left,0.5414406061172485,0.9921270608901978,-4.908468298481239e-08,0.5593885183334351,0.9576311707496643,-0.01510121300816536,0.5700640678405762,0.9270761609077454,-0.03360498324036598,0.5823236703872681,0.9060320854187012,-0.052050285041332245,0.5972561836242676,0.8968110084533691,-0.07047437131404877,0.5587180852890015,0.9623368382453918,-0.035192880779504776,0.5575491786003113,0.9444209933280945,-0.056468479335308075,0.5622396469116211,0.9322040677070618,-0.07097787410020828,0.5654723644256592,0.9254733324050903,-0.07878295332193375,0.5441862940788269,0.9815135598182678,-0.0357467383146286,0.5405821204185486,0.9663484692573547,-0.05202054977416992,0.5443617701530457,0.9547832012176514,-0.05761388689279556,0.5434464812278748,0.9454617500305176,-0.06150674819946289,0.5265095233917236,0.9956372380256653,-0.03683329373598099,0.5078140497207642,0.9878031015396118,-0.048438623547554016,0.5009381175041199,0.9764809608459473,-0.04788733646273613,0.49344033002853394,0.966617226600647,-0.04683896154165268,0.5078800320625305,1.0062662363052368,-0.03916209936141968,0.48743724822998047,0.9972081184387207,-0.04149722307920456,0.47547033429145813,0.9862633943557739,-0.03629828244447708,0.46491241455078125,0.9776727557182312,-0.033182669430971146
8,right,0.30574852228164673,0.7871097326278687,1.6415100390076987e-07,0.33998924493789673,0.754486083984375,-0.00014099669351708144,0.38672977685928345,0.7387746572494507,-0.012492984533309937,0.42527419328689575,0.7487134337425232,-0.026163581758737564,0.4508343040943146,0.7675138711929321,-0.03926489129662514,0.3978317975997925,0.7052942514419556,-0.03535992279648781,0.45245444774627686,0.7279664278030396,-0.05592783913016319,0.4682389497756958,0.764478862285614,-0.06567909568548203,0.4695824980735779,0.7912526726722717,-0.07062268257141113,0.38442689180374146,0.7288066744804382,-0.04625843092799187,0.4423582851886749,0.7966595888137817,-0.06259369850158691,0.44408708810806274,0.8258562088012695,-0.061410583555698395,0.43768638372421265,0.8278942704200745,-0.06164625287055969,0.3679477870464325,0.7609983086585999,-0.05631052330136299,0.4173022508621216,0.8282558917999268,-0.06803245842456818,0.40679705142974854,0.837089478969574,-0.058458711951971054,0.39237332344055176,0.8225859999656677,-0.05302064120769501,0.35128799080848694,0.7957330346107483,-0.06653159856796265,0.3905477225780487,0.842322051525116,-0.07107417285442352,0.3801339268684387,0.8451159000396729,-0.061016734689474106,0.3648799955844879,0.8305819630622864,-0.05431123450398445
8,left,0.5504267811775208,0.9103942513465881,5.039051984567777e-07,0.5549682378768921,0.8793604969978333,-0.03826116770505905,0.5493897795677185,0.8611937165260315,-0.061487507075071335,0.5606051087379456,0.8504450917243958,-0.0787513330578804,0.5816481709480286,0.8455290794372559,-0.09551233798265457,0.4917955696582794,0.9009102582931519,-0.049410171806812286,0.4550424814224243,0.9008392691612244,-0.06492770463228226,0.43143197894096375,0.8892288208007812,-0.07598170638084412,0.41365647315979004,0.8741995096206665,-0.08317095786333084,0.4826858341693878,0.9100922346115112,-0.03557927533984184,0.4457451105117798,0.9064421057701111,-0.04961351677775383,0.42182955145835876,0.8917109966278076,-0.05859335511922836,0.40398603677749634,0.8747126460075378,-0.06453461199998856,0.4782443046569824,0.9109864234924316,-0.023199819028377533,0.44601374864578247,0.9066517353057861,-0.0322403721511364,0.42399662733078003,0.892365574836731,-0.03813571482896805,0.4073820412158966,0.8752774000167847,-0.04156522825360298,0.47549182176589966,0.9086483120918274,-0.014037213288247585,0.4494587779045105,0.9031720161437988,-0.01789158396422863,0.43187588453292847,0.8936675190925598,-0.01997312530875206,0.4183827042579651,0.8804366588592529,-0.021621493622660637
9,right,0.32501816749572754,0.7300118803977966,3.174769744873629e-07,0.36310872435569763,0.7150171399116516,-0.0010652346536517143,0.4038214683532715,0.7051675319671631,-0.011310123838484287,0.43811601400375366,0.7082017660140991,-0.022954436019062996,0.46558624505996704,0.7110670208930969,-0.03424081578850746,0.4057100713253021,0.6589668393135071,-0.02962600626051426,0.45381903648376465,0.6684011816978455,-0.04835225269198418,0.47718340158462524,0.6918168067932129,-0.057534970343112946,0.49136319756507874,0.7154298424720764,-0.06225470453500748,0.39128097891807556,0.6733572483062744,-0.038837116211652756,0.44190603494644165,0.7151622176170349,-0.05670688673853874,0.46100687980651855,0.7579325437545776,-0.05963112413883209,0.4693821668624878,0.78819739818573,-0.06119639053940773,0.3760145604610443,0.6989718675613403,-0.04739942029118538,0.4227009117603302,0.7458473443984985,-0.06289424002170563,0.4276278018951416,0.7816463112831116,-0.05877687782049179,0.4226466417312622,0.8007562756538391,-0.054699111729860306,0.36268240213394165,0.729286789894104,-0.055972740054130554,0.3962656855583191,0.7674949765205383,-0.06482070684432983,0.3993662893772125,0.7868155241012573,-0.060182057321071625,0.3949556052684784,0.79537034034729,-0.05575031414628029
9,left,0.5184670090675354,0.8859999179840088,3.222342570552428e-07,0.5340286493301392,0.8566540479660034,-0.0344306044280529,0.5408380031585693,0.8308256268501282,-0.06048111990094185,0.5585421323776245,0.8189384937286377,-0.0815434679389,0.5809910297393799,0.817962646484375,-0.10286270081996918,0.4969883859157562,0.8610876202583313,-0.056958090513944626,0.4922269880771637,0.8564196825027466,-0.08164467662572861,0.48800626397132874,0.8519873023033142,-0.09982401877641678,0.48367711901664734,0.8471761345863342,-0.11084809899330139,0.4790802001953125,0.8708049654960632,-0.0482630617916584,0.4494008719921112,0.8618567585945129,-0.06891853362321854,0.42684096097946167,0.8473937511444092,-0.08160068839788437,0.4088360071182251,0.833439826965332,-0.09078092873096466,0.4657680094242096,0.8743864893913269,-0.04057185724377632,0.435463547706604,0.8654218316078186,-0.056744713336229324,0.4150835871696472,0.8494716882705688,-0.0665893405675888,0.39867937564849854,0.8333265781402588,-0.07257134467363358,0.4565618336200714,0.87409508228302,-0.03523232415318489,0.434417188167572,0.8634780049324036,-0.04313986748456955,0.4168786406517029,0.8525831699371338,-0.04669414088129997,0.40234509110450745,0.8398720622062683,-0.05011867359280586
10,right,0.3372095227241516,0.6660449504852295,2.882032106299448e-07,0.37355637550354004,0.653285026550293,-0.0010660274419933558,0.4143856167793274,0.6479605436325073,-0.011102287098765373,0.4471014440059662,0.652729868888855,-0.022557422518730164,0.4718240797519684,0.6549211144447327,-0.03404567763209343,0.42205995321273804,0.6092225313186646,-0.0310540571808815,0.46992751955986023,0.6202413439750671,-0.05159255862236023,0.4947386682033539,0.646811842918396,-0.063016377389431,0.5097968578338623,0.6724069118499756,-0.06883687525987625,0.40578556060791016,0.6219637989997864,-0.04081108421087265,0.45732104778289795,0.6689082980155945,-0.06181623041629791,0.4728233218193054,0.7133275270462036,-0.06614308804273605,0.4753653407096863,0.7419054508209229,-0.06723348051309586,0.3889457583427429,0.6455345153808594,-0.049686118960380554,0.4375056326389313,0.6949430108070374,-0.06705167889595032,0.437489777803421,0.7315843105316162,-0.06202424690127373,0.42817971110343933,0.7484723925590515,-0.055864665657281876,0.37466681003570557,0.6729208827018738,-0.05856994912028313,0.41205883026123047,0.7111385464668274,-0.06718131899833679,0.4127032458782196,0.7309402227401733,-0.06046752631664276,0.405705064535141,0.7385293245315552,-0.053784433752298355
10,left,0.49811291694641113,0.8343999981880188,2.3229905821153807e-07,0.5202214121818542,0.8041096925735474,-0.03729903697967529,0.5321043729782104,0.7772732973098755,-0.061072200536727905,0.5491994023323059,0.7702795267105103,-0.07911917567253113,0.573408842086792,0.7825052738189697,-0.09740442037582397,0.4791264235973358,0.8067089915275574,-0.05579828843474388,0.4526742398738861,0.8084055781364441,-0.07437852025032043,0.4316544532775879,0.8047653436660767,-0.08796107023954391,0.4119527041912079,0.7976292371749878,-0.09797537326812744,0.4571652412414551,0.8076781034469604,-0.043570294976234436,0.4259952902793884,0.7998651266098022,-0.059910595417022705,0.40501466393470764,0.7858664393424988,-0.0698564276099205,0.38810276985168457,0.7748481035232544,-0.07769069075584412,0.44300973415374756,0.804571270942688,-0.0321165956556797,0.4139454960823059,0.792760968208313,-0.0444842129945755,0.3958858847618103,0.7757673263549805,-0.052194491028785706,0.38149645924568176,0.7614246606826782,-0.05728301405906677,0.4334573447704315,0.8000997304916382,-0.02351825125515461,0.4119865298271179,0.7847835421562195,-0.02996985800564289,0.3960132896900177,0.7705178260803223,-0.032957736402750015,0.3842364549636841,0.756542980670929,-0.035876352339982986
11,right,0.3289606273174286,0.6482564210891724,3.4699507978075417e-07,0.37167760729789734,0.6417255401611328,0.006227731704711914,0.41408583521842957,0.6374879479408264,-0.0010149709414690733,0.44611769914627075,0.6406875252723694,-0.011741971597075462,0.4721345603466034,0.6438202857971191,-0.02246156707406044,0.4312402904033661,0.5963391065597534,-0.01670164056122303,0.4804052412509918,0.6133255958557129,-0.035051725804805756,0.5074381828308105,0.640611469745636,-0.04583749547600746,0.5226220488548279,0.6683565378189087,-0.0513814315199852,0.4171024262905121,0.6055290102958679,-0.029300956055521965,0.46770530939102173,0.6626242995262146,-0.04611276835203171,0.4758957624435425,0.709104061126709,-0.04815927892923355,0.4764542579650879,0.7338133454322815,-0.04814715310931206,0.401346355676651,0.6263818740844727,-0.041124287992715836,0.449454665184021,0.6818363666534424,-0.054282914847135544,0.44190481305122375,0.7159563899040222,-0.045455656945705414,0.4301586449146271,0.727207362651825,-0.037417300045490265,0.3867673873901367,0.6522780656814575,-0.05283064767718315,0.4211456775665283,0.6965402364730835,-0.05824218690395355,0.4156222939491272,0.7135750651359558,-0.04900871217250824,0.4066883325576782,0.7138210535049438,-0.04060285538434982
11,left,0.5128836631774902,0.7960917353630066,3.8533761426151614e-07,0.530063807964325,0.760543704032898,-0.03365112468600273,0.5358972549438477,0.7359567880630493,-0.05687524378299713,0.5493382215499878,0.7342799305915833,-0.0743737518787384,0.5712509751319885,0.7390523552894592,-0.09180166572332382,0.4917612671852112,0.7708158493041992,-0.06237137317657471,0.4615978002548218,0.7652190923690796,-0.08391036838293076,0.4380810260772705,0.7580754160881042,-0.09714686125516891,0.41589751839637756,0.7510581016540527,-0.10578382760286331,0.47068479657173157,0.7769129276275635,-0.051696453243494034,0.435095876455307,0.7528436183929443,-0.06951598823070526,0.41159674525260925,0.7282336950302124,-0.07774864882230759,0.39315491914749146,0.7092645168304443,-0.08357131481170654,0.4569952189922333,0.774797797203064,-0.04092607647180557,0.42493167519569397,0.7486963272094727,-0.05299859866499901,0.4054883122444153,0.723340630531311,-0.05937865003943443,0.3908885419368744,0.7029478549957275,-0.0632966160774231,0.4485631585121155,0.7691845297813416,-0.03254663199186325,0.42637819051742554,0.7455188632011414,-0.03917109593749046,0.4103408455848694,0.7269564867019653,-0.041702646762132645,0.3980594873428345,0.7095575928688049,-0.04365483298897743
12,right,0.36027246713638306,0.6375963687896729,3.1451148174710397e-07,0.3948354423046112,0.6232266426086426,0.0034150516148656607,0.4345959424972534,0.6207192540168762,-0.006765153259038925,0.4660570025444031,0.631224513053894,-0.018709782510995865,0.4914953410625458,0.6398414969444275,-0.03073888272047043,0.4426679015159607,0.588586688041687,-0.03285616636276245,0.48982828855514526,0.6094127893447876,-0.05282443016767502,0.5113011002540588,0.6390277743339539,-0.06253573298454285,0.5231813788414001,0.6646952629089355,-0.06696722656488419,0.42656251788139343,0.5964103937149048,-0.04371670261025429,0.47302860021591187,0.6586645245552063,-0.06148345768451691,0.4802597165107727,0.7045848965644836,-0.06277412921190262,0.4801512360572815,0.7285323739051819,-0.06279973685741425,0.40867796540260315,0.6171237230300903,-0.05299374833703041,0.45445576310157776,0.6739296317100525,-0.06588134914636612,0.4506344497203827,0.7098633646965027,-0.0574692077934742,0.43989062309265137,0.7223024964332581,-0.050581831485033035,0.39333391189575195,0.6429527401924133,-0.06189132109284401,0.4291786551475525,0.6870370507240295,-0.06697451323270798,0.42868468165397644,0.7061880230903625,-0.058003488928079605,0.4219164550304413,0.7102025151252747,-0.050753697752952576
12,left,0.5148125886917114,0.7874804139137268,5.067099664302077e-07,0.533510684967041,0.7481601238250732,-0.033539917320013046,0.541364312171936,0.7221924662590027,-0.058542005717754364,0.556227445602417,0.7243907451629639,-0.07767558097839355,0.5791208148002625,0.7319097518920898,-0.09736273437738419,0.4972671866416931,0.7649715542793274,-0.06879771500825882,0.4633657932281494,0.7568113803863525,-0.09213598072528839,0.43697798252105713,0.7488495707511902,-0.10557374358177185,0.4149309992790222,0.7429677844047546,-0.1139497309923172,0.4762021005153656,0.7774631381034851,-0.059296853840351105,0.43664175271987915,0.7469862699508667,-0.07882963120937347,0.4115273356437683,0.7182415723800659,-0.0874895453453064,0.39430153369903564,0.6970586776733398,-0.09331587702035904,0.4624730050563812,0.7798839211463928,-0.04933645948767662,0.4275069534778595,0.7465348839759827,-0.06351812183856964,0.40587282180786133,0.7181141972541809,-0.07169518619775772,0.39022746682167053,0.6969655156135559,-0.07679340988397598,0.4542847275733948,0.7765213251113892,-0.041329141706228256,0.43148094415664673,0.7473936080932617,-0.0502333827316761,0.4159575402736664,0.7264441847801208,-0.054119713604450226,0.40372806787490845,0.7090013027191162,-0.056922562420368195
13,right,0.3436623215675354,0.636863112449646,2.79933004776467e-07,0.38227173686027527,0.6281905174255371,0.007097090594470501,0.42613109946250916,0.6258461475372314,-0.00045833794865757227,0.46111446619033813,0.6347821354866028,-0.011307524517178535,0.4892224073410034,0.6446778178215027,-0.022494904696941376,0.4396548867225647,0.5891371965408325,-0.021257732063531876,0.4898279309272766,0.6065273284912109,-0.04010138660669327,0.5155038237571716,0.6347926259040833,-0.05093224346637726,0.5302984118461609,0.6621657013893127,-0.05671342462301254,0.42751383781433105,0.5963869690895081,-0.03476143255829811,0.4776747524738312,0.6556498408317566,-0.05368930473923683,0.48275065422058105,0.7017490267753601,-0.055721595883369446,0.478730171918869,0.7250016927719116,-0.05536713823676109,0.4121307134628296,0.6167032122612,-0.04697407782077789,0.4606955349445343,0.6719542741775513,-0.06138503924012184,0.45253753662109375,0.7074607014656067,-0.051446326076984406,0.4388120770454407,0.7184616327285767,-0.04244176298379898,0.3967590928077698,0.6429054737091064,-0.05891259014606476,0.43491339683532715,0.6857404708862305,-0.06499812752008438,0.43306493759155273,0.7053360342979431,-0.05500193312764168,0.42553865909576416,0.7079501748085022,-0.04608700051903725
13,left,0.520389199256897,0.7860520482063293,5.239315896687913e-07,0.5346330404281616,0.7447635531425476,-0.03496604785323143,0.5407052636146545,0.7189372181892395,-0.06006815657019615,0.5559045672416687,0.7178624868392944,-0.07899095863103867,0.5804679989814758,0.7240471839904785,-0.09832596778869629,0.5013190507888794,0.7624498605728149,-0.0682634487748146,0.46963438391685486,0.7530465722084045,-0.09084189683198929,0.44387081265449524,0.7450768947601318,-0.10442639887332916,0.4204452931880951,0.7372032403945923,-0.11357689648866653,0.48005589842796326,0.7768549919128418,-0.05815368890762329,0.4418143928050995,0.7458772659301758,-0.07521070539951324,0.4168705642223358,0.7178823351860046,-0.0823347195982933,0.3981882631778717,0.6951134204864502,-0.0880008116364479,0.465894490480423,0.7807711362838745,-0.0480307936668396,0.43294185400009155,0.747365415096283,-0.05948607623577118,0.41205236315727234,0.7193441390991211,-0.06558962166309357,0.3966604471206665,0.696715772151947,-0.07031219452619553,0.45807236433029175,0.7785868048667908,-0.040522992610931396,0.43642303347587585,0.7510578036308289,-0.0478644035756588,0.4209599792957306,0.7290952801704407,-0.05115561559796333,0.40827101469039917,0.7101340889930725,-0.054163556545972824
14,right,0.3604254126548767,0.6386553049087524,2.3085645750597905e-07,0.3951680660247803,0.6191020011901855,0.00678979093208909,0.4334430396556854,0.6138081550598145,-0.0020011889282613993,0.46305450797080994,0.6239649057388306,-0.013342596590518951,0.4853373169898987,0.6412081122398376,-0.02543458715081215,0.45051810145378113,0.5879625082015991,-0.03115801513195038,0.49947813153266907,0.6092706918716431,-0.051205914467573166,0.5202999114990234,0.6414845585823059,-0.062096934765577316,0.5319972634315491,0.6691820621490479,-0.06780248880386353,0.4360007643699646,0.5949718356132507,-0.04293259233236313,0.4819081723690033,0.6584850549697876,-0.05936151370406151,0.4853418171405792,0.704020619392395,-0.059340447187423706,0.4806322753429413,0.7268514633178711,-0.05897780507802963,0.4181630611419678,0.615960955619812,-0.05288960784673691,0.4612501859664917,0.6748477220535278,-0.06464190781116486,0.4535615146160126,0.7097882032394409,-0.05497843027114868,0.43993908166885376,0.7223526835441589,-0.047619644552469254,0.4017843008041382,0.640917181968689,-0.06226435303688049,0.4343786835670471,0.6885436177253723,-0.06674429774284363,0.4310811758041382,0.7071967124938965,-0.05702727660536766,0.42190271615982056,0.7112318277359009,-0.0492074079811573
14,left,0.5212480425834656,0.7848086357116699,5.590898126683896e-07,0.5359011292457581,0.7445234656333923,-0.035874590277671814,0.5435447692871094,0.7200534343719482,-0.06237108260393143,0.5600025653839111,0.7196165919303894,-0.08252672106027603,0.5839104652404785,0.7218355536460876,-0.10303743183612823,0.5025383830070496,0.7661574482917786,-0.06993383914232254,0.46890753507614136,0.7556965351104736,-0.09265823662281036,0.44293680787086487,0.7476983666419983,-0.10620661079883575,0.4203419089317322,0.7412124276161194,-0.1151294931769371,0.48238828778266907,0.7810022830963135,-0.05934303253889084,0.4429038166999817,0.7492822408676147,-0.07705571502447128,0.4180166721343994,0.7208633422851562,-0.0847146138548851,0.40047723054885864,0.6986956596374512,-0.09055112302303314,0.46874842047691345,0.7844536304473877,-0.048631273210048676,0.4348524808883667,0.7511415481567383,-0.0600397102534771,0.4129892587661743,0.7235139012336731,-0.06619579344987869,0.3976511061191559,0.7014790773391724,-0.07097160816192627,0.4608781933784485,0.7815263867378235,-0.04055583477020264,0.4381173253059387,0.7541648745536804,-0.04766405373811722,0.42238491773605347,0.7331106662750244,-0.05071005970239639,0.40995725989341736,0.7149560451507568,-0.05348498746752739
15,right,0.33783257007598877,0.6431674957275391,2.7753802100960456e-07,0.37782782316207886,0.6246135830879211,0.006121436133980751,0.42239847779273987,0.620244562625885,-0.002339624334126711,0.45905959606170654,0.631284236907959,-0.013992161490023136,0.4868391752243042,0.6457827687263489,-0.02593543939292431,0.4368450939655304,0.587660014629364,-0.02262798510491848,0.4886507987976074,0.6073129177093506,-0.04140973463654518,0.5159527063369751,0.6343691349029541,-0.05206098034977913,0.5315626263618469,0.659788191318512,-0.057648006826639175,0.4251718521118164,0.6015936732292175,-0.03554777055978775,0.4769015610218048,0.6606844663619995,-0.0526210218667984,0.4841337203979492,0.7059000134468079,-0.05414947494864464,0.481038898229599,0.7284215092658997,-0.054034050554037094,0.41092628240585327,0.627284586429596,-0.04718700423836708,0.45972925424575806,0.6816051006317139,-0.05905047059059143,0.45229819416999817,0.7120739817619324,-0.04908512160181999,0.43866854906082153,0.7183384895324707,-0.040970269590616226,0.3970373868942261,0.6568377614021301,-0.05876651406288147,0.43503573536872864,0.6982932090759277,-0.06243202090263367,0.4310353994369507,0.71172696352005,-0.05205102264881134,0.421051561832428,0.7084364891052246,-0.04346119612455368
15,left,0.5051286816596985,0.7846090793609619,1.5372066286545305e-07,0.5301775336265564,0.7601732611656189,-0.033015381544828415,0.5470689535140991,0.7343701720237732,-0.05562814697623253,0.5663943886756897,0.7196959257125854,-0.07196027785539627,0.5865932703018188,0.7233116030693054,-0.0881137102842331,0.5030445456504822,0.7598786950111389,-0.06388885527849197,0.4725920557975769,0.7551044821739197,-0.08662136644124985,0.4488360583782196,0.7477996945381165,-0.10092822462320328,0.4254071116447449,0.7377498149871826,-0.11064805090427399,0.4755362272262573,0.7560477256774902,-0.053265538066625595,0.4386202394962311,0.7393652200698853,-0.07255517691373825,0.41653937101364136,0.7245358824729919,-0.08205849677324295,0.39690643548965454,0.7115674614906311,-0.09011536091566086,0.4575687646865845,0.7486090660095215,-0.04203997924923897,0.4271569848060608,0.7257985472679138,-0.05579312518239021,0.4106071889400482,0.7090740203857422,-0.061969004571437836,0.39575397968292236,0.6952877640724182,-0.06642626225948334,0.44600147008895874,0.7408028841018677,-0.03300553187727928,0.4286739230155945,0.7196590900421143,-0.04043712466955185,0.41525208950042725,0.7035337686538696,-0.042841918766498566,0.40198615193367004,0.6881704926490784,-0.04539088159799576
16,right,0.3194686472415924,0.6517149209976196,3.1810401424081647e-07,0.3578168749809265,0.6174252033233643,0.006407278124243021,0.4032222330570221,0.6030240058898926,-0.0021196752786636353,0.44190531969070435,0.6087613701820374,-0.01286891009658575,0.4697670042514801,0.6213817000389099,-0.02350451797246933,0.4160228967666626,0.5732240676879883,-0.027157770469784737,0.46922793984413147,0.5796436071395874,-0.04586747661232948,0.5009760856628418,0.5996494293212891,-0.05516714230179787,0.520946741104126,0.6212437152862549,-0.05927439033985138,0.4076031446456909,0.5949601531028748,-0.039100706577301025,0.46797090768814087,0.6421651244163513,-0.054439011961221695,0.4796057939529419,0.6842509508132935,-0.05460979789495468,0.4805245101451874,0.7076331973075867,-0.05344199761748314,0.3976563811302185,0.6279361844062805,-0.04912101849913597,0.45208728313446045,0.6724298000335693,-0.059414371848106384,0.4492136240005493,0.7011715769767761,-0.04932987689971924,0.43785858154296875,0.7100271582603455,-0.041112933307886124,0.3875126242637634,0.6635242700576782,-0.058684494346380234,0.42948973178863525,0.6950601935386658,-0.060293834656476974,0.4302395284175873,0.7111997008323669,-0.04883122071623802,0.42458122968673706,0.7142178416252136,-0.039468929171562195
16,left,0.5155245065689087,0.7921077609062195,3.232572396427713e-07,0.534220814704895,0.7552788257598877,-0.02952398546040058,0.5403977632522583,0.7251644134521484,-0.050132326781749725,0.5554887652397156,0.7157584428787231,-0.06520276516675949,0.5809459090232849,0.7223257422447205,-0.0804283618927002,0.5015038251876831,0.7621262073516846,-0.058983445167541504,0.4696565270423889,0.7573069334030151,-0.07792569696903229,0.4455210864543915,0.7503500580787659,-0.08918315917253494,0.4220614433288574,0.742730438709259,-0.0969148576259613,0.47764596343040466,0.7728447914123535,-0.04995732381939888,0.439613401889801,0.7518492937088013,-0.06617704778909683,0.41516387462615967,0.7286542654037476,-0.07379918545484543,0.3955981135368347,0.7095655202865601,-0.07974068075418472,0.461952805519104,0.7744659781455994,-0.040286969393491745,0.4282706081867218,0.7486836314201355,-0.052067648619413376,0.40858516097068787,0.7238855361938477,-0.05949008837342262,0.3929052948951721,0.7035069465637207,-0.0643320307135582,0.4523252546787262,0.7706893086433411,-0.03242501989006996,0.4303949773311615,0.7483289241790771,-0.03988280147314072,0.41551199555397034,0.7302167415618896,-0.04340643808245659,0.40246036648750305,0.7128633260726929,-0.046257343143224716
17,right,0.29814058542251587,0.6597040891647339,3.126338583570032e-07,0.3340277075767517,0.6199015974998474,0.00717284856364131,0.37655749917030334,0.6007219552993774,-0.00041211172356270254,0.41209882497787476,0.6040047407150269,-0.010730873793363571,0.43775472044944763,0.6188310980796814,-0.021124426275491714,0.392945796251297,0.57101970911026,-0.023845847696065903,0.4485341012477875,0.5684899091720581,-0.04216845706105232,0.4819268584251404,0.5813937187194824,-0.05218851566314697,0.5047304630279541,0.5981038212776184,-0.05722276493906975,0.38751110434532166,0.5947816967964172,-0.03618335351347923,0.4512923061847687,0.6262986660003662,-0.05133458226919174,0.47026631236076355,0.6629663109779358,-0.05301441624760628,0.4768713116645813,0.6854299306869507,-0.053321629762649536,0.38038474321365356,0.629517674446106,-0.04667031764984131,0.4376985728740692,0.6619685888290405,-0.05650251358747482,0.4339818060398102,0.6883381009101868,-0.04727631434798241,0.4208841025829315,0.6977047920227051,-0.03982274979352951,0.37253114581108093,0.6672111749649048,-0.056845832616090775,0.4158305525779724,0.6892602443695068,-0.057918474078178406,0.4138542115688324,0.7021583318710327,-0.04646187275648117,0.40505534410476685,0.7047426700592041,-0.03741985931992531
17,left,0.5214280486106873,0.7920641303062439,4.1759986402212235e-07,0.5390690565109253,0.7506679892539978,-0.030647458508610725,0.5432859063148499,0.7210855484008789,-0.05124124139547348,0.5551548004150391,0.719109833240509,-0.06641900539398193,0.5802302956581116,0.7246336936950684,-0.08170773833990097,0.49976426362991333,0.7650238275527954,-0.05710992217063904,0.4668744206428528,0.7580976486206055,-0.07531004399061203,0.44146108627319336,0.7529524564743042,-0.08620090037584305,0.41899898648262024,0.7495413422584534,-0.0933506041765213,0.47887375950813293,0.7809070944786072,-0.047683700919151306,0.4405600428581238,0.7557737231254578,-0.06228984519839287,0.4144395589828491,0.7321796417236328,-0.06925427168607712,0.395794153213501,0.7149296998977661,-0.07425655424594879,0.4655892848968506,0.7843762636184692,-0.03803775832056999,0.43184202909469604,0.7568926215171814,-0.04802776500582695,0.4096352458000183,0.7325571179389954,-0.054762836545705795,0.39334067702293396,0.7142910957336426,-0.059127192944288254,0.4581303000450134,0.7818817496299744,-0.03054414503276348,0.43486833572387695,0.7581468820571899,-0.03686382994055748,0.4190276861190796,0.7400002479553223,-0.03983088955283165,0.40645158290863037,0.725030779838562,-0.04200081154704094
18,right,0.2633732855319977,0.6641603708267212,3.076616508224106e-07,0.29780492186546326,0.6166307926177979,0.0029716957360506058,0.3401685953140259,0.5863118171691895,-0.008238996379077435,0.37503179907798767,0.5811317563056946,-0.02117256447672844,0.4013785421848297,0.5905585289001465,-0.033613912761211395,0.3401302695274353,0.5620741248130798,-0.03421195596456528,0.38586753606796265,0.5434826612472534,-0.05480339005589485,0.41624143719673157,0.5470203757286072,-0.06620106846094131,0.440155029296875,0.5559871792793274,-0.07272239029407501,0.33062446117401123,0.5914389491081238,-0.04670371860265732,0.3970937132835388,0.6115948557853699,-0.06664945185184479,0.4257899522781372,0.644839882850647,-0.07031949609518051,0.441375195980072,0.6702053546905518,-0.07220325618982315,0.3226505517959595,0.6307477951049805,-0.057267848402261734,0.3920906186103821,0.6554418206214905,-0.0714464783668518,0.39579012989997864,0.6768738627433777,-0.06332887709140778,0.3864201009273529,0.6849093437194824,-0.056485120207071304,0.31738537549972534,0.673164427280426,-0.0676463320851326,0.3725796341896057,0.6872221231460571,-0.07104996591806412,0.37291792035102844,0.6930885910987854,-0.060114018619060516,0.36355605721473694,0.6920090317726135,-0.05195556581020355
18,left,0.5145983099937439,0.7917317748069763,4.47354068455752e-07,0.5346184372901917,0.7575360536575317,-0.03847883641719818,0.5418944954872131,0.7335066795349121,-0.06386677175760269,0.5546966791152954,0.7312853932380676,-0.08229361474514008,0.577355682849884,0.7315391898155212,-0.1007644534111023,0.5003613829612732,0.7769141793251038,-0.06889379769563675,0.4711318612098694,0.771090567111969,-0.09152472019195557,0.4465966522693634,0.76699298620224,-0.10522141307592392,0.4245339632034302,0.7633057832717896,-0.1141442209482193,0.47668591141700745,0.7875708341598511,-0.05671318620443344,0.4418206512928009,0.7679219841957092,-0.07363676279783249,0.4170544445514679,0.7492053508758545,-0.08100488781929016,0.39782968163490295,0.734348714351654,-0.08667871356010437,0.46113651990890503,0.7872649431228638,-0.04483894631266594,0.42939263582229614,0.7665665149688721,-0.05646777153015137,0.40763887763023376,0.7466380000114441,-0.06264874339103699,0.39058393239974976,0.7299866676330566,-0.06722065806388855,0.45220640301704407,0.7833425998687744,-0.03583803400397301,0.4295610785484314,0.7670695185661316,-0.043556079268455505,0.4130151569843292,0.7526675462722778,-0.046870358288288116,0.3991418480873108,0.7381406426429749,-0.049577951431274414
19,right,0.24477113783359528,0.6816196441650391,2.843334812041576e-07,0.27045583724975586,0.6342833042144775,-0.004290712997317314,0.30351606011390686,0.5912871360778809,-0.016008125618100166,0.3302229344844818,0.5622849464416504,-0.026383068412542343,0.3447715640068054,0.535053014755249,-0.036709580570459366,0.27517205476760864,0.5819207429885864,-0.038061175495386124,0.29155805706977844,0.5633497834205627,-0.05697225034236908,0.3103598952293396,0.5522796511650085,-0.06925902515649796,0.3305901288986206,0.545478880405426,-0.07748319953680038,0.2699218690395355,0.6190365552902222,-0.04469553008675575,0.3280054032802582,0.6298844814300537,-0.059315212070941925,0.36237335205078125,0.6475660800933838,-0.06269851326942444,0.3901682496070862,0.6648679971694946,-0.06689068675041199,0.2679885923862457,0.6605744957923889,-0.04990344122052193,0.33218154311180115,0.6730148196220398,-0.06288276612758636,0.34011611342430115,0.6782963871955872,-0.0585319958627224,0.3395976722240448,0.6811604499816895,-0.0555029958486557,0.2686266005039215,0.7054747343063354,-0.05481701344251633,0.3168903887271881,0.7096586227416992,-0.06046377494931221,0.3225823938846588,0.7086953520774841,-0.05344885587692261,0.3217191696166992,0.7054333686828613,-0.048712585121393204
19,left,0.5162683725357056,0.8037001490592957,3.101111900605247e-08,0.5350058078765869,0.7737850546836853,-0.02568499743938446,0.5431605577468872,0.7438924312591553,-0.04295121505856514,0.5557809472084045,0.7299370765686035,-0.055933065712451935,0.5730103850364685,0.7340749502182007,-0.06884099543094635,0.5009119510650635,0.7768235802650452,-0.04825262725353241,0.47264206409454346,0.7786739468574524,-0.06803461164236069,0.4487975239753723,0.7759308815002441,-0.08143623173236847,0.4251985549926758,0.7681523561477661,-0.09084085375070572,0.4757935702800751,0.7741196155548096,-0.0409969724714756,0.44068774580955505,0.7690086960792542,-0.05647624656558037,0.4171026349067688,0.7602605819702148,-0.06453889608383179,0.3960111439228058,0.7497773766517639,-0.07183647155761719,0.4570176303386688,0.7676823735237122,-0.03364156559109688,0.4231974184513092,0.7568358182907104,-0.04532742500305176,0.40457478165626526,0.7442840337753296,-0.05004655569791794,0.38798025250434875,0.730726957321167,-0.05372673273086548,0.44385021924972534,0.7608767747879028,-0.02820035070180893,0.4200763702392578,0.7485021948814392,-0.03377348557114601,0.40513256192207336,0.7371827960014343,-0.03424500674009323,0.3913365602493286,0.7236400246620178,-0.035545263439416885
20,right,0.24754981696605682,0.6773049831390381,-2.0197221672901833e-08,0.2488897740840912,0.6398170590400696,-0.009048187173902988,0.2602444589138031,0.6074944138526917,-0.01730506680905819,0.27487054467201233,0.5821496844291687,-0.02369440160691738,0.2848905622959137,0.5567288994789124,-0.031267985701560974,0.24433819949626923,0.639593780040741,-0.027265280485153198,0.24960708618164062,0.6444700956344604,-0.035314202308654785,0.25980842113494873,0.6399028897285461,-0.043395571410655975,0.2690201997756958,0.6374562382698059,-0.04996316134929657,0.2443053126335144,0.6766191124916077,-0.029139112681150436,0.2574378550052643,0.6764575839042664,-0.03647080063819885,0.27024391293525696,0.6684427857398987,-0.04487178474664688,0.28068652749061584,0.6628143191337585,-0.05436116084456444,0.24699677526950836,0.7030274271965027,-0.02989978902041912,0.2646263837814331,0.7040754556655884,-0.04116150736808777,0.27887508273124695,0.6960975527763367,-0.04812583699822426,0.29038023948669434,0.6894535422325134,-0.05398024246096611,0.2511364817619324,0.7208919525146484,-0.030250977724790573,0.2711948752403259,0.7132673263549805,-0.03880897909402847,0.2834945023059845,0.7048218846321106,-0.039629094302654266,0.2944166958332062,0.6989287734031677,-0.04131579026579857
20,left,0.506675660610199,0.7965600490570068,3.4572457252579625e-07,0.5297266840934753,0.7655185461044312,-0.0361635759472847,0.5392603278160095,0.7398489117622375,-0.06011218577623367,0.5504579544067383,0.7369291186332703,-0.07719716429710388,0.5694920420646667,0.7423171997070312,-0.09404878318309784,0.4927119314670563,0.7808935642242432,-0.0659981518983841,0.4629679322242737,0.7817034125328064,-0.08735347539186478,0.4384521245956421,0.7798794507980347,-0.09988848865032196,0.41591310501098633,0.7770788073539734,-0.1082523837685585,0.46765127778053284,0.7857927083969116,-0.054255638271570206,0.4339817762374878,0.7715163230895996,-0.07171200960874557,0.4108044505119324,0.7540796995162964,-0.07999418675899506,0.3916369080543518,0.7414715886116028,-0.08651911467313766,0.4511836767196655,0.7832390069961548,-0.04246643930673599,0.42119300365448,0.7665749788284302,-0.05530315265059471,0.40180498361587524,0.7474266886711121,-0.063198022544384,0.3852958083152771,0.7336217164993286,-0.06878302991390228,0.4412521719932556,0.7785030603408813,-0.0329972468316555,0.4202965199947357,0.7647029161453247,-0.041047897189855576,0.40520673990249634,0.7519411444664001,-0.044996924698352814,0.3913140296936035,0.7401086091995239,-0.0483524315059185
21,right,0.180545836687088,0.764227032661438,4.3360833501537854e-07,0.20697814226150513,0.7104896903038025,-0.011764755472540855,0.23328956961631775,0.6640708446502686,-0.02463797852396965,0.24448233842849731,0.6297054290771484,-0.03527016192674637,0.2431684285402298,0.5947325229644775,-0.04557119682431221,0.18741799890995026,0.6766743063926697,-0.04041549190878868,0.19836264848709106,0.6747902631759644,-0.06129505857825279,0.21939054131507874,0.6793382167816162,-0.07560088485479355,0.24202805757522583,0.6833860874176025,-0.08426356315612793,0.17953595519065857,0.7233268618583679,-0.04429810121655464,0.23885709047317505,0.733161449432373,-0.064243383705616,0.28369471430778503,0.7404975295066833,-0.07308698445558548,0.3210502564907074,0.7437294721603394,-0.07962388545274734,0.18275105953216553,0.7675595879554749,-0.04744834080338478,0.24727192521095276,0.7808509469032288,-0.0657932385802269,0.2836853265762329,0.7762690186500549,-0.06708493828773499,0.30679529905319214,0.7654373049736023,-0.06648455560207367,0.1935466229915619,0.8040717840194702,-0.0510399267077446,0.24631814658641815,0.8110994100570679,-0.05998493358492851,0.2722097635269165,0.8022932410240173,-0.056159526109695435,0.28726065158843994,0.7881441116333008,-0.05317940562963486
21,left,0.5103476643562317,0.7947522401809692,4.1781450477174076e-07,0.5328761339187622,0.7625132203102112,-0.04299585893750191,0.5424370765686035,0.7437338829040527,-0.07131631672382355,0.5552260875701904,0.7427749633789062,-0.09195712953805923,0.5762600302696228,0.7423484325408936,-0.11234791576862335,0.49746689200401306,0.7859123945236206,-0.07454090565443039,0.4689951539039612,0.7846727967262268,-0.09905540198087692,0.44378262758255005,0.7792131304740906,-0.1139422357082367,0.42093321681022644,0.7727234959602356,-0.12380187213420868,0.47235819697380066,0.79188472032547,-0.06061241403222084,0.4406343698501587,0.7802838683128357,-0.07883710414171219,0.41685813665390015,0.7625187635421753,-0.08669737726449966,0.39675793051719666,0.748059868812561,-0.09297426789999008,0.4565539062023163,0.7889646887779236,-0.04731402173638344,0.4282829761505127,0.7746196985244751,-0.061525244265794754,0.4066932499408722,0.7556966543197632,-0.0691499188542366,0.3885871171951294,0.7406352162361145,-0.07452953606843948,0.4478601813316345,0.7820428609848022,-0.03702561929821968,0.4276424050331116,0.7692498564720154,-0.046184781938791275,0.4115616977214813,0.7559312582015991,-0.050533562898635864,0.39783865213394165,0.7425863742828369,-0.05417539179325104
22,right,0.1917438954114914,0.7882871627807617,3.1736914252178394e-07,0.22474579513072968,0.7183602452278137,-0.016350410878658295,0.24424153566360474,0.6684549450874329,-0.031428176909685135,0.2441077083349228,0.6393132209777832,-0.04441012814640999,0.2383360117673874,0.6107762455940247,-0.056955307722091675,0.1921265572309494,0.6896199584007263,-0.04329284280538559,0.19236454367637634,0.6869412660598755,-0.06715044379234314,0.2105170339345932,0.6907789707183838,-0.08549179136753082,0.23166367411613464,0.6957346796989441,-0.09825939685106277,0.17829394340515137,0.7361975908279419,-0.04760747775435448,0.2288263738155365,0.7458266019821167,-0.07260008901357651,0.2753324508666992,0.7495037913322449,-0.08440890908241272,0.31324195861816406,0.7521620988845825,-0.09362046420574188,0.17756126821041107,0.7833893895149231,-0.051985014230012894,0.23787079751491547,0.7976462841033936,-0.07399988919496536,0.2734830975532532,0.78890460729599,-0.07436008006334305,0.2965675890445709,0.7798286080360413,-0.07433616369962692,0.18650205433368683,0.8232818245887756,-0.05792964994907379,0.23423536121845245,0.8292826414108276,-0.07236805558204651,0.2612428069114685,0.8166776299476624,-0.06929425895214081,0.2783035635948181,0.8021769523620605,-0.06685269623994827
22,left,0.5151403546333313,0.7975424528121948,4.908253004032304e-07,0.534514307975769,0.7606736421585083,-0.04345168173313141,0.5407794713973999,0.743277907371521,-0.07299582660198212,0.5539688467979431,0.743216872215271,-0.094619981944561,0.5759921669960022,0.7417064309120178,-0.11640692502260208,0.49737656116485596,0.7901768684387207,-0.07971346378326416,0.46648621559143066,0.788019597530365,-0.10625763982534409,0.44074034690856934,0.7839641571044922,-0.12233353406190872,0.418096661567688,0.7797808051109314,-0.13310204446315765,0.47325095534324646,0.7982645630836487,-0.06619298458099365,0.4382287263870239,0.7821499109268188,-0.08656852692365646,0.4140530228614807,0.7620227336883545,-0.09539437294006348,0.39413517713546753,0.7460195422172546,-0.10246049612760544,0.45771849155426025,0.7961821556091309,-0.053150855004787445,0.42837467789649963,0.7751543521881104,-0.06752026826143265,0.40726330876350403,0.7544296383857727,-0.07548675686120987,0.39055898785591125,0.7381874918937683,-0.08180011808872223,0.4488351047039032,0.7882298231124878,-0.04323693364858627,0.4289701581001282,0.7686724066734314,-0.052575066685676575,0.41361311078071594,0.7539512515068054,-0.057843998074531555,0.40028199553489685,0.7404851317405701,-0.06264402717351913
23,right,0.15715856850147247,0.8215577006340027,4.493956851092662e-07,0.18306675553321838,0.7574689984321594,-0.009227742440998554,0.22000253200531006,0.6944558024406433,-0.020672110840678215,0.23964950442314148,0.6487154960632324,-0.029486460611224174,0.24025529623031616,0.607702910900116,-0.03718050569295883,0.18042898178100586,0.6914554834365845,-0.039783775806427,0.1959116905927658,0.6841719746589661,-0.06263043731451035,0.21432621777057648,0.6874887347221375,-0.07726366817951202,0.23095344007015228,0.6888257265090942,-0.08456319570541382,0.17292295396327972,0.7397638559341431,-0.04328586906194687,0.24182568490505219,0.7518029808998108,-0.06149577349424362,0.28753888607025146,0.7580388784408569,-0.06860794872045517,0.32114866375923157,0.7576707005500793,-0.07298748195171356,0.17762327194213867,0.7893508076667786,-0.04596010223031044,0.24506250023841858,0.7975894212722778,-0.06248591095209122,0.2841958701610565,0.7918426394462585,-0.06469102203845978,0.30689290165901184,0.7798104286193848,-0.06353917717933655,0.19031214714050293,0.8314810991287231,-0.04851888492703438,0.24538631737232208,0.8312895894050598,-0.05528523772954941,0.27181002497673035,0.822956919670105,-0.051371101289987564,0.28773486614227295,0.8087213635444641,-0.04725029692053795
23,left,0.5216307640075684,0.8052641749382019,2.3210984068100515e-07,0.5406902432441711,0.7723098993301392,-0.03235752135515213,0.5479385256767273,0.7463446855545044,-0.05478281527757645,0.5591041445732117,0.7381698489189148,-0.07119213789701462,0.5792876482009888,0.7451002597808838,-0.08757226169109344,0.5033038258552551,0.7843781113624573,-0.06178157404065132,0.4730347990989685,0.7880940437316895,-0.0844278633594513,0.44732367992401123,0.7831896543502808,-0.09842942655086517,0.423153281211853,0.7771194577217102,-0.10780444741249084,0.47847720980644226,0.7865281105041504,-0.051805704832077026,0.44062528014183044,0.7770015597343445,-0.07050470262765884,0.4154791235923767,0.7606070637702942,-0.07878205925226212,0.39418160915374756,0.7470120787620544,-0.08515587449073792,0.4617752134799957,0.7830528616905212,-0.04164135828614235,0.4282877445220947,0.7707768678665161,-0.05542738735675812,0.4086059331893921,0.7529475688934326,-0.0620504729449749,0.3912108242511749,0.7378977537155151,-0.06640136241912842,0.4523414969444275,0.7774593234062195,-0.03362010419368744,0.4301162362098694,0.7663429379463196,-0.04126552492380142,0.41490593552589417,0.7552396059036255,-0.04365035891532898,0.40062129497528076,0.7441839575767517,-0.04582349956035614
24,right,0.17534372210502625,0.8017563223838806,3.4197142895209254e-07,0.2120872586965561,0.7395876049995422,-0.013225647620856762,0.24118106067180634,0.6862550377845764,-0.025871066376566887,0.24572357535362244,0.6475189924240112,-0.036133263260126114,0.24154214560985565,0.6127734780311584,-0.04540657624602318,0.18580877780914307,0.6919842958450317,-0.03891504928469658,0.191242977976799,0.684167206287384,-0.06019413098692894,0.20745089650154114,0.6861220002174377,-0.07497048377990723,0.2261936366558075,0.6912354826927185,-0.08445340394973755,0.17716099321842194,0.7364155650138855,-0.04223811626434326,0.23241376876831055,0.7474175095558167,-0.06304915249347687,0.2766323983669281,0.7506667375564575,-0.07221122831106186,0.3143293857574463,0.7522204518318176,-0.07967185229063034,0.17905806005001068,0.7794911861419678,-0.04548819363117218,0.23696966469287872,0.7963127493858337,-0.06492907553911209,0.27369099855422974,0.7917729020118713,-0.06776668131351471,0.30170750617980957,0.7851117849349976,-0.06897483021020889,0.1882280558347702,0.8167033791542053,-0.0496656559407711,0.23371875286102295,0.8260408639907837,-0.06074336916208267,0.2573363780975342,0.8188970685005188,-0.05955806374549866,0.2758760452270508,0.808089554309845,-0.058553148061037064
24,left,0.5160673260688782,0.7992091178894043,4.1376353010491584e-07,0.5384540557861328,0.7679504156112671,-0.04168348014354706,0.5474602580070496,0.7458271980285645,-0.06931542605161667,0.5588842034339905,0.7423173785209656,-0.08901835978031158,0.5772753953933716,0.7445998787879944,-0.10845360904932022,0.5023694038391113,0.7891466021537781,-0.07597428560256958,0.4726967215538025,0.7858182191848755,-0.1008501648902893,0.4475356638431549,0.7828206419944763,-0.11583071202039719,0.42435699701309204,0.7804754972457886,-0.12552767992019653,0.4776180684566498,0.7962163090705872,-0.06193837150931358,0.44425517320632935,0.7805682420730591,-0.08124928921461105,0.42038002610206604,0.7618232369422913,-0.08933228254318237,0.4006408452987671,0.7479497194290161,-0.09547830373048782,0.46160492300987244,0.7936912775039673,-0.04812170937657356,0.43232619762420654,0.777326226234436,-0.062033332884311676,0.41152411699295044,0.7579078674316406,-0.06900087743997574,0.3941141664981842,0.7429493069648743,-0.07392324507236481,0.4527590274810791,0.7868291139602661,-0.03718344122171402,0.43242600560188293,0.7726553678512573,-0.0461995005607605,0.41672348976135254,0.7603971362113953,-0.05015219748020172,0.40253666043281555,0.7488294243812561,-0.053323257714509964
25,right,0.19431337714195251,0.7986140251159668,3.112748743205884e-07,0.23009027540683746,0.7368608117103577,-0.017504608258605003,0.2515781819820404,0.6859610676765442,-0.032055631279945374,0.2517300844192505,0.650154709815979,-0.04406053200364113,0.24544039368629456,0.6112073063850403,-0.05484342575073242,0.1960272192955017,0.6852548122406006,-0.0421866774559021,0.19731470942497253,0.6782068610191345,-0.06402140110731125,0.21629758179187775,0.6835403442382812,-0.07926347106695175,0.238969087600708,0.6936665773391724,-0.08976682275533676,0.1798684448003769,0.7263681888580322,-0.04518290236592293,0.2335517555475235,0.7406491637229919,-0.07044843584299088,0.2780156135559082,0.7504171133041382,-0.08087468892335892,0.3137762248516083,0.7584946751594543,-0.08832122385501862,0.1766609400510788,0.7722412347793579,-0.04848348721861839,0.23940984904766083,0.796414315700531,-0.07080671191215515,0.273453950881958,0.7920883297920227,-0.07134276628494263,0.29569631814956665,0.7850180864334106,-0.07110081613063812,0.1838335543870926,0.8127893805503845,-0.053392719477415085,0.2345334142446518,0.828517496585846,-0.068783700466156,0.260537326335907,0.8184260129928589,-0.06745947897434235,0.27605995535850525,0.8044552803039551,-0.06582854688167572
25,left,0.5180712938308716,0.7961143255233765,4.481036910419789e-07,0.5365903377532959,0.7629849314689636,-0.03892143815755844,0.5440300107002258,0.7459739446640015,-0.06581572443246841,0.5587846040725708,0.7474467754364014,-0.08578316867351532,0.5808852910995483,0.7506117224693298,-0.10564009100198746,0.5022072792053223,0.7942692041397095,-0.07119103521108627,0.47303178906440735,0.7934432625770569,-0.09445420652627945,0.44894999265670776,0.792099118232727,-0.10851409286260605,0.42714276909828186,0.7892282009124756,-0.11807563900947571,0.47694021463394165,0.8012444376945496,-0.05945815145969391,0.44449687004089355,0.7866286635398865,-0.07573682814836502,0.4218223989009857,0.768819272518158,-0.08268952369689941,0.402523398399353,0.7542899250984192,-0.08885012567043304,0.4609326124191284,0.7982832789421082,-0.048089392483234406,0.43365976214408875,0.7778918147087097,-0.058809321373701096,0.41407936811447144,0.7596635222434998,-0.06466527283191681,0.3981110751628876,0.7457595467567444,-0.06995983421802521,0.4522009491920471,0.7900492548942566,-0.039709825068712234,0.4338877499103546,0.7718365788459778,-0.04612632468342781,0.4188898801803589,0.7583147883415222,-0.04918055981397629,0.40552353858947754,0.7461934089660645,-0.05253005772829056
26,right,0.1513150930404663,0.8167423009872437,3.896755345067504e-07,0.18413740396499634,0.7624877095222473,-0.011926871724426746,0.22801241278648376,0.711459219455719,-0.021599041298031807,0.2556419372558594,0.6753939390182495,-0.028140492737293243,0.25936681032180786,0.6401553153991699,-0.03325522691011429,0.1940363198518753,0.7176728248596191,-0.03212840110063553,0.2297111600637436,0.7250444889068604,-0.046581853181123734,0.2542944550514221,0.7315168380737305,-0.053966157138347626,0.275459885597229,0.7359846234321594,-0.05717318132519722,0.18664444983005524,0.7662255764007568,-0.03237564489245415,0.25377872586250305,0.781386137008667,-0.0425938256084919,0.2958942651748657,0.7878838777542114,-0.04507770761847496,0.32918745279312134,0.7927255034446716,-0.047235194593667984,0.1862986832857132,0.8111136555671692,-0.032276444137096405,0.2515198886394501,0.826419472694397,-0.042223721742630005,0.28456005454063416,0.8231390714645386,-0.042241912335157394,0.30506277084350586,0.8160944581031799,-0.040881264954805374,0.19177375733852386,0.8512170314788818,-0.03247758373618126,0.24118781089782715,0.8598548173904419,-0.03465611860156059,0.26375049352645874,0.8562077879905701,-0.030170856043696404,0.277883380651474,0.8466984629631042,-0.027125399559736252
26,left,0.5096672773361206,0.8278201222419739,2.889521510951454e-07,0.5276975035667419,0.7930890917778015,-0.029986390843987465,0.5396612286567688,0.7668583989143372,-0.05023014917969704,0.5566862225532532,0.7557171583175659,-0.06577735394239426,0.57801353931427,0.7531917691230774,-0.08130545169115067,0.49024373292922974,0.8030358552932739,-0.04864722117781639,0.46407243609428406,0.7978673577308655,-0.06697291880846024,0.4430696964263916,0.7882888317108154,-0.07949429750442505,0.42301252484321594,0.7775970101356506,-0.08839906752109528,0.47011107206344604,0.8125359416007996,-0.040379226207733154,0.4401872754096985,0.7976622581481934,-0.057189345359802246,0.4180053174495697,0.7787069082260132,-0.06767066568136215,0.39840930700302124,0.7620295882225037,-0.07571764290332794,0.4570487439632416,0.8137494325637817,-0.03248665854334831,0.4296066462993622,0.7967885732650757,-0.04551142826676369,0.4112774133682251,0.7780349850654602,-0.05336253345012665,0.3953249156475067,0.7616272568702698,-0.0583147257566452,0.44927793741226196,0.8108298778533936,-0.026794925332069397,0.42851829528808594,0.7966400384902954,-0.03511769697070122,0.4138762354850769,0.7821959257125854,-0.03870582953095436,0.40144214034080505,0.7684729099273682,-0.04139891266822815
27,right,0,0,0,0,0,0,0,0,0,0,0,0,0,0,0,0,0,0,0,0,0,0,0,0,0,0,0,0,0,0,0,0,0,0,0,0,0,0,0,0,0,0,0,0,0,0,0,0,0,0,0,0,0,0,0,0,0,0,0,0,0,0,0
27,left,0.548620343208313,0.8444200754165649,5.097990083413606e-07,0.5488502383232117,0.8019828200340271,-0.03971335291862488,0.529353141784668,0.7805287837982178,-0.05919023975729942,0.5115126967430115,0.7644363045692444,-0.0703110620379448,0.49900510907173157,0.7523097395896912,-0.07946206629276276,0.4891994893550873,0.841143786907196,-0.05338217318058014,0.44996097683906555,0.8392602205276489,-0.07031391561031342,0.4276689887046814,0.8092210292816162,-0.08000515401363373,0.41450032591819763,0.7814525961875916,-0.08440134674310684,0.47823405265808105,0.8588600754737854,-0.03615309298038483,0.43588173389434814,0.854417085647583,-0.051761846989393234,0.4126661419868469,0.8190692067146301,-0.058907400816679,0.4010566771030426,0.789678156375885,-0.062009308487176895,0.47350454330444336,0.8637248277664185,-0.020352577790617943,0.4336260259151459,0.8596652746200562,-0.03246225416660309,0.41313308477401733,0.829312264919281,-0.03924957662820816,0.40182721614837646,0.802509605884552,-0.04171285405755043,0.4715276062488556,0.8615814447402954,-0.0072310492396354675,0.4383736550807953,0.8579670190811157,-0.014637328684329987,0.41899359226226807,0.8396955132484436,-0.018910646438598633,0.4064200818538666,0.8209794759750366,-0.0207844115793705
28,right,0,0,0,0,0,0,0,0,0,0,0,0,0,0,0,0,0,0,0,0,0,0,0,0,0,0,0,0,0,0,0,0,0,0,0,0,0,0,0,0,0,0,0,0,0,0,0,0,0,0,0,0,0,0,0,0,0,0,0,0,0,0,0
28,left,0.5695432424545288,0.9452703595161438,3.0558885555365123e-07,0.5535570383071899,0.8955020308494568,-0.020080918446183205,0.5210543274879456,0.8787878155708313,-0.030772648751735687,0.4895284175872803,0.8852526545524597,-0.03697890788316727,0.4652816653251648,0.8943069577217102,-0.04133397713303566,0.508610188961029,0.9472247362136841,-0.038582682609558105,0.45490601658821106,0.9499626159667969,-0.05548892170190811,0.4411543905735016,0.917468249797821,-0.061294496059417725,0.44438275694847107,0.8898075819015503,-0.060642413794994354,0.5031667947769165,0.9747676849365234,-0.029923729598522186,0.44831544160842896,0.9713402986526489,-0.04552097246050835,0.43464750051498413,0.9352418184280396,-0.04869188740849495,0.43836432695388794,0.9063481092453003,-0.04758112505078316,0.49706465005874634,0.9858786463737488,-0.02136857993900776,0.44744619727134705,0.9804596304893494,-0.031611330807209015,0.43398237228393555,0.9474592208862305,-0.03261598199605942,0.43458014726638794,0.9200596213340759,-0.030618740245699883,0.4918476939201355,0.9868209958076477,-0.013975978828966618,0.45311272144317627,0.9827298521995544,-0.020357349887490273,0.4382471442222595,0.9552810192108154,-0.020690739154815674,0.4369716942310333,0.9302589893341064,-0.01856095716357231
29,right,0,0,0,0,0,0,0,0,0,0,0,0,0,0,0,0,0,0,0,0,0,0,0,0,0,0,0,0,0,0,0,0,0,0,0,0,0,0,0,0,0,0,0,0,0,0,0,0,0,0,0,0,0,0,0,0,0,0,0,0,0,0,0
29,left,0,0,0,0,0,0,0,0,0,0,0,0,0,0,0,0,0,0,0,0,0,0,0,0,0,0,0,0,0,0,0,0,0,0,0,0,0,0,0,0,0,0,0,0,0,0,0,0,0,0,0,0,0,0,0,0,0,0,0,0,0,0,0
30,right,0,0,0,0,0,0,0,0,0,0,0,0,0,0,0,0,0,0,0,0,0,0,0,0,0,0,0,0,0,0,0,0,0,0,0,0,0,0,0,0,0,0,0,0,0,0,0,0,0,0,0,0,0,0,0,0,0,0,0,0,0,0,0
30,left,0,0,0,0,0,0,0,0,0,0,0,0,0,0,0,0,0,0,0,0,0,0,0,0,0,0,0,0,0,0,0,0,0,0,0,0,0,0,0,0,0,0,0,0,0,0,0,0,0,0,0,0,0,0,0,0,0,0,0,0,0,0,0
31,right,0,0,0,0,0,0,0,0,0,0,0,0,0,0,0,0,0,0,0,0,0,0,0,0,0,0,0,0,0,0,0,0,0,0,0,0,0,0,0,0,0,0,0,0,0,0,0,0,0,0,0,0,0,0,0,0,0,0,0,0,0,0,0
31,left,0,0,0,0,0,0,0,0,0,0,0,0,0,0,0,0,0,0,0,0,0,0,0,0,0,0,0,0,0,0,0,0,0,0,0,0,0,0,0,0,0,0,0,0,0,0,0,0,0,0,0,0,0,0,0,0,0,0,0,0,0,0,0
32,right,0,0,0,0,0,0,0,0,0,0,0,0,0,0,0,0,0,0,0,0,0,0,0,0,0,0,0,0,0,0,0,0,0,0,0,0,0,0,0,0,0,0,0,0,0,0,0,0,0,0,0,0,0,0,0,0,0,0,0,0,0,0,0
32,left,0,0,0,0,0,0,0,0,0,0,0,0,0,0,0,0,0,0,0,0,0,0,0,0,0,0,0,0,0,0,0,0,0,0,0,0,0,0,0,0,0,0,0,0,0,0,0,0,0,0,0,0,0,0,0,0,0,0,0,0,0,0,0
33,right,0,0,0,0,0,0,0,0,0,0,0,0,0,0,0,0,0,0,0,0,0,0,0,0,0,0,0,0,0,0,0,0,0,0,0,0,0,0,0,0,0,0,0,0,0,0,0,0,0,0,0,0,0,0,0,0,0,0,0,0,0,0,0
33,left,0,0,0,0,0,0,0,0,0,0,0,0,0,0,0,0,0,0,0,0,0,0,0,0,0,0,0,0,0,0,0,0,0,0,0,0,0,0,0,0,0,0,0,0,0,0,0,0,0,0,0,0,0,0,0,0,0,0,0,0,0,0,0
34,right,0,0,0,0,0,0,0,0,0,0,0,0,0,0,0,0,0,0,0,0,0,0,0,0,0,0,0,0,0,0,0,0,0,0,0,0,0,0,0,0,0,0,0,0,0,0,0,0,0,0,0,0,0,0,0,0,0,0,0,0,0,0,0
34,left,0,0,0,0,0,0,0,0,0,0,0,0,0,0,0,0,0,0,0,0,0,0,0,0,0,0,0,0,0,0,0,0,0,0,0,0,0,0,0,0,0,0,0,0,0,0,0,0,0,0,0,0,0,0,0,0,0,0,0,0,0,0,0
35,right,0,0,0,0,0,0,0,0,0,0,0,0,0,0,0,0,0,0,0,0,0,0,0,0,0,0,0,0,0,0,0,0,0,0,0,0,0,0,0,0,0,0,0,0,0,0,0,0,0,0,0,0,0,0,0,0,0,0,0,0,0,0,0
35,left,0,0,0,0,0,0,0,0,0,0,0,0,0,0,0,0,0,0,0,0,0,0,0,0,0,0,0,0,0,0,0,0,0,0,0,0,0,0,0,0,0,0,0,0,0,0,0,0,0,0,0,0,0,0,0,0,0,0,0,0,0,0,0
36,right,0,0,0,0,0,0,0,0,0,0,0,0,0,0,0,0,0,0,0,0,0,0,0,0,0,0,0,0,0,0,0,0,0,0,0,0,0,0,0,0,0,0,0,0,0,0,0,0,0,0,0,0,0,0,0,0,0,0,0,0,0,0,0
36,left,0,0,0,0,0,0,0,0,0,0,0,0,0,0,0,0,0,0,0,0,0,0,0,0,0,0,0,0,0,0,0,0,0,0,0,0,0,0,0,0,0,0,0,0,0,0,0,0,0,0,0,0,0,0,0,0,0,0,0,0,0,0,0
