1,right,0,0,0,0,0,0,0,0,0,0,0,0,0,0,0,0,0,0,0,0,0,0,0,0,0,0,0,0,0,0,0,0,0,0,0,0,0,0,0,0,0,0,0,0,0,0,0,0,0,0,0,0,0,0,0,0,0,0,0,0,0,0,0
1,left,0,0,0,0,0,0,0,0,0,0,0,0,0,0,0,0,0,0,0,0,0,0,0,0,0,0,0,0,0,0,0,0,0,0,0,0,0,0,0,0,0,0,0,0,0,0,0,0,0,0,0,0,0,0,0,0,0,0,0,0,0,0,0
2,right,0,0,0,0,0,0,0,0,0,0,0,0,0,0,0,0,0,0,0,0,0,0,0,0,0,0,0,0,0,0,0,0,0,0,0,0,0,0,0,0,0,0,0,0,0,0,0,0,0,0,0,0,0,0,0,0,0,0,0,0,0,0,0
2,left,0,0,0,0,0,0,0,0,0,0,0,0,0,0,0,0,0,0,0,0,0,0,0,0,0,0,0,0,0,0,0,0,0,0,0,0,0,0,0,0,0,0,0,0,0,0,0,0,0,0,0,0,0,0,0,0,0,0,0,0,0,0,0
3,right,0,0,0,0,0,0,0,0,0,0,0,0,0,0,0,0,0,0,0,0,0,0,0,0,0,0,0,0,0,0,0,0,0,0,0,0,0,0,0,0,0,0,0,0,0,0,0,0,0,0,0,0,0,0,0,0,0,0,0,0,0,0,0
3,left,0,0,0,0,0,0,0,0,0,0,0,0,0,0,0,0,0,0,0,0,0,0,0,0,0,0,0,0,0,0,0,0,0,0,0,0,0,0,0,0,0,0,0,0,0,0,0,0,0,0,0,0,0,0,0,0,0,0,0,0,0,0,0
4,right,0,0,0,0,0,0,0,0,0,0,0,0,0,0,0,0,0,0,0,0,0,0,0,0,0,0,0,0,0,0,0,0,0,0,0,0,0,0,0,0,0,0,0,0,0,0,0,0,0,0,0,0,0,0,0,0,0,0,0,0,0,0,0
4,left,0,0,0,0,0,0,0,0,0,0,0,0,0,0,0,0,0,0,0,0,0,0,0,0,0,0,0,0,0,0,0,0,0,0,0,0,0,0,0,0,0,0,0,0,0,0,0,0,0,0,0,0,0,0,0,0,0,0,0,0,0,0,0
5,right,0,0,0,0,0,0,0,0,0,0,0,0,0,0,0,0,0,0,0,0,0,0,0,0,0,0,0,0,0,0,0,0,0,0,0,0,0,0,0,0,0,0,0,0,0,0,0,0,0,0,0,0,0,0,0,0,0,0,0,0,0,0,0
5,left,0,0,0,0,0,0,0,0,0,0,0,0,0,0,0,0,0,0,0,0,0,0,0,0,0,0,0,0,0,0,0,0,0,0,0,0,0,0,0,0,0,0,0,0,0,0,0,0,0,0,0,0,0,0,0,0,0,0,0,0,0,0,0
6,right,0.43164491653442383,0.8853122591972351,2.2723851600403577e-07,0.4659087061882019,0.8606363534927368,0.0004823390336241573,0.5094015002250671,0.8553069829940796,-0.008948411792516708,0.5438539385795593,0.872355043888092,-0.020016256719827652,0.5632423758506775,0.8960707187652588,-0.0300517026335001,0.5217174887657166,0.8277942538261414,-0.025620991364121437,0.5743584632873535,0.8497971892356873,-0.04419871047139168,0.5942295789718628,0.8828942775726318,-0.05360564589500427,0.5999773740768433,0.9096486568450928,-0.05755295231938362,0.5092766880989075,0.8483360409736633,-0.034748777747154236,0.562142014503479,0.9012121558189392,-0.052214961498975754,0.5720343589782715,0.9427844882011414,-0.055052489042282104,0.5699005126953125,0.9669170379638672,-0.05512179061770439,0.4954955577850342,0.878325879573822,-0.04319888353347778,0.54057776927948,0.9285034537315369,-0.05714663490653038,0.5407698154449463,0.957687497138977,-0.05305304750800133,0.5309686660766602,0.9701931476593018,-0.04792916402220726,0.4824060797691345,0.9132454991340637,-0.05151570215821266,0.5170965790748596,0.9510859847068787,-0.057943616062402725,0.5168920159339905,0.9663634896278381,-0.05182480439543724,0.5093526244163513,0.9703660607337952,-0.04569646716117859
6,left,0,0,0,0,0,0,0,0,0,0,0,0,0,0,0,0,0,0,0,0,0,0,0,0,0,0,0,0,0,0,0,0,0,0,0,0,0,0,0,0,0,0,0,0,0,0,0,0,0,0,0,0,0,0,0,0,0,0,0,0,0,0,0
7,right,0,0,0,0,0,0,0,0,0,0,0,0,0,0,0,0,0,0,0,0,0,0,0,0,0,0,0,0,0,0,0,0,0,0,0,0,0,0,0,0,0,0,0,0,0,0,0,0,0,0,0,0,0,0,0,0,0,0,0,0,0,0,0
7,left,0,0,0,0,0,0,0,0,0,0,0,0,0,0,0,0,0,0,0,0,0,0,0,0,0,0,0,0,0,0,0,0,0,0,0,0,0,0,0,0,0,0,0,0,0,0,0,0,0,0,0,0,0,0,0,0,0,0,0,0,0,0,0
8,right,0.44991928339004517,0.7309277653694153,3.0387948868337844e-07,0.4813084304332733,0.7132483720779419,0.0021134992130100727,0.5199939012527466,0.707196056842804,-0.007109126541763544,0.5519375205039978,0.717593252658844,-0.018053751438856125,0.5744237303733826,0.7338259220123291,-0.02923845313489437,0.5303409695625305,0.6761646866798401,-0.02923564426600933,0.5786490440368652,0.6927850246429443,-0.04883626475930214,0.6029123067855835,0.7218608856201172,-0.05969462916254997,0.616245687007904,0.7487621307373047,-0.06504624336957932,0.5178195238113403,0.6884064078330994,-0.03965234011411667,0.5693293213844299,0.7352103590965271,-0.05819902941584587,0.5811569094657898,0.7810761332511902,-0.06216435506939888,0.5797061324119568,0.8100548982620239,-0.06325355172157288,0.5037088394165039,0.7123032212257385,-0.048685286194086075,0.5518364906311035,0.7577695846557617,-0.062277652323246,0.5537093877792358,0.7940090894699097,-0.05764292925596237,0.5451013445854187,0.8110582828521729,-0.05274786427617073,0.490701824426651,0.7419753074645996,-0.05744481086730957,0.5286398530006409,0.7768344283103943,-0.06316468864679337,0.5308982729911804,0.796929657459259,-0.05616327002644539,0.5239627361297607,0.8051406741142273,-0.04985857754945755
8,left,0.596946656703949,0.8734466433525085,1.8962590786486544e-07,0.6148741841316223,0.8434110283851624,-0.02324817143380642,0.6237009167671204,0.8187492489814758,-0.04146585986018181,0.6427595615386963,0.8094065189361572,-0.0563822016119957,0.6644494533538818,0.8180404901504517,-0.07212978601455688,0.5765586495399475,0.8330281972885132,-0.03600470721721649,0.5510126352310181,0.8298757076263428,-0.05118942633271217,0.5345687866210938,0.8210999965667725,-0.06273921579122543,0.5247285962104797,0.8121943473815918,-0.07010994851589203,0.5551036596298218,0.8390526175498962,-0.027965260669589043,0.5261984467506409,0.823451817035675,-0.03788892924785614,0.513321042060852,0.8093745112419128,-0.043574437499046326,0.5054355263710022,0.7997831702232361,-0.04838216304779053,0.5381544828414917,0.8434630036354065,-0.02062608115375042,0.5107861161231995,0.8235310912132263,-0.026811590418219566,0.4997774362564087,0.8095189929008484,-0.028804097324609756,0.493622362613678,0.7987991571426392,-0.030164731666445732,0.5253920555114746,0.8474399447441101,-0.015074965544044971,0.5052536129951477,0.8293748497962952,-0.016329769045114517,0.4956318140029907,0.8172392249107361,-0.01446465589106083,0.4910413920879364,0.808279812335968,-0.013426155783236027
9,right,0.43098729848861694,0.7125939130783081,3.050882639854535e-07,0.47025543451309204,0.7069672346115112,0.006123443134129047,0.5088860392570496,0.6981392502784729,-0.0011023337719962,0.5396783351898193,0.7019239068031311,-0.01149924285709858,0.5641127824783325,0.7088839411735535,-0.022079968824982643,0.5212128758430481,0.6504123210906982,-0.018226798623800278,0.5714914202690125,0.6594716310501099,-0.03630903363227844,0.5983622074127197,0.6863902807235718,-0.04672209545969963,0.6129119396209717,0.7115406394004822,-0.051966745406389236,0.5088702440261841,0.6548988819122314,-0.030440470203757286,0.5637285709381104,0.6958764791488647,-0.04693431407213211,0.5684338808059692,0.7406092286109924,-0.04853734374046326,0.562660276889801,0.7624126076698303,-0.047975149005651474,0.4951779246330261,0.6753255724906921,-0.0417790487408638,0.5466927289962769,0.7175725698471069,-0.05392427742481232,0.5443177819252014,0.7539612650871277,-0.04586268961429596,0.5336267948150635,0.767819344997406,-0.0387035608291626,0.4817684590816498,0.7031328678131104,-0.05283360183238983,0.5198115110397339,0.7366942763328552,-0.056748997420072556,0.5179359316825867,0.7553833723068237,-0.047337520867586136,0.508750855922699,0.7596454620361328,-0.03945288807153702
9,left,0.5944501757621765,0.8434272408485413,3.8572613902942976e-07,0.616912305355072,0.8083345890045166,-0.030935121700167656,0.629385232925415,0.7812906503677368,-0.054616302251815796,0.6472004652023315,0.7703167200088501,-0.0730617493391037,0.6727827787399292,0.7674243450164795,-0.09142736345529556,0.5890549421310425,0.8160227537155151,-0.06374911963939667,0.5623399615287781,0.8092566728591919,-0.08479004353284836,0.5405393838882446,0.7984128594398499,-0.09638132899999619,0.5211140513420105,0.7875580191612244,-0.10359297692775726,0.5643578767776489,0.8304887413978577,-0.05523350462317467,0.5314768552780151,0.806695282459259,-0.07235130667686462,0.5104984641075134,0.780960202217102,-0.07823744416236877,0.4966087341308594,0.7593590021133423,-0.08253543823957443,0.5470629334449768,0.8329461812973022,-0.04630083963274956,0.5164953470230103,0.8064149618148804,-0.057681385427713394,0.500714123249054,0.7807481288909912,-0.061854273080825806,0.4908040463924408,0.7589462399482727,-0.06454163789749146,0.5365349054336548,0.8285622000694275,-0.03960557281970978,0.5144124031066895,0.8051326870918274,-0.04493784159421921,0.5016677379608154,0.7848818898200989,-0.04572229087352753,0.49282485246658325,0.7658852338790894,-0.04669167846441269
10,right,0.448018878698349,0.6791060566902161,2.259107390045756e-07,0.4794897735118866,0.6615678071975708,0.004395876079797745,0.5127291083335876,0.6508821249008179,-0.004722092300653458,0.5393726825714111,0.6540482640266418,-0.015562939457595348,0.5593831539154053,0.6660565137863159,-0.027162933722138405,0.5199516415596008,0.6234265565872192,-0.031352195888757706,0.5675169825553894,0.6366588473320007,-0.05109892040491104,0.5901502370834351,0.6647261381149292,-0.0614432729780674,0.6022102236747742,0.6909729838371277,-0.06667441129684448,0.506094217300415,0.6304113864898682,-0.04161391407251358,0.5561943054199219,0.6742587089538574,-0.05802098661661148,0.5637587308883667,0.713208019733429,-0.05737125501036644,0.560860812664032,0.7348432540893555,-0.05605868622660637,0.4910818040370941,0.6488751769065857,-0.050326764583587646,0.5391786098480225,0.6899743676185608,-0.06184377148747444,0.5383431315422058,0.7199039459228516,-0.05213259160518646,0.5291831493377686,0.7335706353187561,-0.0443994402885437,0.4777310788631439,0.6717046499252319,-0.058586448431015015,0.5137455463409424,0.7030139565467834,-0.06304004043340683,0.5161469578742981,0.7190855741500854,-0.053256209939718246,0.5107535719871521,0.7253878116607666,-0.0452389121055603
10,left,0.5804111957550049,0.7980927228927612,6.869314717050656e-08,0.6011994481086731,0.763945460319519,-0.011711331084370613,0.6208271384239197,0.7428072690963745,-0.026579659432172775,0.6442788243293762,0.7379887700080872,-0.03929866477847099,0.672882616519928,0.7506756782531738,-0.053091950714588165,0.586908221244812,0.7688518166542053,-0.039786145091056824,0.5646229982376099,0.7736777663230896,-0.05786574259400368,0.5452795624732971,0.7693920731544495,-0.07170090824365616,0.5273259282112122,0.7600178122520447,-0.08077428489923477,0.5582635998725891,0.7821131348609924,-0.03778251260519028,0.5232620239257812,0.7673505544662476,-0.04851822555065155,0.5044834017753601,0.750717282295227,-0.05353260412812233,0.4907796382904053,0.7330969572067261,-0.05929611623287201,0.5363219380378723,0.784767746925354,-0.034346938133239746,0.5054590702056885,0.759268581867218,-0.04059332609176636,0.4919889569282532,0.7418510317802429,-0.04246197268366814,0.48374298214912415,0.7243137359619141,-0.0443250797688961,0.5212217569351196,0.7804920673370361,-0.03149997815489769,0.5030816197395325,0.7584664821624756,-0.03122096136212349,0.4926377236843109,0.7400195598602295,-0.027405576780438423,0.48545485734939575,0.7208974361419678,-0.025695763528347015
11,right,0.42546346783638,0.6765140891075134,2.537305192618078e-07,0.4599376916885376,0.6631249189376831,0.005220407620072365,0.4981837868690491,0.6533063054084778,-0.0031559374183416367,0.5282131433486938,0.6566554307937622,-0.014536097645759583,0.5527772903442383,0.6659253835678101,-0.02635040320456028,0.509853184223175,0.6198217868804932,-0.023426853120326996,0.5595820546150208,0.6303935050964355,-0.042789869010448456,0.5851908922195435,0.6557815074920654,-0.05269415304064751,0.5983368158340454,0.6812146902084351,-0.057249996811151505,0.4970206022262573,0.627012312412262,-0.03546803072094917,0.5532246232032776,0.6697850227355957,-0.054118044674396515,0.5596816539764404,0.712599515914917,-0.054826557636260986,0.5546655058860779,0.7341508865356445,-0.05314872786402702,0.48344236612319946,0.6476383209228516,-0.046530820429325104,0.5383723974227905,0.6896734833717346,-0.06037713214755058,0.5359486937522888,0.7242944240570068,-0.05105869099497795,0.524357795715332,0.7363739609718323,-0.04238913580775261,0.4702261686325073,0.674898087978363,-0.05740022659301758,0.5123571753501892,0.7080667614936829,-0.06265872716903687,0.5118055939674377,0.7237922549247742,-0.05351059138774872,0.5029951930046082,0.7247388958930969,-0.04548704996705055
11,left,0.5875460505485535,0.8067575097084045,3.431667039421882e-07,0.6083756685256958,0.7713004350662231,-0.024967694655060768,0.6199828386306763,0.7421595454216003,-0.044682957231998444,0.6390323638916016,0.733435869216919,-0.05962514877319336,0.6652641892433167,0.7381789684295654,-0.07468695193529129,0.5856649875640869,0.7785822153091431,-0.05850953236222267,0.5576978921890259,0.7735929489135742,-0.07778491079807281,0.5362463593482971,0.7626691460609436,-0.08856094628572464,0.5163640975952148,0.751090407371521,-0.09523692727088928,0.5598271489143372,0.7934405207633972,-0.05148262158036232,0.5255317687988281,0.7701295614242554,-0.06523382663726807,0.504618227481842,0.7453116774559021,-0.06953746825456619,0.48982131481170654,0.7257578372955322,-0.07331342250108719,0.5416823029518127,0.7969580888748169,-0.043554093688726425,0.5111169815063477,0.7693710923194885,-0.05263181030750275,0.4940124452114105,0.7441271543502808,-0.05705404654145241,0.48133140802383423,0.7242751121520996,-0.0601973682641983,0.530337393283844,0.7925518751144409,-0.03719493746757507,0.5098230242729187,0.7673131227493286,-0.04177889600396156,0.4966222643852234,0.7474032044410706,-0.042998895049095154,0.4849960207939148,0.7301021218299866,-0.04441366717219353
12,right,0.40926694869995117,0.6886258125305176,2.5172010964524816e-07,0.44976556301116943,0.675714373588562,0.006507473532110453,0.4903881251811981,0.6647597551345825,-0.00197735708206892,0.5238454341888428,0.6664085388183594,-0.013870224356651306,0.5506381988525391,0.6735010147094727,-0.025946637615561485,0.5040627717971802,0.6211667656898499,-0.02096923440694809,0.5558757781982422,0.6354790925979614,-0.040929216891527176,0.5817402601242065,0.6636113524436951,-0.05222266539931297,0.5938993692398071,0.6910666823387146,-0.05770138278603554,0.49232107400894165,0.6288332939147949,-0.03370296210050583,0.5494685769081116,0.6748176217079163,-0.05087878182530403,0.5546075105667114,0.7191405892372131,-0.05218511074781418,0.5493724942207336,0.7417706847190857,-0.05155526101589203,0.4792998135089874,0.651675820350647,-0.04548873007297516,0.5342231392860413,0.6971153616905212,-0.057423390448093414,0.5322103500366211,0.7318757772445679,-0.04853569343686104,0.5208889842033386,0.7449038624763489,-0.04103220999240875,0.4660584628582001,0.6807761788368225,-0.05710434541106224,0.5060099959373474,0.7176655530929565,-0.06060238555073738,0.507562518119812,0.7349317073822021,-0.05152751877903938,0.5018648505210876,0.7376582622528076,-0.044039517641067505
12,left,0.5855789184570312,0.8119227886199951,4.5949792593091843e-07,0.608048677444458,0.7783236503601074,-0.03364357724785805,0.6208553910255432,0.7519694566726685,-0.059458062052726746,0.638008177280426,0.740622878074646,-0.07912038266658783,0.6601055264472961,0.7415223121643066,-0.09876561909914017,0.5794793367385864,0.7856451272964478,-0.07014346122741699,0.5522527098655701,0.7783893942832947,-0.09318716078996658,0.5309207439422607,0.7684828639030457,-0.10615027695894241,0.511439859867096,0.7584742307662964,-0.11428140848875046,0.5544629096984863,0.8007572889328003,-0.06030920892953873,0.5213212966918945,0.7774115204811096,-0.0784498080611229,0.5002263188362122,0.752633273601532,-0.0845579206943512,0.4851682484149933,0.7320839762687683,-0.0892970860004425,0.5372022986412048,0.8045198917388916,-0.050119757652282715,0.5062541365623474,0.7774877548217773,-0.06281130015850067,0.489230215549469,0.7511163353919983,-0.06781824678182602,0.47738945484161377,0.7291936874389648,-0.07121935486793518,0.5265840291976929,0.8008894920349121,-0.04216044396162033,0.5045342445373535,0.7770313620567322,-0.050263311713933945,0.4906715750694275,0.7570540308952332,-0.053019773215055466,0.4793890118598938,0.738695502281189,-0.0552033856511116
13,right,0.393896222114563,0.6994481086730957,2.833750443187455e-07,0.4301651120185852,0.6698815822601318,0.006284553091973066,0.4734635055065155,0.652126133441925,-0.001919551519677043,0.5109608173370361,0.6501791477203369,-0.012758825905621052,0.5411787629127502,0.6558057069778442,-0.02358994260430336,0.4880525469779968,0.6170840263366699,-0.02566600777208805,0.5448750257492065,0.6175713539123535,-0.045999426394701004,0.5755806565284729,0.6384474039077759,-0.056735821068286896,0.592631995677948,0.6621537208557129,-0.06161973997950554,0.47837233543395996,0.6326335072517395,-0.03801504895091057,0.5425264239311218,0.6742838621139526,-0.05598042160272598,0.5524836778640747,0.7185923457145691,-0.05705483630299568,0.5486178398132324,0.7444109916687012,-0.055732619017362595,0.4676332175731659,0.6623252630233765,-0.04886985197663307,0.52607661485672,0.7059651017189026,-0.060393232852220535,0.5265927910804749,0.7369900941848755,-0.05115192010998726,0.5163255333900452,0.7492209672927856,-0.04336313158273697,0.456922709941864,0.6967713832855225,-0.05941224470734596,0.49986061453819275,0.7302554249763489,-0.06191805377602577,0.5021190047264099,0.746751606464386,-0.05167190358042717,0.4963463842868805,0.7505190968513489,-0.04312968626618385
13,left,0.582318902015686,0.812502920627594,3.9955051533979713e-07,0.6044791340827942,0.7748000025749207,-0.03215861693024635,0.6159427762031555,0.7491796612739563,-0.05597924813628197,0.6331762075424194,0.7423494458198547,-0.07435891032218933,0.6569129824638367,0.7471187710762024,-0.09248842298984528,0.5795280933380127,0.7905207872390747,-0.0647943839430809,0.5553897619247437,0.7920094728469849,-0.08653707802295685,0.5333712697029114,0.7845922112464905,-0.09900856018066406,0.5127813220024109,0.7761489152908325,-0.10700943320989609,0.553121030330658,0.806056797504425,-0.05634915828704834,0.5228849053382874,0.791528582572937,-0.07283399254083633,0.5024040937423706,0.7685619592666626,-0.07864397019147873,0.48814690113067627,0.749178946018219,-0.08340275287628174,0.5339458584785461,0.8098706603050232,-0.047790251672267914,0.5056179761886597,0.792212188243866,-0.05975039303302765,0.4894925057888031,0.7677770853042603,-0.06506883352994919,0.4780476689338684,0.747734546661377,-0.06881133466959,0.522138237953186,0.8063560724258423,-0.04161027818918228,0.5012429356575012,0.7906494736671448,-0.04855125769972801,0.4885224997997284,0.7724974155426025,-0.05075801908969879,0.47845762968063354,0.7557587623596191,-0.05284012481570244
14,right,0.40870988368988037,0.6573241353034973,2.4704209522496967e-07,0.43831223249435425,0.6294050216674805,-0.003004594473168254,0.4714736342430115,0.6105560064315796,-0.016857177019119263,0.49944981932640076,0.6126591563224792,-0.03091965802013874,0.5219048857688904,0.6231629848480225,-0.04542462155222893,0.4724915325641632,0.5748834013938904,-0.04468204081058502,0.5201765894889832,0.5688703656196594,-0.06741352379322052,0.5477735996246338,0.5874937772750854,-0.07928895205259323,0.567896842956543,0.6103522777557373,-0.08524131029844284,0.45858097076416016,0.5965343117713928,-0.05297526717185974,0.5152444243431091,0.635089635848999,-0.07433917373418808,0.5357487201690674,0.675508439540863,-0.07438696920871735,0.5397512316703796,0.7054682970046997,-0.07271446287631989,0.4462145268917084,0.6298812627792358,-0.0597391277551651,0.4995000958442688,0.6716309785842896,-0.07528755068778992,0.5047933459281921,0.7006243467330933,-0.06461934000253677,0.49699491262435913,0.7150530219078064,-0.055018868297338486,0.437477171421051,0.6663120985031128,-0.0666084885597229,0.48191380500793457,0.6945298314094543,-0.07170317322015762,0.4865055978298187,0.7089064121246338,-0.05925131216645241,0.48003509640693665,0.7164261937141418,-0.0485709048807621
14,left,0.5860001444816589,0.8114312887191772,4.7281326942538726e-07,0.6059688925743103,0.769623875617981,-0.03811611235141754,0.6158421039581299,0.7435758113861084,-0.06502674520015717,0.6318583488464355,0.7404419183731079,-0.08504784852266312,0.6562587022781372,0.7461821436882019,-0.10482794046401978,0.5789363384246826,0.7936017513275146,-0.07445090264081955,0.5543373227119446,0.7977925539016724,-0.09872875362634659,0.5314475893974304,0.7905759811401367,-0.11257734894752502,0.5101022124290466,0.7817212343215942,-0.12140262871980667,0.5544177889823914,0.8121254444122314,-0.0633530467748642,0.5213658213615417,0.798789918422699,-0.08261837810277939,0.4981495440006256,0.775854229927063,-0.08952951431274414,0.4816693663597107,0.7556191682815552,-0.0948643758893013,0.5370905995368958,0.8170992136001587,-0.052295710891485214,0.5069668889045715,0.8016171455383301,-0.06644094735383987,0.48846447467803955,0.7774404883384705,-0.07273612171411514,0.4761175513267517,0.7565387487411499,-0.0769883245229721,0.5265777111053467,0.8134598731994629,-0.04398828372359276,0.5039529204368591,0.8003904223442078,-0.05233871936798096,0.4896244406700134,0.782974123954773,-0.05548553168773651,0.4784347712993622,0.7659499049186707,-0.058273378759622574
15,right,0.4062119126319885,0.6866741180419922,2.181073028850733e-07,0.43534615635871887,0.648393988609314,0.00046436648699454963,0.45761895179748535,0.617082953453064,-0.008012491278350353,0.4744258522987366,0.6017811298370361,-0.017183810472488403,0.48829180002212524,0.5929224491119385,-0.026139400899410248,0.4528920650482178,0.5888338088989258,-0.027015812695026398,0.4728175401687622,0.5498378276824951,-0.04798959195613861,0.4914911389350891,0.553309977054596,-0.06164708733558655,0.5086278319358826,0.5663091540336609,-0.06936971098184586,0.4414837062358856,0.6112343072891235,-0.03592073172330856,0.4767027497291565,0.6131189465522766,-0.05574304983019829,0.49716174602508545,0.6395410895347595,-0.05919916555285454,0.5069712996482849,0.6618638038635254,-0.059298306703567505,0.42891836166381836,0.6435972452163696,-0.04413691535592079,0.46325239539146423,0.655318558216095,-0.05955943092703819,0.47464001178741455,0.6731531620025635,-0.05130453780293465,0.4742286205291748,0.6834571957588196,-0.042490165680646896,0.4179348945617676,0.6773867011070251,-0.05237133055925369,0.4463324248790741,0.6875331997871399,-0.06016748026013374,0.45295190811157227,0.6919190287590027,-0.050863444805145264,0.45196425914764404,0.691744327545166,-0.04137817770242691
15,left,0.5688932538032532,0.7986127734184265,5.826797888630608e-08,0.5935839414596558,0.7628433704376221,-0.011136159300804138,0.6114454865455627,0.7493172287940979,-0.02498619258403778,0.6291704177856445,0.7507988810539246,-0.03775300830602646,0.6521481871604919,0.7642022967338562,-0.05229770019650459,0.5867024660110474,0.7975490093231201,-0.03782568871974945,0.5582743883132935,0.8050934672355652,-0.055398765951395035,0.5320395827293396,0.8002557158470154,-0.06828810274600983,0.5078823566436768,0.7904319763183594,-0.07733090966939926,0.5587013959884644,0.8134852647781372,-0.039080191403627396,0.5174357295036316,0.8035286068916321,-0.05256865918636322,0.49195969104766846,0.7877766489982605,-0.06015341728925705,0.4733608663082123,0.7691149711608887,-0.0677102580666542,0.5375519394874573,0.8165357112884521,-0.03887166827917099,0.5005348920822144,0.8018900156021118,-0.04831378906965256,0.48075270652770996,0.7848434448242188,-0.05098278820514679,0.46632638573646545,0.7667919397354126,-0.05369805172085762,0.5240797996520996,0.8122159242630005,-0.03950005769729614,0.49974966049194336,0.8007240891456604,-0.04172200709581375,0.48507198691368103,0.7869580388069153,-0.03802913427352905,0.4732842743396759,0.7707775831222534,-0.037074554711580276
16,right,0.3753718435764313,0.7027458548545837,2.643753873599053e-07,0.40075719356536865,0.6564047932624817,-0.006261161994189024,0.4266091585159302,0.6120559573173523,-0.014676805585622787,0.4449827969074249,0.5787819623947144,-0.022840239107608795,0.4570270776748657,0.5493987202644348,-0.030445827171206474,0.4013406038284302,0.5961142778396606,-0.02085549384355545,0.4231572151184082,0.5746864080429077,-0.037284959107637405,0.44651612639427185,0.5738276839256287,-0.048530448228120804,0.4679603576660156,0.5813327431678772,-0.056026920676231384,0.39133220911026,0.6273331046104431,-0.026317281648516655,0.4326886236667633,0.6311900615692139,-0.04294682666659355,0.461029052734375,0.6539381146430969,-0.050111886113882065,0.4807533919811249,0.6753995418548584,-0.05532171204686165,0.38614022731781006,0.6656773090362549,-0.03179425373673439,0.4298361539840698,0.6792793869972229,-0.0462123341858387,0.445451021194458,0.6926646828651428,-0.0460304394364357,0.4506242573261261,0.700957715511322,-0.04547255486249924,0.38459891080856323,0.7049556374549866,-0.0375470407307148,0.41850894689559937,0.714304506778717,-0.04534727707505226,0.42557427287101746,0.7232707738876343,-0.04202220216393471,0.4265742599964142,0.7281134724617004,-0.03941785916686058
16,left,0.576393723487854,0.820077657699585,5.39942455191067e-08,0.5953647494316101,0.7813187837600708,-0.014506225474178791,0.6073693037033081,0.7594815492630005,-0.028506869450211525,0.6243597865104675,0.7572652101516724,-0.04049009829759598,0.6484478116035461,0.7716904282569885,-0.05367568880319595,0.5801313519477844,0.8057467937469482,-0.0395185761153698,0.5522873401641846,0.8122643828392029,-0.05746050551533699,0.527786374092102,0.8101272583007812,-0.06979810446500778,0.5032511949539185,0.8023025393486023,-0.0783233568072319,0.5532835721969604,0.8223533630371094,-0.03848382085561752,0.5140163898468018,0.8159474730491638,-0.05158108100295067,0.4900943636894226,0.8038523197174072,-0.05797065049409866,0.4712361693382263,0.7878319621086121,-0.06424614042043686,0.5327698588371277,0.8264291286468506,-0.036457668989896774,0.4961414933204651,0.8120992183685303,-0.046091530472040176,0.4774634838104248,0.7985638380050659,-0.047486063092947006,0.4626392126083374,0.7823097705841064,-0.048755764961242676,0.519027054309845,0.8230324387550354,-0.03565105050802231,0.49507588148117065,0.8104549646377563,-0.04030982777476311,0.48005974292755127,0.7988256216049194,-0.03799683600664139,0.4666528105735779,0.7836831212043762,-0.03697103261947632
17,right,0.3237021565437317,0.7221742868423462,5.037180699218879e-07,0.3489190340042114,0.6727470755577087,-0.0070581999607384205,0.3846351206302643,0.6326050758361816,-0.019095642492175102,0.41518595814704895,0.6101937890052795,-0.028389807790517807,0.43732357025146484,0.5844473838806152,-0.03693908825516701,0.36532023549079895,0.615199625492096,-0.048033300787210464,0.3920343816280365,0.5943821668624878,-0.07166764885187149,0.42209121584892273,0.5973472595214844,-0.08439918607473373,0.44862183928489685,0.6067237854003906,-0.09157592058181763,0.3538643717765808,0.6540092825889587,-0.05417900159955025,0.41361498832702637,0.6621644496917725,-0.07604184746742249,0.45030632615089417,0.682534396648407,-0.08028040826320648,0.4764142334461212,0.6995818614959717,-0.08229988068342209,0.3459225296974182,0.6995290517807007,-0.05879552289843559,0.4072277545928955,0.7188859581947327,-0.07773938775062561,0.42944321036338806,0.7307559251785278,-0.07252058386802673,0.44090142846107483,0.7329408526420593,-0.06695012003183365,0.34087514877319336,0.745265007019043,-0.06308430433273315,0.3876020908355713,0.756262481212616,-0.07408340275287628,0.4006764590740204,0.758776068687439,-0.06749436259269714,0.4067458212375641,0.7554625272750854,-0.06143789738416672
17,left,0.566940188407898,0.7990025877952576,7.235202303945698e-08,0.5899599194526672,0.767327606678009,-0.015917452052235603,0.6073208451271057,0.7587099671363831,-0.032812442630529404,0.6261265873908997,0.7635176181793213,-0.048234857618808746,0.6477453112602234,0.7796279191970825,-0.06568101048469543,0.5815596580505371,0.8084715008735657,-0.042418982833623886,0.5545940399169922,0.8204376697540283,-0.06209950894117355,0.5301887392997742,0.8186001777648926,-0.07669209688901901,0.5063751935958862,0.8119428753852844,-0.08700887858867645,0.55520099401474,0.8232969045639038,-0.042227160185575485,0.5181938409805298,0.8219411373138428,-0.05664898082613945,0.49447542428970337,0.8131531476974487,-0.06600969284772873,0.47499966621398926,0.7990463376045227,-0.07545562088489532,0.533697247505188,0.8242738842964172,-0.04110925272107124,0.4996096193790436,0.817188560962677,-0.05268678814172745,0.4799104928970337,0.8063006401062012,-0.05739873647689819,0.46384650468826294,0.7909897565841675,-0.06211097165942192,0.5190510749816895,0.8177422881126404,-0.04116599261760712,0.49725157022476196,0.8093020915985107,-0.0463525615632534,0.48337996006011963,0.799755334854126,-0.04546303302049637,0.47087427973747253,0.785849392414093,-0.046990200877189636
18,right,0.3266158103942871,0.7373208403587341,4.895218239653332e-07,0.3606933355331421,0.6872914433479309,-0.007467609364539385,0.39356324076652527,0.6408291459083557,-0.021295128390192986,0.4165821075439453,0.6065808534622192,-0.033636439591646194,0.43376749753952026,0.5721051692962646,-0.04573168605566025,0.35865747928619385,0.6190899610519409,-0.0487353689968586,0.38333654403686523,0.5972794890403748,-0.0743899717926979,0.41282305121421814,0.5997040867805481,-0.08893762528896332,0.4401499629020691,0.6095329523086548,-0.09785997867584229,0.3449088931083679,0.6544520258903503,-0.0571664534509182,0.4072822332382202,0.6625033020973206,-0.08407846093177795,0.4471313953399658,0.6806049942970276,-0.09103431552648544,0.47303706407546997,0.6972094774246216,-0.0952165275812149,0.33874624967575073,0.6978902220726013,-0.06452402472496033,0.40216460824012756,0.714474618434906,-0.0874098390340805,0.430146187543869,0.7262946367263794,-0.08448901027441025,0.44178104400634766,0.7322685718536377,-0.08062510937452316,0.3381674587726593,0.7397777438163757,-0.07196522504091263,0.38771936297416687,0.751909613609314,-0.08606135845184326,0.40738481283187866,0.7537915706634521,-0.08213728666305542,0.4148561954498291,0.7535538077354431,-0.07802344113588333
18,left,0.5776591300964355,0.8210486173629761,9.90027615443978e-08,0.5984134078025818,0.7852124571800232,-0.018276186659932137,0.6143079400062561,0.767510175704956,-0.035354454070329666,0.6294950246810913,0.7663394808769226,-0.049512963742017746,0.6518572568893433,0.7760252952575684,-0.06440693140029907,0.5836710333824158,0.8134109377861023,-0.04665595293045044,0.5579445362091064,0.8181681632995605,-0.06742238998413086,0.5332801342010498,0.8149802684783936,-0.08198308944702148,0.508739709854126,0.8066535592079163,-0.09233462810516357,0.5561849474906921,0.8258536458015442,-0.04410003498196602,0.520061731338501,0.819840133190155,-0.06118614599108696,0.4976806640625,0.8076148629188538,-0.06934615969657898,0.47925251722335815,0.7918689846992493,-0.07693493366241455,0.5343475341796875,0.8264285922050476,-0.040587496012449265,0.49925363063812256,0.8161208629608154,-0.05274459719657898,0.4812653064727783,0.8034518957138062,-0.05534037947654724,0.4667215943336487,0.7882717251777649,-0.05763751640915871,0.519435703754425,0.821283757686615,-0.03847019374370575,0.4960451126098633,0.8110998868942261,-0.044176746159791946,0.481214314699173,0.8002027273178101,-0.04281565174460411,0.4675566256046295,0.7858599424362183,-0.04287371039390564
19,right,0.3219113349914551,0.7353308796882629,4.0703400827624137e-07,0.3597255349159241,0.6863895654678345,-0.007570663932710886,0.39449748396873474,0.6404305100440979,-0.01940714381635189,0.4176769256591797,0.6053870320320129,-0.03062530979514122,0.4343867897987366,0.5694032907485962,-0.0418519452214241,0.35849905014038086,0.618635356426239,-0.03851283714175224,0.3853882849216461,0.5959581136703491,-0.060846250504255295,0.4157092571258545,0.5949661731719971,-0.07451785355806351,0.4431430697441101,0.6011540293693542,-0.08359824866056442,0.34547311067581177,0.6517124176025391,-0.04684533551335335,0.4103173315525055,0.6583012938499451,-0.07176458090543747,0.45079320669174194,0.6777116656303406,-0.07941131293773651,0.47515010833740234,0.6951011419296265,-0.08412061631679535,0.3392253816127777,0.6946235299110413,-0.05467729642987251,0.40626800060272217,0.7132328748703003,-0.07532311975955963,0.43306219577789307,0.7256677150726318,-0.07297791540622711,0.44252809882164,0.7338295578956604,-0.0699787363409996,0.3373912274837494,0.7382183074951172,-0.06295353919267654,0.38886553049087524,0.7513636946678162,-0.07563479244709015,0.4065153896808624,0.752439022064209,-0.07199264317750931,0.4109555780887604,0.7512829899787903,-0.06846713274717331
19,left,0.5726527571678162,0.8230088949203491,8.27394615043886e-08,0.5960727334022522,0.7861363887786865,-0.016222946345806122,0.613329291343689,0.7662691473960876,-0.03224955126643181,0.6292260885238647,0.7636277079582214,-0.04572661593556404,0.6522371768951416,0.7739320397377014,-0.06012005731463432,0.5839813351631165,0.812004566192627,-0.04491076618432999,0.5595770478248596,0.8157130479812622,-0.06399668008089066,0.5362399220466614,0.8133112192153931,-0.07701164484024048,0.5121387839317322,0.8070214986801147,-0.08608220517635345,0.5548127293586731,0.8265854120254517,-0.04308624938130379,0.517935037612915,0.8188873529434204,-0.05886416882276535,0.4961204528808594,0.806498110294342,-0.06585695594549179,0.47906845808029175,0.7922558784484863,-0.07231009751558304,0.5330324172973633,0.8290157914161682,-0.04001463204622269,0.4989190697669983,0.8140540719032288,-0.05105819180607796,0.4819003939628601,0.8004001975059509,-0.053224194794893265,0.4681535065174103,0.7856872081756592,-0.054924651980400085,0.5192593932151794,0.8248574137687683,-0.03807038441300392,0.4969835877418518,0.8106056451797485,-0.042079731822013855,0.4824056029319763,0.7982013821601868,-0.039508529007434845,0.4691036641597748,0.7840123176574707,-0.03862476721405983
20,right,0.3234727382659912,0.7386600375175476,4.2270639255548303e-07,0.3624240458011627,0.6884590983390808,-0.0067299422807991505,0.3965410888195038,0.6422694325447083,-0.018800096586346626,0.41788536310195923,0.6067541837692261,-0.030105192214250565,0.43329909443855286,0.5734696984291077,-0.041112177073955536,0.358583003282547,0.6203984618186951,-0.03970542922616005,0.38297876715660095,0.598008394241333,-0.0627281442284584,0.4130209982395172,0.5963885188102722,-0.07658611238002777,0.44033944606781006,0.6022216081619263,-0.08565141260623932,0.3436427116394043,0.6526607871055603,-0.04849479719996452,0.4069826900959015,0.6593418121337891,-0.0742478296160698,0.4479753077030182,0.6781266331672668,-0.08169081807136536,0.4733186960220337,0.6961631178855896,-0.0858871340751648,0.33633264899253845,0.6942943930625916,-0.056569334119558334,0.40301403403282166,0.7140921354293823,-0.07731493562459946,0.4310368597507477,0.7247881293296814,-0.07415182143449783,0.44153210520744324,0.7310153245925903,-0.07045743614435196,0.3342844247817993,0.7366811037063599,-0.06511028110980988,0.3854631185531616,0.7512070536613464,-0.07733026146888733,0.4041333794593811,0.7519845962524414,-0.07296334952116013,0.4097650349140167,0.7503974437713623,-0.068842813372612
20,left,0.5756665468215942,0.816639244556427,1.1261185761668457e-07,0.5959781408309937,0.7814462184906006,-0.015774419531226158,0.6132923364639282,0.7647367119789124,-0.031602974981069565,0.6292933225631714,0.7659581899642944,-0.04534415155649185,0.6511064767837524,0.7764848470687866,-0.06007456034421921,0.5848388075828552,0.8156229853630066,-0.04209662973880768,0.5584360361099243,0.8224801421165466,-0.061484161764383316,0.5331100225448608,0.8189125061035156,-0.07495204359292984,0.5083631873130798,0.8107000589370728,-0.08450985699892044,0.5569789409637451,0.8288488388061523,-0.040836233645677567,0.5211842060089111,0.8222233653068542,-0.05681801587343216,0.49899107217788696,0.809614360332489,-0.06414442509412766,0.48162150382995605,0.7945538759231567,-0.07093266397714615,0.5342929363250732,0.8288606405258179,-0.03866148740053177,0.5000892281532288,0.8156311511993408,-0.05012017488479614,0.48218780755996704,0.8019710183143616,-0.05206716060638428,0.4679601192474365,0.7873793840408325,-0.05367874726653099,0.5182766914367676,0.8228197693824768,-0.03774586319923401,0.49628666043281555,0.8096041679382324,-0.04267081990838051,0.48166775703430176,0.7978149056434631,-0.040574125945568085,0.46805867552757263,0.7839405536651611,-0.04000498354434967
21,right,0.3184657394886017,0.7406376004219055,3.860234301100718e-07,0.3565308749675751,0.6905747056007385,-0.006141201592981815,0.3930915892124176,0.6450692415237427,-0.017876366153359413,0.41661274433135986,0.6102772951126099,-0.029018303379416466,0.43478143215179443,0.5759011507034302,-0.040334783494472504,0.35664308071136475,0.6244887709617615,-0.03983348608016968,0.38214004039764404,0.6007815003395081,-0.06238013505935669,0.41209712624549866,0.5998051166534424,-0.07594410330057144,0.43927833437919617,0.6063241958618164,-0.08492176234722137,0.34235644340515137,0.6571812629699707,-0.04907882958650589,0.4065500795841217,0.6618902683258057,-0.07455911487340927,0.44761931896209717,0.6817915439605713,-0.08229430019855499,0.472530722618103,0.7008145451545715,-0.0868271216750145,0.3356289565563202,0.699153482913971,-0.057515423744916916,0.4011203348636627,0.7153688073158264,-0.0783291831612587,0.4308493733406067,0.7279008030891418,-0.07613332569599152,0.44361886382102966,0.7371370792388916,-0.07314151525497437,0.33302515745162964,0.7418137192726135,-0.06621607393026352,0.38183796405792236,0.75310879945755,-0.07896527647972107,0.4018525779247284,0.7554993629455566,-0.07529899477958679,0.410038560628891,0.7560167908668518,-0.07170731574296951
21,left,0.5701709985733032,0.8146755695343018,6.448641443057568e-08,0.5910394787788391,0.7758628726005554,-0.01518012024462223,0.6090572476387024,0.761658787727356,-0.031394392251968384,0.6276898980140686,0.7634790539741516,-0.04582171142101288,0.6530935168266296,0.7750757336616516,-0.06144062802195549,0.5815832614898682,0.8086045980453491,-0.03915500268340111,0.5574256777763367,0.8179124593734741,-0.057122956961393356,0.533399760723114,0.8167428374290466,-0.07068729400634766,0.5091199278831482,0.8100288510322571,-0.08071425557136536,0.5547232031822205,0.824229896068573,-0.03822118788957596,0.5182802081108093,0.8205910921096802,-0.05176299810409546,0.4951520264148712,0.8092517852783203,-0.05942634493112564,0.47699621319770813,0.793169379234314,-0.06737353652715683,0.5325825214385986,0.8265712261199951,-0.03647349029779434,0.498098224401474,0.8153394460678101,-0.04627883434295654,0.48025792837142944,0.8020704984664917,-0.04907846450805664,0.46619120240211487,0.785941481590271,-0.05207541212439537,0.5172820687294006,0.8213585615158081,-0.03590952232480049,0.4948487877845764,0.8097482919692993,-0.03882798179984093,0.4803107976913452,0.7981696724891663,-0.03610831871628761,0.4670725464820862,0.7831916809082031,-0.03594563528895378
22,right,0.3185879588127136,0.7395607233047485,4.23416992134662e-07,0.35622701048851013,0.6883623003959656,-0.006986074149608612,0.3930931091308594,0.6432700753211975,-0.019549740478396416,0.41818955540657043,0.6086653470993042,-0.031083805486559868,0.43443307280540466,0.5762258768081665,-0.042340029031038284,0.35629501938819885,0.6227419376373291,-0.04292392358183861,0.384143203496933,0.6020862460136414,-0.0667557492852211,0.4149048626422882,0.6037015318870544,-0.08129091560840607,0.44201070070266724,0.6121249198913574,-0.09091421216726303,0.3419819176197052,0.6578413844108582,-0.051882028579711914,0.40548938512802124,0.6646391153335571,-0.07862842828035355,0.4472191631793976,0.6832926869392395,-0.08692633360624313,0.4729907512664795,0.7014310956001282,-0.09209200739860535,0.33540287613868713,0.7007641792297363,-0.05988766625523567,0.40115585923194885,0.7196898460388184,-0.08132005482912064,0.42909520864486694,0.7293386459350586,-0.07888150960206985,0.4396026134490967,0.7348697185516357,-0.0758151113986969,0.3337937295436859,0.7428250908851624,-0.06828513741493225,0.3856778144836426,0.7569464445114136,-0.08117495477199554,0.40595847368240356,0.7575841546058655,-0.07736786454916,0.4133134186267853,0.7566238641738892,-0.07370942831039429
22,left,0.5663918256759644,0.8091741800308228,6.896170390291445e-08,0.5888700485229492,0.772650420665741,-0.01633215881884098,0.6087492108345032,0.7609425187110901,-0.03446771949529648,0.6285603642463684,0.7633247971534729,-0.050513070076704025,0.6532498002052307,0.7727503776550293,-0.0679873377084732,0.5815916657447815,0.8095681667327881,-0.04485515132546425,0.5574052333831787,0.8187879323959351,-0.06487938016653061,0.5335854887962341,0.8163580894470215,-0.07987123727798462,0.5106328725814819,0.808548092842102,-0.09053364396095276,0.5553826689720154,0.8264373540878296,-0.04391271620988846,0.5169619917869568,0.8196946382522583,-0.05854013189673424,0.49373868107795715,0.807379424571991,-0.06642834842205048,0.47605523467063904,0.7906487584114075,-0.07462415099143982,0.5332260727882385,0.8283956050872803,-0.041995421051979065,0.49811944365501404,0.8143822550773621,-0.05273045226931572,0.48006486892700195,0.8004544377326965,-0.05528073385357857,0.4664124846458435,0.7840230464935303,-0.05819400027394295,0.5177819132804871,0.8222926259040833,-0.041295126080513,0.49533528089523315,0.8102813363075256,-0.04504350200295448,0.4809523820877075,0.7977787256240845,-0.042259957641363144,0.4680348038673401,0.7820171117782593,-0.04209974408149719
23,right,0.317741721868515,0.7427606582641602,4.1530856265126204e-07,0.35487186908721924,0.6913774013519287,-0.006459360476583242,0.3914913237094879,0.6461969614028931,-0.018579719588160515,0.41760072112083435,0.6125624775886536,-0.02993416227400303,0.4361141324043274,0.5806606411933899,-0.041252605617046356,0.35513758659362793,0.6234968900680542,-0.04019640386104584,0.3823818862438202,0.6033735275268555,-0.06312663108110428,0.41233962774276733,0.6020995378494263,-0.07744690030813217,0.43974626064300537,0.6071665287017822,-0.08708874881267548,0.3411715030670166,0.6575915813446045,-0.04932481795549393,0.405527263879776,0.665752112865448,-0.0746404156088829,0.44677677750587463,0.6857340931892395,-0.08264968544244766,0.4726278781890869,0.7047467827796936,-0.08773788064718246,0.3344123363494873,0.7003616094589233,-0.05763724073767662,0.40156203508377075,0.719926655292511,-0.07813296467065811,0.4287945032119751,0.7306700944900513,-0.07580339908599854,0.4390339255332947,0.737089216709137,-0.07300150394439697,0.3319621682167053,0.7428231239318848,-0.06632605940103531,0.384147047996521,0.7572373151779175,-0.07885606586933136,0.40379881858825684,0.7586858868598938,-0.0752113088965416,0.41110891103744507,0.7580416202545166,-0.07173459976911545
23,left,0.5706270337104797,0.8122497200965881,8.592094502546388e-08,0.5924371480941772,0.7776047587394714,-0.014378916472196579,0.6122000217437744,0.7592847347259521,-0.02964961901307106,0.6294574737548828,0.7598345279693604,-0.04307016730308533,0.6541545987129211,0.7701665163040161,-0.057992421090602875,0.5860111713409424,0.8100106120109558,-0.04054451733827591,0.5622021555900574,0.8166725635528564,-0.05852488800883293,0.5380699038505554,0.8158624768257141,-0.07171383500099182,0.5136836767196655,0.8103013038635254,-0.08133608102798462,0.5577313899993896,0.825962245464325,-0.03990953415632248,0.5207932591438293,0.8193241953849792,-0.05471591651439667,0.4981020390987396,0.8077509999275208,-0.06308520585298538,0.4798790514469147,0.7931259870529175,-0.07110491394996643,0.535031259059906,0.8282070159912109,-0.038042373955249786,0.5006462931632996,0.813136875629425,-0.048821352422237396,0.48320430517196655,0.8004339933395386,-0.052345361560583115,0.46906471252441406,0.7871299982070923,-0.05546596646308899,0.5194206833839417,0.8230747580528259,-0.037210479378700256,0.49792593717575073,0.809495210647583,-0.04148110747337341,0.48350685834884644,0.7982561588287354,-0.039872605353593826,0.46955132484436035,0.7857334017753601,-0.040156908333301544
24,right,0.3184750974178314,0.7417657375335693,3.8197907770154416e-07,0.3562469780445099,0.6926944851875305,-0.00601842999458313,0.39372217655181885,0.6485665440559387,-0.017811454832553864,0.420236736536026,0.6162005662918091,-0.0291870329529047,0.44070085883140564,0.585993766784668,-0.04092666879296303,0.36005884408950806,0.6285967230796814,-0.03902868181467056,0.39085525274276733,0.6076865792274475,-0.062115635722875595,0.42249202728271484,0.6099642515182495,-0.07651197165250778,0.4504665732383728,0.6183468103408813,-0.08607363700866699,0.3458232283592224,0.6623450517654419,-0.04851197078824043,0.408733993768692,0.6716053485870361,-0.0747143104672432,0.4495542645454407,0.6926454901695251,-0.08343977481126785,0.4742087721824646,0.7116398811340332,-0.08864466100931168,0.33835697174072266,0.7045125961303711,-0.057205189019441605,0.4007314145565033,0.7247020602226257,-0.07874877005815506,0.4297073781490326,0.7371864318847656,-0.07793958485126495,0.4424614906311035,0.7447140216827393,-0.0757485181093216,0.33534976840019226,0.7465301156044006,-0.06611502915620804,0.38245028257369995,0.7612606883049011,-0.07977539300918579,0.40598830580711365,0.7639439105987549,-0.07724481076002121,0.4186987280845642,0.7647325992584229,-0.07430383563041687
24,left,0.5681799054145813,0.8106642961502075,1.0671429606645688e-07,0.5924738645553589,0.7749204635620117,-0.014467265456914902,0.6120428442955017,0.7607125639915466,-0.030200272798538208,0.6291399002075195,0.761386513710022,-0.044416654855012894,0.6510406732559204,0.7702109813690186,-0.06019476056098938,0.5887282490730286,0.8140069842338562,-0.04109172523021698,0.5633766651153564,0.8209119439125061,-0.05900655314326286,0.5395292043685913,0.8164247274398804,-0.07191237807273865,0.5158824920654297,0.8068800568580627,-0.08126627653837204,0.5606318712234497,0.8298349976539612,-0.04130296781659126,0.5228312611579895,0.8222901821136475,-0.056571509689092636,0.4988909661769867,0.8061964511871338,-0.06495106965303421,0.48089054226875305,0.7883437275886536,-0.07272260636091232,0.5382832884788513,0.8324832916259766,-0.04024598374962807,0.5037472248077393,0.8180027604103088,-0.051656655967235565,0.4863371253013611,0.8010309338569641,-0.05477549508213997,0.47292816638946533,0.7838720083236694,-0.057320453226566315,0.5230828523635864,0.827732264995575,-0.04026607796549797,0.501804530620575,0.8161065578460693,-0.044231146574020386,0.48828527331352234,0.8027281761169434,-0.04152514785528183,0.476723849773407,0.78806471824646,-0.04103972390294075
25,right,0.31532108783721924,0.771152138710022,1.3460780223795155e-07,0.3472897410392761,0.7289085984230042,-0.00496717682108283,0.38995248079299927,0.6907341480255127,-0.01591666042804718,0.42757856845855713,0.6681199073791504,-0.02707630582153797,0.4528507590293884,0.6456241011619568,-0.038565050810575485,0.37181493639945984,0.6653891205787659,-0.03647557646036148,0.4291995167732239,0.6627112627029419,-0.05594189465045929,0.45847398042678833,0.6880818009376526,-0.06469794362783432,0.47126293182373047,0.7128657698631287,-0.06815196573734283,0.36090928316116333,0.7012113928794861,-0.04427652433514595,0.430118203163147,0.7176142334938049,-0.058170951902866364,0.4606921970844269,0.7412870526313782,-0.05768187344074249,0.47328731417655945,0.7586842775344849,-0.05853695422410965,0.35410937666893005,0.7454048991203308,-0.051964253187179565,0.4219858646392822,0.7671311497688293,-0.06361085921525955,0.44410982728004456,0.7819631099700928,-0.059036385267972946,0.4487483501434326,0.7914906740188599,-0.0566268153488636,0.35231131315231323,0.7894119024276733,-0.05996344983577728,0.4044976532459259,0.8072013854980469,-0.06640732288360596,0.4168778657913208,0.8149074912071228,-0.06119347736239433,0.4165770709514618,0.8185445070266724,-0.05778404325246811
25,left,0.566909909248352,0.8422012329101562,3.797892418333504e-07,0.5887037515640259,0.8051168918609619,-0.026904035359621048,0.5966625213623047,0.780272901058197,-0.046380553394556046,0.5930795073509216,0.7582913041114807,-0.059050559997558594,0.5862303972244263,0.7405923008918762,-0.07101922482252121,0.5680689811706543,0.8376625180244446,-0.06658604741096497,0.5426770448684692,0.8067763447761536,-0.0857643410563469,0.5358974933624268,0.7712234258651733,-0.0944199413061142,0.5320065021514893,0.7425546646118164,-0.09861490875482559,0.5408660173416138,0.8562135100364685,-0.05705161392688751,0.516339898109436,0.8137441873550415,-0.07393964380025864,0.5186205506324768,0.7712634801864624,-0.07496210932731628,0.5246250033378601,0.7445419430732727,-0.07548931986093521,0.5190032124519348,0.8610584735870361,-0.046785809099674225,0.5003442168235779,0.8196334838867188,-0.05918145924806595,0.5052868723869324,0.7813863754272461,-0.058037906885147095,0.5139784216880798,0.757755696773529,-0.05661230906844139,0.5037218332290649,0.856689453125,-0.03818552941083908,0.4911702573299408,0.8254436254501343,-0.04721886292099953,0.4958816468715668,0.7940971851348877,-0.04856553673744202,0.5038434863090515,0.772398829460144,-0.049144111573696136
26,right,0.35065972805023193,0.8689795732498169,-2.489620385404123e-07,0.3778643012046814,0.8178786039352417,-0.003015136579051614,0.4134438931941986,0.7885971069335938,-0.008886919356882572,0.4465264081954956,0.7863904237747192,-0.015555476769804955,0.46601706743240356,0.7937793731689453,-0.02110447734594345,0.4544330835342407,0.8101871013641357,-0.010274684987962246,0.4783286452293396,0.8321228623390198,-0.023213645443320274,0.4656439423561096,0.8415824174880981,-0.033293068408966064,0.4504657983779907,0.8364086747169495,-0.03965658321976662,0.45234403014183044,0.8467279672622681,-0.016398947685956955,0.4749186336994171,0.8738040328025818,-0.024019481614232063,0.46117982268333435,0.8758110404014587,-0.02838565595448017,0.4446767568588257,0.8654448986053467,-0.03198821842670441,0.44424355030059814,0.8840781450271606,-0.022829491645097733,0.46266934275627136,0.9086853861808777,-0.02870969846844673,0.4503001868724823,0.9080804586410522,-0.026116421446204185,0.43582525849342346,0.8966789245605469,-0.02461303025484085,0.4304773211479187,0.9201962351799011,-0.029850751161575317,0.446025013923645,0.9427623152732849,-0.03321795165538788,0.4353921413421631,0.9407345056533813,-0.028228776529431343,0.4233960509300232,0.9310373663902283,-0.02375672571361065
26,left,0,0,0,0,0,0,0,0,0,0,0,0,0,0,0,0,0,0,0,0,0,0,0,0,0,0,0,0,0,0,0,0,0,0,0,0,0,0,0,0,0,0,0,0,0,0,0,0,0,0,0,0,0,0,0,0,0,0,0,0,0,0,0
27,right,0,0,0,0,0,0,0,0,0,0,0,0,0,0,0,0,0,0,0,0,0,0,0,0,0,0,0,0,0,0,0,0,0,0,0,0,0,0,0,0,0,0,0,0,0,0,0,0,0,0,0,0,0,0,0,0,0,0,0,0,0,0,0
27,left,0,0,0,0,0,0,0,0,0,0,0,0,0,0,0,0,0,0,0,0,0,0,0,0,0,0,0,0,0,0,0,0,0,0,0,0,0,0,0,0,0,0,0,0,0,0,0,0,0,0,0,0,0,0,0,0,0,0,0,0,0,0,0
28,right,0,0,0,0,0,0,0,0,0,0,0,0,0,0,0,0,0,0,0,0,0,0,0,0,0,0,0,0,0,0,0,0,0,0,0,0,0,0,0,0,0,0,0,0,0,0,0,0,0,0,0,0,0,0,0,0,0,0,0,0,0,0,0
28,left,0,0,0,0,0,0,0,0,0,0,0,0,0,0,0,0,0,0,0,0,0,0,0,0,0,0,0,0,0,0,0,0,0,0,0,0,0,0,0,0,0,0,0,0,0,0,0,0,0,0,0,0,0,0,0,0,0,0,0,0,0,0,0
29,right,0,0,0,0,0,0,0,0,0,0,0,0,0,0,0,0,0,0,0,0,0,0,0,0,0,0,0,0,0,0,0,0,0,0,0,0,0,0,0,0,0,0,0,0,0,0,0,0,0,0,0,0,0,0,0,0,0,0,0,0,0,0,0
29,left,0,0,0,0,0,0,0,0,0,0,0,0,0,0,0,0,0,0,0,0,0,0,0,0,0,0,0,0,0,0,0,0,0,0,0,0,0,0,0,0,0,0,0,0,0,0,0,0,0,0,0,0,0,0,0,0,0,0,0,0,0,0,0
30,right,0,0,0,0,0,0,0,0,0,0,0,0,0,0,0,0,0,0,0,0,0,0,0,0,0,0,0,0,0,0,0,0,0,0,0,0,0,0,0,0,0,0,0,0,0,0,0,0,0,0,0,0,0,0,0,0,0,0,0,0,0,0,0
30,left,0,0,0,0,0,0,0,0,0,0,0,0,0,0,0,0,0,0,0,0,0,0,0,0,0,0,0,0,0,0,0,0,0,0,0,0,0,0,0,0,0,0,0,0,0,0,0,0,0,0,0,0,0,0,0,0,0,0,0,0,0,0,0
31,right,0,0,0,0,0,0,0,0,0,0,0,0,0,0,0,0,0,0,0,0,0,0,0,0,0,0,0,0,0,0,0,0,0,0,0,0,0,0,0,0,0,0,0,0,0,0,0,0,0,0,0,0,0,0,0,0,0,0,0,0,0,0,0
31,left,0,0,0,0,0,0,0,0,0,0,0,0,0,0,0,0,0,0,0,0,0,0,0,0,0,0,0,0,0,0,0,0,0,0,0,0,0,0,0,0,0,0,0,0,0,0,0,0,0,0,0,0,0,0,0,0,0,0,0,0,0,0,0
32,right,0,0,0,0,0,0,0,0,0,0,0,0,0,0,0,0,0,0,0,0,0,0,0,0,0,0,0,0,0,0,0,0,0,0,0,0,0,0,0,0,0,0,0,0,0,0,0,0,0,0,0,0,0,0,0,0,0,0,0,0,0,0,0
32,left,0,0,0,0,0,0,0,0,0,0,0,0,0,0,0,0,0,0,0,0,0,0,0,0,0,0,0,0,0,0,0,0,0,0,0,0,0,0,0,0,0,0,0,0,0,0,0,0,0,0,0,0,0,0,0,0,0,0,0,0,0,0,0
33,right,0,0,0,0,0,0,0,0,0,0,0,0,0,0,0,0,0,0,0,0,0,0,0,0,0,0,0,0,0,0,0,0,0,0,0,0,0,0,0,0,0,0,0,0,0,0,0,0,0,0,0,0,0,0,0,0,0,0,0,0,0,0,0
33,left,0,0,0,0,0,0,0,0,0,0,0,0,0,0,0,0,0,0,0,0,0,0,0,0,0,0,0,0,0,0,0,0,0,0,0,0,0,0,0,0,0,0,0,0,0,0,0,0,0,0,0,0,0,0,0,0,0,0,0,0,0,0,0
34,right,0,0,0,0,0,0,0,0,0,0,0,0,0,0,0,0,0,0,0,0,0,0,0,0,0,0,0,0,0,0,0,0,0,0,0,0,0,0,0,0,0,0,0,0,0,0,0,0,0,0,0,0,0,0,0,0,0,0,0,0,0,0,0
34,left,0,0,0,0,0,0,0,0,0,0,0,0,0,0,0,0,0,0,0,0,0,0,0,0,0,0,0,0,0,0,0,0,0,0,0,0,0,0,0,0,0,0,0,0,0,0,0,0,0,0,0,0,0,0,0,0,0,0,0,0,0,0,0
35,right,0,0,0,0,0,0,0,0,0,0,0,0,0,0,0,0,0,0,0,0,0,0,0,0,0,0,0,0,0,0,0,0,0,0,0,0,0,0,0,0,0,0,0,0,0,0,0,0,0,0,0,0,0,0,0,0,0,0,0,0,0,0,0
35,left,0,0,0,0,0,0,0,0,0,0,0,0,0,0,0,0,0,0,0,0,0,0,0,0,0,0,0,0,0,0,0,0,0,0,0,0,0,0,0,0,0,0,0,0,0,0,0,0,0,0,0,0,0,0,0,0,0,0,0,0,0,0,0
36,right,0,0,0,0,0,0,0,0,0,0,0,0,0,0,0,0,0,0,0,0,0,0,0,0,0,0,0,0,0,0,0,0,0,0,0,0,0,0,0,0,0,0,0,0,0,0,0,0,0,0,0,0,0,0,0,0,0,0,0,0,0,0,0
36,left,0,0,0,0,0,0,0,0,0,0,0,0,0,0,0,0,0,0,0,0,0,0,0,0,0,0,0,0,0,0,0,0,0,0,0,0,0,0,0,0,0,0,0,0,0,0,0,0,0,0,0,0,0,0,0,0,0,0,0,0,0,0,0
