1,right,0,0,0,0,0,0,0,0,0,0,0,0,0,0,0,0,0,0,0,0,0,0,0,0,0,0,0,0,0,0,0,0,0,0,0,0,0,0,0,0,0,0,0,0,0,0,0,0,0,0,0,0,0,0,0,0,0,0,0,0,0,0,0
1,left,0,0,0,0,0,0,0,0,0,0,0,0,0,0,0,0,0,0,0,0,0,0,0,0,0,0,0,0,0,0,0,0,0,0,0,0,0,0,0,0,0,0,0,0,0,0,0,0,0,0,0,0,0,0,0,0,0,0,0,0,0,0,0
2,right,0,0,0,0,0,0,0,0,0,0,0,0,0,0,0,0,0,0,0,0,0,0,0,0,0,0,0,0,0,0,0,0,0,0,0,0,0,0,0,0,0,0,0,0,0,0,0,0,0,0,0,0,0,0,0,0,0,0,0,0,0,0,0
2,left,0,0,0,0,0,0,0,0,0,0,0,0,0,0,0,0,0,0,0,0,0,0,0,0,0,0,0,0,0,0,0,0,0,0,0,0,0,0,0,0,0,0,0,0,0,0,0,0,0,0,0,0,0,0,0,0,0,0,0,0,0,0,0
3,right,0,0,0,0,0,0,0,0,0,0,0,0,0,0,0,0,0,0,0,0,0,0,0,0,0,0,0,0,0,0,0,0,0,0,0,0,0,0,0,0,0,0,0,0,0,0,0,0,0,0,0,0,0,0,0,0,0,0,0,0,0,0,0
3,left,0,0,0,0,0,0,0,0,0,0,0,0,0,0,0,0,0,0,0,0,0,0,0,0,0,0,0,0,0,0,0,0,0,0,0,0,0,0,0,0,0,0,0,0,0,0,0,0,0,0,0,0,0,0,0,0,0,0,0,0,0,0,0
4,right,0,0,0,0,0,0,0,0,0,0,0,0,0,0,0,0,0,0,0,0,0,0,0,0,0,0,0,0,0,0,0,0,0,0,0,0,0,0,0,0,0,0,0,0,0,0,0,0,0,0,0,0,0,0,0,0,0,0,0,0,0,0,0
4,left,0,0,0,0,0,0,0,0,0,0,0,0,0,0,0,0,0,0,0,0,0,0,0,0,0,0,0,0,0,0,0,0,0,0,0,0,0,0,0,0,0,0,0,0,0,0,0,0,0,0,0,0,0,0,0,0,0,0,0,0,0,0,0
5,right,0,0,0,0,0,0,0,0,0,0,0,0,0,0,0,0,0,0,0,0,0,0,0,0,0,0,0,0,0,0,0,0,0,0,0,0,0,0,0,0,0,0,0,0,0,0,0,0,0,0,0,0,0,0,0,0,0,0,0,0,0,0,0
5,left,0,0,0,0,0,0,0,0,0,0,0,0,0,0,0,0,0,0,0,0,0,0,0,0,0,0,0,0,0,0,0,0,0,0,0,0,0,0,0,0,0,0,0,0,0,0,0,0,0,0,0,0,0,0,0,0,0,0,0,0,0,0,0
6,right,0,0,0,0,0,0,0,0,0,0,0,0,0,0,0,0,0,0,0,0,0,0,0,0,0,0,0,0,0,0,0,0,0,0,0,0,0,0,0,0,0,0,0,0,0,0,0,0,0,0,0,0,0,0,0,0,0,0,0,0,0,0,0
6,left,0,0,0,0,0,0,0,0,0,0,0,0,0,0,0,0,0,0,0,0,0,0,0,0,0,0,0,0,0,0,0,0,0,0,0,0,0,0,0,0,0,0,0,0,0,0,0,0,0,0,0,0,0,0,0,0,0,0,0,0,0,0,0
7,right,0,0,0,0,0,0,0,0,0,0,0,0,0,0,0,0,0,0,0,0,0,0,0,0,0,0,0,0,0,0,0,0,0,0,0,0,0,0,0,0,0,0,0,0,0,0,0,0,0,0,0,0,0,0,0,0,0,0,0,0,0,0,0
7,left,0,0,0,0,0,0,0,0,0,0,0,0,0,0,0,0,0,0,0,0,0,0,0,0,0,0,0,0,0,0,0,0,0,0,0,0,0,0,0,0,0,0,0,0,0,0,0,0,0,0,0,0,0,0,0,0,0,0,0,0,0,0,0
8,right,0,0,0,0,0,0,0,0,0,0,0,0,0,0,0,0,0,0,0,0,0,0,0,0,0,0,0,0,0,0,0,0,0,0,0,0,0,0,0,0,0,0,0,0,0,0,0,0,0,0,0,0,0,0,0,0,0,0,0,0,0,0,0
8,left,0,0,0,0,0,0,0,0,0,0,0,0,0,0,0,0,0,0,0,0,0,0,0,0,0,0,0,0,0,0,0,0,0,0,0,0,0,0,0,0,0,0,0,0,0,0,0,0,0,0,0,0,0,0,0,0,0,0,0,0,0,0,0
9,right,0,0,0,0,0,0,0,0,0,0,0,0,0,0,0,0,0,0,0,0,0,0,0,0,0,0,0,0,0,0,0,0,0,0,0,0,0,0,0,0,0,0,0,0,0,0,0,0,0,0,0,0,0,0,0,0,0,0,0,0,0,0,0
9,left,0,0,0,0,0,0,0,0,0,0,0,0,0,0,0,0,0,0,0,0,0,0,0,0,0,0,0,0,0,0,0,0,0,0,0,0,0,0,0,0,0,0,0,0,0,0,0,0,0,0,0,0,0,0,0,0,0,0,0,0,0,0,0
10,right,0,0,0,0,0,0,0,0,0,0,0,0,0,0,0,0,0,0,0,0,0,0,0,0,0,0,0,0,0,0,0,0,0,0,0,0,0,0,0,0,0,0,0,0,0,0,0,0,0,0,0,0,0,0,0,0,0,0,0,0,0,0,0
10,left,0,0,0,0,0,0,0,0,0,0,0,0,0,0,0,0,0,0,0,0,0,0,0,0,0,0,0,0,0,0,0,0,0,0,0,0,0,0,0,0,0,0,0,0,0,0,0,0,0,0,0,0,0,0,0,0,0,0,0,0,0,0,0
11,right,0,0,0,0,0,0,0,0,0,0,0,0,0,0,0,0,0,0,0,0,0,0,0,0,0,0,0,0,0,0,0,0,0,0,0,0,0,0,0,0,0,0,0,0,0,0,0,0,0,0,0,0,0,0,0,0,0,0,0,0,0,0,0
11,left,0.6732684969902039,0.9276870489120483,-1.4365699740892524e-08,0.6851252317428589,0.8765403032302856,-0.041839733719825745,0.6814765334129333,0.838314414024353,-0.06715616583824158,0.684120237827301,0.8050632476806641,-0.08627093583345413,0.6979732513427734,0.7772062420845032,-0.10369744151830673,0.6118756532669067,0.8779072165489197,-0.05727472901344299,0.5651923418045044,0.887823224067688,-0.08313160389661789,0.5301617980003357,0.8804939985275269,-0.10390855371952057,0.4956952631473541,0.8664695024490356,-0.11991513520479202,0.583447277545929,0.8766977787017822,-0.04666809365153313,0.5227432250976562,0.8790934085845947,-0.06753652542829514,0.48190951347351074,0.8661305904388428,-0.0826658308506012,0.4435465931892395,0.8529379367828369,-0.09600158780813217,0.563805878162384,0.8683857917785645,-0.03774004802107811,0.5045360326766968,0.8637616038322449,-0.055507756769657135,0.4707774519920349,0.849942684173584,-0.06454461812973022,0.4393746852874756,0.8361666202545166,-0.07090231776237488,0.5526006817817688,0.8556946516036987,-0.03257047384977341,0.5059001445770264,0.8450816869735718,-0.043462831526994705,0.4767463207244873,0.8335146903991699,-0.046619124710559845,0.4512694478034973,0.8208385705947876,-0.049605026841163635
12,right,0,0,0,0,0,0,0,0,0,0,0,0,0,0,0,0,0,0,0,0,0,0,0,0,0,0,0,0,0,0,0,0,0,0,0,0,0,0,0,0,0,0,0,0,0,0,0,0,0,0,0,0,0,0,0,0,0,0,0,0,0,0,0
12,left,0.6671518683433533,0.8763638734817505,-1.1003956501554057e-07,0.6822575926780701,0.8277394771575928,-0.03289659321308136,0.6867603659629822,0.7858936190605164,-0.057405855506658554,0.7005759477615356,0.7541904449462891,-0.07695800065994263,0.723395586013794,0.7368362545967102,-0.09881028532981873,0.6318050622940063,0.830814003944397,-0.06104487180709839,0.5818874835968018,0.8466201424598694,-0.08816536515951157,0.5431343913078308,0.8494234085083008,-0.11068981140851974,0.504534125328064,0.8432008624076843,-0.1277322620153427,0.6041630506515503,0.8390766382217407,-0.05556540563702583,0.5362653732299805,0.8433148264884949,-0.07724412530660629,0.49045342206954956,0.8378350138664246,-0.09902480989694595,0.4481819272041321,0.8281275629997253,-0.11943865567445755,0.5846695899963379,0.8345459699630737,-0.04927387833595276,0.5192960500717163,0.8346734046936035,-0.06777602434158325,0.4775339365005493,0.8286046385765076,-0.08301300555467606,0.44077926874160767,0.8190321326255798,-0.09632862359285355,0.5734768509864807,0.8249823451042175,-0.045112621039152145,0.5236884355545044,0.8145400881767273,-0.05571804940700531,0.49302977323532104,0.8106662034988403,-0.058959487825632095,0.4649391174316406,0.8037686347961426,-0.0642431452870369
13,right,0,0,0,0,0,0,0,0,0,0,0,0,0,0,0,0,0,0,0,0,0,0,0,0,0,0,0,0,0,0,0,0,0,0,0,0,0,0,0,0,0,0,0,0,0,0,0,0,0,0,0,0,0,0,0,0,0,0,0,0,0,0,0
13,left,0.6647868156433105,0.8714883923530579,-7.314316263773435e-08,0.6892836689949036,0.8225516080856323,-0.030011983588337898,0.6969454288482666,0.7810959815979004,-0.05313331261277199,0.7115684747695923,0.7553737163543701,-0.07144631445407867,0.7370488047599792,0.7444093227386475,-0.09113764762878418,0.6409361958503723,0.8247475624084473,-0.060110799968242645,0.5948320031166077,0.8419855237007141,-0.08610786497592926,0.5600839853286743,0.8488121628761292,-0.10617047548294067,0.5221433043479919,0.8491153717041016,-0.12038358300924301,0.6071746349334717,0.8303925395011902,-0.05444591864943504,0.540924608707428,0.8313595652580261,-0.07688810676336288,0.4986233711242676,0.8333184719085693,-0.09481419622898102,0.46027278900146484,0.8327946066856384,-0.10993163287639618,0.5835277438163757,0.8257398009300232,-0.04730311408638954,0.5227370858192444,0.8232269287109375,-0.06376262754201889,0.48506367206573486,0.8201314210891724,-0.07455018907785416,0.4529315233230591,0.8133671283721924,-0.08302570134401321,0.5704126358032227,0.8162825107574463,-0.04216662794351578,0.5262130498886108,0.8067255020141602,-0.04845136031508446,0.49662140011787415,0.8041302561759949,-0.04810018464922905,0.46999862790107727,0.7987625002861023,-0.04983256012201309
14,right,0,0,0,0,0,0,0,0,0,0,0,0,0,0,0,0,0,0,0,0,0,0,0,0,0,0,0,0,0,0,0,0,0,0,0,0,0,0,0,0,0,0,0,0,0,0,0,0,0,0,0,0,0,0,0,0,0,0,0,0,0,0,0
14,left,0.6582099199295044,0.8708535432815552,-9.308356396786621e-08,0.6867616772651672,0.8188965320587158,-0.023368418216705322,0.6993137001991272,0.7765405774116516,-0.04247448593378067,0.7175494432449341,0.7517774105072021,-0.0582556314766407,0.746638298034668,0.7462334632873535,-0.07618556916713715,0.6446092128753662,0.8262802958488464,-0.04794692248106003,0.6020843386650085,0.8417543768882751,-0.07009569555521011,0.568353533744812,0.8490700125694275,-0.08865640312433243,0.5317968726158142,0.848449170589447,-0.10221601277589798,0.6075487732887268,0.8367926478385925,-0.04499620571732521,0.5463641285896301,0.8370974063873291,-0.06352673470973969,0.5062142610549927,0.8358510136604309,-0.0816948264837265,0.47010859847068787,0.8296658396720886,-0.09812198579311371,0.5821294784545898,0.8347073793411255,-0.04037252813577652,0.5253525376319885,0.8282493352890015,-0.05472946539521217,0.4893614947795868,0.8219780921936035,-0.06648010015487671,0.458609402179718,0.8129815459251404,-0.07627276331186295,0.569067120552063,0.8257805705070496,-0.03715924546122551,0.525793194770813,0.8096065521240234,-0.04212547466158867,0.4978596568107605,0.8035794496536255,-0.04136483371257782,0.47177523374557495,0.7957783937454224,-0.04327164962887764
15,right,0.23728354275226593,0.7968535423278809,2.2335909477533278e-07,0.299358069896698,0.7790294885635376,0.003131082048639655,0.35384830832481384,0.7555192112922668,-0.0033583410549908876,0.3933306634426117,0.7394625544548035,-0.014282602816820145,0.407213032245636,0.7385430335998535,-0.0234849713742733,0.34696584939956665,0.6573565602302551,-0.006214814726263285,0.40835699439048767,0.6340453624725342,-0.024375038221478462,0.43995359539985657,0.676444411277771,-0.03732126206159592,0.4526856243610382,0.7179768085479736,-0.04298564791679382,0.33209407329559326,0.6745882034301758,-0.01749291829764843,0.3960433602333069,0.6685755848884583,-0.02868693321943283,0.4276513457298279,0.7071276903152466,-0.03342219069600105,0.43892619013786316,0.7453407049179077,-0.036287304013967514,0.319383829832077,0.706927478313446,-0.029586199671030045,0.37449702620506287,0.7344539761543274,-0.037366509437561035,0.3942236304283142,0.7723174095153809,-0.036878932267427444,0.39634329080581665,0.8039788007736206,-0.035604920238256454,0.31019654870033264,0.7495428323745728,-0.042392391711473465,0.3565857708454132,0.7835854291915894,-0.040867846459150314,0.37266823649406433,0.8116216659545898,-0.03423280268907547,0.37264490127563477,0.8371677398681641,-0.0288082305341959
15,left,0.6585086584091187,0.8560775518417358,-1.039114536638408e-07,0.6826822757720947,0.811076819896698,-0.03229431062936783,0.6917433738708496,0.7721936702728271,-0.05693160369992256,0.7085108757019043,0.7459038496017456,-0.07657673209905624,0.7256501913070679,0.7417176365852356,-0.09966552257537842,0.6400976777076721,0.8055847883224487,-0.05874798074364662,0.5892339944839478,0.8314162492752075,-0.08554405719041824,0.549898087978363,0.8428332209587097,-0.10875046253204346,0.5138422846794128,0.8440051674842834,-0.12510430812835693,0.6123490929603577,0.815727710723877,-0.05145770311355591,0.5525720119476318,0.8229951858520508,-0.07208894938230515,0.5090795159339905,0.823378324508667,-0.09364936500787735,0.4718242287635803,0.8213430047035217,-0.11343115568161011,0.5931090712547302,0.8136259913444519,-0.04327569156885147,0.535767674446106,0.812796950340271,-0.05992849916219711,0.4950444996356964,0.8114210963249207,-0.07414541393518448,0.4627613425254822,0.8072852492332458,-0.08655602484941483,0.5806857943534851,0.8076001405715942,-0.0369846448302269,0.5374537110328674,0.7975119352340698,-0.045172300189733505,0.5103060603141785,0.7969405055046082,-0.04654025286436081,0.4887760877609253,0.7926523685455322,-0.050295233726501465
16,right,0.27935296297073364,0.7307219505310059,3.328736966068391e-07,0.35406386852264404,0.7312678694725037,0.006310056895017624,0.41205480694770813,0.7156042456626892,-0.00110215216409415,0.455611914396286,0.7128887176513672,-0.013452334329485893,0.49014708399772644,0.7183048725128174,-0.02575366571545601,0.4047839045524597,0.6096391677856445,-0.011371266096830368,0.445207804441452,0.5602917671203613,-0.03508661687374115,0.479074627161026,0.5739098191261292,-0.051688067615032196,0.504263699054718,0.6025676727294922,-0.06110553443431854,0.3833339810371399,0.6109362244606018,-0.02946116402745247,0.4450623095035553,0.5804376006126404,-0.051689233630895615,0.4850207269191742,0.6031964421272278,-0.06252575665712357,0.5121172666549683,0.6376233696937561,-0.06877840310335159,0.36082711815834045,0.6363898515701294,-0.04824130982160568,0.4216066598892212,0.6512364149093628,-0.0707271546125412,0.4569781720638275,0.6879281997680664,-0.07800156623125076,0.48043450713157654,0.7231297492980957,-0.08092134445905685,0.3416774868965149,0.6789172887802124,-0.0664849653840065,0.38802438974380493,0.6986384987831116,-0.07914905995130539,0.41227537393569946,0.718257486820221,-0.07951732724905014,0.4300493597984314,0.733771800994873,-0.07903823256492615
16,left,0.6529045104980469,0.8775620460510254,3.220705764306331e-07,0.680256724357605,0.8211850523948669,-0.044380951672792435,0.6802259683609009,0.7757158279418945,-0.07396624237298965,0.6883683204650879,0.7581446766853333,-0.09553099423646927,0.7121146321296692,0.7565976977348328,-0.11845627427101135,0.6206313371658325,0.8339948654174805,-0.07923712581396103,0.5684671401977539,0.8485234975814819,-0.10266287624835968,0.5266342163085938,0.8536744713783264,-0.11844444274902344,0.4877210855484009,0.8599420189857483,-0.12947019934654236,0.5956085324287415,0.852180004119873,-0.06351401656866074,0.5291625261306763,0.8498937487602234,-0.08419191092252731,0.482042133808136,0.841583251953125,-0.09895104914903641,0.4424822926521301,0.8407655954360962,-0.11025349795818329,0.5778540372848511,0.8574576377868652,-0.046101655811071396,0.5177427530288696,0.8490537405014038,-0.057189133018255234,0.4789547920227051,0.8367648124694824,-0.06650480628013611,0.44811341166496277,0.8281452059745789,-0.07328204810619354,0.5655933618545532,0.8568363189697266,-0.03187916427850723,0.5246440172195435,0.8461419343948364,-0.03545214980840683,0.49474820494651794,0.8393558263778687,-0.0364246740937233,0.47176966071128845,0.833746075630188,-0.03820253163576126
17,right,0.3041064143180847,0.7003137469291687,3.7075778891448863e-07,0.3652387261390686,0.7134186625480652,0.010733605362474918,0.41684696078300476,0.694973886013031,0.00023381358187180012,0.45748329162597656,0.686867892742157,-0.01439970638602972,0.4900541305541992,0.6812451481819153,-0.030364466831088066,0.42442840337753296,0.5907673239707947,-0.02850230038166046,0.487016886472702,0.5524648427963257,-0.05280192196369171,0.5251093506813049,0.5536174774169922,-0.06595368683338165,0.5556777119636536,0.5654534101486206,-0.07598938047885895,0.4075281322002411,0.601371169090271,-0.05060790106654167,0.49640175700187683,0.6331969499588013,-0.08091366291046143,0.5302842855453491,0.6843928694725037,-0.09205084294080734,0.5544202923774719,0.728488564491272,-0.09725067019462585,0.38648897409439087,0.630837082862854,-0.07148171216249466,0.4772719740867615,0.6470080018043518,-0.10006444156169891,0.5168184041976929,0.6847584843635559,-0.1083073616027832,0.5470942854881287,0.7157817482948303,-0.11251430213451385,0.3682471215724945,0.6724585294723511,-0.0903087705373764,0.4111698865890503,0.6550108790397644,-0.11565729230642319,0.4400639533996582,0.650972306728363,-0.1245766133069992,0.4695698618888855,0.6489594578742981,-0.12958475947380066
17,left,0.6458525657653809,0.856224000453949,-2.7251374490333546e-07,0.673374354839325,0.8211734294891357,-0.03557991236448288,0.6767969727516174,0.7898873686790466,-0.05895073339343071,0.6853992938995361,0.7602461576461792,-0.07757803052663803,0.7056395411491394,0.7501552700996399,-0.09892921149730682,0.6119875311851501,0.8062840700149536,-0.049015581607818604,0.5664334893226624,0.8396072387695312,-0.07498045265674591,0.5306884050369263,0.8550148606300354,-0.10055532306432724,0.49597781896591187,0.8609392642974854,-0.11931118369102478,0.5830644965171814,0.8023275136947632,-0.041193656623363495,0.5223938822746277,0.825820803642273,-0.06193695589900017,0.4813331961631775,0.8383772373199463,-0.0860084518790245,0.4443443715572357,0.8442264795303345,-0.10720446705818176,0.5619359612464905,0.7912995219230652,-0.034043170511722565,0.5018830299377441,0.7957346439361572,-0.05409321188926697,0.46138814091682434,0.7924935817718506,-0.07167654484510422,0.42745059728622437,0.7871733903884888,-0.085419662296772,0.5507293939590454,0.7805705070495605,-0.02885347791016102,0.5024023652076721,0.76553875207901,-0.04003480076789856,0.47369587421417236,0.7570905685424805,-0.04287431016564369,0.4492534399032593,0.7481822967529297,-0.04709484055638313
18,right,0.30716341733932495,0.6879266500473022,4.095273595794424e-07,0.38137686252593994,0.7029165029525757,0.012889589183032513,0.43540120124816895,0.6869946718215942,0.003427314106374979,0.47378045320510864,0.677571713924408,-0.010403876192867756,0.5057637095451355,0.6768262386322021,-0.026204323396086693,0.43966060876846313,0.5848349928855896,-0.026755496859550476,0.505799412727356,0.5519667267799377,-0.04840817302465439,0.5493684411048889,0.5524039268493652,-0.06144766882061958,0.5822932720184326,0.5630080103874207,-0.07096147537231445,0.42314013838768005,0.5926123261451721,-0.04868915677070618,0.5104868412017822,0.6328694820404053,-0.0763966515660286,0.5458938479423523,0.6840261220932007,-0.08774713426828384,0.5666654109954834,0.7215980291366577,-0.09406527131795883,0.40292665362358093,0.6212502121925354,-0.06842820346355438,0.48541414737701416,0.6468912363052368,-0.0908074900507927,0.5252000689506531,0.6893466114997864,-0.09477411955595016,0.5527119636535645,0.7192791104316711,-0.09765059500932693,0.38415616750717163,0.6583357453346252,-0.08641955256462097,0.4296777546405792,0.6566227078437805,-0.10297099500894547,0.4583320617675781,0.6574095487594604,-0.10540264844894409,0.4847950041294098,0.6550268530845642,-0.10713779181241989
18,left,0.6458470821380615,0.8839081525802612,3.3116964459622977e-07,0.6635843515396118,0.8349897265434265,-0.05161617323756218,0.6647619009017944,0.7937101125717163,-0.08509794622659683,0.675488293170929,0.7651822566986084,-0.10883601754903793,0.6999147534370422,0.7553569078445435,-0.13141672313213348,0.5973133444786072,0.844511091709137,-0.08760541677474976,0.5468771457672119,0.8506945967674255,-0.11681941896677017,0.5079246163368225,0.8507164120674133,-0.1357368379831314,0.4722129702568054,0.8499463200569153,-0.14786358177661896,0.5698574185371399,0.8564770221710205,-0.06861323863267899,0.5052454471588135,0.8503805994987488,-0.0938287079334259,0.4615761637687683,0.8380672931671143,-0.10636939853429794,0.42519456148147583,0.8322775959968567,-0.11501867324113846,0.5522040724754333,0.8583751916885376,-0.04920859634876251,0.49646395444869995,0.8471497297286987,-0.06513920426368713,0.46193572878837585,0.8311744928359985,-0.07238348573446274,0.4336428642272949,0.820986270904541,-0.07628179341554642,0.5425258874893188,0.8560003638267517,-0.03362434357404709,0.5042741298675537,0.8428366780281067,-0.04027554765343666,0.4768272042274475,0.8313888907432556,-0.04116485267877579,0.4535079598426819,0.8239580392837524,-0.041774503886699677
19,right,0.3029872179031372,0.6890332698822021,3.7037267475170665e-07,0.37083199620246887,0.6870282888412476,0.018080659210681915,0.4289126992225647,0.664428174495697,0.011914637871086597,0.4707573652267456,0.6523271799087524,0.0007061014184728265,0.5048062205314636,0.6553440093994141,-0.012105494737625122,0.4416153132915497,0.5858722925186157,-0.022070832550525665,0.5133025050163269,0.5558157563209534,-0.04182259365916252,0.5570685863494873,0.5578805804252625,-0.05337775871157646,0.5892928838729858,0.5710656642913818,-0.06188661977648735,0.4258981943130493,0.5976307392120361,-0.045653317123651505,0.5132898688316345,0.6473332643508911,-0.07084985077381134,0.5471053123474121,0.7033506631851196,-0.08108381927013397,0.5675591230392456,0.745215654373169,-0.08680367469787598,0.4058939516544342,0.6279839873313904,-0.06671798974275589,0.4902198910713196,0.6581286787986755,-0.08694976568222046,0.5315610766410828,0.7043502330780029,-0.0902838408946991,0.5619097352027893,0.7385648488998413,-0.09299050271511078,0.38883087038993835,0.6646881103515625,-0.08558753877878189,0.4377666413784027,0.664880096912384,-0.09945167601108551,0.46582257747650146,0.6649040579795837,-0.1004047840833664,0.4924137592315674,0.6611197590827942,-0.10124803334474564
19,left,0.6474546194076538,0.8768298625946045,5.605356818705332e-07,0.6615947484970093,0.8183231353759766,-0.056428685784339905,0.6584572196006775,0.7803620100021362,-0.0928865596652031,0.6700138449668884,0.7640047669410706,-0.1186865046620369,0.6979244351387024,0.7551594972610474,-0.14379684627056122,0.6006254553794861,0.8437143564224243,-0.09841897338628769,0.5509998798370361,0.8449850082397461,-0.13157153129577637,0.5117736458778381,0.843417227268219,-0.15132242441177368,0.476579487323761,0.8440921306610107,-0.16339951753616333,0.5763527750968933,0.8630262017250061,-0.07874948531389236,0.5140522718429565,0.8549197316169739,-0.10863619297742844,0.466739684343338,0.8379518985748291,-0.12406127899885178,0.42898255586624146,0.8275643587112427,-0.13387219607830048,0.560215413570404,0.8683765530586243,-0.05896276235580444,0.5046694874763489,0.8576208353042603,-0.07979807257652283,0.4644239544868469,0.8379074931144714,-0.09275373071432114,0.4321470856666565,0.8244177103042603,-0.1002141460776329,0.5504366755485535,0.8672726154327393,-0.042917925864458084,0.5123427510261536,0.8570618629455566,-0.0551147423684597,0.48190563917160034,0.8448468446731567,-0.06200909987092018,0.45719456672668457,0.8339121341705322,-0.06668058037757874
20,right,0.29627180099487305,0.6955476999282837,3.571852857930935e-07,0.3696853518486023,0.6853612065315247,0.020799173042178154,0.4272524416446686,0.6666472554206848,0.013753878884017467,0.46965959668159485,0.6569191217422485,0.000896160549018532,0.5035140514373779,0.6639111042022705,-0.014218310825526714,0.448889821767807,0.6076968908309937,-0.023122062906622887,0.5173366665840149,0.5845432877540588,-0.047082263976335526,0.5623279809951782,0.5828502178192139,-0.06306567043066025,0.5984886288642883,0.5917412042617798,-0.07507123053073883,0.42954856157302856,0.6209825277328491,-0.050150834023952484,0.5162192583084106,0.6777974963188171,-0.07973697781562805,0.552881121635437,0.7329304814338684,-0.09462563693523407,0.5771525502204895,0.7779875993728638,-0.10368174314498901,0.4052307903766632,0.6494779586791992,-0.07424312084913254,0.4891590476036072,0.6858856081962585,-0.09841281175613403,0.5310825109481812,0.7321756482124329,-0.10583225637674332,0.5639317631721497,0.7696501612663269,-0.11122119426727295,0.3832911550998688,0.684149980545044,-0.09571747481822968,0.43181952834129333,0.6898815035820007,-0.11168825626373291,0.4608025848865509,0.6917153596878052,-0.11407695710659027,0.489437073469162,0.6900253891944885,-0.11645067483186722
20,left,0.6332219243049622,0.8674619197845459,-8.699617382035285e-08,0.6559397578239441,0.8200774192810059,-0.03669894114136696,0.6634405851364136,0.7809491753578186,-0.06253872811794281,0.6756030321121216,0.7533393502235413,-0.08303236961364746,0.6992687582969666,0.748862624168396,-0.10491933673620224,0.6033128499984741,0.8262506723403931,-0.06307774782180786,0.5568497180938721,0.8411085605621338,-0.08924175053834915,0.5212082862854004,0.8464162945747375,-0.10960784554481506,0.48410260677337646,0.8446086049079895,-0.12466146051883698,0.5735384821891785,0.8373253345489502,-0.0541168749332428,0.5140153765678406,0.8458866477012634,-0.07718212157487869,0.4769839942455292,0.8450745344161987,-0.09501013159751892,0.4411293864250183,0.8386999368667603,-0.1104758083820343,0.5511776804924011,0.8359537124633789,-0.044904161244630814,0.49364757537841797,0.8325923681259155,-0.062111467123031616,0.4606250822544098,0.8234080672264099,-0.07292109727859497,0.43077272176742554,0.8115639090538025,-0.08131013810634613,0.5354220867156982,0.8264317512512207,-0.038308218121528625,0.492015540599823,0.8117880821228027,-0.0453069731593132,0.4673687815666199,0.7994503974914551,-0.04583470895886421,0.44571852684020996,0.786141574382782,-0.04818444699048996
21,right,0.29515787959098816,0.7013929486274719,3.335664189307863e-07,0.357368528842926,0.6663376092910767,0.025281071662902832,0.41399866342544556,0.646209180355072,0.021975895389914513,0.4563683271408081,0.6415047645568848,0.013014071621000767,0.4893757104873657,0.654177725315094,0.0023872002493590117,0.4468945562839508,0.6156739592552185,-0.01832384057343006,0.5206049084663391,0.5963799953460693,-0.03825845569372177,0.5660529136657715,0.5999346375465393,-0.05045390501618385,0.6008458137512207,0.6097898483276367,-0.05951475724577904,0.43361446261405945,0.6352241039276123,-0.04421162232756615,0.5216878056526184,0.6874502897262573,-0.06710180640220642,0.5528838634490967,0.7425353527069092,-0.07789679616689682,0.5715631246566772,0.7844213247299194,-0.08456642180681229,0.41454437375068665,0.6672479510307312,-0.06656963378190994,0.4984810948371887,0.701546311378479,-0.08347941935062408,0.5361788868904114,0.7507824897766113,-0.08759310841560364,0.5638203620910645,0.7894648313522339,-0.0916258841753006,0.3963586390018463,0.704097330570221,-0.08617767691612244,0.444028377532959,0.7099600434303284,-0.09720197319984436,0.4694298505783081,0.7116661071777344,-0.09803760051727295,0.4940958023071289,0.7103747725486755,-0.09938585013151169
21,left,0.6452712416648865,0.8729175329208374,5.231691488916113e-07,0.6609071493148804,0.8149075508117676,-0.05775182321667671,0.6583895087242126,0.7783272862434387,-0.09537171572446823,0.6687453389167786,0.7572464346885681,-0.12182930111885071,0.6967697143554688,0.7478370666503906,-0.14743202924728394,0.5968178510665894,0.837155282497406,-0.1007658913731575,0.5486925840377808,0.8384438753128052,-0.13487061858177185,0.5102214217185974,0.8356492519378662,-0.15570028126239777,0.474562406539917,0.8338934779167175,-0.16907808184623718,0.5712677836418152,0.8564571142196655,-0.08111026138067245,0.5096526145935059,0.845180869102478,-0.11301544308662415,0.46400147676467896,0.8256800770759583,-0.12976787984371185,0.4265249967575073,0.8124194741249084,-0.14051871001720428,0.5555842518806458,0.8615721464157104,-0.06126933917403221,0.4997456669807434,0.8461588621139526,-0.08415880054235458,0.4618314206600189,0.824912428855896,-0.0978531688451767,0.43045008182525635,0.8095159530639648,-0.10549797117710114,0.54753178358078,0.8588297963142395,-0.045165177434682846,0.5088271498680115,0.8452821969985962,-0.060014959424734116,0.4784984588623047,0.830696702003479,-0.06805966794490814,0.451945960521698,0.8182575106620789,-0.07309330999851227
22,right,0.29800641536712646,0.7014433741569519,3.807404027611483e-07,0.3572717010974884,0.6561115980148315,0.02251506969332695,0.4133199453353882,0.636817455291748,0.01799931563436985,0.45534148812294006,0.634799063205719,0.008334208279848099,0.4882354736328125,0.650286853313446,-0.002831849968060851,0.4465153217315674,0.6098434329032898,-0.016787348315119743,0.5230217576026917,0.5988060235977173,-0.03369124233722687,0.5679929256439209,0.6029388904571533,-0.0426885224878788,0.6021281480789185,0.6134591102600098,-0.049440331757068634,0.43819722533226013,0.6329989433288574,-0.040616102516651154,0.5210102200508118,0.6913726925849915,-0.05950039625167847,0.5515041351318359,0.7461568713188171,-0.06678526848554611,0.5712254047393799,0.7885449528694153,-0.07123950123786926,0.42189204692840576,0.6684223413467407,-0.06137712672352791,0.5011056661605835,0.7034367322921753,-0.07548287510871887,0.5379593968391418,0.7499614357948303,-0.07667899876832962,0.5656243562698364,0.7872564792633057,-0.0789734423160553,0.4050554037094116,0.7093828916549683,-0.0797906294465065,0.4521103799343109,0.7098141312599182,-0.08797605335712433,0.47517648339271545,0.7113592624664307,-0.08530401438474655,0.4973287582397461,0.7118661999702454,-0.08396930247545242
22,left,0.6409904360771179,0.8640856742858887,-1.5332867064898892e-07,0.6600542068481445,0.8228417634963989,-0.039154455065727234,0.6632647514343262,0.7844915986061096,-0.06356005370616913,0.6761605739593506,0.7545135021209717,-0.08091740310192108,0.699849545955658,0.7464091777801514,-0.09951768815517426,0.6009708046913147,0.8246225118637085,-0.06327256560325623,0.551331102848053,0.848013162612915,-0.08667632192373276,0.51335209608078,0.8534401059150696,-0.10697309672832489,0.4766027331352234,0.8497936129570007,-0.12305070459842682,0.572899580001831,0.823125958442688,-0.05028437450528145,0.5115878582000732,0.8424051403999329,-0.06876005232334137,0.4759328365325928,0.847814679145813,-0.08630753308534622,0.4418436884880066,0.8457661271095276,-0.10349424928426743,0.5530099272727966,0.8131105899810791,-0.036951955407857895,0.49376243352890015,0.8208589553833008,-0.0519084595143795,0.45982617139816284,0.8194212913513184,-0.06344577670097351,0.4312455654144287,0.8139121532440186,-0.07405854761600494,0.5401653051376343,0.7983380556106567,-0.02613821066915989,0.4955330491065979,0.7892508506774902,-0.032804448157548904,0.46898531913757324,0.7846271991729736,-0.03413752466440201,0.447081983089447,0.77785724401474,-0.03808348998427391
23,right,0.2984464168548584,0.7017732262611389,3.5638225881484686e-07,0.3593953251838684,0.6629887223243713,0.02612336538732052,0.4158794581890106,0.6463987231254578,0.022796466946601868,0.45760318636894226,0.646838903427124,0.013609890826046467,0.49039942026138306,0.6646614074707031,0.002640454564243555,0.44897133111953735,0.6139311194419861,-0.01560125220566988,0.5250747203826904,0.6013289093971252,-0.03295821323990822,0.5707834959030151,0.6053246259689331,-0.04294244572520256,0.6055062413215637,0.6146130561828613,-0.05060271918773651,0.4382556974887848,0.6347344517707825,-0.041536103934049606,0.5231544971466064,0.6923101544380188,-0.06062804535031319,0.5539999008178711,0.7464762330055237,-0.0686442032456398,0.5730956196784973,0.7872041463851929,-0.07394880056381226,0.41995564103126526,0.6687213182449341,-0.06403329968452454,0.5018772482872009,0.7037760019302368,-0.07816410064697266,0.5391591191291809,0.7517610788345337,-0.07954598218202591,0.5668405890464783,0.7894437313079834,-0.08225595951080322,0.40144863724708557,0.7083476781845093,-0.08383750170469284,0.4488254487514496,0.7110032439231873,-0.09286956489086151,0.47318366169929504,0.7125322222709656,-0.09110663831233978,0.4970533847808838,0.7119287252426147,-0.09059257805347443
23,left,0.6440556645393372,0.8703948259353638,4.374248021576932e-07,0.6593206524848938,0.8139457106590271,-0.0573219433426857,0.6538881659507751,0.7797849178314209,-0.09441804885864258,0.6624326705932617,0.7607496976852417,-0.12058611214160919,0.6914820075035095,0.7501052618026733,-0.14560376107692719,0.5956850647926331,0.8351797461509705,-0.09898654371500015,0.5473034381866455,0.839563250541687,-0.13172757625579834,0.5104432702064514,0.8388360738754272,-0.15158338844776154,0.4751657247543335,0.8382368683815002,-0.16465581953525543,0.5688978433609009,0.8518205285072327,-0.0789947435259819,0.5068144798278809,0.8456053137779236,-0.11038129031658173,0.4628360867500305,0.830353856086731,-0.12636037170886993,0.4258061647415161,0.8216221928596497,-0.1369285136461258,0.551814079284668,0.8555994629859924,-0.058841872960329056,0.4956253170967102,0.8435767292976379,-0.08132020384073257,0.45804327726364136,0.8258048892021179,-0.09426519274711609,0.4264128804206848,0.8139011859893799,-0.10149753093719482,0.5423265695571899,0.8518893718719482,-0.04243019223213196,0.5023531317710876,0.8383657336235046,-0.056193869560956955,0.4719693660736084,0.8245537281036377,-0.06372342258691788,0.4454399347305298,0.812800407409668,-0.06878846138715744
24,right,0.2994457483291626,0.703648030757904,3.687801211071928e-07,0.3601151704788208,0.6613109111785889,0.022651027888059616,0.4181247055530548,0.6430936455726624,0.01813485287129879,0.4615243673324585,0.6408193707466125,0.008228383958339691,0.49542587995529175,0.6562467813491821,-0.0031610876321792603,0.45041701197624207,0.6127619743347168,-0.015683544799685478,0.5258519649505615,0.6030563712120056,-0.03226226940751076,0.570695161819458,0.6058505773544312,-0.041129473596811295,0.6047936081886292,0.6141514778137207,-0.048172712326049805,0.4410759210586548,0.6345284581184387,-0.040253959596157074,0.5244001150131226,0.6933339238166809,-0.05950263515114784,0.5540964603424072,0.7483956217765808,-0.06692145764827728,0.5727576613426208,0.7908517122268677,-0.07132928818464279,0.4233887493610382,0.669404149055481,-0.06181149557232857,0.5041781663894653,0.7041012644767761,-0.07630624622106552,0.5404914617538452,0.7521005272865295,-0.07699756324291229,0.5679029226303101,0.790453314781189,-0.07882528752088547,0.4047722816467285,0.709808886051178,-0.0810975581407547,0.4519208073616028,0.7103452086448669,-0.09008102118968964,0.4762362837791443,0.7119214534759521,-0.08789286017417908,0.5000273585319519,0.7123231887817383,-0.08686273545026779
24,left,0.6322148442268372,0.860614538192749,-1.4756538746496517e-07,0.6521369218826294,0.8242111802101135,-0.03427378460764885,0.6593403816223145,0.7865023016929626,-0.05510622262954712,0.674777626991272,0.7540514469146729,-0.07025565207004547,0.7004570960998535,0.7466826438903809,-0.08699453622102737,0.5984455347061157,0.825873076915741,-0.048874273896217346,0.5520981550216675,0.8480362892150879,-0.06878560781478882,0.5171419382095337,0.854536235332489,-0.08832608908414841,0.48243099451065063,0.8520439863204956,-0.10384351015090942,0.5708567500114441,0.8259437084197998,-0.03840702027082443,0.5129302740097046,0.8428022265434265,-0.05199385806918144,0.4778457581996918,0.8464648127555847,-0.06931149959564209,0.4428924322128296,0.8438094854354858,-0.08687180280685425,0.5506953597068787,0.8171093463897705,-0.028087185695767403,0.49553847312927246,0.8219897150993347,-0.04008596017956734,0.4617484211921692,0.8197630047798157,-0.05225616693496704,0.4316093921661377,0.8151311278343201,-0.06340736150741577,0.5391870737075806,0.8020395636558533,-0.020078465342521667,0.4970089793205261,0.7913572192192078,-0.024426743388175964,0.47195085883140564,0.7852945923805237,-0.024539757519960403,0.44974201917648315,0.778055727481842,-0.027640141546726227
25,right,0.29598790407180786,0.7052978873252869,3.978884137723071e-07,0.3554791808128357,0.6609718203544617,0.022531766444444656,0.41542741656303406,0.6431841850280762,0.017904747277498245,0.46153488755226135,0.6434140205383301,0.008285933174192905,0.4971265494823456,0.6612637639045715,-0.0027982941828668118,0.4482053220272064,0.6126129627227783,-0.019002782180905342,0.525449275970459,0.602304220199585,-0.036127593368291855,0.5715970993041992,0.6068411469459534,-0.04567443206906319,0.6065176725387573,0.616075336933136,-0.052826933562755585,0.43714940547943115,0.6357296705245972,-0.04260013625025749,0.5249529480934143,0.6961895227432251,-0.061091527342796326,0.5576338768005371,0.7500886917114258,-0.06835821270942688,0.5780239105224609,0.7909243106842041,-0.07308341562747955,0.4190126061439514,0.6720002889633179,-0.06286365538835526,0.5030924081802368,0.7094501852989197,-0.07530609518289566,0.5413516759872437,0.7558044195175171,-0.07622814178466797,0.5690959095954895,0.7926421761512756,-0.0787743330001831,0.3999609053134918,0.7140077352523804,-0.0808449313044548,0.449616938829422,0.7215631008148193,-0.08791585266590118,0.4759659171104431,0.7262876033782959,-0.08563986420631409,0.5002728700637817,0.7286015152931213,-0.08492439240217209
25,left,0.6392711997032166,0.8770120143890381,4.981353072253114e-07,0.6559632420539856,0.8198562264442444,-0.0591898038983345,0.6568202972412109,0.7813102602958679,-0.09843450039625168,0.6687204837799072,0.7614973783493042,-0.12620753049850464,0.6964920163154602,0.7540704011917114,-0.15339940786361694,0.5943558216094971,0.8420683145523071,-0.10408401489257812,0.5476744771003723,0.8420298099517822,-0.13750343024730682,0.5114055275917053,0.8416943550109863,-0.15777938067913055,0.4774286448955536,0.8433189988136292,-0.17070405185222626,0.5682372450828552,0.8596240282058716,-0.08289336413145065,0.5096831917762756,0.8495892286300659,-0.11439739167690277,0.46682673692703247,0.8331356048583984,-0.13108401000499725,0.43183475732803345,0.8242033123970032,-0.14221252501010895,0.5518583059310913,0.8647190928459167,-0.06126079335808754,0.4989575743675232,0.8504519462585449,-0.08410224318504333,0.462646484375,0.8311095833778381,-0.09826777130365372,0.43330782651901245,0.8189105987548828,-0.10657716542482376,0.5422032475471497,0.8629409074783325,-0.043202903121709824,0.5059609413146973,0.8495646119117737,-0.05707814171910286,0.4770616888999939,0.835408091545105,-0.06480486690998077,0.453081876039505,0.824238121509552,-0.07015293836593628
26,right,0.2945490777492523,0.7126486301422119,4.67254693603536e-07,0.3581901490688324,0.6663299798965454,0.015377410687506199,0.42026233673095703,0.64399653673172,0.007407925091683865,0.46933427453041077,0.6416990160942078,-0.004331907723098993,0.5056967735290527,0.6532588601112366,-0.017231987789273262,0.4472246468067169,0.6008100509643555,-0.02742711454629898,0.5178384780883789,0.5846548676490784,-0.04782513901591301,0.5619155764579773,0.5816227793693542,-0.05899149551987648,0.5982753038406372,0.5842179656028748,-0.06706444174051285,0.4335448741912842,0.6256229281425476,-0.04852835088968277,0.5228782296180725,0.6802845597267151,-0.0687880739569664,0.5602203607559204,0.7289930582046509,-0.07600606977939606,0.586700439453125,0.7687817811965942,-0.08044583350419998,0.41384923458099365,0.6638384461402893,-0.0667126476764679,0.4982351064682007,0.7019784450531006,-0.08139308542013168,0.5384151339530945,0.7405143976211548,-0.08213020861148834,0.5698732137680054,0.7714463472366333,-0.08387129753828049,0.3935849070549011,0.7095716595649719,-0.08325009047985077,0.44598934054374695,0.7259379029273987,-0.09091737121343613,0.47418665885925293,0.7349509596824646,-0.08759097754955292,0.4998282790184021,0.7404221892356873,-0.08585306257009506
26,left,0.6416506767272949,0.8593140840530396,-1.0111024550951697e-07,0.6543327569961548,0.8350574970245361,-0.03835432603955269,0.6612514853477478,0.8006861805915833,-0.06422334164381027,0.6804744601249695,0.7644202709197998,-0.08377109467983246,0.7010269165039062,0.7479425668716431,-0.10416460037231445,0.5913549661636353,0.8178044557571411,-0.05638974532485008,0.545600414276123,0.8467732071876526,-0.08471094816923141,0.5093309283256531,0.8565122485160828,-0.10940708965063095,0.47326987981796265,0.8596333861351013,-0.12643049657344818,0.5663929581642151,0.7944789528846741,-0.04457203298807144,0.5034909844398499,0.793477475643158,-0.06755189597606659,0.4659503102302551,0.7941311597824097,-0.08588545769453049,0.43122515082359314,0.7955900430679321,-0.09993983805179596,0.5514431595802307,0.7693673372268677,-0.03289470076560974,0.4949713945388794,0.7527300715446472,-0.05212515965104103,0.4617757201194763,0.7478585243225098,-0.05919120833277702,0.4345579743385315,0.7463839650154114,-0.06270883232355118,0.5467758178710938,0.7456380128860474,-0.0236987192183733,0.5045640468597412,0.7257874011993408,-0.033075228333473206,0.48020121455192566,0.7193748950958252,-0.02968928962945938,0.4621669054031372,0.7151165008544922,-0.026382552459836006
27,right,0.28436049818992615,0.7060060501098633,5.484224629981327e-07,0.34224897623062134,0.6465432047843933,0.005910962820053101,0.40892302989959717,0.6049242615699768,-0.0022196853533387184,0.4673161208629608,0.5863861441612244,-0.012280398048460484,0.5097573399543762,0.5654372572898865,-0.022151678800582886,0.41838398575782776,0.5673249959945679,-0.031199771910905838,0.48347970843315125,0.5226250886917114,-0.054753828793764114,0.5285472273826599,0.5146045088768005,-0.06716795265674591,0.5651665329933167,0.514799952507019,-0.07440616190433502,0.4056501090526581,0.5986006855964661,-0.04749704897403717,0.5038541555404663,0.6247390508651733,-0.06969896703958511,0.5532228350639343,0.6599607467651367,-0.07762313634157181,0.5865949392318726,0.6910171508789062,-0.08104222267866135,0.39063459634780884,0.6475070714950562,-0.06213792413473129,0.48184067010879517,0.6741625070571899,-0.07992088049650192,0.5316140651702881,0.7054919600486755,-0.08213163912296295,0.5671197175979614,0.7272960543632507,-0.08294252306222916,0.3769840896129608,0.702567994594574,-0.07587946951389313,0.4348660409450531,0.7304895520210266,-0.08686083555221558,0.46772900223731995,0.7481799125671387,-0.08509856462478638,0.495106965303421,0.7579445838928223,-0.0828288346529007
27,left,0.6328977942466736,0.8773907423019409,1.8893680930887058e-07,0.6566354036331177,0.8316100835800171,-0.05135546252131462,0.6612792611122131,0.7901575565338135,-0.08471743017435074,0.6716124415397644,0.7601071000099182,-0.10914436727762222,0.6955943703651428,0.7477141618728638,-0.13272260129451752,0.5979666709899902,0.8349282741546631,-0.08587580919265747,0.5563662052154541,0.8397833704948425,-0.11879489570856094,0.5220895409584045,0.8443373441696167,-0.1406269371509552,0.48699185252189636,0.850135326385498,-0.15489502251148224,0.5641820430755615,0.8435978293418884,-0.07010380923748016,0.5068134665489197,0.8390929102897644,-0.09815483540296555,0.46783754229545593,0.8313469290733337,-0.11242170631885529,0.4337764382362366,0.8290674090385437,-0.1224297359585762,0.5406440496444702,0.8431552648544312,-0.054967500269412994,0.4901861548423767,0.8345968723297119,-0.07553084939718246,0.45743367075920105,0.8227638006210327,-0.08615148812532425,0.4283468723297119,0.815114438533783,-0.09234707057476044,0.5266334414482117,0.8396144509315491,-0.04367497190833092,0.4909406304359436,0.8294935822486877,-0.05531882867217064,0.46383044123649597,0.82175213098526,-0.059781912714242935,0.44038859009742737,0.815448522567749,-0.06302054226398468
28,right,0.24879762530326843,0.7112526893615723,5.097546136312303e-07,0.2946549654006958,0.6353750824928284,0.003736355109140277,0.35220998525619507,0.5841653943061829,-0.008145790547132492,0.40736764669418335,0.5653467774391174,-0.020621294155716896,0.4510296583175659,0.5578504204750061,-0.03329715132713318,0.3505547046661377,0.5545628070831299,-0.048590950667858124,0.4032014310359955,0.494367778301239,-0.0797339677810669,0.44843947887420654,0.4715023934841156,-0.09787283092737198,0.4882119297981262,0.45896434783935547,-0.10844043642282486,0.3454134464263916,0.59492027759552,-0.0647590160369873,0.44731050729751587,0.5805323123931885,-0.09206276386976242,0.5109587907791138,0.5937320590019226,-0.1043042242527008,0.5580552816390991,0.6104273796081543,-0.11183132976293564,0.3426703214645386,0.6505401730537415,-0.07848544418811798,0.44246241450309753,0.6538859009742737,-0.1029825434088707,0.5013303756713867,0.6683266162872314,-0.11121747642755508,0.544344425201416,0.6785581707954407,-0.11523404717445374,0.34370940923690796,0.7098662853240967,-0.09068290889263153,0.4192107617855072,0.7272751331329346,-0.10755308717489243,0.46074455976486206,0.7405661344528198,-0.10982173681259155,0.4951057732105255,0.7477885484695435,-0.10996736586093903
28,left,0.6439812779426575,0.8811255693435669,4.6572421297241817e-07,0.6607100963592529,0.8259665369987488,-0.057944703847169876,0.6586613655090332,0.7862709164619446,-0.09467065334320068,0.6694062948226929,0.7628096342086792,-0.12096457928419113,0.6984325647354126,0.7514217495918274,-0.14643026888370514,0.5962015390396118,0.8417370915412903,-0.0952538400888443,0.5486572980880737,0.8410359621047974,-0.12728656828403473,0.5125395059585571,0.8454256653785706,-0.14710897207260132,0.4785805344581604,0.8535388112068176,-0.15989558398723602,0.5717074275016785,0.8591296672821045,-0.07590321451425552,0.5123658776283264,0.8466577529907227,-0.10629568994045258,0.46854808926582336,0.8324269652366638,-0.1229446679353714,0.43192359805107117,0.8255681395530701,-0.13363470137119293,0.5551970601081848,0.863548755645752,-0.05698036402463913,0.5019932389259338,0.8463985323905945,-0.07863465696573257,0.4648483395576477,0.8289071321487427,-0.09212322533130646,0.43346595764160156,0.8171442151069641,-0.09991814941167831,0.5447196364402771,0.8625110387802124,-0.042071837931871414,0.5072246789932251,0.8476553559303284,-0.05517167970538139,0.47828295826911926,0.8351849317550659,-0.062210701406002045,0.45425155758857727,0.8248952031135559,-0.06688325107097626
29,right,0.22642874717712402,0.7220171093940735,5.806115268569556e-07,0.26041483879089355,0.632144033908844,-0.009417776949703693,0.30808788537979126,0.5563250184059143,-0.024713708087801933,0.35479676723480225,0.5014325976371765,-0.036370065063238144,0.3901226222515106,0.4575309455394745,-0.04826807603240013,0.28300750255584717,0.5644803643226624,-0.0714082419872284,0.3189184069633484,0.5104884505271912,-0.10625866055488586,0.3579796552658081,0.484801709651947,-0.12479807436466217,0.3942614197731018,0.4638287425041199,-0.13522176444530487,0.28473028540611267,0.6223659515380859,-0.0807843804359436,0.38219133019447327,0.5842146873474121,-0.11279815435409546,0.4515588879585266,0.5714817047119141,-0.12620952725410461,0.505862832069397,0.5653115510940552,-0.13529224693775177,0.29597848653793335,0.6864467263221741,-0.08788920193910599,0.3981986939907074,0.6730574369430542,-0.11951874941587448,0.4638681709766388,0.6657294631004333,-0.1320054829120636,0.5108823776245117,0.6575081944465637,-0.1376948207616806,0.31065070629119873,0.744479775428772,-0.09341368824243546,0.39275139570236206,0.7417725920677185,-0.1167592778801918,0.4382629096508026,0.7391465306282043,-0.12338721752166748,0.47478339076042175,0.7312348484992981,-0.1266428530216217
29,left,0.6412054896354675,0.8553721904754639,-1.874372088650489e-07,0.6622209548950195,0.8276427984237671,-0.045259080827236176,0.6684720516204834,0.7928292751312256,-0.07609473168849945,0.6796277165412903,0.7586551904678345,-0.09960474818944931,0.7013862133026123,0.7470633387565613,-0.12489483505487442,0.6054266691207886,0.8148880004882812,-0.07266486436128616,0.5647178292274475,0.8416884541511536,-0.1071941927075386,0.5262960195541382,0.8533360958099365,-0.1351761370897293,0.4879601001739502,0.8584679365158081,-0.15490716695785522,0.5731165409088135,0.8076942563056946,-0.061538394540548325,0.5117348432540894,0.8216209411621094,-0.08849097043275833,0.47041022777557373,0.8293651938438416,-0.1096310019493103,0.43170517683029175,0.8302368521690369,-0.12763921916484833,0.5497143864631653,0.7935231924057007,-0.051173679530620575,0.4889836609363556,0.8039436936378479,-0.07443867623806,0.44956642389297485,0.808817982673645,-0.08845894038677216,0.4144943356513977,0.8063399791717529,-0.09924998879432678,0.5355771780014038,0.7786234021186829,-0.04378265514969826,0.48753613233566284,0.7829158306121826,-0.0565020777285099,0.45807963609695435,0.787432074546814,-0.05861708149313927,0.4328554570674896,0.7867437601089478,-0.06166504696011543
30,right,0.20256562530994415,0.7426151633262634,6.913348897796823e-07,0.23135441541671753,0.6514112949371338,-0.021377991884946823,0.2717934846878052,0.5608147382736206,-0.041813865303993225,0.3095473647117615,0.4884307384490967,-0.054894205182790756,0.329375296831131,0.42237555980682373,-0.06706421077251434,0.24074172973632812,0.5941786170005798,-0.09148571640253067,0.26112401485443115,0.5471525192260742,-0.1339980512857437,0.2979313135147095,0.5238633751869202,-0.15880565345287323,0.3333759307861328,0.49754518270492554,-0.17326408624649048,0.2444879114627838,0.6594291925430298,-0.09517379850149155,0.3350865840911865,0.6085957884788513,-0.13376013934612274,0.40751034021377563,0.583490252494812,-0.14986853301525116,0.4638722538948059,0.5664758682250977,-0.1611318737268448,0.26176267862319946,0.7280330061912537,-0.0965956449508667,0.35846373438835144,0.7104412317276001,-0.13343216478824615,0.42947691679000854,0.69256192445755,-0.14562749862670898,0.47959303855895996,0.6750311255455017,-0.15029089152812958,0.2854207754135132,0.7883520126342773,-0.09715307503938675,0.36891940236091614,0.7780630588531494,-0.12353747338056564,0.4159417450428009,0.7678061723709106,-0.12886086106300354,0.4533137381076813,0.7533559203147888,-0.13092774152755737
30,left,0.6475735902786255,0.8796306848526001,3.4923220937344013e-07,0.6631075143814087,0.8258531093597412,-0.05805189907550812,0.6608874797821045,0.7859416007995605,-0.09553807228803635,0.6685879230499268,0.7594417929649353,-0.12255126237869263,0.6932451725006104,0.7466182112693787,-0.14860697090625763,0.5963780879974365,0.8422415852546692,-0.09434904158115387,0.5509060621261597,0.8430495262145996,-0.12639740109443665,0.514672577381134,0.8467086553573608,-0.14747396111488342,0.4791785478591919,0.8527801036834717,-0.16180525720119476,0.567147970199585,0.8532298803329468,-0.07417809218168259,0.5075730681419373,0.8449802994728088,-0.10352853685617447,0.4663506746292114,0.8317235708236694,-0.11954203993082047,0.4312748312950134,0.825371265411377,-0.13126787543296814,0.5479470491409302,0.854050874710083,-0.05448738858103752,0.49523666501045227,0.8408374786376953,-0.07543105632066727,0.46020278334617615,0.825631856918335,-0.0880008339881897,0.43112480640411377,0.8163570761680603,-0.09615203738212585,0.5360329747200012,0.8499895334243774,-0.03893943876028061,0.4989748001098633,0.8362886905670166,-0.051284369081258774,0.4720856547355652,0.8253315687179565,-0.058108553290367126,0.4499009847640991,0.8170754909515381,-0.06359007954597473
31,right,0.17995630204677582,0.7848215699195862,6.402534609151189e-07,0.21044182777404785,0.6854851245880127,-0.02098315954208374,0.24595719575881958,0.5933459997177124,-0.04182171821594238,0.2782355844974518,0.5199686288833618,-0.05553899332880974,0.2923792898654938,0.4517390727996826,-0.06792066246271133,0.20929762721061707,0.6346814632415771,-0.08834037184715271,0.22066794335842133,0.5921345949172974,-0.13260672986507416,0.25605207681655884,0.5739119648933411,-0.15908002853393555,0.2930813133716583,0.5537923574447632,-0.17392517626285553,0.215401291847229,0.7066357135772705,-0.09281548857688904,0.30241143703460693,0.6522226333618164,-0.13511137664318085,0.37374377250671387,0.6191482543945312,-0.15462742745876312,0.43281832337379456,0.5945015549659729,-0.16802306473255157,0.23532110452651978,0.7783423066139221,-0.09518507868051529,0.3397457003593445,0.7602578997612,-0.13602232933044434,0.4131872057914734,0.7357035279273987,-0.15053924918174744,0.4675491154193878,0.7125564813613892,-0.1556285172700882,0.2624369263648987,0.8386702537536621,-0.09634746611118317,0.3507513403892517,0.8247917890548706,-0.12162129580974579,0.3964981436729431,0.80953049659729,-0.1254371553659439,0.43308907747268677,0.7898744344711304,-0.12653928995132446
31,left,0.6464983820915222,0.8684043884277344,-1.5504942041388858e-07,0.663672149181366,0.8244219422340393,-0.03163996338844299,0.6676701307296753,0.7889447212219238,-0.05644606426358223,0.6829481720924377,0.7572148442268372,-0.07684215903282166,0.707935631275177,0.7463095188140869,-0.09940429031848907,0.601347804069519,0.818446159362793,-0.0532563291490078,0.5600621104240417,0.8410226702690125,-0.08115576952695847,0.5232042670249939,0.8523967862129211,-0.10701824724674225,0.4861457645893097,0.8554297685623169,-0.12604230642318726,0.5691543817520142,0.8211460113525391,-0.04809818044304848,0.5056196451187134,0.8315615653991699,-0.06803922355175018,0.46538999676704407,0.833605945110321,-0.0889682024717331,0.427723228931427,0.8293117880821228,-0.10840369015932083,0.5470869541168213,0.8149261474609375,-0.042862530797719955,0.4847230911254883,0.8234294652938843,-0.05912303552031517,0.44601374864578247,0.8202500939369202,-0.07243199646472931,0.41354408860206604,0.8143175840377808,-0.08451557904481888,0.5358320474624634,0.8048315048217773,-0.04001139476895332,0.49017131328582764,0.7998216152191162,-0.047927793115377426,0.46413248777389526,0.7952308058738708,-0.04830753058195114,0.4423273801803589,0.7888307571411133,-0.05143190547823906
32,right,0.17184624075889587,0.8229131102561951,6.802742973377462e-07,0.19708949327468872,0.708989143371582,-0.021378323435783386,0.23009109497070312,0.6173579096794128,-0.042322635650634766,0.2616538107395172,0.5487688183784485,-0.05543898418545723,0.2699469029903412,0.48241451382637024,-0.06650904566049576,0.18945443630218506,0.662280261516571,-0.09290242940187454,0.20111022889614105,0.6296457052230835,-0.13823239505290985,0.23187333345413208,0.6051754355430603,-0.1659257709980011,0.2629934847354889,0.5766624808311462,-0.18140196800231934,0.19522705674171448,0.7425026893615723,-0.09641226381063461,0.2826975882053375,0.6914759278297424,-0.1421622335910797,0.35606643557548523,0.6537755131721497,-0.16330160200595856,0.4157021641731262,0.62620609998703,-0.17712654173374176,0.21930374205112457,0.8193290829658508,-0.09701704233884811,0.3299112021923065,0.7978217601776123,-0.1388164758682251,0.4047105014324188,0.7698708176612854,-0.1509227603673935,0.45813024044036865,0.7442091703414917,-0.1533639281988144,0.25158604979515076,0.8791260123252869,-0.09647271037101746,0.3438522219657898,0.8627131581306458,-0.11836168169975281,0.3873620629310608,0.8415307998657227,-0.11830699443817139,0.42123618721961975,0.8161347508430481,-0.11641502380371094
32,left,0.6393864154815674,0.869513750076294,-2.0139005130204168e-07,0.6596181392669678,0.8254339098930359,-0.033036358654499054,0.6649797558784485,0.7891221046447754,-0.05728708580136299,0.6787819862365723,0.75730961561203,-0.07673794776201248,0.7024229764938354,0.746660590171814,-0.09826341271400452,0.6040984988212585,0.8192570209503174,-0.053924836218357086,0.5663878917694092,0.839329183101654,-0.08220091462135315,0.5310686230659485,0.8491085171699524,-0.10774929821491241,0.4949382245540619,0.8522142171859741,-0.1262848675251007,0.5714060664176941,0.8250579833984375,-0.048069242388010025,0.5095519423484802,0.8358643651008606,-0.0688934400677681,0.47209030389785767,0.8396667242050171,-0.09038528054952621,0.43739134073257446,0.8367655873298645,-0.11025890707969666,0.549228847026825,0.8207935690879822,-0.04228627681732178,0.4889240264892578,0.8288025259971619,-0.06044276803731918,0.4517219066619873,0.8268446326255798,-0.07496964186429977,0.4202432930469513,0.8203058838844299,-0.08791767805814743,0.5378952026367188,0.8124739527702332,-0.03882576525211334,0.4928725063800812,0.8086177110671997,-0.04838601499795914,0.46772971749305725,0.8076481819152832,-0.04995732009410858,0.4458734095096588,0.8026178479194641,-0.05412253364920616
33,right,0.1749562919139862,0.8417333364486694,7.209019941001316e-07,0.19979393482208252,0.7286854386329651,-0.022087322548031807,0.23211541771888733,0.630940318107605,-0.04209279641509056,0.25871241092681885,0.5595977306365967,-0.05507665127515793,0.267292320728302,0.49374526739120483,-0.066158726811409,0.18724562227725983,0.6761182546615601,-0.09151933342218399,0.19626358151435852,0.6400123238563538,-0.13419069349765778,0.2288597673177719,0.6190665364265442,-0.15723955631256104,0.26132309436798096,0.5959131121635437,-0.16923996806144714,0.1917697787284851,0.7558168172836304,-0.09603392332792282,0.27580511569976807,0.7033182382583618,-0.1430959403514862,0.3497830927371979,0.6658040285110474,-0.16411983966827393,0.4095821976661682,0.6398842334747314,-0.17666970193386078,0.21486233174800873,0.8304600715637207,-0.09782029688358307,0.3212828040122986,0.8166345953941345,-0.14328573644161224,0.397617906332016,0.7890575528144836,-0.1581122875213623,0.4516500234603882,0.7619260549545288,-0.16131258010864258,0.24401602149009705,0.8871640563011169,-0.09850058704614639,0.3333664834499359,0.8677425980567932,-0.12426648288965225,0.3758116364479065,0.8462317585945129,-0.12712809443473816,0.4084623157978058,0.8241718411445618,-0.1267823576927185
33,left,0.6373709440231323,0.8719897270202637,-2.0647924259264983e-07,0.6592540740966797,0.8280104398727417,-0.033289678394794464,0.6656248569488525,0.7873548269271851,-0.055788829922676086,0.6805512309074402,0.7539651393890381,-0.07326231151819229,0.7047460675239563,0.7428932189941406,-0.0928754210472107,0.6088688969612122,0.8209642171859741,-0.0524183064699173,0.5694814920425415,0.8410147428512573,-0.0784703716635704,0.5339615941047668,0.8516403436660767,-0.1021161749958992,0.49761879444122314,0.8556045889854431,-0.11946747452020645,0.5758147835731506,0.8297093510627747,-0.045268163084983826,0.5176836848258972,0.8438387513160706,-0.06331686675548553,0.48128968477249146,0.8477999567985535,-0.0828070193529129,0.4470617175102234,0.8441262245178223,-0.10151667147874832,0.5537950992584229,0.8291411399841309,-0.038360271602869034,0.4972276985645294,0.8399761915206909,-0.054280057549476624,0.46426230669021606,0.8392846584320068,-0.06776782870292664,0.43517744541168213,0.8318105936050415,-0.08000940084457397,0.5420132875442505,0.8241502642631531,-0.033837299793958664,0.499114990234375,0.8217134475708008,-0.042031753808259964,0.4754292368888855,0.822228193283081,-0.04317125305533409,0.4542907476425171,0.8168487548828125,-0.046954698860645294
34,right,0.16939333081245422,0.8475151062011719,7.142922981984157e-07,0.1962183117866516,0.7348805665969849,-0.025398418307304382,0.22913947701454163,0.6341701745986938,-0.047858286648988724,0.2542480528354645,0.5630462765693665,-0.06333152204751968,0.2592509090900421,0.49619436264038086,-0.07714014500379562,0.1834496259689331,0.6772803664207458,-0.09519349783658981,0.19780504703521729,0.6497696042060852,-0.13970717787742615,0.228427916765213,0.628872275352478,-0.16509632766246796,0.2579118311405182,0.6042213439941406,-0.17923907935619354,0.18773354589939117,0.7557903528213501,-0.09959621727466583,0.27067580819129944,0.7146950960159302,-0.14756391942501068,0.3445858657360077,0.6771606206893921,-0.17051246762275696,0.4059593081474304,0.6516969799995422,-0.1854744702577591,0.209257572889328,0.8289932608604431,-0.10153437405824661,0.31454208493232727,0.8234648108482361,-0.1483938843011856,0.3900589346885681,0.7951213121414185,-0.16521485149860382,0.44545698165893555,0.769026517868042,-0.17097240686416626,0.23705166578292847,0.886111855506897,-0.10296495258808136,0.32539817690849304,0.8728430867195129,-0.13252198696136475,0.37164121866226196,0.8510006666183472,-0.13856104016304016,0.4092273712158203,0.8289617896080017,-0.14079077541828156
34,left,0.6346082091331482,0.8726944923400879,-1.865229819486558e-07,0.6570478081703186,0.8268699645996094,-0.027584005147218704,0.6657686829566956,0.7867739200592041,-0.04798470810055733,0.6813476085662842,0.7553575038909912,-0.06430269032716751,0.7082432508468628,0.7461342811584473,-0.08294280618429184,0.6091735363006592,0.8231644630432129,-0.047322068363428116,0.5689059495925903,0.8397110104560852,-0.0722731426358223,0.5346018671989441,0.85057133436203,-0.09517676383256912,0.49796876311302185,0.8555721044540405,-0.11172869056463242,0.5759822726249695,0.8318192958831787,-0.043056171387434006,0.5159870386123657,0.8377387523651123,-0.06026109308004379,0.47868043184280396,0.8423236012458801,-0.07909368723630905,0.44353801012039185,0.841281533241272,-0.09686463326215744,0.5528440475463867,0.8308861255645752,-0.03857168182730675,0.49636605381965637,0.8361029624938965,-0.053053293377161026,0.4606713652610779,0.8355169892311096,-0.06625854969024658,0.4293627142906189,0.8292052745819092,-0.07811620831489563,0.5412374138832092,0.824587345123291,-0.03607335686683655,0.5000213384628296,0.8163363933563232,-0.042159371078014374,0.4754023551940918,0.8157857060432434,-0.042526762932538986,0.45284777879714966,0.8110243082046509,-0.04585800692439079
35,right,0.17043524980545044,0.8453401327133179,7.232717962324386e-07,0.1963435411453247,0.7321711182594299,-0.026413362473249435,0.2286422848701477,0.6315668821334839,-0.04768314212560654,0.2525700032711029,0.5604839324951172,-0.061819326132535934,0.256480872631073,0.4969797134399414,-0.07464130222797394,0.1826227307319641,0.6747532486915588,-0.08992327749729156,0.19592279195785522,0.6489010453224182,-0.13225626945495605,0.227238729596138,0.6264134645462036,-0.15712441504001617,0.2584083378314972,0.6001417636871338,-0.1713843047618866,0.18873387575149536,0.7540864944458008,-0.09300892800092697,0.27029937505722046,0.7129789590835571,-0.13698451220989227,0.3444993495941162,0.6772620677947998,-0.15816116333007812,0.4063507914543152,0.652312695980072,-0.17256668210029602,0.210384339094162,0.8265756368637085,-0.09432731568813324,0.3134256601333618,0.819947361946106,-0.13880519568920135,0.3875359296798706,0.7929696440696716,-0.15556661784648895,0.4422028064727783,0.768008291721344,-0.16183419525623322,0.23664075136184692,0.8827955722808838,-0.0953480526804924,0.32243725657463074,0.8698456883430481,-0.1240655928850174,0.3672923445701599,0.8495357036590576,-0.13063371181488037,0.40415844321250916,0.8289620280265808,-0.13355906307697296
35,left,0.6380030512809753,0.8736081123352051,-1.4445409135532827e-07,0.6627804040908813,0.8289195895195007,-0.031785689294338226,0.6727868318557739,0.788440465927124,-0.056440144777297974,0.6878793835639954,0.7566575407981873,-0.07523874938488007,0.7086317539215088,0.7423284649848938,-0.09684188663959503,0.6197834014892578,0.8275783061981201,-0.06682543456554413,0.5720198750495911,0.8389072418212891,-0.09665090590715408,0.5353159308433533,0.8472975492477417,-0.12107004225254059,0.4977436363697052,0.8515679836273193,-0.13751879334449768,0.5908922553062439,0.8430001139640808,-0.059996481984853745,0.5299018621444702,0.8394103646278381,-0.08048916608095169,0.48583537340164185,0.8393266201019287,-0.10080137103796005,0.4452257752418518,0.8380988836288452,-0.12001187354326248,0.5697534680366516,0.8429050445556641,-0.05200670659542084,0.5133570432662964,0.8354111313819885,-0.06839142739772797,0.47259706258773804,0.8325737118721008,-0.08282916992902756,0.4385330080986023,0.8274478316307068,-0.09582177549600601,0.5569248199462891,0.8350603580474854,-0.04576260223984718,0.5153304934501648,0.821876049041748,-0.05398888513445854,0.48665666580200195,0.8207753896713257,-0.05624047666788101,0.4608234763145447,0.8173772692680359,-0.06081829592585564
36,right,0.17128221690654755,0.849353551864624,7.340630077123933e-07,0.1958516538143158,0.7362537384033203,-0.026976266875863075,0.22685816884040833,0.6335039138793945,-0.05003923550248146,0.25165918469429016,0.5625762939453125,-0.06580860167741776,0.25838956236839294,0.4975462555885315,-0.0802282765507698,0.18261933326721191,0.6772632002830505,-0.09843327850103378,0.1923600733280182,0.6483604907989502,-0.14371296763420105,0.2243671417236328,0.6257534027099609,-0.1695122867822647,0.25786343216896057,0.600086510181427,-0.18418213725090027,0.18792566657066345,0.7560603618621826,-0.10205783694982529,0.26756027340888977,0.7133724689483643,-0.15094436705112457,0.34231650829315186,0.6747311353683472,-0.17370302975177765,0.4050410985946655,0.6491789817810059,-0.18870854377746582,0.21050573885440826,0.8282971978187561,-0.1034044548869133,0.3125855624675751,0.8199810981750488,-0.15074186027050018,0.3865860402584076,0.7909091711044312,-0.16788305342197418,0.44081801176071167,0.7653620839118958,-0.17404286563396454,0.2379918247461319,0.8839491605758667,-0.10439310222864151,0.3244585394859314,0.8706861138343811,-0.13441917300224304,0.3687261939048767,0.8494648337364197,-0.14152690768241882,0.40489721298217773,0.8287152647972107,-0.14474043250083923
36,left,0.6428888440132141,0.8754931688308716,-1.6473590846999286e-07,0.6672449111938477,0.8286054134368896,-0.029491284862160683,0.6761451363563538,0.7868393659591675,-0.051642294973134995,0.6901819705963135,0.7550963759422302,-0.06858693063259125,0.7098706960678101,0.7453617453575134,-0.08884492516517639,0.6186299324035645,0.8247184753417969,-0.05993146821856499,0.5694734454154968,0.8390565514564514,-0.08650670945644379,0.5326384902000427,0.8484112620353699,-0.10929588228464127,0.49672818183898926,0.8528779149055481,-0.12493251264095306,0.5921971797943115,0.8406883478164673,-0.05361565947532654,0.5322768092155457,0.8411607146263123,-0.072310671210289,0.48989689350128174,0.8415656089782715,-0.09243809431791306,0.4521527588367462,0.8416334986686707,-0.11129922419786453,0.5749701857566833,0.8416075110435486,-0.04621492326259613,0.5197621583938599,0.8407743573188782,-0.06240785866975784,0.4793820083141327,0.8405465483665466,-0.07772865891456604,0.44655662775039673,0.8375155329704285,-0.09099606424570084,0.5654987692832947,0.8352901935577393,-0.040346864610910416,0.5252199769020081,0.8280811309814453,-0.0492815263569355,0.49592363834381104,0.8315630555152893,-0.05250171199440956,0.47069716453552246,0.8307345509529114,-0.057640623301267624
