1,right,0,0,0,0,0,0,0,0,0,0,0,0,0,0,0,0,0,0,0,0,0,0,0,0,0,0,0,0,0,0,0,0,0,0,0,0,0,0,0,0,0,0,0,0,0,0,0,0,0,0,0,0,0,0,0,0,0,0,0,0,0,0,0
1,left,0,0,0,0,0,0,0,0,0,0,0,0,0,0,0,0,0,0,0,0,0,0,0,0,0,0,0,0,0,0,0,0,0,0,0,0,0,0,0,0,0,0,0,0,0,0,0,0,0,0,0,0,0,0,0,0,0,0,0,0,0,0,0
2,right,0,0,0,0,0,0,0,0,0,0,0,0,0,0,0,0,0,0,0,0,0,0,0,0,0,0,0,0,0,0,0,0,0,0,0,0,0,0,0,0,0,0,0,0,0,0,0,0,0,0,0,0,0,0,0,0,0,0,0,0,0,0,0
2,left,0,0,0,0,0,0,0,0,0,0,0,0,0,0,0,0,0,0,0,0,0,0,0,0,0,0,0,0,0,0,0,0,0,0,0,0,0,0,0,0,0,0,0,0,0,0,0,0,0,0,0,0,0,0,0,0,0,0,0,0,0,0,0
3,right,0,0,0,0,0,0,0,0,0,0,0,0,0,0,0,0,0,0,0,0,0,0,0,0,0,0,0,0,0,0,0,0,0,0,0,0,0,0,0,0,0,0,0,0,0,0,0,0,0,0,0,0,0,0,0,0,0,0,0,0,0,0,0
3,left,0,0,0,0,0,0,0,0,0,0,0,0,0,0,0,0,0,0,0,0,0,0,0,0,0,0,0,0,0,0,0,0,0,0,0,0,0,0,0,0,0,0,0,0,0,0,0,0,0,0,0,0,0,0,0,0,0,0,0,0,0,0,0
4,right,0,0,0,0,0,0,0,0,0,0,0,0,0,0,0,0,0,0,0,0,0,0,0,0,0,0,0,0,0,0,0,0,0,0,0,0,0,0,0,0,0,0,0,0,0,0,0,0,0,0,0,0,0,0,0,0,0,0,0,0,0,0,0
4,left,0,0,0,0,0,0,0,0,0,0,0,0,0,0,0,0,0,0,0,0,0,0,0,0,0,0,0,0,0,0,0,0,0,0,0,0,0,0,0,0,0,0,0,0,0,0,0,0,0,0,0,0,0,0,0,0,0,0,0,0,0,0,0
5,right,0,0,0,0,0,0,0,0,0,0,0,0,0,0,0,0,0,0,0,0,0,0,0,0,0,0,0,0,0,0,0,0,0,0,0,0,0,0,0,0,0,0,0,0,0,0,0,0,0,0,0,0,0,0,0,0,0,0,0,0,0,0,0
5,left,0,0,0,0,0,0,0,0,0,0,0,0,0,0,0,0,0,0,0,0,0,0,0,0,0,0,0,0,0,0,0,0,0,0,0,0,0,0,0,0,0,0,0,0,0,0,0,0,0,0,0,0,0,0,0,0,0,0,0,0,0,0,0
6,right,0,0,0,0,0,0,0,0,0,0,0,0,0,0,0,0,0,0,0,0,0,0,0,0,0,0,0,0,0,0,0,0,0,0,0,0,0,0,0,0,0,0,0,0,0,0,0,0,0,0,0,0,0,0,0,0,0,0,0,0,0,0,0
6,left,0,0,0,0,0,0,0,0,0,0,0,0,0,0,0,0,0,0,0,0,0,0,0,0,0,0,0,0,0,0,0,0,0,0,0,0,0,0,0,0,0,0,0,0,0,0,0,0,0,0,0,0,0,0,0,0,0,0,0,0,0,0,0
7,right,0,0,0,0,0,0,0,0,0,0,0,0,0,0,0,0,0,0,0,0,0,0,0,0,0,0,0,0,0,0,0,0,0,0,0,0,0,0,0,0,0,0,0,0,0,0,0,0,0,0,0,0,0,0,0,0,0,0,0,0,0,0,0
7,left,0.6063241362571716,0.9642038941383362,-1.511436522605436e-07,0.6425780653953552,0.9352642297744751,-0.024305276572704315,0.6636589765548706,0.8968162536621094,-0.04450971633195877,0.6831979751586914,0.8696173429489136,-0.06324144452810287,0.7017227411270142,0.8496565818786621,-0.08429611474275589,0.6152722239494324,0.9105916023254395,-0.04223039746284485,0.5848512053489685,0.9090837836265564,-0.06808151304721832,0.5584412217140198,0.9115163087844849,-0.08975082635879517,0.536565363407135,0.9078282117843628,-0.10406863689422607,0.5773317217826843,0.9304766058921814,-0.0412052646279335,0.5347784161567688,0.9193492531776428,-0.060511600226163864,0.5036734938621521,0.9177414774894714,-0.07778540998697281,0.47900331020355225,0.9117285013198853,-0.0931592807173729,0.5471078157424927,0.9430118799209595,-0.04086117073893547,0.5045216679573059,0.929688572883606,-0.05909474566578865,0.4730110466480255,0.9192135334014893,-0.0704321637749672,0.4488283097743988,0.9033470749855042,-0.07989182323217392,0.5230953097343445,0.9558889269828796,-0.04201209545135498,0.4876581132411957,0.9459539651870728,-0.05520622059702873,0.46164119243621826,0.9375017285346985,-0.05798899754881859,0.44159579277038574,0.9244697690010071,-0.06129642203450203
8,right,0.25953924655914307,0.8245060443878174,2.86826065121204e-07,0.3115653097629547,0.8024610877037048,-0.0053454493172466755,0.3540858030319214,0.7543104290962219,-0.011766254901885986,0.3820977210998535,0.7180555462837219,-0.021051812916994095,0.40426909923553467,0.7059949040412903,-0.02890673838555813,0.33814123272895813,0.6625186204910278,-0.009254470467567444,0.37182140350341797,0.6154236793518066,-0.032165270298719406,0.3992187976837158,0.6082980036735535,-0.0482194647192955,0.41544249653816223,0.6299352049827576,-0.05616495758295059,0.3107943832874298,0.6579053401947021,-0.020409993827342987,0.33475837111473083,0.5857118368148804,-0.041668519377708435,0.3655352294445038,0.5690686106681824,-0.05372577905654907,0.38945722579956055,0.5794746279716492,-0.06001965329051018,0.28482434153556824,0.675136923789978,-0.033810220658779144,0.3337079584598541,0.6581421494483948,-0.05891828611493111,0.3687242567539215,0.685457170009613,-0.06537467241287231,0.3915554881095886,0.7152483463287354,-0.06570393592119217,0.2651393711566925,0.7096771597862244,-0.04759522154927254,0.3038841187953949,0.7012348771095276,-0.06598541140556335,0.3261800706386566,0.711953341960907,-0.06764381378889084,0.34094250202178955,0.7222795486450195,-0.06593864411115646
8,left,0.6300711631774902,0.9127857089042664,2.2521363973737607e-07,0.6510099172592163,0.8636747598648071,-0.04820052906870842,0.6561413407325745,0.8217906951904297,-0.07844758033752441,0.6663862466812134,0.7847426533699036,-0.1009826511144638,0.6791125535964966,0.7528508305549622,-0.12225501984357834,0.5896300673484802,0.8617607355117798,-0.07598147541284561,0.5421109795570374,0.8634738922119141,-0.10721773654222488,0.5016652345657349,0.8580169081687927,-0.1277012676000595,0.46307724714279175,0.8530364036560059,-0.14151078462600708,0.5618804097175598,0.8773995637893677,-0.06322412937879562,0.5059972405433655,0.8669599294662476,-0.09187009930610657,0.4610595703125,0.8508694767951965,-0.10781539231538773,0.4207351803779602,0.8382347822189331,-0.11986643821001053,0.5413909554481506,0.8834123015403748,-0.051783446222543716,0.48945868015289307,0.8718761801719666,-0.07414175570011139,0.453055202960968,0.8537241220474243,-0.0827290341258049,0.42041099071502686,0.837685227394104,-0.08797764033079147,0.528519332408905,0.8855549097061157,-0.044363848865032196,0.4900161027908325,0.8733741044998169,-0.05901068449020386,0.46082836389541626,0.8608289361000061,-0.06344891339540482,0.4353697597980499,0.8482691049575806,-0.06658374518156052
9,right,0.3044738173484802,0.7415125370025635,1.597436352085424e-07,0.3688315749168396,0.7247841954231262,0.005754417274147272,0.40725621581077576,0.6770803928375244,0.004190587904304266,0.42891204357147217,0.6399123072624207,-0.0023001455701887608,0.44815385341644287,0.6136170625686646,-0.008456303738057613,0.39757147431373596,0.5918476581573486,0.0036221942864358425,0.4268167018890381,0.5266904234886169,-0.011328411288559437,0.45265835523605347,0.5089656114578247,-0.021483171731233597,0.47645238041877747,0.5075652599334717,-0.02805120311677456,0.3797765076160431,0.5871598124504089,-0.013493504375219345,0.42196956276893616,0.5199795365333557,-0.0323776938021183,0.45733824372291565,0.5170921087265015,-0.04330291971564293,0.4862620234489441,0.531899094581604,-0.0491141639649868,0.3614558279514313,0.6014305949211121,-0.032440442591905594,0.4193483293056488,0.5819851756095886,-0.05699121206998825,0.45992520451545715,0.6097030639648438,-0.06857410818338394,0.48949676752090454,0.6402573585510254,-0.07322010397911072,0.3457164168357849,0.6299291253089905,-0.05063346028327942,0.3861124515533447,0.6087031960487366,-0.07011198997497559,0.41512125730514526,0.6079663634300232,-0.07726587355136871,0.4392583966255188,0.610317587852478,-0.08099991083145142
9,left,0.6389538645744324,0.8762310147285461,5.563766762861633e-07,0.6538887023925781,0.8251936435699463,-0.05472901463508606,0.6533165574073792,0.7896503210067749,-0.09194473177194595,0.661761999130249,0.7560185194015503,-0.11915667355060577,0.6770007610321045,0.7237694263458252,-0.1459442675113678,0.5855070948600769,0.8383952379226685,-0.09552627801895142,0.5303713083267212,0.8330380916595459,-0.12872327864170074,0.49187204241752625,0.828458845615387,-0.14911521971225739,0.4588477611541748,0.8285512924194336,-0.16135334968566895,0.5653685927391052,0.8603300452232361,-0.07798479497432709,0.5002514123916626,0.8383778929710388,-0.10727661103010178,0.455617755651474,0.8133904933929443,-0.12320526689291,0.4209677577018738,0.796354353427887,-0.1333756446838379,0.5526458621025085,0.8693602085113525,-0.0606711283326149,0.4955274164676666,0.8466672897338867,-0.08023755252361298,0.45597124099731445,0.8202683925628662,-0.09275603294372559,0.42579859495162964,0.8003758192062378,-0.10030392557382584,0.5458994507789612,0.8718125820159912,-0.047118499875068665,0.5053800344467163,0.8544525504112244,-0.058997783809900284,0.47465401887893677,0.8378462791442871,-0.06519272178411484,0.4515545666217804,0.822752058506012,-0.06920938193798065
10,right,0.3258223533630371,0.7092034220695496,1.172684491734799e-07,0.40603548288345337,0.6914598345756531,0.02219966985285282,0.44482019543647766,0.6433112621307373,0.025678271427750587,0.46682098507881165,0.6054636836051941,0.01927812397480011,0.49009647965431213,0.5763086676597595,0.011563997715711594,0.43605488538742065,0.564900279045105,0.017180461436510086,0.47928184270858765,0.5073113441467285,0.005285709630697966,0.5100400447845459,0.4937014579772949,-0.002259280299767852,0.5390793085098267,0.4906149208545685,-0.007512230426073074,0.4219249188899994,0.5594305396080017,-0.00852337945252657,0.47017067670822144,0.4951443672180176,-0.025787053629755974,0.5072598457336426,0.4902116656303406,-0.03570883721113205,0.5398701429367065,0.5008059740066528,-0.04156840592622757,0.40662190318107605,0.5727288126945496,-0.0349525548517704,0.47048765420913696,0.5574804544448853,-0.05807400494813919,0.5103038549423218,0.5906993746757507,-0.06909399479627609,0.5406466722488403,0.6247496008872986,-0.073870949447155,0.3968987762928009,0.602916419506073,-0.059618670493364334,0.4484877586364746,0.5835331082344055,-0.0772896558046341,0.4904195964336395,0.5928751826286316,-0.08460702747106552,0.5277581214904785,0.6093080639839172,-0.08903466910123825
10,left,0.6440932154655457,0.8704453706741333,-2.3592814812900542e-08,0.6651856899261475,0.82016921043396,-0.03495178371667862,0.6674911379814148,0.780497670173645,-0.059580035507678986,0.6795912384986877,0.7400227189064026,-0.0789991244673729,0.6953580379486084,0.7163417339324951,-0.10092223435640335,0.5959119200706482,0.8094708323478699,-0.05643549934029579,0.5462777018547058,0.821263313293457,-0.07943654805421829,0.5086846947669983,0.8247551918029785,-0.10074026137590408,0.4728832244873047,0.8202489018440247,-0.1167227253317833,0.5711169838905334,0.8182500004768372,-0.048033710569143295,0.5122484564781189,0.81626296043396,-0.06558004766702652,0.4709107577800751,0.8075110912322998,-0.08593383431434631,0.4343947470188141,0.7981141805648804,-0.10462528467178345,0.5562769770622253,0.8148608207702637,-0.039120547473430634,0.4991585910320282,0.8062772154808044,-0.05369143560528755,0.4604547619819641,0.7953476905822754,-0.0664641335606575,0.42902424931526184,0.7847634553909302,-0.07782167196273804,0.5505122542381287,0.8069421052932739,-0.03251595422625542,0.5054824352264404,0.7898423671722412,-0.0396084301173687,0.4761853516101837,0.7821590304374695,-0.04000576213002205,0.4523542523384094,0.776292085647583,-0.042601004242897034
11,right,0.34049898386001587,0.6999163627624512,8.249990912645444e-08,0.4203071594238281,0.6993799805641174,0.015898320823907852,0.4637967646121979,0.6593946218490601,0.01480141095817089,0.493749737739563,0.6268568634986877,0.005709709599614143,0.5231189727783203,0.603682816028595,-0.00374892121180892,0.46799537539482117,0.5688219666481018,0.01095653511583805,0.5256639719009399,0.5244905352592468,-0.0008396494667977095,0.5579410791397095,0.5164709687232971,-0.008538913913071156,0.5881970524787903,0.5148103833198547,-0.016004331409931183,0.45319831371307373,0.5595561265945435,-0.01313584391027689,0.5041454434394836,0.49795687198638916,-0.033138155937194824,0.5394954681396484,0.4964727759361267,-0.04545131325721741,0.5729191303253174,0.5067781209945679,-0.05426107347011566,0.4343526065349579,0.5728008151054382,-0.03833771497011185,0.4990629553794861,0.5673187971115112,-0.06602168828248978,0.54173743724823,0.6117533445358276,-0.08001997321844101,0.5779669880867004,0.6523383855819702,-0.08820278197526932,0.4193422794342041,0.6070164442062378,-0.06175583228468895,0.4648650884628296,0.5994219183921814,-0.0867999717593193,0.49647846817970276,0.612075924873352,-0.09807729721069336,0.5290168523788452,0.6267685294151306,-0.10578466206789017
11,left,0.6319597959518433,0.857322096824646,-7.398707424499662e-08,0.6511930227279663,0.8189337253570557,-0.03639945387840271,0.6594545245170593,0.7797863483428955,-0.06277641654014587,0.6770678758621216,0.7369192242622375,-0.08349152654409409,0.6979929804801941,0.7135323286056519,-0.10597766935825348,0.5961352586746216,0.8118352890014648,-0.06128182262182236,0.546252429485321,0.8165900111198425,-0.08667396754026413,0.5100361108779907,0.8196056485176086,-0.10875046253204346,0.47279074788093567,0.818649172782898,-0.12508371472358704,0.568400502204895,0.8150061964988708,-0.05193749815225601,0.509541392326355,0.8171232342720032,-0.0710470899939537,0.4693297743797302,0.8157386183738708,-0.09027096629142761,0.43325647711753845,0.8135873675346375,-0.10826921463012695,0.54908686876297,0.8083387017250061,-0.04206234961748123,0.49224528670310974,0.7949795126914978,-0.05677364021539688,0.45521819591522217,0.7841523885726929,-0.06750498712062836,0.4253156781196594,0.7775286436080933,-0.0772186815738678,0.5387672185897827,0.7944886684417725,-0.034704796969890594,0.4973747134208679,0.7682585120201111,-0.04075043648481369,0.4708927869796753,0.7542141079902649,-0.0400540791451931,0.44877171516418457,0.7455230951309204,-0.04182535037398338
12,right,0.3185354471206665,0.7150088548660278,1.0413481987825435e-07,0.4048672914505005,0.7165858149528503,0.024759765714406967,0.45674368739128113,0.6898037791252136,0.027020828798413277,0.4907148778438568,0.6686199903488159,0.020903516560792923,0.5239335298538208,0.6540433764457703,0.013889354653656483,0.45359092950820923,0.5986512899398804,0.009347687475383282,0.5167455673217773,0.5913612842559814,-0.00301001756452024,0.549538791179657,0.6132403612136841,-0.010608052834868431,0.5745945572853088,0.6412227153778076,-0.0164084043353796,0.4442242980003357,0.5981596112251282,-0.017318008467555046,0.5144754648208618,0.5491053462028503,-0.03139488771557808,0.5545104742050171,0.555259108543396,-0.040258076041936874,0.5839482545852661,0.5748258829116821,-0.04651844501495361,0.4303329586982727,0.6211983561515808,-0.042932286858558655,0.5059999227523804,0.6242703199386597,-0.06256874650716782,0.5392096042633057,0.6674275398254395,-0.06977923959493637,0.5601798892021179,0.6994917392730713,-0.07372744381427765,0.4216346740722656,0.6598420739173889,-0.06608645617961884,0.4620816707611084,0.6434862613677979,-0.08308921754360199,0.48935508728027344,0.6360346674919128,-0.08870497345924377,0.5140232443809509,0.6301854252815247,-0.09252098202705383
12,left,0.6318053007125854,0.8529398441314697,-1.3069920612451824e-07,0.6526901125907898,0.8163815140724182,-0.04044181853532791,0.6602132320404053,0.7816178202629089,-0.06836739182472229,0.6759489178657532,0.7388563752174377,-0.08978880196809769,0.6968986988067627,0.7142972946166992,-0.11280857026576996,0.592401385307312,0.8068796992301941,-0.0630863681435585,0.5455425977706909,0.8125734925270081,-0.08890566229820251,0.5104837417602539,0.8169485330581665,-0.11303550004959106,0.4735618829727173,0.8178515434265137,-0.13098755478858948,0.5634470582008362,0.8041718006134033,-0.0518484003841877,0.5026323795318604,0.8052104711532593,-0.07232389599084854,0.45882952213287354,0.8059031963348389,-0.0940939411520958,0.4187776446342468,0.8052589893341064,-0.11408273130655289,0.5449249148368835,0.7934814095497131,-0.040298521518707275,0.4879930019378662,0.7763527631759644,-0.056093476712703705,0.4512651562690735,0.7644606232643127,-0.06850229948759079,0.42180997133255005,0.7573392391204834,-0.07968748360872269,0.5365440249443054,0.7774546146392822,-0.03145021200180054,0.4953416585922241,0.7483236789703369,-0.03747498616576195,0.468625009059906,0.7328744530677795,-0.0368863008916378,0.44663020968437195,0.723150908946991,-0.039354559034109116
13,right,0.32142573595046997,0.7362893223762512,1.391306909681589e-07,0.38666239380836487,0.7541064023971558,0.035188931971788406,0.42910805344581604,0.7528919577598572,0.03968660905957222,0.4577315151691437,0.7594947814941406,0.03382779285311699,0.4834400713443756,0.7737249135971069,0.025882478803396225,0.45652034878730774,0.6286537647247314,0.017249060794711113,0.5235403180122375,0.6274476051330566,0.01291192602366209,0.5578089356422424,0.6433891654014587,0.011053711175918579,0.5829901695251465,0.6639912724494934,0.00895657017827034,0.4516086280345917,0.6253072023391724,-0.013589467853307724,0.5271024107933044,0.5865227580070496,-0.020423753187060356,0.5678592324256897,0.5881125330924988,-0.02455042488873005,0.5981267690658569,0.5993669629096985,-0.02908092737197876,0.4413164258003235,0.6470089554786682,-0.04222729057073593,0.5233306884765625,0.6596038341522217,-0.05465052276849747,0.5559611320495605,0.7104414701461792,-0.05839710682630539,0.5753182172775269,0.7536075711250305,-0.06156131252646446,0.43549612164497375,0.687270998954773,-0.06755296140909195,0.49312812089920044,0.6815873384475708,-0.08036905527114868,0.5289990901947021,0.6917870044708252,-0.08316389471292496,0.5588744282722473,0.7050958871841431,-0.08567653596401215
13,left,0.6264322996139526,0.8446987867355347,-1.8774823473677316e-08,0.6523991823196411,0.8091200590133667,-0.04530692473053932,0.6609427332878113,0.7722888588905334,-0.07459701597690582,0.6777773499488831,0.7370139360427856,-0.09580099582672119,0.699119508266449,0.7156532406806946,-0.11913217604160309,0.5936601758003235,0.8052874207496643,-0.06804930418729782,0.5447209477424622,0.8169497847557068,-0.08999402076005936,0.5094374418258667,0.8206653594970703,-0.11042996495962143,0.4740365445613861,0.8188406229019165,-0.12614749372005463,0.5705130696296692,0.8083147406578064,-0.052543606609106064,0.5079877376556396,0.805884838104248,-0.07233648747205734,0.46824413537979126,0.8049194812774658,-0.09248800575733185,0.43216055631637573,0.7997853755950928,-0.1105942502617836,0.5531700253486633,0.8003443479537964,-0.03653677925467491,0.5024976134300232,0.7709593176841736,-0.052938949316740036,0.46745002269744873,0.7528185844421387,-0.06369722634553909,0.4402601718902588,0.7384770512580872,-0.07244562357664108,0.5445470213890076,0.7837262749671936,-0.023072345182299614,0.5070739984512329,0.7460635900497437,-0.028405703604221344,0.48358187079429626,0.723670244216919,-0.025627480819821358,0.46427956223487854,0.7059015035629272,-0.02597055956721306
14,right,0.3276609778404236,0.7535498142242432,-4.1245261428457525e-08,0.3957219123840332,0.7666001319885254,0.0493062362074852,0.43686893582344055,0.7629526853561401,0.06125896796584129,0.4611258804798126,0.7674124240875244,0.06084630638360977,0.4845040440559387,0.7761529684066772,0.05673321709036827,0.4619860351085663,0.6382507085800171,0.021442539989948273,0.5238608717918396,0.601763129234314,0.016760213300585747,0.5606807470321655,0.5930945873260498,0.014720434322953224,0.5921787023544312,0.5962551832199097,0.010498072020709515,0.4537501037120819,0.6402150392532349,-0.015403245575726032,0.5313146710395813,0.677696704864502,-0.028440093621611595,0.5588662028312683,0.7265468239784241,-0.032737184315919876,0.5736149549484253,0.769717812538147,-0.035887058824300766,0.43997934460639954,0.6655220985412598,-0.04884444549679756,0.5208664536476135,0.6850059032440186,-0.0637611374258995,0.5552100539207458,0.7235267162322998,-0.06584031879901886,0.5807111263275146,0.7559013962745667,-0.06870528310537338,0.43314337730407715,0.7017155289649963,-0.07772580534219742,0.485005646944046,0.6913700103759766,-0.09788956493139267,0.5181986093521118,0.6930032968521118,-0.1044638603925705,0.5482755899429321,0.6972041726112366,-0.10897735506296158
14,left,0.642383337020874,0.8289708495140076,1.6316937490046257e-07,0.6570098996162415,0.8162630200386047,-0.05231809243559837,0.6589725613594055,0.7873393297195435,-0.08776844292879105,0.6759290099143982,0.7541282773017883,-0.1153263971209526,0.6919682025909424,0.7254893183708191,-0.14488287270069122,0.58240807056427,0.8056284785270691,-0.07711706310510635,0.5336907505989075,0.8165559768676758,-0.10499737411737442,0.5037345290184021,0.8132179975509644,-0.1285446584224701,0.47678321599960327,0.8063615560531616,-0.1451716423034668,0.5708000063896179,0.786060631275177,-0.06169692054390907,0.5154070854187012,0.7515707015991211,-0.09511001408100128,0.49888473749160767,0.7345163822174072,-0.12420986592769623,0.4864273965358734,0.7202491164207458,-0.14421087503433228,0.5667040944099426,0.7567476034164429,-0.046027690172195435,0.5310375094413757,0.6980792880058289,-0.0756273865699768,0.5207918286323547,0.6621716022491455,-0.09929042309522629,0.5187897086143494,0.6410952210426331,-0.11294058710336685,0.5686008334159851,0.7247987985610962,-0.03240085393190384,0.5450124144554138,0.6721495985984802,-0.04980364814400673,0.541685163974762,0.6346971988677979,-0.05853647366166115,0.5449585318565369,0.6106166839599609,-0.06467028707265854
15,right,0.33195269107818604,0.7498587369918823,3.739483389608722e-08,0.39980024099349976,0.7679344415664673,0.04289755970239639,0.4420062005519867,0.7676737904548645,0.05135374888777733,0.4660791754722595,0.7723920345306396,0.04834383726119995,0.48788270354270935,0.7857118844985962,0.04198475927114487,0.4661266803741455,0.635521411895752,0.018098218366503716,0.5254711508750916,0.6020621061325073,0.01237653847783804,0.5621736645698547,0.596219539642334,0.008401964791119099,0.5933489203453064,0.6021674275398254,0.003655086737126112,0.45734649896621704,0.6345430016517639,-0.015387389808893204,0.5365753173828125,0.6722065210342407,-0.02898792363703251,0.5616509914398193,0.7231733798980713,-0.0357808843255043,0.5743866562843323,0.7663568258285522,-0.04025128483772278,0.44766297936439514,0.6572874784469604,-0.045627154409885406,0.5285387635231018,0.6914050579071045,-0.06037779524922371,0.5616304874420166,0.7398502230644226,-0.06470246613025665,0.5833863019943237,0.7767181396484375,-0.06836964935064316,0.4439225196838379,0.6928308606147766,-0.07177577167749405,0.5059384703636169,0.6962396502494812,-0.08641109615564346,0.5411419868469238,0.713915228843689,-0.08928798884153366,0.5697631239891052,0.7304340600967407,-0.09147783368825912
15,left,0.64047771692276,0.8690397143363953,5.497116717378958e-07,0.6545697450637817,0.812495768070221,-0.052514515817165375,0.652018666267395,0.776929497718811,-0.08968430012464523,0.6636111736297607,0.7491818070411682,-0.11706966161727905,0.6868519186973572,0.7244746088981628,-0.1440490484237671,0.5902644991874695,0.819564700126648,-0.09832378476858139,0.5393123030662537,0.8135984539985657,-0.1320556104183197,0.5024477243423462,0.8092770576477051,-0.152311772108078,0.4662627577781677,0.8090208172798157,-0.164472758769989,0.567480206489563,0.8424179553985596,-0.08111949265003204,0.5009095072746277,0.8206087350845337,-0.11196760088205338,0.45529982447624207,0.7960642576217651,-0.12724189460277557,0.41860657930374146,0.7797908186912537,-0.13659386336803436,0.5532540082931519,0.8510966897010803,-0.06332357227802277,0.4943265914916992,0.8247759342193604,-0.08486202359199524,0.4560256898403168,0.7974551320075989,-0.09704508632421494,0.42545631527900696,0.7777058482170105,-0.1034216657280922,0.5453004240989685,0.8511457443237305,-0.04878589138388634,0.505608081817627,0.8267566561698914,-0.06140153482556343,0.4753042161464691,0.8078444004058838,-0.06725042313337326,0.4501500725746155,0.7913610339164734,-0.07065615803003311
16,right,0.33760711550712585,0.7517130374908447,7.829346948540206e-09,0.4074077308177948,0.7657213807106018,0.04530836641788483,0.4517425000667572,0.7634546756744385,0.05302172526717186,0.4802577793598175,0.7686722874641418,0.049158092588186264,0.5074792504310608,0.7806018590927124,0.0414457805454731,0.4692758023738861,0.637821614742279,0.011942528188228607,0.5293756723403931,0.6032916903495789,0.005074742250144482,0.5658113956451416,0.5963682532310486,0.003057540627196431,0.5965293049812317,0.602159857749939,-0.00019534929015208036,0.4594874680042267,0.6399614214897156,-0.02381347119808197,0.5404787063598633,0.6813681125640869,-0.03939485177397728,0.5650027990341187,0.7334815859794617,-0.04301392659544945,0.5764304995536804,0.777247965335846,-0.04480374976992607,0.44629597663879395,0.6648048162460327,-0.05595458671450615,0.5298897624015808,0.6983777284622192,-0.07226304709911346,0.5623197555541992,0.7452366948127747,-0.07309845089912415,0.5845001935958862,0.7805919647216797,-0.07456844300031662,0.4387810528278351,0.7019685506820679,-0.08365878462791443,0.49339568614959717,0.6932666301727295,-0.10313516110181808,0.5258270502090454,0.6972904205322266,-0.1080273911356926,0.553989827632904,0.7028616666793823,-0.11106839776039124
16,left,0.6207786798477173,0.8634787797927856,4.4979206137441e-08,0.6486943960189819,0.8240714073181152,-0.049197886139154434,0.6579896211624146,0.7840086817741394,-0.08281353861093521,0.6768814325332642,0.7483329772949219,-0.10783511400222778,0.6975675225257874,0.7213570475578308,-0.1350921094417572,0.5909745097160339,0.814727783203125,-0.08051533997058868,0.5395747423171997,0.8249769806861877,-0.10815434157848358,0.5022531747817993,0.8250691890716553,-0.13210242986679077,0.4658101201057434,0.8212460279464722,-0.14964646100997925,0.565079927444458,0.824050784111023,-0.06393901258707047,0.5028579235076904,0.8128784894943237,-0.08617288619279861,0.4633293151855469,0.8048944473266602,-0.10643230378627777,0.42855173349380493,0.7974499464035034,-0.12469284236431122,0.5475334525108337,0.8203927278518677,-0.0466243214905262,0.49888983368873596,0.7854005694389343,-0.06356658041477203,0.47019511461257935,0.7653345465660095,-0.07312209904193878,0.44790878891944885,0.7521177530288696,-0.0813625156879425,0.5368910431861877,0.808502733707428,-0.032280758023262024,0.5031217932701111,0.7715827226638794,-0.039797913283109665,0.4865396022796631,0.7485601305961609,-0.03805980086326599,0.4742380380630493,0.7319163084030151,-0.03879774361848831
17,right,0.3351000249385834,0.7506178617477417,-3.848847018872448e-09,0.40064841508865356,0.760367214679718,0.04900996759533882,0.44490358233451843,0.7584463357925415,0.05786813050508499,0.47304344177246094,0.761947751045227,0.055338308215141296,0.4979976713657379,0.7758147120475769,0.048614054918289185,0.4700159728527069,0.6396737694740295,0.006865174043923616,0.5309838056564331,0.5978829860687256,-0.004782494157552719,0.5704125165939331,0.5919549465179443,-0.00994784850627184,0.6033473014831543,0.5999956727027893,-0.01406004186719656,0.4569028615951538,0.6433115005493164,-0.030605457723140717,0.5446752309799194,0.6897628307342529,-0.05059349164366722,0.5689712166786194,0.7440041303634644,-0.05409906804561615,0.5760085582733154,0.7867781519889832,-0.05365663394331932,0.4404081106185913,0.6705703735351562,-0.06379660218954086,0.5300317406654358,0.6988804936408997,-0.08310557156801224,0.5641376376152039,0.747767448425293,-0.08162979781627655,0.5852357149124146,0.7834225296974182,-0.07953301817178726,0.43108904361724854,0.7077738046646118,-0.09189735352993011,0.4862615168094635,0.697332501411438,-0.11503694951534271,0.5185531973838806,0.7012771964073181,-0.11941317468881607,0.5467528104782104,0.7047517895698547,-0.12014729529619217
17,left,0.6204965114593506,0.8627463579177856,1.4978095919104817e-07,0.6491862535476685,0.8374063372612,-0.05742361769080162,0.6593545079231262,0.7970499992370605,-0.09608576446771622,0.6744687557220459,0.7602503299713135,-0.12478799372911453,0.6887601017951965,0.7313871383666992,-0.15558640658855438,0.5820153951644897,0.8227919340133667,-0.09677430987358093,0.5323923826217651,0.8322310447692871,-0.13382837176322937,0.49663862586021423,0.8317364454269409,-0.16368797421455383,0.4620051085948944,0.8318910002708435,-0.18312640488147736,0.558157742023468,0.8125675320625305,-0.07856530696153641,0.5036790370941162,0.7696241736412048,-0.11510195583105087,0.48268982768058777,0.7478442192077637,-0.14262878894805908,0.4674118161201477,0.7365299463272095,-0.16150368750095367,0.5464234948158264,0.791308581829071,-0.05997462198138237,0.5162922739982605,0.7219905257225037,-0.0903308317065239,0.5130605101585388,0.6787740588188171,-0.11052077263593674,0.5157977342605591,0.6552215814590454,-0.12173561006784439,0.5413248538970947,0.7671516537666321,-0.0438520722091198,0.5273014307022095,0.7099915146827698,-0.06210014969110489,0.5344005823135376,0.6681563854217529,-0.06870316714048386,0.5461071729660034,0.6388047933578491,-0.07273111492395401
18,right,0.3351549804210663,0.7560619711875916,1.286433004565879e-08,0.40469759702682495,0.7665162682533264,0.05057551711797714,0.4472336769104004,0.7648423910140991,0.05994241684675217,0.47735175490379333,0.7691628932952881,0.057068534195423126,0.5055660009384155,0.7801884412765503,0.05002835765480995,0.46902742981910706,0.6398018598556519,0.010198143310844898,0.5291687250137329,0.5963598489761353,-0.0015519107691943645,0.5695909857749939,0.5911274552345276,-0.006939307786524296,0.603080689907074,0.5980445742607117,-0.011397171765565872,0.4568153917789459,0.6425827741622925,-0.02834387682378292,0.547265887260437,0.6824458837509155,-0.047943610697984695,0.5723589658737183,0.7387980222702026,-0.0518740713596344,0.5792039632797241,0.7814103364944458,-0.051969751715660095,0.4419899880886078,0.6699528694152832,-0.06263682246208191,0.533057689666748,0.6941138505935669,-0.08199302852153778,0.5663793683052063,0.7456220984458923,-0.08027825504541397,0.5853986740112305,0.7817632555961609,-0.07805942744016647,0.4335561990737915,0.7076957821846008,-0.09178832918405533,0.49160224199295044,0.7015689015388489,-0.11338254064321518,0.5227943062782288,0.7110487818717957,-0.11612442880868912,0.5486449003219604,0.7177687287330627,-0.11602500081062317
18,left,0.6345524191856384,0.8505216836929321,-7.994180606374357e-08,0.6556817889213562,0.8246399760246277,-0.04651635140180588,0.6613155603408813,0.7891879677772522,-0.07579544186592102,0.6783718466758728,0.7532997727394104,-0.09744203090667725,0.6969412565231323,0.7288306355476379,-0.12112505733966827,0.5915772914886475,0.8163251280784607,-0.06843943148851395,0.5418503880500793,0.8334687352180481,-0.09478810429573059,0.5057472586631775,0.8355259895324707,-0.11914766579866409,0.4722675681114197,0.8324388861656189,-0.1370321363210678,0.5707088708877563,0.8075464963912964,-0.05368402227759361,0.5081472396850586,0.8044260740280151,-0.07734674215316772,0.4705353379249573,0.8054669499397278,-0.10162578523159027,0.4366323947906494,0.8009018898010254,-0.12206685543060303,0.5559629797935486,0.7897355556488037,-0.038937605917453766,0.5079569816589355,0.7611251473426819,-0.059848520904779434,0.4778425395488739,0.7408589720726013,-0.07691806554794312,0.45468348264694214,0.7288627624511719,-0.08941882848739624,0.5485003590583801,0.768759548664093,-0.0265485942363739,0.5159182548522949,0.7310490608215332,-0.03663637116551399,0.49868932366371155,0.7049433588981628,-0.03917515650391579,0.48550620675086975,0.6866192817687988,-0.04286826401948929
19,right,0.33266493678092957,0.7427234053611755,3.0438727094406204e-07,0.40331822633743286,0.7172573208808899,0.024427402764558792,0.4580515921115875,0.6814733743667603,0.022727658972144127,0.4994276762008667,0.6525406837463379,0.013519703410565853,0.5298603177070618,0.6351887583732605,0.003301706165075302,0.4599677324295044,0.6037285327911377,-0.0049608624540269375,0.5176849365234375,0.5658237934112549,-0.020216429606080055,0.5590380430221558,0.5524147748947144,-0.029036281630396843,0.5925115346908569,0.5500849485397339,-0.0350639782845974,0.45123016834259033,0.6154702305793762,-0.03002702258527279,0.5357837677001953,0.6508623957633972,-0.04917368292808533,0.5679067969322205,0.702185869216919,-0.05557529255747795,0.5858557224273682,0.7431120872497559,-0.0582275465130806,0.4444771409034729,0.6495599150657654,-0.052717048674821854,0.5292650461196899,0.6792247891426086,-0.06848204135894775,0.5643556714057922,0.7267580628395081,-0.06775782257318497,0.5854606628417969,0.7639595866203308,-0.06651110202074051,0.4432714581489563,0.6967917084693909,-0.07341344654560089,0.5103609561920166,0.7065363526344299,-0.08092347532510757,0.5389034748077393,0.7285636067390442,-0.07596036046743393,0.5585679411888123,0.7485895156860352,-0.0720319077372551
19,left,0.6276203393936157,0.8569520115852356,-5.110070233627084e-08,0.653372585773468,0.8193308115005493,-0.04060763865709305,0.6651003360748291,0.7811461091041565,-0.06757204979658127,0.6827145218849182,0.7438052892684937,-0.08798857033252716,0.7048458456993103,0.7236804962158203,-0.11061467975378036,0.6010579466819763,0.8116762042045593,-0.06313616782426834,0.5562794804573059,0.8252310752868652,-0.08901805430650711,0.5199258923530579,0.8290727138519287,-0.1114640012383461,0.4858299493789673,0.8263216614723206,-0.12777550518512726,0.5715119242668152,0.8140509128570557,-0.051635049283504486,0.5171016454696655,0.8131718039512634,-0.07330523431301117,0.4804869294166565,0.8101146221160889,-0.09432680159807205,0.4468775987625122,0.7993502020835876,-0.11278810352087021,0.5505644083023071,0.8079252243041992,-0.04006896913051605,0.5003339648246765,0.791752815246582,-0.05789656564593315,0.4669191837310791,0.7763721942901611,-0.07265284657478333,0.4384978711605072,0.760492205619812,-0.08446768671274185,0.536867082118988,0.7992764115333557,-0.030849061906337738,0.49793556332588196,0.7743297815322876,-0.039522409439086914,0.4725472331047058,0.7590636014938354,-0.04137147590517998,0.45120173692703247,0.7446824312210083,-0.04485684633255005
20,right,0.3118482828140259,0.7273383140563965,4.1256035387959855e-07,0.38613441586494446,0.6935595273971558,0.010566753335297108,0.4466536045074463,0.6409955024719238,0.004463532939553261,0.4930286109447479,0.6020250916481018,-0.005548673216253519,0.5238561034202576,0.5631654262542725,-0.016899069771170616,0.4345013201236725,0.5759828090667725,-0.02005644142627716,0.47932565212249756,0.5221335887908936,-0.04192405566573143,0.5187195539474487,0.4991154372692108,-0.055058833211660385,0.5530593991279602,0.4866994023323059,-0.06427060812711716,0.41872456669807434,0.5929826498031616,-0.039206624031066895,0.5074008107185364,0.6193040609359741,-0.06720691919326782,0.549001157283783,0.6658074259757996,-0.07934731245040894,0.5747769474983215,0.7047701478004456,-0.08437914401292801,0.4014147222042084,0.6313117742538452,-0.05670977011322975,0.48730677366256714,0.6538572907447815,-0.08172602951526642,0.5365477800369263,0.6890663504600525,-0.08873794227838516,0.571969747543335,0.7173881530761719,-0.09100966155529022,0.38658368587493896,0.6787405610084534,-0.0725410059094429,0.44031333923339844,0.687807559967041,-0.09036974608898163,0.4752246141433716,0.6989182829856873,-0.09431280195713043,0.5056947469711304,0.7065438032150269,-0.09561058133840561
20,left,0.6362440586090088,0.8774109482765198,3.939181283385551e-07,0.6574535965919495,0.8251640796661377,-0.0497230663895607,0.6616360545158386,0.7859953045845032,-0.08390767872333527,0.6747724413871765,0.7566982507705688,-0.10973532497882843,0.6979949474334717,0.7361260056495667,-0.1355186551809311,0.6002756357192993,0.8297281861305237,-0.08623099327087402,0.5508953928947449,0.8277483582496643,-0.11591850221157074,0.5141217112541199,0.8264140486717224,-0.13531537353992462,0.48026078939437866,0.8265342116355896,-0.14808964729309082,0.574598491191864,0.8527829051017761,-0.07080411911010742,0.515604555606842,0.8333880305290222,-0.0965631976723671,0.4742398262023926,0.8146524429321289,-0.11114432662725449,0.440923810005188,0.8013640642166138,-0.12173013389110565,0.5574714541435242,0.8626401424407959,-0.05552750453352928,0.5040091872215271,0.8358560800552368,-0.07398025691509247,0.46818897128105164,0.8133991360664368,-0.08597418665885925,0.4399458169937134,0.795925498008728,-0.09368308633565903,0.5474511981010437,0.8651729226112366,-0.04367848113179207,0.5095363855361938,0.8412532210350037,-0.0549379326403141,0.4806506335735321,0.8227922916412354,-0.06082126870751381,0.45771217346191406,0.8067145943641663,-0.06523562967777252
21,right,0.2887910306453705,0.7284526228904724,4.656613157294487e-07,0.3508334755897522,0.6686747074127197,0.007167584262788296,0.40721940994262695,0.607758641242981,-0.002354732248932123,0.4529564082622528,0.5612680315971375,-0.014269093051552773,0.48479384183883667,0.5142207145690918,-0.027047226205468178,0.38833245635032654,0.5602328181266785,-0.03170802816748619,0.4237927794456482,0.48659181594848633,-0.0601639486849308,0.46328023076057434,0.4597287178039551,-0.07778528332710266,0.49922484159469604,0.44588467478752136,-0.08901596814393997,0.37324345111846924,0.5848839282989502,-0.050036437809467316,0.47010374069213867,0.5859858989715576,-0.08133107423782349,0.519018828868866,0.6232713460922241,-0.09426296502351761,0.5497521758079529,0.6572439670562744,-0.09985314309597015,0.362109899520874,0.6315814852714539,-0.06673572212457657,0.4546084403991699,0.6371179819107056,-0.09427089244127274,0.508124828338623,0.6621811389923096,-0.10047585517168045,0.5457903146743774,0.6807736158370972,-0.10201224684715271,0.3565320670604706,0.6862583160400391,-0.08182673156261444,0.4162784814834595,0.6931842565536499,-0.10235348343849182,0.4517820477485657,0.7063286900520325,-0.10485982894897461,0.4808608889579773,0.7131466269493103,-0.10424643754959106
21,left,0.6456562280654907,0.8800928592681885,5.751097660322557e-07,0.6601776480674744,0.8234724402427673,-0.04968109354376793,0.6605182886123657,0.781919538974762,-0.08371631801128387,0.6743872761726379,0.7551308870315552,-0.10938544571399689,0.699718713760376,0.7362427115440369,-0.134914368391037,0.6022515296936035,0.835277795791626,-0.08583815395832062,0.5489688515663147,0.8312941193580627,-0.11702212691307068,0.510930061340332,0.826499342918396,-0.136503204703331,0.4781256318092346,0.8237463235855103,-0.14854848384857178,0.5815680623054504,0.8596956133842468,-0.07145888358354568,0.5181863307952881,0.8431330919265747,-0.10051176697015762,0.47213971614837646,0.8216885924339294,-0.11730974167585373,0.4358043670654297,0.8046026229858398,-0.12800225615501404,0.5670873522758484,0.8705549240112305,-0.057367902249097824,0.5110490322113037,0.8487524390220642,-0.07840313762426376,0.4703453481197357,0.824235200881958,-0.09300046414136887,0.4384899139404297,0.8041623830795288,-0.10143018513917923,0.5578204393386841,0.8733057975769043,-0.046645134687423706,0.5190591812133789,0.852340042591095,-0.06017952784895897,0.48825541138648987,0.8353157639503479,-0.06800621747970581,0.46407338976860046,0.8192809820175171,-0.0729341059923172
22,right,0.25383973121643066,0.7467896342277527,4.310554686526302e-07,0.31204724311828613,0.682424783706665,0.002401824342086911,0.3645227253437042,0.6116471290588379,-0.00678075198084116,0.40419042110443115,0.5555931925773621,-0.017932428047060966,0.4340982437133789,0.5059655904769897,-0.030147187411785126,0.3386478126049042,0.5696629285812378,-0.032393112778663635,0.35618793964385986,0.4982054829597473,-0.058890100568532944,0.3856230676174164,0.4678593873977661,-0.07435110211372375,0.41498780250549316,0.4482971727848053,-0.08424430340528488,0.3222562372684479,0.5984610319137573,-0.04862784221768379,0.411498099565506,0.587770402431488,-0.07845841348171234,0.4656215310096741,0.6197110414505005,-0.0898018404841423,0.5036562085151672,0.6497353315353394,-0.09456606954336166,0.3100470304489136,0.6488551497459412,-0.06383086740970612,0.39988431334495544,0.6470710039138794,-0.09492814540863037,0.4537353217601776,0.6722657680511475,-0.10229641199111938,0.49145185947418213,0.6904423832893372,-0.10353852808475494,0.3036174774169922,0.705382227897644,-0.07744015008211136,0.3657824695110321,0.7127403616905212,-0.10207939147949219,0.40332937240600586,0.7329437136650085,-0.10553544759750366,0.4305734932422638,0.7456299662590027,-0.10482668876647949
22,left,0.6315494775772095,0.8781927824020386,-1.1905162722314344e-07,0.6556235551834106,0.8393159508705139,-0.042468875646591187,0.6673734188079834,0.7972310781478882,-0.07130958884954453,0.6865023970603943,0.7541272044181824,-0.09323626011610031,0.71187424659729,0.729224443435669,-0.11700379848480225,0.6033099889755249,0.8269639611244202,-0.06902040541172028,0.5592459440231323,0.8327629566192627,-0.09781137853860855,0.5256911516189575,0.8381548523902893,-0.12163038551807404,0.4905751347541809,0.838291585445404,-0.13871675729751587,0.5713598132133484,0.835810661315918,-0.058267742395401,0.5132789015769958,0.8340569138526917,-0.0805421769618988,0.4769511818885803,0.8322906494140625,-0.10062316060066223,0.4421064257621765,0.8255730867385864,-0.11921320110559464,0.5501614212989807,0.8337910175323486,-0.047786958515644073,0.49263814091682434,0.8270702362060547,-0.0661214292049408,0.45741620659828186,0.8187416791915894,-0.07950390130281448,0.42626523971557617,0.8076930642127991,-0.09137105941772461,0.5395128130912781,0.8258107304573059,-0.040234487503767014,0.49517080187797546,0.8095466494560242,-0.04997120797634125,0.4680267870426178,0.8038738369941711,-0.05196138098835945,0.44259652495384216,0.7963473200798035,-0.056142501533031464
23,right,0.21919821202754974,0.7788466811180115,5.203365276429395e-07,0.27252089977264404,0.7132701873779297,-0.005026291590183973,0.3266398012638092,0.641021728515625,-0.021789900958538055,0.36523890495300293,0.5858827233314514,-0.03867179900407791,0.3900652229785919,0.5315064787864685,-0.05813067406415939,0.28380587697029114,0.603590190410614,-0.058391522616147995,0.2923135757446289,0.5382027626037598,-0.09397386759519577,0.3182602524757385,0.5092860460281372,-0.11484961211681366,0.3474236726760864,0.4896008372306824,-0.12857842445373535,0.2641042470932007,0.6387460827827454,-0.07642852514982224,0.36016643047332764,0.630699872970581,-0.11988270282745361,0.41434669494628906,0.6669374704360962,-0.13572008907794952,0.4506584703922272,0.7044911980628967,-0.1413656771183014,0.2525939345359802,0.6979209184646606,-0.09275487810373306,0.3476761281490326,0.6989560127258301,-0.13394004106521606,0.4039744436740875,0.7229645252227783,-0.14319826662540436,0.44458436965942383,0.7423444390296936,-0.14453372359275818,0.24762287735939026,0.7613579630851746,-0.10774211585521698,0.31128373742103577,0.7843588590621948,-0.14153891801834106,0.34966543316841125,0.8070357441902161,-0.14768414199352264,0.3788823187351227,0.8221926689147949,-0.14790350198745728
23,left,0.6439332365989685,0.8861855864524841,-3.266763248799265e-10,0.6663039922714233,0.8338547348976135,-0.02893855608999729,0.6749204397201538,0.7894858121871948,-0.0505809485912323,0.6893213391304016,0.7565350532531738,-0.0682726800441742,0.7118818759918213,0.7327269911766052,-0.08749164640903473,0.6146044135093689,0.8295565247535706,-0.053045403212308884,0.5674601793289185,0.8335906267166138,-0.07623518258333206,0.5341652631759644,0.8336653113365173,-0.09401611238718033,0.4999591112136841,0.8305067420005798,-0.10672622919082642,0.5876455903053284,0.8510502576828003,-0.048719149082899094,0.5251410007476807,0.8382524251937866,-0.06938184052705765,0.48392999172210693,0.8277839422225952,-0.08556169271469116,0.44691455364227295,0.8167431950569153,-0.09897101670503616,0.5700030326843262,0.8605859279632568,-0.04391000047326088,0.5109660625457764,0.8427553176879883,-0.06053808704018593,0.47437959909439087,0.827009916305542,-0.0699077844619751,0.44304558634757996,0.8091452121734619,-0.0767190083861351,0.5620717406272888,0.8617851734161377,-0.04114529490470886,0.5191113352775574,0.8424495458602905,-0.04995182901620865,0.49041494727134705,0.8293818831443787,-0.05025908723473549,0.4645545184612274,0.8156675100326538,-0.051386620849370956
24,right,0.1996464878320694,0.7935610413551331,5.828718485645368e-07,0.25955986976623535,0.7244295477867126,-0.008515446446835995,0.3119710385799408,0.6574302315711975,-0.028945529833436012,0.34185507893562317,0.601770281791687,-0.04830024763941765,0.36150532960891724,0.5419174432754517,-0.07062951475381851,0.26018595695495605,0.6281352043151855,-0.07331310957670212,0.25925999879837036,0.5786296725273132,-0.1156180128455162,0.2773689329624176,0.5484092235565186,-0.14116300642490387,0.3000851571559906,0.529066801071167,-0.15758568048477173,0.23813457787036896,0.6686599254608154,-0.09131807088851929,0.3297578692436218,0.6727944016456604,-0.13976997137069702,0.39030376076698303,0.7033630609512329,-0.1573089063167572,0.43269044160842896,0.7385919690132141,-0.16561943292617798,0.22632069885730743,0.7302882671356201,-0.10749223083257675,0.32280492782592773,0.7412536144256592,-0.1552802324295044,0.3796803653240204,0.7607276439666748,-0.16582326591014862,0.42285406589508057,0.7771521806716919,-0.16847635805606842,0.22109460830688477,0.7955819964408875,-0.12219149619340897,0.28607821464538574,0.8269991874694824,-0.16260401904582977,0.3260335326194763,0.8482789993286133,-0.1702272891998291,0.3585931658744812,0.8634082078933716,-0.1712695062160492
24,left,0.64798903465271,0.8789716362953186,5.114429200148152e-07,0.6672843098640442,0.8244812488555908,-0.05127369984984398,0.6691616773605347,0.7826647758483887,-0.0870402604341507,0.6830183267593384,0.753333330154419,-0.11418454349040985,0.7104724645614624,0.7321733236312866,-0.1412815898656845,0.6101025938987732,0.8331740498542786,-0.09024983644485474,0.5596679449081421,0.8295696377754211,-0.12223858386278152,0.5232228636741638,0.826255738735199,-0.14188440144062042,0.48926258087158203,0.8260866403579712,-0.1546097993850708,0.5864418745040894,0.857048511505127,-0.07600810378789902,0.5231737494468689,0.8371812701225281,-0.10753365606069565,0.47708648443222046,0.8157733678817749,-0.12542003393173218,0.4392335116863251,0.8005841374397278,-0.13693566620349884,0.5701652765274048,0.8683561086654663,-0.06182630732655525,0.5131219029426575,0.8420805931091309,-0.08530859649181366,0.4729289710521698,0.8179908990859985,-0.10086867213249207,0.43983519077301025,0.7993418574333191,-0.10976699739694595,0.5603790283203125,0.871242880821228,-0.050864700227975845,0.5213550329208374,0.8483309149742126,-0.06663430482149124,0.4898149371147156,0.8310428261756897,-0.07558123767375946,0.4641255736351013,0.8158729672431946,-0.08122923970222473
25,right,0.1929122805595398,0.796278715133667,6.700537937831541e-07,0.24903324246406555,0.723426878452301,-0.012129267677664757,0.3022770583629608,0.6580207943916321,-0.03749851882457733,0.333723783493042,0.6031262278556824,-0.06060371920466423,0.3557361960411072,0.5446693301200867,-0.08683396875858307,0.24738043546676636,0.6359286904335022,-0.09253084659576416,0.24885496497154236,0.5858954191207886,-0.14249706268310547,0.26764172315597534,0.5543257594108582,-0.17267286777496338,0.29055285453796387,0.5331226587295532,-0.19203251600265503,0.22607244551181793,0.6799378395080566,-0.10951191931962967,0.3198065161705017,0.6802434325218201,-0.16347844898700714,0.38328030705451965,0.703896701335907,-0.18193413317203522,0.4273412227630615,0.7356113195419312,-0.1917416900396347,0.21823690831661224,0.7431052923202515,-0.12438644468784332,0.31569188833236694,0.7530845403671265,-0.17535646259784698,0.37475255131721497,0.7668778896331787,-0.1859690099954605,0.41625314950942993,0.7799460887908936,-0.1892198622226715,0.21696904301643372,0.8068870306015015,-0.1379600316286087,0.2834336459636688,0.8338569402694702,-0.17952316999435425,0.32509344816207886,0.8474629521369934,-0.18780037760734558,0.35855376720428467,0.8584474325180054,-0.1901463121175766
25,left,0.6515985131263733,0.8806338310241699,5.93199729337357e-07,0.6679410338401794,0.823939323425293,-0.04939546063542366,0.6693618893623352,0.7810537219047546,-0.08388499915599823,0.6832872629165649,0.7533571124076843,-0.11005133390426636,0.7099924683570862,0.7337110042572021,-0.13637416064739227,0.6109175086021423,0.8332260847091675,-0.08834438025951385,0.5627114176750183,0.8326879143714905,-0.12072841823101044,0.5261327624320984,0.8292477130889893,-0.14106187224388123,0.4931020736694336,0.8288405537605286,-0.15392665565013885,0.588334858417511,0.8585903644561768,-0.07459529489278793,0.5264288783073425,0.8422374129295349,-0.10421106219291687,0.4808815121650696,0.8199856877326965,-0.12074083834886551,0.4454419016838074,0.8031926155090332,-0.13150468468666077,0.573323130607605,0.8713189959526062,-0.06103145331144333,0.5174660682678223,0.8496457934379578,-0.08283767104148865,0.4767053723335266,0.8248356580734253,-0.09779582172632217,0.4448016881942749,0.8044264316558838,-0.10657510161399841,0.5643743872642517,0.8762410879135132,-0.050691794604063034,0.5248881578445435,0.8543569445610046,-0.06501315534114838,0.49422067403793335,0.8366943597793579,-0.07333441823720932,0.4697374999523163,0.8199897408485413,-0.0787874236702919
26,right,0.19312375783920288,0.7997826933860779,6.666952003797633e-07,0.25232788920402527,0.7244316339492798,-0.013350456021726131,0.3023122251033783,0.6570810079574585,-0.03777356073260307,0.3324078917503357,0.6016427874565125,-0.06043938919901848,0.3559941053390503,0.5409345030784607,-0.08622922003269196,0.24760450422763824,0.6312259435653687,-0.08359644562005997,0.24987460672855377,0.5851204991340637,-0.13040222227573395,0.2662155032157898,0.5536347031593323,-0.15926723182201385,0.285699725151062,0.5302610397338867,-0.17832118272781372,0.22698235511779785,0.675504207611084,-0.0998348817229271,0.32060369849205017,0.6808960437774658,-0.15142476558685303,0.3836108446121216,0.7067670822143555,-0.17026348412036896,0.4274592697620392,0.7375662326812744,-0.18050886690616608,0.21913643181324005,0.7407541275024414,-0.1145721822977066,0.3159787356853485,0.7529808878898621,-0.16365209221839905,0.3741537630558014,0.7667093873023987,-0.17357760667800903,0.4148143529891968,0.7793456315994263,-0.17649298906326294,0.21601194143295288,0.8067885041236877,-0.12840205430984497,0.28205183148384094,0.8340493440628052,-0.169356107711792,0.3243560492992401,0.8471041917800903,-0.17720681428909302,0.3579725921154022,0.8575306534767151,-0.1790648102760315
26,left,0.6528206467628479,0.8784054517745972,6.03739238158596e-07,0.6682946681976318,0.8206974864006042,-0.046082381159067154,0.6706299185752869,0.7789485454559326,-0.07895651459693909,0.6835736036300659,0.7511057257652283,-0.10441920161247253,0.7081656455993652,0.7322317957878113,-0.13022388517856598,0.6134107112884521,0.8324389457702637,-0.08268490433692932,0.5624262094497681,0.8307471871376038,-0.11280379444360733,0.5250034928321838,0.8279699087142944,-0.13171826303005219,0.49209296703338623,0.8280293941497803,-0.1436953842639923,0.593123197555542,0.8595048785209656,-0.07052595168352127,0.5299770832061768,0.8410467505455017,-0.0974392220377922,0.4835644066333771,0.8170219659805298,-0.11278027296066284,0.4475346803665161,0.7976391911506653,-0.1228882446885109,0.5798001885414124,0.8738417625427246,-0.058539632707834244,0.524079442024231,0.8508045673370361,-0.07704979181289673,0.4828855097293854,0.8236778974533081,-0.09033698588609695,0.451336532831192,0.8002004623413086,-0.09842680394649506,0.5723488330841064,0.8797246217727661,-0.04978996142745018,0.5321301817893982,0.8585699200630188,-0.06147288903594017,0.5013510584831238,0.8403597474098206,-0.06818094849586487,0.4778350591659546,0.8221553564071655,-0.07267189025878906
27,right,0.19503253698349,0.79926598072052,6.56949680433172e-07,0.2556822597980499,0.7220184803009033,-0.012731645256280899,0.3048393726348877,0.654839277267456,-0.03696766868233681,0.33353230357170105,0.5999953746795654,-0.059610653668642044,0.3570875823497772,0.5408844947814941,-0.08514638245105743,0.24910739064216614,0.6291945576667786,-0.08296148478984833,0.2506108283996582,0.5833848714828491,-0.12943726778030396,0.2662651836872101,0.551925539970398,-0.15831011533737183,0.28546443581581116,0.5294598340988159,-0.17743617296218872,0.2279963195323944,0.6731011867523193,-0.0993829220533371,0.3206780254840851,0.6807060837745667,-0.15124166011810303,0.38414114713668823,0.7059828639030457,-0.1707502156496048,0.4289799630641937,0.7375157475471497,-0.18137942254543304,0.21992924809455872,0.7380140423774719,-0.11417768150568008,0.3152431845664978,0.752657413482666,-0.1637277454137802,0.3743419647216797,0.7661450505256653,-0.17453183233737946,0.41649800539016724,0.7795147895812988,-0.17786669731140137,0.21683531999588013,0.8037704229354858,-0.12802842259407043,0.2826009690761566,0.8330073356628418,-0.16959071159362793,0.3256836533546448,0.8463225364685059,-0.17804953455924988,0.35999640822410583,0.8575892448425293,-0.18013408780097961
27,left,0.6572562456130981,0.8756749629974365,6.257552058741567e-07,0.6705477833747864,0.8197222948074341,-0.045424047857522964,0.6717413663864136,0.778468132019043,-0.07758806645870209,0.6840060353279114,0.7496453523635864,-0.10250450670719147,0.7082556486129761,0.72975754737854,-0.1277351826429367,0.6149113774299622,0.8333250284194946,-0.07946275174617767,0.5629564523696899,0.8318507671356201,-0.10833702981472015,0.5259822010993958,0.8278743624687195,-0.12646393477916718,0.4937973916530609,0.8261322975158691,-0.13788177073001862,0.5970908403396606,0.861196756362915,-0.06736171990633011,0.5348044037818909,0.8431226015090942,-0.09312071651220322,0.48945870995521545,0.8198721408843994,-0.1079481989145279,0.4541582465171814,0.8002141118049622,-0.11761374026536942,0.5855898261070251,0.8760786056518555,-0.055602192878723145,0.5303476452827454,0.8547659516334534,-0.07317129522562027,0.49027594923973083,0.8290966153144836,-0.0856565311551094,0.46015340089797974,0.806001603603363,-0.093128502368927,0.5790629982948303,0.8823094367980957,-0.04712884873151779,0.5389240384101868,0.8631086349487305,-0.05830866098403931,0.5090360641479492,0.8451766967773438,-0.0645841658115387,0.4863712787628174,0.8264046907424927,-0.0686504989862442
28,right,0.19485127925872803,0.7984946370124817,6.610565037590277e-07,0.2522045075893402,0.7217421531677246,-0.013851349242031574,0.30213314294815063,0.6551613807678223,-0.038922183215618134,0.33361300826072693,0.6010305881500244,-0.06214378774166107,0.3583622872829437,0.5426124334335327,-0.08828074485063553,0.2498050481081009,0.6301523447036743,-0.0852435752749443,0.2513531446456909,0.5828436613082886,-0.13272513449192047,0.268747478723526,0.5502351522445679,-0.16203664243221283,0.28975823521614075,0.5283041596412659,-0.18133775889873505,0.22999253869056702,0.6745840311050415,-0.10170936584472656,0.3213532269001007,0.6784979104995728,-0.15547913312911987,0.3840236961841583,0.7035329937934875,-0.1755087673664093,0.42759859561920166,0.7355470061302185,-0.18593715131282806,0.22276529669761658,0.7392088174819946,-0.11657282710075378,0.3170166611671448,0.7526174783706665,-0.16772210597991943,0.37509632110595703,0.7672694325447083,-0.17910031974315643,0.41672301292419434,0.781020998954773,-0.18242806196212769,0.2208060771226883,0.8058820366859436,-0.13047966361045837,0.2862491011619568,0.8348797559738159,-0.17275960743427277,0.3279944062232971,0.8490076661109924,-0.1815231889486313,0.36156800389289856,0.8604992032051086,-0.1837736815214157
28,left,0.6594885587692261,0.8744527697563171,6.769033689124626e-07,0.6760059595108032,0.8182515501976013,-0.05016784369945526,0.6783891320228577,0.7781108021736145,-0.08578918874263763,0.6901633739471436,0.7508950233459473,-0.11287588626146317,0.7127714157104492,0.7298283576965332,-0.140620619058609,0.6197665929794312,0.8340004682540894,-0.09022489935159683,0.5679678320884705,0.8323469758033752,-0.12255515903234482,0.5303655862808228,0.8280536532402039,-0.14275901019573212,0.4989357590675354,0.8263342976570129,-0.1552574783563614,0.6018020510673523,0.8611992597579956,-0.07578222453594208,0.5388920307159424,0.8414053320884705,-0.10385129600763321,0.49480003118515015,0.8165427446365356,-0.11893486231565475,0.46145880222320557,0.7956757545471191,-0.12871505320072174,0.5899778008460999,0.8748725652694702,-0.06159157305955887,0.534182071685791,0.8528429865837097,-0.08001912385225296,0.4949047267436981,0.8256868124008179,-0.09134990721940994,0.46584975719451904,0.8006352782249451,-0.09831118583679199,0.5829169750213623,0.8808788061141968,-0.05102141574025154,0.5423474311828613,0.8617684245109558,-0.06256261467933655,0.5132094025611877,0.844109833240509,-0.0681752860546112,0.49128246307373047,0.8250215649604797,-0.0718914046883583
29,right,0.19886359572410583,0.8053188920021057,6.504847647192946e-07,0.2541033923625946,0.7296004295349121,-0.013782954774796963,0.30517682433128357,0.6618770956993103,-0.03875409811735153,0.337521493434906,0.6060770153999329,-0.06124894320964813,0.3613898456096649,0.5470387935638428,-0.08646892011165619,0.25139960646629333,0.640325129032135,-0.09087442606687546,0.25174978375434875,0.5898677110671997,-0.13942478597164154,0.2697349190711975,0.5581861138343811,-0.16856969892978668,0.29085344076156616,0.5368254780769348,-0.18734514713287354,0.229547917842865,0.6863576173782349,-0.10710760951042175,0.32371264696121216,0.6850495338439941,-0.16120970249176025,0.3870019018650055,0.7086889743804932,-0.17967651784420013,0.4297730028629303,0.7404868602752686,-0.1887463927268982,0.2224641591310501,0.7513529062271118,-0.12139999866485596,0.32164692878723145,0.761294424533844,-0.17165401577949524,0.3812735378742218,0.7756171822547913,-0.18106918036937714,0.4226202070713043,0.7895458936691284,-0.18308021128177643,0.22213906049728394,0.8166940212249756,-0.13476645946502686,0.28972190618515015,0.8449810147285461,-0.1756783127784729,0.3305986821651459,0.8589058518409729,-0.18299877643585205,0.36280471086502075,0.8703240156173706,-0.18422247469425201
29,left,0.6586315035820007,0.8790190815925598,6.643814458584529e-07,0.6745848655700684,0.8214123845100403,-0.04757208377122879,0.6756527423858643,0.7775360941886902,-0.08092562854290009,0.6873980164527893,0.7497607469558716,-0.10634014755487442,0.712002158164978,0.7289280295372009,-0.13225966691970825,0.6209508776664734,0.8357279300689697,-0.08544138073921204,0.569832444190979,0.8337294459342957,-0.11560504883527756,0.5325724482536316,0.8300651907920837,-0.1340319812297821,0.5009520649909973,0.8295459747314453,-0.14553532004356384,0.6020917296409607,0.8639955520629883,-0.07213722169399261,0.5407872200012207,0.8429619669914246,-0.09887266159057617,0.49690815806388855,0.8180059194564819,-0.11317029595375061,0.46343764662742615,0.7972093820571899,-0.1225043386220932,0.5894265174865723,0.8780419826507568,-0.0590532049536705,0.5349427461624146,0.8545322418212891,-0.07709605246782303,0.49598443508148193,0.8278915882110596,-0.0886942446231842,0.46643170714378357,0.8034353852272034,-0.09581324458122253,0.5815712213516235,0.8841798901557922,-0.04939822852611542,0.5418488383293152,0.8638615012168884,-0.060780368745326996,0.512851357460022,0.8457629084587097,-0.0667700543999672,0.49046263098716736,0.8266749978065491,-0.07085594534873962
30,right,0.19615885615348816,0.810884952545166,6.458994903368875e-07,0.2531100809574127,0.7348043918609619,-0.013688870705664158,0.3041192591190338,0.6661049127578735,-0.03769836574792862,0.33534103631973267,0.6093699932098389,-0.059578295797109604,0.3595251739025116,0.5520554780960083,-0.08406809717416763,0.25018492341041565,0.6412568092346191,-0.08419504761695862,0.253427654504776,0.5905958414077759,-0.13087056577205658,0.2702406942844391,0.558574914932251,-0.15917594730854034,0.2895573377609253,0.5382102727890015,-0.17736992239952087,0.22981032729148865,0.6861427426338196,-0.09996181726455688,0.3237585425376892,0.6861993074417114,-0.15202784538269043,0.3869611322879791,0.7111852169036865,-0.1705162674188614,0.4308701157569885,0.7435478568077087,-0.17955131828784943,0.22304190695285797,0.7511885762214661,-0.11408316344022751,0.3222839832305908,0.7611985802650452,-0.1632266491651535,0.38061845302581787,0.7755808234214783,-0.17281074821949005,0.42186638712882996,0.7892370223999023,-0.17485471069812775,0.22211261093616486,0.8181419372558594,-0.1273084282875061,0.29103267192840576,0.8463210463523865,-0.16735394299030304,0.33216482400894165,0.8596364855766296,-0.17420653998851776,0.3647681474685669,0.8697230815887451,-0.17494846880435944
30,left,0.6613643169403076,0.8752778768539429,6.594781325475196e-07,0.6747657656669617,0.8182482123374939,-0.04631770774722099,0.6756964325904846,0.7770443558692932,-0.07916444540023804,0.688135027885437,0.748910665512085,-0.10434387624263763,0.712427020072937,0.7289296388626099,-0.129857137799263,0.6211978197097778,0.8354285955429077,-0.08221983909606934,0.568320095539093,0.8336922526359558,-0.11152813583612442,0.5303465127944946,0.8279576897621155,-0.1293794810771942,0.4983935058116913,0.8244984149932861,-0.14040660858154297,0.6032209396362305,0.8630518913269043,-0.06900327652692795,0.5419076681137085,0.8462100625038147,-0.09533564746379852,0.4982367157936096,0.821959376335144,-0.10954494774341583,0.4651200473308563,0.8010057806968689,-0.11848822981119156,0.5913053750991821,0.8766160011291504,-0.055982209742069244,0.5368125438690186,0.8574051260948181,-0.07385910302400589,0.497725248336792,0.8314751982688904,-0.08573822677135468,0.46869581937789917,0.8075177669525146,-0.09265731275081635,0.583788275718689,0.8809530138969421,-0.04623497650027275,0.5441994071006775,0.8633913397789001,-0.057649917900562286,0.5143904089927673,0.8456404805183411,-0.06394916772842407,0.49168944358825684,0.8263861536979675,-0.06790467351675034
31,right,0.1950850784778595,0.8162498474121094,6.389510645021801e-07,0.2538243532180786,0.7407405972480774,-0.011570679023861885,0.3040982484817505,0.6709479093551636,-0.03485877066850662,0.33402344584465027,0.6134833097457886,-0.05680551752448082,0.3575323224067688,0.5560436248779297,-0.08152437955141068,0.24964360892772675,0.6417137384414673,-0.0819665864109993,0.2525957226753235,0.5915650725364685,-0.12893791496753693,0.26976343989372253,0.5596098899841309,-0.15772780776023865,0.2896811068058014,0.5392484068870544,-0.17622749507427216,0.2292957901954651,0.6852123737335205,-0.09886880218982697,0.32240548729896545,0.6876134872436523,-0.15149249136447906,0.38682785630226135,0.7136430740356445,-0.17089973390102386,0.4320216178894043,0.7466068863868713,-0.18046173453330994,0.22234363853931427,0.7503119707107544,-0.11400899291038513,0.3200418949127197,0.7617289423942566,-0.16386385262012482,0.3792669475078583,0.7794317603111267,-0.17414365708827972,0.4209705591201782,0.7953941822052002,-0.17633748054504395,0.22114336490631104,0.8176894783973694,-0.12807272374629974,0.29075825214385986,0.8454734086990356,-0.16873398423194885,0.33172187209129333,0.8598374128341675,-0.17607969045639038,0.36423608660697937,0.870757520198822,-0.17692644894123077
31,left,0.6606681942939758,0.8785877227783203,6.795112881263776e-07,0.6742745637893677,0.8199889659881592,-0.04515143856406212,0.6746048927307129,0.7763835787773132,-0.07742436230182648,0.6860601902008057,0.7491001486778259,-0.10219258069992065,0.7108066082000732,0.7297816872596741,-0.12766806781291962,0.6227785348892212,0.8363800644874573,-0.08325982093811035,0.5697759389877319,0.8344002366065979,-0.11274183541536331,0.5310541391372681,0.8291540145874023,-0.13070715963840485,0.49918484687805176,0.8265604972839355,-0.14176589250564575,0.6048275232315063,0.8651096224784851,-0.07056207209825516,0.5421135425567627,0.8459112048149109,-0.09620983898639679,0.49722492694854736,0.8212435841560364,-0.10962424427270889,0.46356481313705444,0.8004119992256165,-0.11816924065351486,0.5926218032836914,0.879365086555481,-0.05787189304828644,0.5367932915687561,0.8589444160461426,-0.07473777234554291,0.49774524569511414,0.8323974013328552,-0.08549848198890686,0.46941763162612915,0.8078289031982422,-0.09192735701799393,0.5849683284759521,0.8853714466094971,-0.04842536896467209,0.5445175170898438,0.8671302795410156,-0.0590980164706707,0.5150397419929504,0.8485921025276184,-0.06460664421319962,0.4928044378757477,0.8287462592124939,-0.06814102828502655
32,right,0.1935354322195053,0.8190124034881592,6.738225124536257e-07,0.2577242851257324,0.744402289390564,-0.013474967330694199,0.30606722831726074,0.6736980676651001,-0.03631196916103363,0.3323947489261627,0.6148847937583923,-0.0577760711312294,0.3547935485839844,0.5540865063667297,-0.08173243701457977,0.24711325764656067,0.6424534916877747,-0.0754922553896904,0.2475096434354782,0.5921762585639954,-0.11978330463171005,0.26453861594200134,0.5614359378814697,-0.14738427102565765,0.2853025496006012,0.5430265665054321,-0.16532090306282043,0.2256561517715454,0.6833301186561584,-0.0903552994132042,0.3186379671096802,0.6897488832473755,-0.14037790894508362,0.3831574618816376,0.7156410813331604,-0.15972685813903809,0.43007615208625793,0.7490801215171814,-0.1697639673948288,0.21717193722724915,0.746252715587616,-0.10405242443084717,0.3162156045436859,0.7639548778533936,-0.15110573172569275,0.373912513256073,0.7799860835075378,-0.160730242729187,0.41535723209381104,0.7964088916778564,-0.16303858160972595,0.21465955674648285,0.8120371699333191,-0.1172415018081665,0.28595802187919617,0.8435000777244568,-0.1562846153974533,0.3288798928260803,0.8583891987800598,-0.16362130641937256,0.3629583716392517,0.8701363205909729,-0.164554163813591
32,left,0.6632332801818848,0.8721520900726318,6.474751330642903e-07,0.6766384243965149,0.8172074556350708,-0.045544158667325974,0.6790910363197327,0.7767888307571411,-0.0780227780342102,0.6908751130104065,0.7481374740600586,-0.10326942801475525,0.7125016450881958,0.7275359630584717,-0.12877145409584045,0.621662974357605,0.8337892889976501,-0.07829254865646362,0.5689229369163513,0.8320801258087158,-0.10681666433811188,0.531636655330658,0.8268368244171143,-0.12444277107715607,0.5007694363594055,0.8232735395431519,-0.13532549142837524,0.6053429841995239,0.8615949749946594,-0.06553151458501816,0.5450711250305176,0.8450518846511841,-0.09119168668985367,0.5025710463523865,0.822033703327179,-0.10536128282546997,0.47046390175819397,0.8014417290687561,-0.11429265886545181,0.594246506690979,0.8754098415374756,-0.053259704262018204,0.5401902198791504,0.8571628928184509,-0.07069871574640274,0.5016133785247803,0.8331997394561768,-0.08208596706390381,0.4728083908557892,0.8101716041564941,-0.08867434412240982,0.5871601700782776,0.8802757859230042,-0.04430101066827774,0.547199010848999,0.8641791343688965,-0.05516989901661873,0.5177268385887146,0.847358226776123,-0.06100483983755112,0.4950670599937439,0.8284222483634949,-0.06465219706296921
33,right,0.19195200502872467,0.8172602653503418,6.698477363897837e-07,0.2528144419193268,0.7381210327148438,-0.014256973750889301,0.3018978536128998,0.6677659749984741,-0.03801862522959709,0.3301773965358734,0.6113065481185913,-0.060073282569646835,0.35287290811538696,0.5527628660202026,-0.08457224816083908,0.2451246976852417,0.6417796611785889,-0.07960047572851181,0.24552607536315918,0.5941302180290222,-0.125667005777359,0.261223703622818,0.5614652037620544,-0.15441429615020752,0.28075942397117615,0.5410328507423401,-0.1732717901468277,0.2237582802772522,0.6849966645240784,-0.09522261470556259,0.3149273991584778,0.6888226270675659,-0.1476096361875534,0.3792203962802887,0.7127852439880371,-0.1677863597869873,0.42562127113342285,0.7452824711799622,-0.17790834605693817,0.21541959047317505,0.7504228353500366,-0.10952581465244293,0.3116488456726074,0.7638702988624573,-0.15940843522548676,0.3700868487358093,0.7780649662017822,-0.17018266022205353,0.4125143885612488,0.7923060655593872,-0.17266115546226501,0.21337135136127472,0.8185831308364868,-0.12314089387655258,0.2818071246147156,0.8478197455406189,-0.16464993357658386,0.32544004917144775,0.8606340289115906,-0.172837033867836,0.3603654205799103,0.871039628982544,-0.1740361452102661
33,left,0.6616982221603394,0.8793860673904419,6.58373721762473e-07,0.6741613745689392,0.8210662603378296,-0.04416639730334282,0.6735435128211975,0.7769388556480408,-0.07493225485086441,0.6858806014060974,0.7497076988220215,-0.0983278900384903,0.7122848033905029,0.7303272485733032,-0.12241411209106445,0.6213234066963196,0.8352066874504089,-0.0790395587682724,0.571370005607605,0.8338556289672852,-0.10639771074056625,0.5340149998664856,0.8289304971694946,-0.12307798117399216,0.5032950639724731,0.825546145439148,-0.13366535305976868,0.6033711433410645,0.8633043766021729,-0.0664745420217514,0.5448364019393921,0.845196008682251,-0.09058744460344315,0.502250611782074,0.8219072222709656,-0.10365696251392365,0.4700831174850464,0.8015175461769104,-0.1124102920293808,0.5913863182067871,0.8773142695426941,-0.05404718220233917,0.5400316715240479,0.8574459552764893,-0.06993227452039719,0.5025103092193604,0.8327779173851013,-0.08094388991594315,0.47455155849456787,0.8091508746147156,-0.08799118548631668,0.5843690037727356,0.883858323097229,-0.044878039509058,0.5469164848327637,0.8663787841796875,-0.05495721101760864,0.5185989737510681,0.8491129279136658,-0.06086604297161102,0.49663370847702026,0.8301060199737549,-0.06507536768913269
34,right,0.19200348854064941,0.817234992980957,6.369850211740413e-07,0.2509838342666626,0.7378935813903809,-0.012871724553406239,0.2993999421596527,0.668560266494751,-0.036437179893255234,0.3273516595363617,0.6116347312927246,-0.05856297165155411,0.351127564907074,0.5539398193359375,-0.08335219323635101,0.24414102733135223,0.6433398127555847,-0.07947988063097,0.24285775423049927,0.5940412878990173,-0.1257980316877365,0.25982293486595154,0.562975287437439,-0.15448574721813202,0.28072622418403625,0.5439680218696594,-0.17295287549495697,0.2231331616640091,0.6874098777770996,-0.09570078551769257,0.3144981563091278,0.6885563731193542,-0.14781832695007324,0.37683266401290894,0.7125477194786072,-0.16713370382785797,0.4211733341217041,0.7446927428245544,-0.17653870582580566,0.21544665098190308,0.7530194520950317,-0.1104934811592102,0.31186750531196594,0.7657023072242737,-0.16004841029644012,0.3693825602531433,0.7800796031951904,-0.1703691929578781,0.4106222689151764,0.793954610824585,-0.17253129184246063,0.21369333565235138,0.8207814693450928,-0.12439554184675217,0.28107669949531555,0.8490678071975708,-0.164822056889534,0.32288193702697754,0.8617070913314819,-0.17207343876361847,0.35618388652801514,0.8716506361961365,-0.17283207178115845
34,left,0.662453293800354,0.872565746307373,6.653220907537616e-07,0.6764514446258545,0.8173454403877258,-0.04685937613248825,0.6788325905799866,0.7765106558799744,-0.08014015853404999,0.6918380260467529,0.7476106882095337,-0.10553459823131561,0.7139905691146851,0.7292294502258301,-0.1312815546989441,0.6228205561637878,0.8337273597717285,-0.08305736631155014,0.5702323317527771,0.8312814235687256,-0.11178890615701675,0.5329364538192749,0.8252771496772766,-0.1287139505147934,0.5027623772621155,0.8212473392486572,-0.13886189460754395,0.6062126159667969,0.8632215857505798,-0.0694538876414299,0.5471493005752563,0.8468223214149475,-0.09560396522283554,0.505757749080658,0.8231208324432373,-0.10939937084913254,0.47523772716522217,0.8018754720687866,-0.11794324219226837,0.5947195887565613,0.8778810501098633,-0.05606784299015999,0.5417745113372803,0.860683262348175,-0.0737738385796547,0.5046769380569458,0.8363818526268005,-0.08503711968660355,0.47731029987335205,0.8125528693199158,-0.09160762280225754,0.587051272392273,0.8831638097763062,-0.045934416353702545,0.5484212040901184,0.8683033585548401,-0.0570547878742218,0.5198380947113037,0.851241946220398,-0.06290803104639053,0.4980626404285431,0.8318034410476685,-0.06658858805894852
35,right,0.19214585423469543,0.8186227679252625,6.47968590783421e-07,0.25253161787986755,0.7401386499404907,-0.013432744890451431,0.30127468705177307,0.669873833656311,-0.03691823408007622,0.32833409309387207,0.6121296286582947,-0.058891765773296356,0.35025325417518616,0.5525947213172913,-0.08334139734506607,0.24374285340309143,0.6446959376335144,-0.07874925434589386,0.24407535791397095,0.5966081023216248,-0.12478437274694443,0.2597930431365967,0.5633345246315002,-0.1530991643667221,0.27905571460723877,0.5415564179420471,-0.17146193981170654,0.2221546471118927,0.6884296536445618,-0.09464547038078308,0.31451505422592163,0.6887509822845459,-0.14664313197135925,0.37785470485687256,0.71256023645401,-0.1660079061985016,0.4227225184440613,0.7441712617874146,-0.17546604573726654,0.21458016335964203,0.753578782081604,-0.1092301681637764,0.3119993209838867,0.7644760012626648,-0.15863634645938873,0.37036776542663574,0.7791271805763245,-0.1685778796672821,0.41162288188934326,0.7929719090461731,-0.17041939496994019,0.21283584833145142,0.8207745552062988,-0.12305543571710587,0.281590074300766,0.8475183844566345,-0.16347014904022217,0.3245620131492615,0.860336184501648,-0.17072322964668274,0.3584611117839813,0.8705743551254272,-0.1714196652173996
35,left,0.6500153541564941,0.8848037719726562,-5.891140730795996e-08,0.6739457249641418,0.8345901370048523,-0.033753808587789536,0.6818848848342896,0.789210855960846,-0.05799977481365204,0.6950339674949646,0.749802827835083,-0.07737242430448532,0.717115581035614,0.7258837223052979,-0.09716933220624924,0.6195569634437561,0.8290718197822571,-0.06123651936650276,0.5793126821517944,0.8325177431106567,-0.08744210749864578,0.5470568537712097,0.8322640061378479,-0.10562032461166382,0.5132110118865967,0.8282784223556519,-0.11834194511175156,0.5873973369598389,0.847172737121582,-0.05463697016239166,0.5303484797477722,0.8382822871208191,-0.07952023297548294,0.49346083402633667,0.8260241150856018,-0.09479518979787827,0.46014249324798584,0.8101391792297363,-0.10724753141403198,0.5652307868003845,0.8510129451751709,-0.047864966094493866,0.5088552236557007,0.8311942219734192,-0.06876121461391449,0.4741405248641968,0.8120021224021912,-0.07733237743377686,0.443348228931427,0.7894579768180847,-0.08276038616895676,0.5537899136543274,0.845856785774231,-0.043409109115600586,0.5089365839958191,0.820328414440155,-0.05483926087617874,0.48092013597488403,0.8020992279052734,-0.05594281852245331,0.45572832226753235,0.7826400399208069,-0.05735167860984802
36,right,0.19198401272296906,0.820205569267273,6.575040174539026e-07,0.2516063153743744,0.7423353791236877,-0.013364730402827263,0.3004761338233948,0.6721519827842712,-0.036235056817531586,0.32779616117477417,0.6142436265945435,-0.05749265104532242,0.34998542070388794,0.5553198456764221,-0.08118874579668045,0.24430203437805176,0.6457772254943848,-0.07756242156028748,0.24293744564056396,0.5961114168167114,-0.12224968522787094,0.2597401738166809,0.5639458894729614,-0.14965158700942993,0.2807445228099823,0.5440272092819214,-0.16723811626434326,0.2226419448852539,0.6899132132530212,-0.09304456412792206,0.31549251079559326,0.6898329854011536,-0.1438392996788025,0.3797876834869385,0.7129932641983032,-0.16257783770561218,0.4255979657173157,0.7443974614143372,-0.17127762734889984,0.21526388823986053,0.7555394172668457,-0.10712040215730667,0.3134772777557373,0.7667465806007385,-0.15510939061641693,0.37299197912216187,0.7813485860824585,-0.1644406020641327,0.41525667905807495,0.795245349407196,-0.16576869785785675,0.21411007642745972,0.822909951210022,-0.12047736346721649,0.283162921667099,0.8509132862091064,-0.15980568528175354,0.3263527452945709,0.8635162115097046,-0.16631536185741425,0.36025306582450867,0.873211145401001,-0.16624468564987183
36,left,0.651020348072052,0.8795945048332214,4.7104535383368784e-07,0.6708528995513916,0.8228259682655334,-0.05047784745693207,0.6726816892623901,0.7812768816947937,-0.0864131897687912,0.6858476996421814,0.7505320310592651,-0.11326160281896591,0.7129589915275574,0.7299309968948364,-0.14023791253566742,0.6186270117759705,0.8320369124412537,-0.09557870775461197,0.5707299113273621,0.8317861557006836,-0.12834198772907257,0.5352009534835815,0.8281204700469971,-0.14867617189884186,0.5015467405319214,0.8258297443389893,-0.16211092472076416,0.5934835076332092,0.8575994372367859,-0.08070626854896545,0.5308339595794678,0.8389267325401306,-0.11028479039669037,0.48871228098869324,0.8164247870445251,-0.12545086443424225,0.45443546772003174,0.7990907430648804,-0.13597363233566284,0.5757588148117065,0.8694499135017395,-0.06551306694746017,0.5196050405502319,0.8437005877494812,-0.086642324924469,0.4819299876689911,0.8176347017288208,-0.09954721480607986,0.452202707529068,0.7965825200080872,-0.10764085501432419,0.5645856261253357,0.8722706437110901,-0.0536087267100811,0.5255218744277954,0.8484991192817688,-0.06793960183858871,0.4967209994792938,0.8287695646286011,-0.07583180069923401,0.47378009557724,0.8102052211761475,-0.08139968663454056
