0.713783860206604,0.6339007019996643,0.16818806529045105,0.6161752343177795,0.6112474203109741,0.0763716772198677
0.7138122320175171,0.6348541378974915,0.1815187782049179,0.6162421107292175,0.6113482713699341,0.08740173280239105
0.7143145203590393,0.6349093317985535,0.17922845482826233,0.6162411570549011,0.6113899350166321,0.08472234755754471
0.7142211198806763,0.6340697407722473,0.17523810267448425,0.6161894202232361,0.6107292771339417,0.08378201723098755
0.7132682204246521,0.6373072862625122,0.18173901736736298,0.6162714958190918,0.6107828617095947,0.0831444039940834
0.7112744450569153,0.6366996765136719,0.1712675392627716,0.616145133972168,0.6107200980186462,0.06616124510765076
0.7107003331184387,0.6372257471084595,0.18512095510959625,0.6160169243812561,0.610942542552948,0.07134054601192474
0.7107532024383545,0.637255072593689,0.18542250990867615,0.6160716414451599,0.6117124557495117,0.07255301624536514
0.7107919454574585,0.6348130702972412,0.18444247543811798,0.616248607635498,0.6110947728157043,0.07457094639539719
0.7106808423995972,0.6345751881599426,0.18353822827339172,0.6161447763442993,0.6117636561393738,0.06924577057361603
0.7120359539985657,0.6337669491767883,0.1848197728395462,0.6165436506271362,0.6117581725120544,0.07776317000389099
0.7120593190193176,0.6356828808784485,0.18983611464500427,0.6166536211967468,0.611864447593689,0.08459402620792389
0.711579442024231,0.6360298991203308,0.18865686655044556,0.6164869070053101,0.6118611693382263,0.08277982473373413
0.7116087675094604,0.6361520886421204,0.18850722908973694,0.6165080070495605,0.6119991540908813,0.08285510540008545
0.7120257616043091,0.6353440880775452,0.18796506524085999,0.6167914271354675,0.6123019456863403,0.0827161967754364
0.7123333215713501,0.6351763010025024,0.18742096424102783,0.616790235042572,0.6121894717216492,0.08276189863681793
0.7123168706893921,0.6353389620780945,0.1870826780796051,0.6167382001876831,0.6126376986503601,0.0827273577451706
0.7126883268356323,0.6353736519813538,0.18758094310760498,0.6167412996292114,0.6125869750976562,0.08522559702396393
0.7123415470123291,0.6356849670410156,0.18306824564933777,0.6165509819984436,0.6129903197288513,0.07796768844127655
0.712356448173523,0.6354933381080627,0.18239161372184753,0.6165589094161987,0.613140344619751,0.07904452085494995
0.712161123752594,0.6354901194572449,0.18183237314224243,0.6165702939033508,0.613539457321167,0.07906930148601532
0.7122567892074585,0.6355324983596802,0.1792549043893814,0.616493821144104,0.6135542392730713,0.07909096777439117
0.7122201323509216,0.6353783011436462,0.17938794195652008,0.6165313720703125,0.6137798428535461,0.07958244532346725
0.7122250199317932,0.6353824734687805,0.17955081164836884,0.6165075898170471,0.6137985587120056,0.07958342134952545
0.7122385501861572,0.6353722810745239,0.17940904200077057,0.6165088415145874,0.6141594052314758,0.07891783118247986
0.7122321724891663,0.6354014277458191,0.1805572211742401,0.6164714694023132,0.6141610741615295,0.08063437789678574
0.7122740745544434,0.6352222561836243,0.18133506178855896,0.6164702773094177,0.6141863465309143,0.08080138266086578
0.7122828364372253,0.6352673768997192,0.17938056588172913,0.6164461374282837,0.6141141653060913,0.0811290368437767
0.7122458219528198,0.6351673603057861,0.17946216464042664,0.6164501905441284,0.6139921545982361,0.08053427189588547
0.7121979594230652,0.6352211236953735,0.17901037633419037,0.6163967847824097,0.6139499545097351,0.08047086745500565
0.7119425535202026,0.6352395415306091,0.17912158370018005,0.616218090057373,0.6133794784545898,0.08061540126800537
0.7117904424667358,0.6353773474693298,0.18279097974300385,0.6162400841712952,0.6131911873817444,0.08327331393957138
0.7117258310317993,0.6350122690200806,0.18373902142047882,0.616171658039093,0.6128025650978088,0.08296430855989456
0.7114877104759216,0.6351225972175598,0.18398702144622803,0.6161192059516907,0.6123933792114258,0.08321502059698105
0.7113505601882935,0.6350792050361633,0.18382574617862701,0.6161054372787476,0.6112099289894104,0.08300002664327621
0.711549699306488,0.6330581307411194,0.18214377760887146,0.6162573099136353,0.6099367737770081,0.0820811316370964
