0.7739667296409607,0.7450369000434875,-0.3019559681415558,0.3321632444858551,0.7254869937896729,-0.19768938422203064
0.7759864330291748,0.745771050453186,-0.32792147994041443,0.33241015672683716,0.7246540784835815,-0.23094114661216736
0.7763332724571228,0.7461674809455872,-0.32441234588623047,0.3323512077331543,0.7247363328933716,-0.227201908826828
0.776952862739563,0.7466641068458557,-0.33853429555892944,0.3323023319244385,0.7237288951873779,-0.2280648648738861
0.7815394997596741,0.7521011829376221,-0.3489223122596741,0.3323565125465393,0.7239078879356384,-0.22615519165992737
0.7828319668769836,0.7573301196098328,-0.359391987323761,0.3323397636413574,0.7244576215744019,-0.2666969895362854
0.7840909361839294,0.7604484558105469,-0.3516806960105896,0.33303606510162354,0.7256795763969421,-0.26376208662986755
0.7856272459030151,0.7631333470344543,-0.3479490876197815,0.3334243893623352,0.7262014150619507,-0.2616753578186035
0.7853971719741821,0.7638413310050964,-0.32049068808555603,0.33394673466682434,0.7264662384986877,-0.23891600966453552
0.7851992845535278,0.763612687587738,-0.25867700576782227,0.3344372510910034,0.726685643196106,-0.19727738201618195
0.7851046323776245,0.7635744214057922,-0.25562340021133423,0.33496904373168945,0.7268571853637695,-0.1830717921257019
0.7849860191345215,0.7640993595123291,-0.2656094431877136,0.3350415825843811,0.7280052900314331,-0.1919780671596527
0.7851539254188538,0.7654141783714294,-0.26781266927719116,0.335019052028656,0.7285199761390686,-0.19682541489601135
0.7856647968292236,0.7665588855743408,-0.2619324326515198,0.33472830057144165,0.7285966873168945,-0.19397178292274475
0.7869197726249695,0.7666141986846924,-0.21261124312877655,0.33415159583091736,0.7286701798439026,-0.13837175071239471
0.7868630886077881,0.7666605710983276,-0.1805848777294159,0.33361002802848816,0.7289186120033264,-0.15186023712158203
0.7861254215240479,0.7666924595832825,-0.18396970629692078,0.3323912024497986,0.7290140986442566,-0.1607019603252411
0.784111499786377,0.7645698189735413,-0.1624801754951477,0.3311556875705719,0.7304437756538391,-0.13595885038375854
0.7837345600128174,0.7633457779884338,-0.1509682536125183,0.32996267080307007,0.7305908203125,-0.12658417224884033
0.7834563851356506,0.7622080445289612,-0.16835404932498932,0.32925641536712646,0.7306668758392334,-0.13072454929351807
0.7834488749504089,0.7604284286499023,-0.17675766348838806,0.3291019797325134,0.7311436533927917,-0.13490012288093567
0.7833647727966309,0.7586288452148438,-0.15831555426120758,0.32894235849380493,0.731212854385376,-0.12442363798618317
0.7832933068275452,0.7580626010894775,-0.1692880243062973,0.3286699652671814,0.7313326001167297,-0.1413724720478058
0.783299446105957,0.7572424411773682,-0.17017364501953125,0.3286638557910919,0.7313875555992126,-0.14306069910526276
0.7834318280220032,0.7568359971046448,-0.17479629814624786,0.32869166135787964,0.7314228415489197,-0.1440626084804535
0.7834510207176208,0.7557684183120728,-0.19207048416137695,0.3290885388851166,0.7312466502189636,-0.16930872201919556
0.7820870876312256,0.7518705129623413,-0.18611548840999603,0.3295719623565674,0.7297077178955078,-0.16949519515037537
0.7815277576446533,0.7492302060127258,-0.1699148267507553,0.33110398054122925,0.7277477383613586,-0.15367501974105835
0.7805702686309814,0.7488234043121338,-0.15390636026859283,0.33199459314346313,0.726715624332428,-0.12746334075927734
0.7801318764686584,0.7477239966392517,-0.1576819121837616,0.33266597986221313,0.7262581586837769,-0.13364599645137787
0.780110776424408,0.7465389370918274,-0.15031231939792633,0.333511084318161,0.7257434129714966,-0.1048598513007164
0.7802327871322632,0.7464214563369751,-0.1492493897676468,0.3341137766838074,0.7255983948707581,-0.09537061303853989
0.7802599668502808,0.7455531358718872,-0.1682133674621582,0.3341638147830963,0.7256244421005249,-0.08589588105678558
0.7804886102676392,0.7455452680587769,-0.16282443702220917,0.33469250798225403,0.7258387207984924,-0.08926257491111755
0.7805204391479492,0.7457054257392883,-0.20430168509483337,0.33501970767974854,0.7258324027061462,-0.10991524159908295
0.7805913686752319,0.7459877133369446,-0.19179975986480713,0.3353313207626343,0.725879430770874,-0.09998220950365067
