0.7930299043655396,0.7638113498687744,-0.230061337351799,0.3431950509548187,0.7487744688987732,-0.359754353761673
0.7924454212188721,0.7638458609580994,-0.23492078483104706,0.3431945741176605,0.7487305402755737,-0.3653177320957184
0.7926709055900574,0.765129804611206,-0.23216719925403595,0.34391629695892334,0.7498449087142944,-0.3591253161430359
0.7926275730133057,0.7655603885650635,-0.24202868342399597,0.3443570137023926,0.7499523758888245,-0.36239585280418396
0.7916550040245056,0.7652392983436584,-0.24295583367347717,0.3463423550128937,0.7491170167922974,-0.3526420593261719
0.791577935218811,0.7697661519050598,-0.24218015372753143,0.34642425179481506,0.7489698529243469,-0.2209160327911377
0.7906143069267273,0.7688524127006531,-0.30862951278686523,0.3447338938713074,0.7491632699966431,-0.2015283852815628
0.7879353165626526,0.7646799683570862,-0.3011033833026886,0.3403881788253784,0.7490990161895752,-0.193436861038208
0.7879666090011597,0.7608569860458374,-0.30365055799484253,0.3387477397918701,0.7451013922691345,-0.19266675412654877
0.7877302169799805,0.757110595703125,-0.32353073358535767,0.33775049448013306,0.7404389977455139,-0.1902647465467453
0.7856862545013428,0.7540614604949951,-0.31474292278289795,0.3376118242740631,0.7384042739868164,-0.18371906876564026
0.7842413783073425,0.7538125514984131,-0.3037399351596832,0.3374280333518982,0.7382708787918091,-0.19567105174064636
0.7835801243782043,0.7534856200218201,-0.29798805713653564,0.33743661642074585,0.7382040023803711,-0.19957754015922546
0.7834335565567017,0.7535257935523987,-0.2945536971092224,0.33739155530929565,0.7377151846885681,-0.19507546722888947
0.7830384373664856,0.7535569667816162,-0.2817518711090088,0.33657175302505493,0.7377452850341797,-0.19544148445129395
0.7826921939849854,0.7534281611442566,-0.28125497698783875,0.3361094295978546,0.737739622592926,-0.194488063454628
0.7826938629150391,0.7535713315010071,-0.28710177540779114,0.3359127640724182,0.7380998730659485,-0.18735875189304352
0.7826646566390991,0.7534574866294861,-0.29772526025772095,0.3358894884586334,0.7381669878959656,-0.1878454089164734
0.782464861869812,0.7532203197479248,-0.2973577678203583,0.3355594575405121,0.7379983067512512,-0.19324423372745514
0.7826766967773438,0.7532278895378113,-0.30114901065826416,0.3353350758552551,0.7378782033920288,-0.19732102751731873
0.782774806022644,0.7527170777320862,-0.27211320400238037,0.3348625898361206,0.7375847697257996,-0.19459664821624756
0.782592236995697,0.7517051100730896,-0.27495402097702026,0.33415645360946655,0.7375279664993286,-0.20719178020954132
0.7822645902633667,0.7500094771385193,-0.27895745635032654,0.3341224491596222,0.737196147441864,-0.20800654590129852
0.7822420597076416,0.7482605576515198,-0.31758198142051697,0.3341272175312042,0.7370859980583191,-0.22562961280345917
0.7819681167602539,0.745544970035553,-0.31511199474334717,0.33423662185668945,0.7368332147598267,-0.20906594395637512
0.7818971872329712,0.7449929118156433,-0.31549733877182007,0.3342750668525696,0.7368298172950745,-0.2221406251192093
0.7818620800971985,0.7445565462112427,-0.31294992566108704,0.33437591791152954,0.7368096709251404,-0.22176313400268555
0.781774640083313,0.7443606853485107,-0.3130900263786316,0.33440378308296204,0.7366321682929993,-0.22301390767097473
0.7815597653388977,0.7439413070678711,-0.3206884562969208,0.3336648941040039,0.7356983423233032,-0.2279806137084961
0.7815474271774292,0.743360161781311,-0.32944604754447937,0.33369845151901245,0.7356010675430298,-0.22768566012382507
0.7814688086509705,0.7429415583610535,-0.3322775959968567,0.3336981236934662,0.7356138229370117,-0.22754892706871033
0.7814911007881165,0.7424482107162476,-0.33089709281921387,0.3339601457118988,0.7355430722236633,-0.22723524272441864
0.7819868326187134,0.7424963116645813,-0.329687237739563,0.33399468660354614,0.7355409860610962,-0.22825975716114044
0.7821792364120483,0.7426255941390991,-0.3294610381126404,0.3340379595756531,0.7355340719223022,-0.2280838042497635
0.7828794717788696,0.7438135743141174,-0.3310532867908478,0.33429715037345886,0.7355571985244751,-0.22654852271080017
0.78304123878479,0.7438747882843018,-0.3301800787448883,0.33468642830848694,0.7355658411979675,-0.22994334995746613
