0.8488129377365112,0.7241818904876709,-0.1411578506231308,0.4604400098323822,0.6983914971351624,0.006535998545587063
0.8476635217666626,0.7242592573165894,-0.12770961225032806,0.4598516821861267,0.6986604928970337,0.04582573100924492
0.8473118543624878,0.72259920835495,-0.11914894729852676,0.4618653357028961,0.696415901184082,0.045641425997018814
0.8477119207382202,0.7227323055267334,-0.18913984298706055,0.4612594544887543,0.6965082883834839,-0.01391574926674366
0.8469257354736328,0.7187877893447876,-0.18447354435920715,0.4624309539794922,0.6966611742973328,-0.02831750549376011
0.8467150926589966,0.7153714299201965,-0.13198095560073853,0.46139007806777954,0.6967950463294983,-0.027988871559500694
0.8464738130569458,0.7160674333572388,-0.12995749711990356,0.45991188287734985,0.6977723836898804,-0.02702268399298191
0.8461611866950989,0.7200906276702881,-0.13154518604278564,0.45897191762924194,0.6981750130653381,0.0006455855909734964
0.8467339277267456,0.7224303483963013,-0.1322920024394989,0.4582017958164215,0.6984304785728455,0.0291336327791214
0.8469273447990417,0.7283617258071899,-0.10832925885915756,0.4576444625854492,0.6993464827537537,0.044527776539325714
0.847171425819397,0.7329616546630859,-0.11295802891254425,0.4573483467102051,0.7008965611457825,0.03921661525964737
0.8474276661872864,0.7384930849075317,-0.11168541759252548,0.4572294354438782,0.7010927200317383,-0.02493000403046608
0.8475250005722046,0.7410563826560974,-0.11327763646841049,0.457078218460083,0.7012493014335632,-0.05664408206939697
0.8474768400192261,0.7431493997573853,-0.11795616149902344,0.45661482214927673,0.7014661431312561,-0.07903347909450531
0.8475650548934937,0.7433223128318787,-0.11937032639980316,0.4563010334968567,0.7014992237091064,-0.044592954218387604
0.8476495742797852,0.7437561750411987,-0.12931019067764282,0.45606106519699097,0.7012798190116882,-0.04698504880070686
0.8481968641281128,0.744123101234436,-0.13151463866233826,0.45590201020240784,0.7012635469436646,-0.023385079577565193
0.8482955694198608,0.7441578507423401,-0.14674913883209229,0.4556991159915924,0.7014532089233398,-0.04170263186097145
0.8484012484550476,0.7446993589401245,-0.14695478975772858,0.45559221506118774,0.7021945714950562,-0.04713616520166397
0.8483885526657104,0.7453462481498718,-0.1529293954372406,0.45524734258651733,0.702897310256958,-0.07690483331680298
0.8484089970588684,0.7453230023384094,-0.16211369633674622,0.45496416091918945,0.7033030390739441,-0.08556154370307922
0.8484067916870117,0.7464312314987183,-0.16065248847007751,0.453955739736557,0.7038618922233582,-0.09615547955036163
0.8484094738960266,0.7464149594306946,-0.15976741909980774,0.4537181854248047,0.7046823501586914,-0.08816411346197128
0.8484693765640259,0.7470806837081909,-0.15906892716884613,0.453303724527359,0.705903947353363,-0.08924242109060287
0.8484288454055786,0.7469848990440369,-0.15877649188041687,0.4532688558101654,0.7059299349784851,-0.10533515363931656
0.8480998873710632,0.7469415664672852,-0.1214117556810379,0.4531939625740051,0.705958366394043,-0.10389053821563721
0.8482998013496399,0.7465890645980835,-0.13190901279449463,0.45314374566078186,0.7060301899909973,-0.10267774015665054
0.8482810258865356,0.746077299118042,-0.13332398235797882,0.45324739813804626,0.7060409188270569,-0.10177284479141235
0.8482662439346313,0.7454417943954468,-0.13479465246200562,0.453258216381073,0.7058818340301514,-0.10606329143047333
0.8482202291488647,0.7444615960121155,-0.14011111855506897,0.4532998204231262,0.7057430744171143,-0.09014502167701721
0.8482941389083862,0.7441186904907227,-0.1528741419315338,0.4537058472633362,0.7058037519454956,-0.08182717114686966
0.8483349084854126,0.743900716304779,-0.15870867669582367,0.45369967818260193,0.7058073878288269,-0.042635541409254074
0.8482745289802551,0.7436791658401489,-0.1605452448129654,0.4537324905395508,0.7057599425315857,-0.04885559156537056
0.8483357429504395,0.7437254786491394,-0.1597256362438202,0.453651487827301,0.7058007717132568,-0.042603544890880585
0.8483418226242065,0.7436378002166748,-0.16009250283241272,0.4536445736885071,0.7056437730789185,-0.044880472123622894
0.8481673002243042,0.7426071166992188,-0.15235237777233124,0.45361003279685974,0.7055839896202087,-0.027465835213661194
