0.8541355133056641,0.7514904141426086,-0.1702311784029007,0.45315518975257874,0.7248395681381226,-0.11557863652706146
0.8542167544364929,0.751571536064148,-0.18583674728870392,0.4532136917114258,0.7247498631477356,-0.11265850067138672
0.8542475700378418,0.7512613534927368,-0.1879490166902542,0.4533371031284332,0.7245134115219116,-0.11200855672359467
0.85418301820755,0.7512214779853821,-0.19494658708572388,0.45333895087242126,0.7245935201644897,-0.1110915094614029
0.8538554906845093,0.7508857250213623,-0.18696072697639465,0.45332369208335876,0.7241445779800415,-0.10988821089267731
0.85368412733078,0.7506716847419739,-0.1733447015285492,0.4533473551273346,0.7238370776176453,-0.11099724471569061
0.8529278635978699,0.7498630881309509,-0.16644704341888428,0.4534512460231781,0.723393440246582,-0.11029752343893051
0.8518829345703125,0.7493070960044861,-0.16295704245567322,0.45344671607017517,0.7233526110649109,-0.0988091379404068
0.851589024066925,0.748501181602478,-0.15763302147388458,0.45344558358192444,0.7232134938240051,-0.08912564814090729
0.8515434265136719,0.7475904822349548,-0.15533974766731262,0.45343446731567383,0.7231903672218323,-0.08972182124853134
0.8517975807189941,0.7481881380081177,-0.16056804358959198,0.45279359817504883,0.7247928380966187,-0.08993049710988998
0.8515915870666504,0.7480723857879639,-0.15891779959201813,0.4523998200893402,0.7248274087905884,-0.09669484198093414
0.8512860536575317,0.7480024099349976,-0.15636661648750305,0.452213853597641,0.7247974872589111,-0.10305565595626831
0.8507968187332153,0.7477340698242188,-0.15814033150672913,0.4522809386253357,0.7246817350387573,-0.10318148136138916
0.8504743576049805,0.7476456761360168,-0.15947817265987396,0.45249661803245544,0.7244800329208374,-0.09979332983493805
0.8503753542900085,0.7476069331169128,-0.1576833426952362,0.4525245726108551,0.7241977453231812,-0.0952942967414856
0.8502278327941895,0.7475565671920776,-0.15915337204933167,0.45252496004104614,0.7241511940956116,-0.09530534595251083
0.8502219915390015,0.7475692629814148,-0.16220584511756897,0.4524100422859192,0.7242172956466675,-0.09520194679498672
0.8492034673690796,0.7473700642585754,-0.159617617726326,0.4523858428001404,0.724099338054657,-0.09815282374620438
0.8487370610237122,0.7471132278442383,-0.15414656698703766,0.4519284665584564,0.7235632538795471,-0.1075056791305542
0.8486111760139465,0.7470903396606445,-0.14918503165245056,0.4515663683414459,0.7229616641998291,-0.11039934307336807
0.8480840921401978,0.7469008564949036,-0.14591558277606964,0.45152372121810913,0.7224157452583313,-0.11094270646572113
0.8477252721786499,0.7465771436691284,-0.1381107121706009,0.4511660039424896,0.7213000059127808,-0.11218719184398651
0.847581684589386,0.7465497851371765,-0.13718770444393158,0.45080703496932983,0.720723032951355,-0.11803511530160904
0.8474013209342957,0.7460804581642151,-0.13146211206912994,0.4507247507572174,0.7196423411369324,-0.12319861352443695
0.8472332954406738,0.7458441853523254,-0.12976187467575073,0.450643390417099,0.719336748123169,-0.12246204912662506
0.8474669456481934,0.7460952401161194,-0.13044826686382294,0.45022058486938477,0.7193151116371155,-0.12194608151912689
0.8474369049072266,0.7455342411994934,-0.13134318590164185,0.44995856285095215,0.7187092900276184,-0.12807336449623108
0.8472797274589539,0.7454651594161987,-0.13012506067752838,0.4498012661933899,0.7183406949043274,-0.12911833822727203
0.8471633791923523,0.7454516887664795,-0.13006117939949036,0.44910717010498047,0.7183262705802917,-0.1244436651468277
0.8461793661117554,0.7450835108757019,-0.12190388143062592,0.44888824224472046,0.7176597118377686,-0.124219611287117
0.845582127571106,0.7450430989265442,-0.1224098801612854,0.4486287534236908,0.7172494530677795,-0.12608090043067932
0.8452479243278503,0.7451760172843933,-0.12223496288061142,0.44843220710754395,0.7172462940216064,-0.12821845710277557
0.8450868725776672,0.745000422000885,-0.1225741058588028,0.44841456413269043,0.7172284722328186,-0.12737534940242767
0.8450692892074585,0.7449814081192017,-0.12356170266866684,0.4483909010887146,0.7172123789787292,-0.1218281164765358
0.8452143669128418,0.745179295539856,-0.1259010136127472,0.4483686089515686,0.7172821760177612,-0.1203327625989914
