0.8456090092658997,0.7463501691818237,-0.15837419033050537,0.4347754120826721,0.6950101256370544,-0.09471160173416138
0.8457823991775513,0.74640953540802,-0.1563013195991516,0.4348580241203308,0.6950259804725647,-0.08093143999576569
0.8459436297416687,0.7464010119438171,-0.16896027326583862,0.4351280629634857,0.6949551105499268,-0.0772763267159462
0.846094012260437,0.7462892532348633,-0.1786448061466217,0.4351649284362793,0.6941127181053162,-0.08472036570310593
0.846328616142273,0.7462834119796753,-0.174863800406456,0.4352012574672699,0.6940861940383911,-0.05451321601867676
0.8465241193771362,0.7463520169258118,-0.1730474829673767,0.4352603554725647,0.693796694278717,-0.06630747020244598
0.8474316596984863,0.7466310858726501,-0.17353278398513794,0.43531376123428345,0.6937675476074219,-0.06691031157970428
0.8482335209846497,0.7469987273216248,-0.17240318655967712,0.43535691499710083,0.6937522292137146,-0.07247398793697357
0.8487421870231628,0.7472107410430908,-0.17360952496528625,0.435380220413208,0.6937795877456665,-0.08798199146986008
0.8487554788589478,0.7473862767219543,-0.17971274256706238,0.4350731372833252,0.6939042806625366,-0.12481103092432022
0.8487662076950073,0.747407853603363,-0.19168534874916077,0.43510717153549194,0.6938350200653076,-0.1352580040693283
0.8487765192985535,0.747353196144104,-0.1894647777080536,0.4351246953010559,0.6938723921775818,-0.14008033275604248
0.8487762212753296,0.7476434111595154,-0.1954040229320526,0.43508219718933105,0.6936858296394348,-0.14159581065177917
0.8487857580184937,0.7476779222488403,-0.1939181238412857,0.4350736737251282,0.6936883330345154,-0.14285948872566223
0.848802387714386,0.7477428317070007,-0.19507934153079987,0.43508100509643555,0.6936773061752319,-0.1399911791086197
0.8486170768737793,0.7477828860282898,-0.19344335794448853,0.4351619780063629,0.693679928779602,-0.1385957896709442
0.8486090898513794,0.7478959560394287,-0.1933116763830185,0.4352356791496277,0.6936962008476257,-0.13901320099830627
0.8486129641532898,0.747832179069519,-0.18908806145191193,0.43543243408203125,0.6936614513397217,-0.13096261024475098
0.8486193418502808,0.7478294372558594,-0.18861790001392365,0.4357120394706726,0.6936215162277222,-0.13337081670761108
0.8486021757125854,0.7477408647537231,-0.17212989926338196,0.4358687996864319,0.6934500932693481,-0.11456118524074554
0.8486054539680481,0.7477430701255798,-0.1553967297077179,0.43588486313819885,0.6933364272117615,-0.09250688552856445
0.8488011360168457,0.7477310299873352,-0.15581080317497253,0.4360817074775696,0.6933369040489197,-0.09025289118289948
0.8485247492790222,0.7475801706314087,-0.14740115404129028,0.4361010193824768,0.6932529807090759,-0.08782508969306946
0.8485199213027954,0.7474187612533569,-0.14518508315086365,0.4363122582435608,0.6931275725364685,-0.07723026722669601
0.8486123085021973,0.7473638653755188,-0.14618423581123352,0.4365908205509186,0.6930217146873474,-0.07519951462745667
0.8484927415847778,0.7474101185798645,-0.14117689430713654,0.4363361895084381,0.6928994655609131,-0.041274212300777435
0.8484724760055542,0.7470427751541138,-0.14281998574733734,0.436391681432724,0.6928432583808899,-0.04444802552461624
0.8482772707939148,0.7468987703323364,-0.1290913075208664,0.43636590242385864,0.6928192973136902,-0.04404372721910477
0.8483313322067261,0.7468059659004211,-0.12732431292533875,0.43644648790359497,0.6928154826164246,-0.03791451454162598
0.8483306765556335,0.7465488910675049,-0.12823303043842316,0.4365435242652893,0.6928075551986694,-0.04374672845005989
0.8482515215873718,0.7457697987556458,-0.1296531707048416,0.43684977293014526,0.6926863193511963,-0.04365379735827446
0.848254382610321,0.7454872131347656,-0.1289750039577484,0.436865895986557,0.6926933526992798,-0.043642159551382065
0.8482290506362915,0.7450926899909973,-0.12974761426448822,0.4368838369846344,0.6926119327545166,-0.04529019072651863
0.8484166860580444,0.744590163230896,-0.12937170267105103,0.4370555877685547,0.6925697326660156,-0.042544327676296234
0.8484096527099609,0.7443217039108276,-0.12810353934764862,0.43707147240638733,0.6925317645072937,-0.04006996378302574
0.8484416007995605,0.7442991733551025,-0.12702615559101105,0.43725866079330444,0.6924983263015747,-0.04289472848176956
