0.7689751386642456,0.7479357123374939,-0.3889088034629822,0.32665103673934937,0.7488968968391418,-0.3848004937171936
0.7700481414794922,0.7481257915496826,-0.36319005489349365,0.32921040058135986,0.7487977147102356,-0.3491607904434204
0.7708148956298828,0.7477710247039795,-0.3559672236442566,0.33056825399398804,0.7487087845802307,-0.3347817659378052
0.7714526057243347,0.7475293278694153,-0.35508206486701965,0.33219316601753235,0.7486321926116943,-0.36433637142181396
0.7719000577926636,0.7470613718032837,-0.3472289443016052,0.3327597975730896,0.7483779191970825,-0.35495316982269287
0.7722974419593811,0.7467060089111328,-0.34279823303222656,0.33509474992752075,0.7474152445793152,-0.3470821678638458
0.7724962830543518,0.7461073994636536,-0.32972636818885803,0.3362724781036377,0.7469146251678467,-0.34482261538505554
0.7726801633834839,0.7456409931182861,-0.3637688159942627,0.336709201335907,0.7463310360908508,-0.37619486451148987
0.772831380367279,0.745497465133667,-0.3571168780326843,0.3371012508869171,0.7462003827095032,-0.3762592673301697
0.7729510068893433,0.7454734444618225,-0.3565482497215271,0.33720865845680237,0.7458769083023071,-0.3689751923084259
0.7729289531707764,0.7451802492141724,-0.35904860496520996,0.33732932806015015,0.7448402643203735,-0.37791624665260315
0.7729743123054504,0.7448195219039917,-0.364906370639801,0.3376517593860626,0.7441807389259338,-0.3763599693775177
0.7728309631347656,0.7443916201591492,-0.36145344376564026,0.3378671109676361,0.7438578009605408,-0.3768712282180786
0.772899866104126,0.744269609451294,-0.3598710298538208,0.33817461133003235,0.7431256771087646,-0.3891414999961853
0.7729417085647583,0.7442386746406555,-0.35650435090065,0.33834218978881836,0.7430360913276672,-0.38724464178085327
0.7729430198669434,0.7441461682319641,-0.35582321882247925,0.3385625183582306,0.7428690791130066,-0.38631564378738403
0.7729532718658447,0.7439407706260681,-0.3552289605140686,0.33874064683914185,0.7421125769615173,-0.3848396837711334
0.7730427384376526,0.743662416934967,-0.34428784251213074,0.33901089429855347,0.742016613483429,-0.37721559405326843
0.7730415463447571,0.7434622049331665,-0.3438262939453125,0.3391909599304199,0.7418367862701416,-0.37533292174339294
0.7730578780174255,0.7430003881454468,-0.3436651825904846,0.33930525183677673,0.7415620684623718,-0.3678920865058899
0.7730725407600403,0.7423381209373474,-0.347991406917572,0.3396967053413391,0.7414478659629822,-0.3655664324760437
0.773102879524231,0.7420148849487305,-0.34555789828300476,0.34016233682632446,0.741380512714386,-0.3488391041755676
0.773068368434906,0.7417510151863098,-0.32787877321243286,0.34093183279037476,0.7412239909172058,-0.3231542408466339
0.7730875611305237,0.740327775478363,-0.32541897892951965,0.34143975377082825,0.7411353588104248,-0.318398654460907
0.7732027769088745,0.7397382855415344,-0.33219146728515625,0.3419269323348999,0.7410331964492798,-0.32159101963043213
0.7733267545700073,0.7395263910293579,-0.33230406045913696,0.3424805700778961,0.7409583926200867,-0.32419347763061523
0.7734237909317017,0.7394236326217651,-0.34216439723968506,0.34253185987472534,0.741387128829956,-0.34804898500442505
0.7735007405281067,0.7384548783302307,-0.3658525347709656,0.34304189682006836,0.7416313290596008,-0.3579394221305847
0.7736155986785889,0.73775315284729,-0.364732950925827,0.343160480260849,0.7427051067352295,-0.34471940994262695
0.7737115025520325,0.7371323704719543,-0.35553547739982605,0.3434501588344574,0.7435204386711121,-0.3227021396160126
0.7736993432044983,0.7351518869400024,-0.3418702781200409,0.34518197178840637,0.7434458136558533,-0.2817689776420593
0.7736181020736694,0.7337129712104797,-0.3124691843986511,0.34687861800193787,0.7425638437271118,-0.251416951417923
0.7739875912666321,0.7335857152938843,-0.36361443996429443,0.3482508361339569,0.7425481081008911,-0.2734523415565491
0.7741021513938904,0.7332907915115356,-0.3690073490142822,0.34929436445236206,0.741894543170929,-0.28124359250068665
0.7741169929504395,0.7332752346992493,-0.37292125821113586,0.34953075647354126,0.740920901298523,-0.2858419120311737
0.7741259932518005,0.7332519888877869,-0.3725760281085968,0.35002055764198303,0.7403460144996643,-0.2884428799152374
