0.8121768832206726,0.7538057565689087,-0.16474631428718567,0.39876124262809753,0.7317296266555786,-0.19509229063987732
0.8120130300521851,0.7537705302238464,-0.18113574385643005,0.3986857831478119,0.7317525148391724,-0.2081693410873413
0.8119039535522461,0.7535797953605652,-0.17669913172721863,0.3986288011074066,0.7315253019332886,-0.19509193301200867
0.8117796778678894,0.7537385821342468,-0.18858090043067932,0.39858439564704895,0.7315486669540405,-0.22223880887031555
0.8117339015007019,0.7537292838096619,-0.19042722880840302,0.3986346125602722,0.7315605878829956,-0.21146464347839355
0.811314582824707,0.7531144618988037,-0.1879045069217682,0.398781955242157,0.7310487031936646,-0.20640070736408234
0.810712456703186,0.7520241141319275,-0.18900471925735474,0.39913350343704224,0.7305089831352234,-0.20909437537193298
0.8106273412704468,0.7518731951713562,-0.18143895268440247,0.3991864323616028,0.7300755381584167,-0.19767461717128754
0.8103870153427124,0.7518389225006104,-0.18278507888317108,0.39918839931488037,0.7294040322303772,-0.20741383731365204
0.8102495074272156,0.7514432668685913,-0.1848420798778534,0.3992235064506531,0.7293831706047058,-0.20821067690849304
0.810160756111145,0.7514259219169617,-0.18923011422157288,0.3992416560649872,0.7291879057884216,-0.20864181220531464
0.8101117014884949,0.7504347562789917,-0.17261722683906555,0.40007153153419495,0.7275933027267456,-0.20133204758167267
0.8098975419998169,0.7490517497062683,-0.16479326784610748,0.4003862738609314,0.7274194955825806,-0.19418179988861084
0.8099290132522583,0.7500497102737427,-0.16898766160011292,0.40028971433639526,0.7277160286903381,-0.19623205065727234
0.8101242184638977,0.7506682872772217,-0.17041340470314026,0.40029168128967285,0.728337824344635,-0.19612009823322296
0.8108453750610352,0.7517778277397156,-0.1720668375492096,0.4003361165523529,0.7284132242202759,-0.19695523381233215
0.8111127018928528,0.7519828677177429,-0.17335578799247742,0.4008299708366394,0.727788507938385,-0.21274682879447937
0.811315655708313,0.7524863481521606,-0.18979258835315704,0.40086817741394043,0.7278355956077576,-0.2140694558620453
0.8113062977790833,0.7528747916221619,-0.18352282047271729,0.400872141122818,0.7282949686050415,-0.21364907920360565
0.811328113079071,0.7532480955123901,-0.196121945977211,0.4008505940437317,0.7283199429512024,-0.2200661599636078
0.8113580942153931,0.7539587616920471,-0.19293366372585297,0.40076500177383423,0.7289367914199829,-0.21459980309009552
0.8115788698196411,0.7542621493339539,-0.20574167370796204,0.4007957875728607,0.7284987568855286,-0.21187882125377655
0.8128010034561157,0.755064070224762,-0.20574991405010223,0.4009004533290863,0.7287261486053467,-0.18835654854774475
0.8136531710624695,0.7550762891769409,-0.1970372051000595,0.40158146619796753,0.7285206317901611,-0.18706069886684418
0.8144298791885376,0.7558814883232117,-0.18172580003738403,0.40170717239379883,0.72850501537323,-0.17238456010818481
0.8146811723709106,0.7560206055641174,-0.18167707324028015,0.40213704109191895,0.7277780771255493,-0.16487650573253632
0.8146713376045227,0.7562491297721863,-0.1741270124912262,0.4020725190639496,0.7279026508331299,-0.16755488514900208
0.8143256306648254,0.7562000155448914,-0.16590076684951782,0.40207284688949585,0.7279223203659058,-0.1688401997089386
0.8139420747756958,0.7561435699462891,-0.16344952583312988,0.40209588408470154,0.7280120849609375,-0.1745527982711792
0.8136884570121765,0.7561518549919128,-0.1537093073129654,0.4018445909023285,0.7290454506874084,-0.17369166016578674
0.8134476542472839,0.756135880947113,-0.15498493611812592,0.401594340801239,0.7306473851203918,-0.17603129148483276
0.8131296038627625,0.7561884522438049,-0.14175906777381897,0.4009547829627991,0.7323504686355591,-0.17304211854934692
0.813068687915802,0.7569910883903503,-0.1430804580450058,0.40044254064559937,0.7353218197822571,-0.1601976603269577
0.8130766749382019,0.7575610280036926,-0.14459387958049774,0.40016016364097595,0.736836314201355,-0.16228346526622772
0.8131736516952515,0.7591349482536316,-0.1769021451473236,0.39970749616622925,0.7381241321563721,-0.19985100626945496
0.8132445216178894,0.7596859335899353,-0.2040381133556366,0.39909785985946655,0.7384498715400696,-0.23003001511096954
