0.8045449256896973,0.750663161277771,-0.1916620284318924,0.3802111744880676,0.7193366289138794,-0.18288327753543854
0.804577648639679,0.7502318620681763,-0.1940440833568573,0.3798813819885254,0.7194502353668213,-0.18270789086818695
0.8046048283576965,0.7500482797622681,-0.18944962322711945,0.3797599673271179,0.7191093564033508,-0.18096530437469482
0.8046724200248718,0.7493497729301453,-0.189153790473938,0.3798350989818573,0.718869149684906,-0.17539925873279572
0.8052350878715515,0.7491065859794617,-0.1911025047302246,0.3798854649066925,0.7187995314598083,-0.16091224551200867
0.8052541017532349,0.747816264629364,-0.18779470026493073,0.3799780607223511,0.7173486351966858,-0.14304661750793457
0.8053010702133179,0.7472447156906128,-0.18659216165542603,0.3800974190235138,0.7173823714256287,-0.17736326158046722
0.8055302500724792,0.7474519610404968,-0.18561087548732758,0.38019466400146484,0.7175275683403015,-0.19210386276245117
0.8054709434509277,0.7472944259643555,-0.18150269985198975,0.3802894949913025,0.7176069021224976,-0.1907082498073578
0.8054879307746887,0.7476441860198975,-0.1746731698513031,0.38036927580833435,0.7181749939918518,-0.18941205739974976
0.8056734800338745,0.7475360631942749,-0.17553803324699402,0.3805374801158905,0.7182644009590149,-0.18893471360206604
0.805688738822937,0.7476001977920532,-0.17616288363933563,0.38093799352645874,0.7185179591178894,-0.18960657715797424
0.8057052493095398,0.7476087212562561,-0.16146612167358398,0.3810313642024994,0.7185227870941162,-0.18372435867786407
0.805713951587677,0.7475615739822388,-0.16255417466163635,0.381058007478714,0.7185544967651367,-0.18747705221176147
0.8056122064590454,0.7475239038467407,-0.15964248776435852,0.3812086880207062,0.7182441353797913,-0.19065099954605103
0.8056389689445496,0.7470715641975403,-0.15941545367240906,0.381680965423584,0.7182617783546448,-0.1873551905155182
0.8058332204818726,0.7473304867744446,-0.1763969510793686,0.38194066286087036,0.7187350988388062,-0.19060224294662476
0.8058539628982544,0.7471345663070679,-0.17960789799690247,0.38202184438705444,0.7194140553474426,-0.19030067324638367
0.805884063243866,0.7470223903656006,-0.17788708209991455,0.38212403655052185,0.7195683121681213,-0.1857168972492218
0.8058938980102539,0.7467385530471802,-0.177816703915596,0.382184773683548,0.7203790545463562,-0.17250938713550568
0.8057495951652527,0.7461848855018616,-0.17284467816352844,0.38223230838775635,0.7207174301147461,-0.1704859435558319
0.8057537078857422,0.7461560964584351,-0.17178010940551758,0.382269948720932,0.7207920551300049,-0.16756027936935425
0.8057680130004883,0.745735228061676,-0.16982729732990265,0.3823031783103943,0.7212556600570679,-0.1636236310005188
0.805703341960907,0.7454493045806885,-0.17267125844955444,0.38230153918266296,0.7212746739387512,-0.164582759141922
0.8056589365005493,0.7447728514671326,-0.17221243679523468,0.38232114911079407,0.7213001251220703,-0.1599021703004837
0.8057206869125366,0.7446110248565674,-0.16319915652275085,0.3822774291038513,0.7213183641433716,-0.17831258475780487
0.80577152967453,0.744526207447052,-0.1618863344192505,0.38222548365592957,0.7213366031646729,-0.19483226537704468
0.8058406114578247,0.7444666028022766,-0.18278208374977112,0.382237046957016,0.7215687036514282,-0.194522887468338
0.806011974811554,0.7444265484809875,-0.1826350837945938,0.3822478652000427,0.7218264937400818,-0.19323626160621643
0.8062723875045776,0.744454562664032,-0.1870628297328949,0.382245272397995,0.7219203114509583,-0.19277173280715942
0.8063737154006958,0.7444472908973694,-0.18888136744499207,0.3822534680366516,0.7220466732978821,-0.19139494001865387
0.8065746426582336,0.7446051836013794,-0.18526984751224518,0.3823225498199463,0.7224531173706055,-0.19169925153255463
0.8072332143783569,0.7452660799026489,-0.18019530177116394,0.38237741589546204,0.7224582433700562,-0.1740165799856186
0.8073309063911438,0.7454138994216919,-0.1800946444272995,0.38253217935562134,0.72333824634552,-0.17439167201519012
0.8075286746025085,0.7454707622528076,-0.17996995151042938,0.38264718651771545,0.7236865758895874,-0.16134703159332275
0.8076386451721191,0.7454643249511719,-0.1807234287261963,0.38305985927581787,0.7237194180488586,-0.1504727154970169
