0.8205145597457886,0.7614099383354187,-0.19492164254188538,0.3894190192222595,0.7037566304206848,-0.24866318702697754
0.8187819719314575,0.756757378578186,-0.1789626181125641,0.3883351683616638,0.7051199674606323,-0.19261744618415833
0.8186949491500854,0.7577334642410278,-0.18697375059127808,0.3879929184913635,0.7060089111328125,-0.18636560440063477
0.8183242082595825,0.757705569267273,-0.17834444344043732,0.38757818937301636,0.7065401673316956,-0.1527014970779419
0.8182428479194641,0.7579016089439392,-0.17354357242584229,0.3879307508468628,0.7071373462677002,-0.1952526569366455
0.817832350730896,0.757840096950531,-0.1769101917743683,0.38802170753479004,0.707599937915802,-0.2047284096479416
0.8173049092292786,0.7577521204948425,-0.17417985200881958,0.3881605267524719,0.7079459428787231,-0.2108064442873001
0.8170498013496399,0.75771164894104,-0.17789751291275024,0.388928085565567,0.7081055045127869,-0.2087269276380539
0.8169987797737122,0.7576490640640259,-0.1802186369895935,0.38987627625465393,0.7083173394203186,-0.21400053799152374
0.8167546987533569,0.7568008303642273,-0.1878390908241272,0.38992685079574585,0.7083276510238647,-0.21682438254356384
0.8164727091789246,0.7567312717437744,-0.18846730887889862,0.38991987705230713,0.7084196209907532,-0.23136761784553528
0.8160176277160645,0.756720781326294,-0.18541525304317474,0.38970524072647095,0.7085155248641968,-0.23206572234630585
0.815944492816925,0.7567545175552368,-0.19169507920742035,0.38906654715538025,0.7086970210075378,-0.2322729378938675
0.816024899482727,0.7567939758300781,-0.19055049121379852,0.38879892230033875,0.7089592814445496,-0.22456136345863342
0.8160106539726257,0.7568063139915466,-0.19059228897094727,0.3887699246406555,0.7090564370155334,-0.22531244158744812
0.8159772753715515,0.7568697333335876,-0.19073230028152466,0.3886813521385193,0.7091104388237,-0.22570881247520447
0.8159514665603638,0.756872296333313,-0.19074073433876038,0.3886413276195526,0.7093015909194946,-0.22445471584796906
0.8159304857254028,0.7566511034965515,-0.18663576245307922,0.38862311840057373,0.709380030632019,-0.2247123420238495
0.8159090280532837,0.7566367387771606,-0.18225553631782532,0.3879399299621582,0.709433376789093,-0.2201629877090454
0.8158260583877563,0.7564664483070374,-0.18203918635845184,0.3878175616264343,0.7095078825950623,-0.21703271567821503
0.8158119320869446,0.7570579648017883,-0.18770700693130493,0.38753095269203186,0.7099077105522156,-0.22373297810554504
0.815824031829834,0.7570635080337524,-0.18773725628852844,0.38740596175193787,0.7101773619651794,-0.22540226578712463
0.8158138990402222,0.7570095062255859,-0.18831659853458405,0.38666629791259766,0.7102695107460022,-0.2247823029756546
0.8158027529716492,0.7570085525512695,-0.1861008107662201,0.3866489827632904,0.7104399800300598,-0.2242947816848755
0.8159163594245911,0.7572043538093567,-0.18518713116645813,0.386491596698761,0.7111876010894775,-0.22138702869415283
0.8159230351448059,0.7570127844810486,-0.18732798099517822,0.38646745681762695,0.7112671136856079,-0.22142279148101807
0.815892219543457,0.7570614218711853,-0.18994255363941193,0.38617295026779175,0.7120721340179443,-0.22417707741260529
0.8158427476882935,0.7570644617080688,-0.18915122747421265,0.38597849011421204,0.7134643793106079,-0.22339501976966858
0.8152945637702942,0.7570379376411438,-0.18537746369838715,0.38527894020080566,0.7137468457221985,-0.22299131751060486
0.8149174451828003,0.7570556998252869,-0.18390312790870667,0.3845725655555725,0.7140814661979675,-0.2229621410369873
0.8148700594902039,0.7571090459823608,-0.18659870326519012,0.38454896211624146,0.7147257328033447,-0.22261348366737366
0.8148760795593262,0.7576474547386169,-0.18674156069755554,0.3842909038066864,0.7154955267906189,-0.2259993851184845
0.8148592114448547,0.7580942511558533,-0.18921661376953125,0.3840792775154114,0.7155444025993347,-0.22826234996318817
0.8148000836372375,0.7581427693367004,-0.1889171302318573,0.38375914096832275,0.7155937552452087,-0.22794945538043976
0.8147152066230774,0.7577705979347229,-0.1910422295331955,0.38320887088775635,0.7156287431716919,-0.22751227021217346
0.8147103190422058,0.7579044699668884,-0.18873368203639984,0.3828170895576477,0.7159530520439148,-0.21381008625030518
