0.8189272880554199,0.760578453540802,-0.22101616859436035,0.3886461555957794,0.7332792282104492,-0.1769554316997528
0.8188913464546204,0.7623434066772461,-0.23625242710113525,0.3883541226387024,0.7333506941795349,-0.1924753338098526
0.8188813328742981,0.762458086013794,-0.2344096601009369,0.3882302939891815,0.7335937023162842,-0.19256435334682465
0.8188187479972839,0.7625064849853516,-0.23286136984825134,0.38818812370300293,0.7335975170135498,-0.19421473145484924
0.818992018699646,0.7625381350517273,-0.23261113464832306,0.38831332325935364,0.7339414358139038,-0.18821586668491364
0.81902676820755,0.7626780271530151,-0.23132824897766113,0.3883063793182373,0.7340015769004822,-0.18283717334270477
0.8190755844116211,0.7626208662986755,-0.23082172870635986,0.38833847641944885,0.7339788675308228,-0.1814161241054535
0.8191874623298645,0.762432873249054,-0.22994014620780945,0.3887063264846802,0.7339182496070862,-0.181801900267601
0.8194058537483215,0.7624601125717163,-0.22966568171977997,0.3890298902988434,0.7339171171188354,-0.18261952698230743
0.8193730115890503,0.7622154355049133,-0.22310829162597656,0.389382541179657,0.7338091731071472,-0.17557412385940552
0.8193745613098145,0.7622082233428955,-0.22513513267040253,0.38958853483200073,0.7334864735603333,-0.17991836369037628
0.8193882703781128,0.7622041702270508,-0.2242588996887207,0.3899042308330536,0.7334187626838684,-0.1855335682630539
0.8195704221725464,0.7621713280677795,-0.22322063148021698,0.3903367221355438,0.7334066033363342,-0.17902526259422302
0.8196889162063599,0.7619775533676147,-0.21899786591529846,0.3905511200428009,0.7334691286087036,-0.17350122332572937
0.820153534412384,0.7618071436882019,-0.2168654203414917,0.39104267954826355,0.7335030436515808,-0.15712466835975647
0.8202964067459106,0.7617124915122986,-0.21433250606060028,0.3912796676158905,0.7341288328170776,-0.15807028114795685
0.8203449249267578,0.7617027759552002,-0.20725782215595245,0.39149197936058044,0.7341976165771484,-0.15885595977306366
0.8206045031547546,0.7616077661514282,-0.21223783493041992,0.3916489779949188,0.73436039686203,-0.1600654423236847
0.8206020593643188,0.7616261839866638,-0.2085937261581421,0.39171797037124634,0.7344292998313904,-0.1610507220029831
0.8206283450126648,0.7614357471466064,-0.20698587596416473,0.3917251229286194,0.7344770431518555,-0.1604720652103424
0.8205455541610718,0.7610758543014526,-0.1838044971227646,0.3917435109615326,0.7345818281173706,-0.16085974872112274
0.820473849773407,0.760772168636322,-0.18236374855041504,0.3919447064399719,0.7345895767211914,-0.1571807712316513
0.820483386516571,0.7606589198112488,-0.1829809993505478,0.39195916056632996,0.7346627116203308,-0.15324947237968445
0.8204982876777649,0.7606392502784729,-0.18341970443725586,0.3923124670982361,0.7349078059196472,-0.14261776208877563
0.8205267190933228,0.7607046961784363,-0.18444497883319855,0.3925476372241974,0.7361043095588684,-0.15015122294425964
0.8204652070999146,0.760387122631073,-0.18105125427246094,0.39267003536224365,0.7366743087768555,-0.14818942546844482
0.8204897046089172,0.7603845000267029,-0.18188461661338806,0.3928370773792267,0.7369481325149536,-0.1489832103252411
0.8204609155654907,0.7599209547042847,-0.18439088761806488,0.39331838488578796,0.7369668483734131,-0.15860320627689362
0.8204671144485474,0.760077178478241,-0.19427531957626343,0.39365169405937195,0.737177312374115,-0.17944499850273132
0.8204825520515442,0.7603139281272888,-0.19624879956245422,0.39367592334747314,0.7379682660102844,-0.17855359613895416
0.8204847574234009,0.760636031627655,-0.19813016057014465,0.3936980366706848,0.7383612990379333,-0.18025127053260803
0.8204832077026367,0.7607110738754272,-0.20147129893302917,0.3937186598777771,0.7391713857650757,-0.1784142553806305
0.8205442428588867,0.7608088850975037,-0.20155306160449982,0.39373573660850525,0.7400120496749878,-0.16865220665931702
0.8206359148025513,0.7608649730682373,-0.21114227175712585,0.39375588297843933,0.7400439977645874,-0.17350167036056519
0.820744514465332,0.7609946727752686,-0.21237032115459442,0.3937704563140869,0.7404166460037231,-0.16943198442459106
0.8206645250320435,0.7609779238700867,-0.2160152941942215,0.3938249945640564,0.7400181293487549,-0.17042046785354614
