0.7505182027816772,0.8443138003349304,-0.2164040505886078,0.3136061131954193,0.8312006592750549,-0.2951320707798004
0.7509265542030334,0.8437098264694214,-0.2180883139371872,0.31442052125930786,0.8301524519920349,-0.30185821652412415
0.7509592771530151,0.8438956141471863,-0.21250364184379578,0.3155198097229004,0.830306351184845,-0.31175497174263
0.7493043541908264,0.8461970090866089,-0.17450329661369324,0.31717222929000854,0.830341100692749,-0.3476444482803345
0.7483953237533569,0.849202573299408,-0.13757333159446716,0.3178982734680176,0.8302017450332642,-0.33836764097213745
0.7481272220611572,0.8488362431526184,-0.1301344633102417,0.3191986680030823,0.8300017714500427,-0.33546337485313416
0.7481627464294434,0.8450433611869812,-0.13316020369529724,0.32168084383010864,0.8298429250717163,-0.3321012258529663
0.7484341859817505,0.8450186848640442,-0.14152294397354126,0.3218889832496643,0.8300365805625916,-0.34791892766952515
0.7488415241241455,0.8429352045059204,-0.14782002568244934,0.32270270586013794,0.8285261988639832,-0.3420408070087433
0.7486180067062378,0.8412014245986938,-0.14116933941841125,0.32319119572639465,0.8273492455482483,-0.3223486840724945
0.7485575675964355,0.8383502960205078,-0.13758206367492676,0.3232605457305908,0.8266404867172241,-0.30248263478279114
0.7485331296920776,0.8364731073379517,-0.14038144052028656,0.3234054446220398,0.8265611529350281,-0.3036108911037445
0.7485352158546448,0.8338565230369568,-0.14874951541423798,0.32375362515449524,0.8254443407058716,-0.3132171332836151
0.7484232783317566,0.8321318030357361,-0.16872866451740265,0.32406407594680786,0.8237955570220947,-0.3497393727302551
0.7486327290534973,0.8306649327278137,-0.17825306951999664,0.3244708180427551,0.8236078023910522,-0.34541261196136475
0.7475380897521973,0.828883171081543,-0.18888619542121887,0.3247828185558319,0.822176992893219,-0.3857460916042328
0.7478110790252686,0.8280824422836304,-0.1811210662126541,0.3248322606086731,0.8221879601478577,-0.37451764941215515
0.74818354845047,0.8289569020271301,-0.1806679219007492,0.3248399496078491,0.8220890164375305,-0.3699006736278534
0.7487949728965759,0.8289339542388916,-0.17913545668125153,0.32483261823654175,0.8215166926383972,-0.36526232957839966
0.7489954233169556,0.8289020657539368,-0.17940238118171692,0.3249250054359436,0.8208539485931396,-0.33211779594421387
0.7490060925483704,0.8283609747886658,-0.17926496267318726,0.32493287324905396,0.8193689584732056,-0.3349933922290802
0.7489444017410278,0.827613115310669,-0.17546574771404266,0.32512229681015015,0.818118691444397,-0.33504101634025574
0.7489354610443115,0.8270300626754761,-0.1749458760023117,0.3251306712627411,0.8180618286132812,-0.3387705087661743
0.7487651705741882,0.8271181583404541,-0.1715078204870224,0.32548990845680237,0.8182323575019836,-0.32276350259780884
0.748764157295227,0.8270419836044312,-0.18127843737602234,0.3258480429649353,0.8183296918869019,-0.3230656385421753
0.7487642168998718,0.8272995352745056,-0.18584196269512177,0.32605576515197754,0.81829833984375,-0.3244211971759796
0.7488408088684082,0.8275683522224426,-0.20649226009845734,0.3260647654533386,0.8183680772781372,-0.3502277731895447
0.7495712041854858,0.8276491761207581,-0.20566251873970032,0.3260829448699951,0.8184388279914856,-0.33648329973220825
0.7499181628227234,0.8276578783988953,-0.20687584578990936,0.326592355966568,0.8184460401535034,-0.32844483852386475
0.750089704990387,0.8276780247688293,-0.2064121514558792,0.32689762115478516,0.8182951807975769,-0.32857590913772583
0.7502197623252869,0.8277857303619385,-0.20893649756908417,0.3274348974227905,0.8182919025421143,-0.3241592347621918
0.7502349019050598,0.8281345367431641,-0.208669975399971,0.3278231918811798,0.8182777166366577,-0.32436004281044006
0.7502316236495972,0.8283499479293823,-0.20805644989013672,0.32789406180381775,0.818345844745636,-0.32441389560699463
0.7500667572021484,0.8284989595413208,-0.20390650629997253,0.3280031681060791,0.8182983994483948,-0.31851285696029663
0.7494746446609497,0.8285607695579529,-0.19385488331317902,0.3280755877494812,0.8182913661003113,-0.32499781250953674
0.7489904165267944,0.8288224339485168,-0.19855546951293945,0.32810091972351074,0.8184411525726318,-0.3542681336402893
