0.7463741898536682,0.7607371807098389,-0.20158307254314423,0.3443374037742615,0.74371737241745,0.09012201428413391
0.74683678150177,0.7607414722442627,-0.16947555541992188,0.34480732679367065,0.7424936294555664,0.08806885778903961
0.746616542339325,0.7606287002563477,-0.1723984032869339,0.3448253273963928,0.7410222887992859,0.09239159524440765
0.7465092539787292,0.7606384754180908,-0.17429779469966888,0.34489381313323975,0.7403056025505066,0.09324498474597931
0.7466894388198853,0.7608053684234619,-0.1771555244922638,0.34488242864608765,0.7395346164703369,0.08806918561458588
0.7467827796936035,0.7609187364578247,-0.17861248552799225,0.34542861580848694,0.7392453551292419,0.09567086398601532
0.7467213869094849,0.7613075971603394,-0.1747359186410904,0.34573033452033997,0.7378671169281006,0.10634051263332367
0.7466790080070496,0.7618511915206909,-0.17298100888729095,0.3458506464958191,0.7377854585647583,0.10304871946573257
0.7466431856155396,0.7623549699783325,-0.17399469017982483,0.34626930952072144,0.7378595471382141,0.10173080861568451
0.74665367603302,0.7626740336418152,-0.17443205416202545,0.3464595377445221,0.7379019856452942,0.10215344280004501
0.7466599941253662,0.7630377411842346,-0.17028576135635376,0.34666621685028076,0.7382263541221619,0.100521981716156
0.7466647028923035,0.7633488774299622,-0.19217883050441742,0.3470798432826996,0.7385351061820984,0.11254719644784927
0.7466810345649719,0.7633870244026184,-0.18692459166049957,0.34742143750190735,0.7385780811309814,0.1088898628950119
0.7464605569839478,0.7634637951850891,-0.1757221221923828,0.3476720452308655,0.7386188507080078,0.10347601026296616
0.7464505434036255,0.7634206414222717,-0.1746094673871994,0.34775036573410034,0.7387177348136902,0.09824294596910477
0.7464405298233032,0.7635114789009094,-0.163772314786911,0.34773433208465576,0.738792359828949,0.09746372699737549
0.7464112639427185,0.7634747624397278,-0.18040010333061218,0.347978800535202,0.7388256192207336,0.0989871695637703
0.7463797330856323,0.7639367580413818,-0.17914865911006927,0.3480817377567291,0.7390584945678711,0.09552748501300812
0.746396005153656,0.763995885848999,-0.1792796552181244,0.34807318449020386,0.7395794987678528,0.09629847854375839
0.7463686466217041,0.764033854007721,-0.1746848076581955,0.3481929898262024,0.7396231889724731,0.09791494905948639
0.746321439743042,0.7642727494239807,-0.1746797412633896,0.3481617867946625,0.7396198511123657,0.09787626564502716
0.7464412450790405,0.7642558217048645,-0.17307333648204803,0.34818196296691895,0.739650547504425,0.09807775169610977
0.7464401721954346,0.7642657160758972,-0.17249609529972076,0.34833261370658875,0.7396776080131531,0.10321469604969025
0.74644935131073,0.7642470002174377,-0.16294671595096588,0.34866589307785034,0.7400345206260681,0.09603570401668549
0.7463856935501099,0.7643929719924927,-0.15094080567359924,0.34867343306541443,0.7405518293380737,0.0657891184091568
0.7460642457008362,0.7646111845970154,-0.13333472609519958,0.3485186696052551,0.7422669529914856,0.06315373629331589
0.7458680272102356,0.7657864689826965,-0.13729476928710938,0.3481491208076477,0.7438962459564209,0.05861014872789383
0.7456257343292236,0.7661750316619873,-0.13983052968978882,0.3479839861392975,0.7453098893165588,0.06334908306598663
0.7454612255096436,0.7661892771720886,-0.14120520651340485,0.3476726710796356,0.745858907699585,0.06177886202931404
0.7453320622444153,0.7660508751869202,-0.16606225073337555,0.34773996472358704,0.7458354830741882,0.06194882467389107
0.7450305223464966,0.765843391418457,-0.18191874027252197,0.3476996123790741,0.7459402680397034,0.06257615983486176
0.7446428537368774,0.7653882503509521,-0.17555849254131317,0.34780508279800415,0.7459494471549988,0.06438341736793518
0.7434494495391846,0.7650487422943115,-0.17875786125659943,0.34776538610458374,0.7459571957588196,0.06482572108507156
0.7422219514846802,0.7650472521781921,-0.17610840499401093,0.3476925492286682,0.745608925819397,0.0633283331990242
0.7413691282272339,0.7650730609893799,-0.1736716330051422,0.34744495153427124,0.7454554438591003,0.058046646416187286
0.7412371635437012,0.7650703191757202,-0.14795717597007751,0.34704098105430603,0.74533611536026,0.05411797761917114
