0.7434896230697632,0.7750486135482788,-0.03781496360898018,0.3478531241416931,0.728847861289978,-0.014056372456252575
0.7434777021408081,0.7761098146438599,-0.03888631612062454,0.34737640619277954,0.7290544509887695,-0.01701643504202366
0.7436507940292358,0.7771375179290771,-0.033955708146095276,0.3474106192588806,0.7292819619178772,-0.01655961200594902
0.744140088558197,0.7786416411399841,-0.07512356340885162,0.3482453227043152,0.7294872999191284,-0.01570635475218296
0.7446678280830383,0.7790688276290894,-0.06269124895334244,0.3491048216819763,0.7296820878982544,-0.01453695259988308
0.7448571920394897,0.7791098356246948,-0.07260143011808395,0.3500101566314697,0.7297770977020264,-0.014150775969028473
0.7455700635910034,0.7791446447372437,-0.04040130600333214,0.3504839539527893,0.7298634648323059,-0.01078968308866024
0.7458750009536743,0.7792877554893494,-0.0414578802883625,0.35054123401641846,0.7296017408370972,-0.012269017286598682
0.7462891340255737,0.7796413898468018,-0.04139392450451851,0.350471556186676,0.7296701669692993,-0.017481517046689987
0.7463728785514832,0.7796767950057983,-0.059300828725099564,0.3502180576324463,0.7297282814979553,-0.01748020574450493
0.7465721368789673,0.7800186276435852,-0.07797230035066605,0.3502572178840637,0.7297862768173218,-0.014029418118298054
0.7466365098953247,0.7803611159324646,-0.07665623724460602,0.3502309024333954,0.7298259735107422,-0.01402281690388918
0.7466012835502625,0.7803955674171448,-0.0789552554488182,0.35024070739746094,0.730540931224823,-0.006511519197374582
0.7465704679489136,0.7803250551223755,-0.08158829063177109,0.3501075804233551,0.7314545512199402,-0.004063132684677839
0.7463648319244385,0.7803693413734436,-0.09023294597864151,0.34984925389289856,0.7330028414726257,-0.004336652345955372
0.7462373971939087,0.7812688946723938,-0.09495654702186584,0.3471863269805908,0.7361244559288025,-0.004117012023925781
0.7472008466720581,0.7810516953468323,-0.050863660871982574,0.3466852903366089,0.7361295223236084,-0.004266750067472458
0.748548150062561,0.7809664607048035,-0.04924510419368744,0.34433260560035706,0.7361415028572083,-0.029328953474760056
0.7491008043289185,0.7801291346549988,-0.05065884441137314,0.3430384695529938,0.7363977432250977,-0.03912348672747612
0.7493368983268738,0.7798664569854736,-0.05513923242688179,0.34019285440444946,0.7377426624298096,-0.04503155127167702
0.7493139505386353,0.7815939784049988,-0.12237457185983658,0.33940252661705017,0.7418736219406128,0.053862303495407104
0.749333918094635,0.7820069789886475,-0.09284146130084991,0.33942943811416626,0.7418893575668335,0.03679018095135689
0.749121904373169,0.7818382382392883,-0.09315744787454605,0.33927807211875916,0.7437635064125061,0.02185400016605854
0.7490267753601074,0.7818329930305481,-0.09232761710882187,0.3394416272640228,0.7437484860420227,-0.001405462622642517
0.7475553750991821,0.781022846698761,-0.09974344074726105,0.33946460485458374,0.7434962391853333,0.02884810045361519
0.7453975677490234,0.7802173495292664,-0.13739868998527527,0.34010598063468933,0.7433751821517944,0.050201140344142914
0.744993269443512,0.7791748642921448,-0.13082394003868103,0.340727299451828,0.7433283925056458,0.05732564255595207
0.744377076625824,0.7789566516876221,-0.12366173416376114,0.34069061279296875,0.7433918118476868,0.0497102327644825
0.7441908717155457,0.7789502739906311,-0.12083004415035248,0.34084898233413696,0.7432987689971924,0.05977340787649155
0.7433730363845825,0.7787491679191589,-0.11825618892908096,0.34082263708114624,0.7432841062545776,0.055433887988328934
0.7433557510375977,0.7782699465751648,-0.11649491637945175,0.3408362567424774,0.7432976961135864,0.06124985218048096
0.7427332997322083,0.7775297164916992,-0.1111929789185524,0.34072911739349365,0.7436708211898804,0.0702880471944809
0.7421802282333374,0.7768388986587524,-0.110667385160923,0.3407341241836548,0.7436646223068237,0.06732647120952606
0.7418814897537231,0.7765847444534302,-0.11687697470188141,0.3407285809516907,0.7434810996055603,0.06483331322669983
0.7418473362922668,0.7764251828193665,-0.12175051867961884,0.3409181237220764,0.7428675293922424,0.06480232626199722
0.7416667342185974,0.7761943340301514,-0.13453038036823273,0.340971976518631,0.7428044676780701,0.06321579962968826
