0.7505390644073486,0.7587577700614929,-0.2046196162700653,0.3804490864276886,0.7429388165473938,0.0814913809299469
0.7508940100669861,0.7588494420051575,-0.20324209332466125,0.3806234300136566,0.7429262399673462,0.09840519726276398
0.7518054246902466,0.7589638233184814,-0.2066526710987091,0.3805362284183502,0.7431663870811462,0.1003655418753624
0.7532223463058472,0.759017825126648,-0.22350771725177765,0.38042622804641724,0.7437597513198853,0.07267587631940842
0.7532472014427185,0.7593219876289368,-0.22985994815826416,0.38016611337661743,0.744788408279419,0.07371335476636887
0.7536713480949402,0.7593763470649719,-0.19696436822414398,0.3799695670604706,0.744991660118103,0.07567472755908966
0.7540246248245239,0.7594150900840759,-0.19750675559043884,0.37979772686958313,0.7445256114006042,0.0947675108909607
0.7542797327041626,0.7594365477561951,-0.195794016122818,0.37895137071609497,0.7439860105514526,0.07857752591371536
0.754712700843811,0.7582530379295349,-0.1878405660390854,0.37876105308532715,0.7431299090385437,0.07883862406015396
0.7546561360359192,0.7581386566162109,-0.16127356886863708,0.37822896242141724,0.7423046231269836,0.06519195437431335
0.7545844316482544,0.758155107498169,-0.1618650257587433,0.37601956725120544,0.7409660816192627,0.037914641201496124
0.7543111443519592,0.7580596804618835,-0.14617052674293518,0.3695322275161743,0.7412375807762146,0.029911532998085022
0.754206657409668,0.757491409778595,-0.1338474452495575,0.36707034707069397,0.7421358823776245,0.03645568713545799
0.7542005777359009,0.7572855353355408,-0.12940853834152222,0.36548396944999695,0.7427082657814026,0.03316360339522362
0.7542946934700012,0.7568816542625427,-0.1227058619260788,0.36327606439590454,0.7437486052513123,0.03141938894987106
0.7542744874954224,0.7561817765235901,-0.12088415771722794,0.36165812611579895,0.7440797090530396,0.03402154892683029
0.754401445388794,0.75553959608078,-0.11624862998723984,0.36114585399627686,0.7446147799491882,0.03103477880358696
0.7545794248580933,0.7549955248832703,-0.11122541129589081,0.361206978559494,0.7446773052215576,0.02987094782292843
0.7550660371780396,0.7546977400779724,-0.10764211416244507,0.36126023530960083,0.7446833252906799,0.034652791917324066
0.7552006244659424,0.7546888589859009,-0.1107322946190834,0.36147329211235046,0.7446950674057007,0.03540364280343056
0.7557652592658997,0.7546805143356323,-0.10752268880605698,0.3616601526737213,0.7446247339248657,0.03397611528635025
0.7558926343917847,0.7546681761741638,-0.10364826768636703,0.36169737577438354,0.7446512579917908,0.03780455142259598
0.7559957504272461,0.7546287775039673,-0.10328767448663712,0.36249327659606934,0.7446001172065735,0.03813625127077103
0.7562406063079834,0.7546132802963257,-0.10192365944385529,0.3625771701335907,0.7447621822357178,0.03836215287446976
0.7564538717269897,0.754594624042511,-0.0966724082827568,0.3626427948474884,0.7447314858436584,0.03961685299873352
0.7564651966094971,0.7546845078468323,-0.09793601930141449,0.362644761800766,0.7452642321586609,0.03585011139512062
0.756767749786377,0.7547081708908081,-0.09358085691928864,0.3626146912574768,0.7461882829666138,0.03602772206068039
0.75572669506073,0.7551040649414062,-0.09449563920497894,0.36265668272972107,0.7462531924247742,0.036217618733644485
0.755695641040802,0.7551044225692749,-0.09230680018663406,0.3624309003353119,0.746588408946991,0.03636554628610611
0.7552518248558044,0.7551324367523193,-0.0900212898850441,0.36244434118270874,0.7468224167823792,0.03984386473894119
0.7548051476478577,0.756171464920044,-0.08167063444852829,0.36196663975715637,0.74761962890625,0.037425655871629715
0.7539436221122742,0.7565038204193115,-0.08177883923053741,0.36196792125701904,0.7479845285415649,0.04595934599637985
0.753088653087616,0.7565538883209229,-0.07173755764961243,0.3614860475063324,0.7486019730567932,0.04643091931939125
0.7526602149009705,0.7565547227859497,-0.06399320065975189,0.3615054786205292,0.7486182451248169,0.049242205917835236
0.7516404390335083,0.7569764256477356,-0.06468073278665543,0.36134210228919983,0.7486330270767212,0.04829538241028786
0.751101016998291,0.7570485472679138,-0.0505409762263298,0.3613137900829315,0.748778223991394,0.053143490105867386
