0.7462069392204285,0.783196747303009,-0.19579362869262695,0.33279627561569214,0.7580372095108032,-0.04084758460521698
0.7464660406112671,0.7823612093925476,-0.20452027022838593,0.3341197371482849,0.7562543749809265,-0.054704636335372925
0.7464674711227417,0.7820285558700562,-0.20607967674732208,0.33464890718460083,0.7538819909095764,-0.048357732594013214
0.7462674379348755,0.7820031046867371,-0.17284022271633148,0.33459755778312683,0.7538543939590454,-0.05294801667332649
0.7462079524993896,0.7821356654167175,-0.1641763150691986,0.3348389267921448,0.7538152933120728,-0.05741151049733162
0.7460864782333374,0.7821646332740784,-0.1490912288427353,0.33494430780410767,0.7538550496101379,-0.04975070804357529
0.7459770441055298,0.7824380397796631,-0.1508316695690155,0.3349255919456482,0.7539116740226746,-0.0528971329331398
0.7459098100662231,0.7824698686599731,-0.15347418189048767,0.33479514718055725,0.754372775554657,-0.05480581521987915
0.7459061741828918,0.7826701998710632,-0.15465936064720154,0.33477941155433655,0.7550035119056702,-0.05075690895318985
0.7459007501602173,0.782918393611908,-0.15543031692504883,0.33468469977378845,0.7556002736091614,-0.05063240975141525
0.7458981275558472,0.7833004593849182,-0.17474845051765442,0.334338903427124,0.7556412220001221,-0.058604896068573
0.7459495067596436,0.7840490937232971,-0.182763934135437,0.33384495973587036,0.7557069063186646,-0.06709175556898117
0.7459741234779358,0.7849832773208618,-0.1824806183576584,0.3335944414138794,0.7557278275489807,-0.06878100335597992
0.7459908723831177,0.785405695438385,-0.17603982985019684,0.332947313785553,0.7563846111297607,-0.06841780990362167
0.7460507154464722,0.7857629656791687,-0.16541031002998352,0.332268089056015,0.7567116022109985,-0.057285524904727936
0.7460514307022095,0.785542905330658,-0.16628286242485046,0.3311934471130371,0.7567436099052429,-0.05756627395749092
0.7459487318992615,0.7849209308624268,-0.1472383439540863,0.3293253183364868,0.7585127949714661,-0.040974512696266174
0.7457503080368042,0.7847040891647339,-0.14825740456581116,0.32783958315849304,0.7597333192825317,-0.0413820818066597
0.7454215884208679,0.7845553755760193,-0.1487092673778534,0.32544970512390137,0.7614023089408875,-0.02750755473971367
0.745363712310791,0.7841379046440125,-0.14886657893657684,0.32330065965652466,0.7613304257392883,-0.02763982117176056
0.745362401008606,0.7841031551361084,-0.14921686053276062,0.32077860832214355,0.7613372206687927,-0.026217486709356308
0.7453407049179077,0.7837892174720764,-0.15441899001598358,0.31816983222961426,0.7612177133560181,-0.026663118973374367
0.745298445224762,0.7835582494735718,-0.1527239978313446,0.3146776556968689,0.7613732814788818,-0.02767017111182213
0.7452389001846313,0.7833356857299805,-0.15923786163330078,0.3130386173725128,0.7613552212715149,-0.031092965975403786
0.7451265454292297,0.7832750082015991,-0.15928730368614197,0.3121005892753601,0.7613626718521118,-0.02666749618947506
0.7450999021530151,0.7830804586410522,-0.16019169986248016,0.31168442964553833,0.7614189982414246,-0.02478780597448349
0.7450531721115112,0.7829291224479675,-0.14834247529506683,0.31131771206855774,0.7618865966796875,-0.019527239724993706
0.7450238466262817,0.7826994061470032,-0.14699316024780273,0.31132563948631287,0.7619590163230896,-0.02066301554441452
0.7449860572814941,0.7828230261802673,-0.12845686078071594,0.31182917952537537,0.7627398371696472,-0.021362721920013428
0.7449254393577576,0.7831971645355225,-0.11174862086772919,0.31346872448921204,0.7646396160125732,-0.011651352047920227
0.7449188828468323,0.7841693758964539,-0.11511056125164032,0.3147388994693756,0.7642786502838135,-0.0124583151191473
0.7450206279754639,0.7847629189491272,-0.13046756386756897,0.31539639830589294,0.7642459869384766,-0.018771622329950333
0.7451919317245483,0.7849263548851013,-0.17478971183300018,0.31733232736587524,0.7632837295532227,-0.036455754190683365
0.7452640533447266,0.7839540839195251,-0.23196537792682648,0.31927260756492615,0.7601540088653564,-0.10733316838741302
0.7454542517662048,0.7837817668914795,-0.25532349944114685,0.3212366998195648,0.7583222985267639,-0.13825461268424988
0.7456132769584656,0.7833859324455261,-0.2629762291908264,0.32272571325302124,0.7574911713600159,-0.1468239426612854
