0.7632342576980591,0.7994781136512756,-0.30365511775016785,0.28452268242836,0.8326175808906555,-0.256004273891449
0.762740433216095,0.7994492053985596,-0.2998521029949188,0.28457581996917725,0.8326417207717896,-0.2535499036312103
0.7623193264007568,0.7993887662887573,-0.3079255521297455,0.2848125100135803,0.8325909376144409,-0.2582794725894928
0.7622385025024414,0.7993584275245667,-0.31897658109664917,0.28471851348876953,0.8321180939674377,-0.2585209608078003
0.7620183229446411,0.7993326187133789,-0.3418278098106384,0.2854251265525818,0.8312493562698364,-0.27373671531677246
0.761924147605896,0.7993311285972595,-0.34798774123191833,0.2857241630554199,0.8310604691505432,-0.284042090177536
0.7618125677108765,0.7993161678314209,-0.35997527837753296,0.28586041927337646,0.8310073018074036,-0.28845933079719543
0.7617636322975159,0.7993007898330688,-0.35576194524765015,0.2858597934246063,0.8310249447822571,-0.30233079195022583
0.761740505695343,0.7992832660675049,-0.3851265609264374,0.285663902759552,0.8312724232673645,-0.3178636133670807
0.7617124915122986,0.7992693185806274,-0.3539302349090576,0.2855955958366394,0.832716166973114,-0.2853824496269226
0.7616212368011475,0.7992768883705139,-0.34132516384124756,0.284801721572876,0.8341544270515442,-0.29087263345718384
0.7616510391235352,0.7992820143699646,-0.35866251587867737,0.28399789333343506,0.8343988656997681,-0.3055229187011719
0.7615278959274292,0.7991930246353149,-0.35814839601516724,0.28359848260879517,0.8344184756278992,-0.3043487071990967
0.7613773345947266,0.7991487383842468,-0.3403858244419098,0.2834082543849945,0.8344389200210571,-0.28722766041755676
0.7613623738288879,0.7992589473724365,-0.3463212251663208,0.2831881642341614,0.83493971824646,-0.3057990074157715
0.7614009976387024,0.7993581295013428,-0.34632062911987305,0.28315407037734985,0.8349670767784119,-0.30513572692871094
0.7613915205001831,0.7993138432502747,-0.3555756211280823,0.2831255793571472,0.8351650238037109,-0.3231147229671478
0.76141357421875,0.7991432547569275,-0.356638640165329,0.2831130027770996,0.835184633731842,-0.32077357172966003
0.7615196704864502,0.7991260290145874,-0.36154115200042725,0.2831687331199646,0.835195004940033,-0.3204135000705719
0.7614423036575317,0.7992109656333923,-0.3609943985939026,0.2830953299999237,0.835172712802887,-0.3194012939929962
0.7614108324050903,0.7992114424705505,-0.3608305752277374,0.282725989818573,0.8351824283599854,-0.32075437903404236
0.7614792585372925,0.7992276549339294,-0.3298031985759735,0.2824338376522064,0.8354036211967468,-0.2759671211242676
0.7616844773292542,0.799468457698822,-0.44459423422813416,0.27962592244148254,0.8389416933059692,-0.4531627297401428
0.7616037130355835,0.8000691533088684,-0.4549987316131592,0.27571818232536316,0.8430671095848083,-0.49050918221473694
0.7615822553634644,0.8004541993141174,-0.44832396507263184,0.27327537536621094,0.845292329788208,-0.4947648048400879
0.7617173194885254,0.8011302947998047,-0.4885100722312927,0.27064019441604614,0.8483320474624634,-0.54796302318573
0.7617109417915344,0.8011415004730225,-0.4710865616798401,0.2696276307106018,0.8501462340354919,-0.49920207262039185
0.7617359161376953,0.8012059926986694,-0.3795081079006195,0.2689858078956604,0.8516510128974915,-0.3338688910007477
0.7616260647773743,0.801234245300293,-0.42203569412231445,0.2683678865432739,0.8528038263320923,-0.40377187728881836
0.761344313621521,0.8013824224472046,-0.44321775436401367,0.2669503092765808,0.8553737998008728,-0.514438807964325
0.7599185705184937,0.8014041781425476,-0.40897926688194275,0.26700544357299805,0.8551538586616516,-0.4071546494960785
0.7587965726852417,0.801261842250824,-0.40194010734558105,0.2688467800617218,0.8533409237861633,-0.3704703450202942
0.7581709027290344,0.8011012673377991,-0.4058855175971985,0.2690921127796173,0.8527213931083679,-0.3757418990135193
0.7572940587997437,0.8009366393089294,-0.4053437113761902,0.2692076563835144,0.8513644337654114,-0.3649980127811432
0.7571117877960205,0.8002192378044128,-0.39466625452041626,0.26917311549186707,0.8509294390678406,-0.33334943652153015
0.7563832998275757,0.8002119660377502,-0.38033902645111084,0.26894065737724304,0.8506488800048828,-0.32978886365890503
