0.7399246692657471,0.7885516285896301,-0.22705134749412537,0.3394884467124939,0.7765378952026367,-0.2699853777885437
0.7399038672447205,0.788521409034729,-0.22102245688438416,0.3397616744041443,0.7753514647483826,-0.2568700611591339
0.7390038967132568,0.7886829972267151,-0.2102455198764801,0.3395503759384155,0.7748855948448181,-0.26236051321029663
0.7389646768569946,0.7889058589935303,-0.21322748064994812,0.3393610119819641,0.774703323841095,-0.280645489692688
0.7389317750930786,0.7890906929969788,-0.20784397423267365,0.3394485116004944,0.7743320465087891,-0.2786741852760315
0.738915205001831,0.7890819311141968,-0.2114751785993576,0.3397812247276306,0.7736391425132751,-0.2776423990726471
0.738968014717102,0.7890987396240234,-0.23299691081047058,0.34041014313697815,0.7736586332321167,-0.2978047728538513
0.7389534711837769,0.78910231590271,-0.23295871913433075,0.3408130705356598,0.7735816836357117,-0.30876609683036804
0.7398761510848999,0.7897871136665344,-0.24335773289203644,0.34169989824295044,0.7735936045646667,-0.30783405900001526
0.7402592301368713,0.7892921566963196,-0.27605411410331726,0.34276336431503296,0.7735550403594971,-0.3104083240032196
0.7407757043838501,0.7889282703399658,-0.296843945980072,0.34288132190704346,0.7733541131019592,-0.3739275336265564
0.7410213351249695,0.7889258861541748,-0.3200140595436096,0.34277743101119995,0.7734885811805725,-0.4211966097354889
0.7413845062255859,0.7888632416725159,-0.3065706789493561,0.34276238083839417,0.773391842842102,-0.38993990421295166
0.7413881421089172,0.7886437177658081,-0.3007214367389679,0.3427901864051819,0.7728290557861328,-0.37768086791038513
0.7418175935745239,0.788647472858429,-0.3105791211128235,0.34242668747901917,0.7735196352005005,-0.3819189667701721
0.7428755760192871,0.7885240316390991,-0.31041520833969116,0.34232065081596375,0.7736398577690125,-0.37124666571617126
0.7433232665061951,0.7885154485702515,-0.23964524269104004,0.34225907921791077,0.7739505171775818,-0.28786998987197876
0.7442344427108765,0.7885096669197083,-0.24308280646800995,0.3416658937931061,0.7745581865310669,-0.2896787226200104
0.7448247671127319,0.7881096005439758,-0.24075543880462646,0.34135061502456665,0.7746590971946716,-0.28279510140419006
0.7451358437538147,0.7877337336540222,-0.24341842532157898,0.34109535813331604,0.7746436595916748,-0.2764275372028351
0.745285153388977,0.7877050638198853,-0.24467308819293976,0.3405720293521881,0.7745905518531799,-0.2790384888648987
0.7456170320510864,0.7876971960067749,-0.2969492971897125,0.34010234475135803,0.7749178409576416,-0.3085803687572479
0.7457919120788574,0.7876780033111572,-0.3195492923259735,0.3400804400444031,0.7749168276786804,-0.3479914367198944
0.7456856369972229,0.7875956296920776,-0.3185027837753296,0.33973172307014465,0.7749119400978088,-0.3547484278678894
0.7456547021865845,0.7873954772949219,-0.3253496587276459,0.33888936042785645,0.7750011086463928,-0.372950941324234
0.7455536127090454,0.7865980267524719,-0.2805374264717102,0.33912473917007446,0.7746599912643433,-0.32921701669692993
0.7456685304641724,0.7865889072418213,-0.2860613465309143,0.33894962072372437,0.7756757140159607,-0.3240317702293396
0.7465933561325073,0.7864580154418945,-0.3357658088207245,0.33819663524627686,0.7763952612876892,-0.40000930428504944
0.7469624876976013,0.7864503264427185,-0.3273755609989166,0.33817529678344727,0.776611328125,-0.3816881775856018
0.7473883628845215,0.7864760756492615,-0.34858062863349915,0.3378222584724426,0.7771041393280029,-0.4156254827976227
0.7476416230201721,0.7864493727684021,-0.34012001752853394,0.33772021532058716,0.7772712111473083,-0.4066007733345032
0.7479612827301025,0.7864448428153992,-0.3115115165710449,0.33773595094680786,0.7774784564971924,-0.3587437868118286
0.7481709718704224,0.7863290905952454,-0.3114437460899353,0.3376460075378418,0.7775850892066956,-0.3490433692932129
0.7483789920806885,0.7862626910209656,-0.32665544748306274,0.3376748859882355,0.7779837250709534,-0.38508787751197815
0.7485677599906921,0.7862603664398193,-0.33209413290023804,0.3376655578613281,0.7785634398460388,-0.3980110287666321
0.7485852241516113,0.786248505115509,-0.33510860800743103,0.3379305303096771,0.7785885334014893,-0.41622719168663025
