0.7570140957832336,0.7856991291046143,-0.09275515377521515,0.35920968651771545,0.7627912759780884,-0.09046174585819244
0.7568755149841309,0.7869442701339722,-0.06050524860620499,0.35884279012680054,0.7630120515823364,-0.08833904564380646
0.7569501996040344,0.7886992692947388,-0.05090576410293579,0.35877907276153564,0.763818085193634,-0.08890818804502487
0.756988525390625,0.790816068649292,-0.06417243927717209,0.3553938865661621,0.765201210975647,-0.0772089809179306
0.7567700147628784,0.7913880944252014,-0.06565447151660919,0.35259729623794556,0.7679968476295471,-0.08224274963140488
0.7566593885421753,0.7919628024101257,-0.058560214936733246,0.3513815999031067,0.7694747447967529,-0.09651291370391846
0.7560343742370605,0.792945146560669,-0.046936389058828354,0.351013720035553,0.7701750993728638,-0.10726375877857208
0.7558802962303162,0.7936223149299622,-0.04493141546845436,0.35057827830314636,0.7701613903045654,-0.11591893434524536
0.7560642957687378,0.7941173315048218,-0.036636654287576675,0.34985801577568054,0.7707284688949585,-0.11920060962438583
0.7560674548149109,0.7950440645217896,-0.030754799023270607,0.3498346507549286,0.7710034847259521,-0.12247370183467865
0.7562358379364014,0.7956860661506653,-0.03682024031877518,0.3498096168041229,0.7716636061668396,-0.12462981045246124
0.7568738460540771,0.7961348295211792,-0.03453698381781578,0.3498798906803131,0.771689236164093,-0.1205933466553688
0.7572571635246277,0.796192467212677,-0.036818765103816986,0.3506743609905243,0.7716018557548523,-0.11903484910726547
0.7572810053825378,0.7964521050453186,-0.039131321012973785,0.3507390022277832,0.7716907262802124,-0.11934401094913483
0.7577163577079773,0.7977662682533264,-0.04069044440984726,0.35092300176620483,0.7718900442123413,-0.11982998996973038
0.7574908137321472,0.7978278994560242,-0.04176166281104088,0.3509010672569275,0.7710940837860107,-0.12018649280071259
0.7569417357444763,0.798934280872345,-0.042080242186784744,0.3507676124572754,0.7709519267082214,-0.11446511745452881
0.7563081979751587,0.7991564869880676,-0.042251069098711014,0.350778728723526,0.7701520323753357,-0.11528880894184113
0.7557100653648376,0.799348771572113,-0.042807139456272125,0.3507739007472992,0.7701696753501892,-0.11585180461406708
0.7552681565284729,0.7995259165763855,-0.0433075875043869,0.3509378433227539,0.769794225692749,-0.1163380965590477
0.7547401189804077,0.799724280834198,-0.04324084147810936,0.35078510642051697,0.7697694897651672,-0.11196064949035645
0.7541902661323547,0.7999868392944336,-0.04339403659105301,0.3506617844104767,0.7697411179542542,-0.11048871278762817
0.7536596059799194,0.8000863790512085,-0.03759625554084778,0.3507381081581116,0.7691383361816406,-0.11096235364675522
0.753536581993103,0.8002916574478149,-0.03660520166158676,0.35061076283454895,0.7687375545501709,-0.11109896004199982
0.7534613013267517,0.800355076789856,-0.0363856665790081,0.3505847752094269,0.7684281468391418,-0.1104380339384079
0.7532507181167603,0.8003734350204468,-0.0366048738360405,0.350578248500824,0.76827472448349,-0.11191700398921967
0.7531843781471252,0.800485372543335,-0.036554619669914246,0.3505115509033203,0.7682363390922546,-0.11412620544433594
0.7531285285949707,0.8004876375198364,-0.03646766394376755,0.35065072774887085,0.7679849863052368,-0.10959149897098541
0.7530733346939087,0.8005028367042542,-0.03308980166912079,0.3505435585975647,0.7679690718650818,-0.10907325893640518
0.7530531883239746,0.800517201423645,-0.0332571379840374,0.350541889667511,0.7677015662193298,-0.10674978792667389
0.7529555559158325,0.800746500492096,-0.033087603747844696,0.350282222032547,0.7675988078117371,-0.10823948681354523
0.7529361844062805,0.8008927702903748,-0.04034697264432907,0.3501567244529724,0.7673644423484802,-0.10473580658435822
0.7529398202896118,0.8010009527206421,-0.039387792348861694,0.35014814138412476,0.7668590545654297,-0.09646783769130707
0.7535842061042786,0.801498293876648,-0.03930859640240669,0.3499005138874054,0.767490804195404,-0.09687651693820953
0.7534525990486145,0.8014233112335205,-0.03934597223997116,0.349856436252594,0.7674075961112976,-0.0975034087896347
0.75339275598526,0.8014259934425354,-0.039339829236269,0.34999334812164307,0.7673629522323608,-0.09769327193498611
