0.7578902840614319,0.8064318299293518,-0.03964453563094139,0.35153278708457947,0.7629144787788391,-0.06375227868556976
0.7579925656318665,0.8054473400115967,-0.04283939301967621,0.3524903655052185,0.7605603337287903,-0.06375228613615036
0.758323609828949,0.8053852915763855,-0.04722064360976219,0.35303500294685364,0.7586087584495544,-0.06210557743906975
0.7584298849105835,0.804923415184021,-0.043127745389938354,0.35333970189094543,0.7585123181343079,-0.052221138030290604
0.7585794925689697,0.8048603534698486,-0.04200153797864914,0.35336223244667053,0.7580384612083435,-0.05276103690266609
0.7587417364120483,0.8046356439590454,-0.04210468754172325,0.3532460927963257,0.75790935754776,-0.05248104780912399
0.7587546110153198,0.8042731881141663,-0.041682176291942596,0.35334405303001404,0.7573667764663696,-0.05149240046739578
0.7586461305618286,0.8041127920150757,-0.043217651546001434,0.3533642590045929,0.7563823461532593,-0.05180453136563301
0.7584165334701538,0.8039833307266235,-0.04553254693746567,0.3534644544124603,0.7557029724121094,-0.05175977200269699
0.7584224939346313,0.8040993809700012,-0.048843540251255035,0.3535793423652649,0.7554846405982971,-0.05241534113883972
0.758251428604126,0.8040933012962341,-0.0578705370426178,0.3540670573711395,0.7546648383140564,-0.05577985197305679
0.758273184299469,0.8041924834251404,-0.05605759099125862,0.35412541031837463,0.7545835971832275,-0.05708789825439453
0.7583340406417847,0.8041269779205322,-0.05802343413233757,0.35418593883514404,0.7540621161460876,-0.05889083817601204
0.7584485411643982,0.8041866421699524,-0.0579410120844841,0.3541810214519501,0.7540785670280457,-0.06297577172517776
0.7586835622787476,0.8042278289794922,-0.05942649766802788,0.35418957471847534,0.7540823817253113,-0.0647784024477005
0.7587108016014099,0.8042296171188354,-0.056338030844926834,0.3541781008243561,0.7540999054908752,-0.06593307852745056
0.758818507194519,0.8042591214179993,-0.052487753331661224,0.35416656732559204,0.7558537721633911,-0.06519273668527603
0.7591992616653442,0.8044492602348328,-0.05238640308380127,0.3542715907096863,0.7564165592193604,-0.06444665789604187
0.7597609162330627,0.8043550252914429,-0.0524258017539978,0.35432353615760803,0.7572588324546814,-0.06422371417284012
0.760654091835022,0.8046512603759766,-0.0516430139541626,0.3543660044670105,0.7577111124992371,-0.06411134451627731
0.760941743850708,0.80475252866745,-0.054176755249500275,0.3543768525123596,0.7580511569976807,-0.06555692851543427
0.7609850168228149,0.8045730590820312,-0.053568609058856964,0.35452842712402344,0.7588080763816833,-0.061594195663928986
0.761245846748352,0.8045617341995239,-0.05561000108718872,0.35457760095596313,0.7598533630371094,-0.058621399104595184
0.761294960975647,0.8046187162399292,-0.05650796368718147,0.35459640622138977,0.7619386315345764,-0.057979077100753784
0.7612943649291992,0.8046897649765015,-0.05461876839399338,0.3546067774295807,0.7625096440315247,-0.06147092580795288
0.7608264684677124,0.8047551512718201,-0.03949545696377754,0.3545335531234741,0.762924075126648,-0.06378163397312164
0.7604192495346069,0.804634690284729,-0.039636265486478806,0.35451072454452515,0.7641000747680664,-0.06769253313541412
0.7603187561035156,0.8044775724411011,-0.040298379957675934,0.35454460978507996,0.7647891640663147,-0.06765931844711304
0.7603209018707275,0.8042851090431213,-0.04083666950464249,0.35454708337783813,0.7652910351753235,-0.06676105409860611
0.760148823261261,0.804283857345581,-0.041614070534706116,0.3544144332408905,0.7653350234031677,-0.06968046724796295
0.7601466178894043,0.804345965385437,-0.04518986493349075,0.35455557703971863,0.7661659717559814,-0.0700020119547844
0.760145366191864,0.8042500615119934,-0.04515731707215309,0.3547780215740204,0.7669098973274231,-0.06991253793239594
0.7600457072257996,0.8041566610336304,-0.04250478371977806,0.3548122048377991,0.7676816582679749,-0.07087527960538864
0.7598153352737427,0.8041286468505859,-0.03986445814371109,0.3547828495502472,0.7678314447402954,-0.07082121819257736
0.7596220970153809,0.8045285940170288,-0.04009442403912544,0.3547600209712982,0.7679733633995056,-0.07981593906879425
0.7594420313835144,0.8045469522476196,-0.04138839617371559,0.3547590374946594,0.7680469751358032,-0.07931387424468994
