0.7443681955337524,0.7903198003768921,-0.15777699649333954,0.3436017334461212,0.7550603151321411,-0.16941538453102112
0.7461181879043579,0.791824221611023,-0.15430988371372223,0.3448581099510193,0.7550970911979675,-0.1727392077445984
0.7480025887489319,0.7936100363731384,-0.16142204403877258,0.34536150097846985,0.7553049325942993,-0.1913619190454483
0.7496644258499146,0.7949924468994141,-0.15997043251991272,0.3460027873516083,0.7554245591163635,-0.18963834643363953
0.7515466809272766,0.7952584028244019,-0.16067658364772797,0.3470505177974701,0.7554905414581299,-0.18399593234062195
0.752864420413971,0.7956907153129578,-0.09602971374988556,0.34709158539772034,0.7555425763130188,-0.10525064170360565
0.7536434531211853,0.7957000732421875,-0.07561685144901276,0.34740427136421204,0.7557322978973389,-0.0824030190706253
0.75406414270401,0.7956501841545105,-0.08143932372331619,0.34772127866744995,0.7557953596115112,-0.10132767260074615
0.7546699643135071,0.7956570982933044,-0.08337727934122086,0.34787803888320923,0.7559168934822083,-0.10319434106349945
0.7551124095916748,0.7956627607345581,-0.0838346928358078,0.34808582067489624,0.7559831738471985,-0.0812789648771286
0.7559934854507446,0.7958614230155945,-0.09027480334043503,0.348312109708786,0.7561407685279846,-0.09023693203926086
0.7570104002952576,0.7960250973701477,-0.11358419805765152,0.34928518533706665,0.7564509510993958,-0.09686127305030823
0.7577832937240601,0.7962777614593506,-0.1384577453136444,0.34978190064430237,0.756527841091156,-0.11965672671794891
0.7587403655052185,0.7965669631958008,-0.1460941880941391,0.3499457836151123,0.7565433382987976,-0.12489187717437744
0.7596815824508667,0.79658043384552,-0.1549612432718277,0.3505164682865143,0.756316065788269,-0.12492431700229645
0.7603278160095215,0.7965925335884094,-0.1566886156797409,0.3508627712726593,0.7563377618789673,-0.12474236637353897
0.7607099413871765,0.7960691452026367,-0.15469595789909363,0.3509870767593384,0.7562913298606873,-0.11890070140361786
0.761067271232605,0.7960156202316284,-0.15411502122879028,0.35101577639579773,0.7563077807426453,-0.10932393372058868
0.7618391513824463,0.7957020998001099,-0.15267397463321686,0.35125526785850525,0.7560133337974548,-0.1042620912194252
0.762235164642334,0.7951003313064575,-0.14591912925243378,0.3513677418231964,0.755814790725708,-0.09936314076185226
0.7625463008880615,0.7947524785995483,-0.1384890079498291,0.3514988422393799,0.7554582357406616,-0.09488178789615631
0.7627798914909363,0.7942676544189453,-0.10114266723394394,0.3516654372215271,0.755341112613678,-0.07798720896244049
0.7631217837333679,0.7942750453948975,-0.10201239585876465,0.3519422113895416,0.7550016045570374,-0.0797332152724266
0.7631765604019165,0.794256865978241,-0.09136952459812164,0.3520384728908539,0.7545812129974365,-0.07207472622394562
0.7633113265037537,0.7943009734153748,-0.07597853988409042,0.352148175239563,0.7545544505119324,-0.06310592591762543
0.7633405923843384,0.7941959500312805,-0.06486882269382477,0.35246288776397705,0.7544295787811279,-0.055697232484817505
0.7633415460586548,0.7941523790359497,-0.07168738543987274,0.35250094532966614,0.7546359300613403,-0.059829872101545334
0.7633434534072876,0.79399174451828,-0.07595212757587433,0.3525139391422272,0.7547022700309753,-0.06169169396162033
0.7633421421051025,0.7937999367713928,-0.07610340416431427,0.35241207480430603,0.7546990513801575,-0.062340933829545975
0.7632885575294495,0.7943448424339294,-0.09770967066287994,0.35223761200904846,0.754837691783905,-0.09095578640699387
0.7631967663764954,0.795195460319519,-0.10708993673324585,0.3517630696296692,0.7551273703575134,-0.10117316246032715
0.763300895690918,0.7952050566673279,-0.11728749424219131,0.35102230310440063,0.7553662061691284,-0.10366211086511612
0.763382077217102,0.7952038049697876,-0.128669872879982,0.3507881760597229,0.7556455731391907,-0.11299611628055573
0.7633949518203735,0.7952392101287842,-0.13640096783638,0.35021308064460754,0.7561537027359009,-0.12554064393043518
0.763668954372406,0.7951346039772034,-0.13475817441940308,0.3502121567726135,0.7561885714530945,-0.12230508029460907
0.763783872127533,0.7948636412620544,-0.1327972114086151,0.35021287202835083,0.7562188506126404,-0.12117373943328857
