0.7787920236587524,0.8636210560798645,-0.21317191421985626,0.3388494849205017,0.8570061326026917,-0.25938180088996887
0.779005765914917,0.863939106464386,-0.2194674015045166,0.3377346098423004,0.857821524143219,-0.28220850229263306
0.7790567874908447,0.8645713329315186,-0.2778261601924896,0.3377555310726166,0.8579776287078857,-0.29920974373817444
0.7792043089866638,0.8646418452262878,-0.29354333877563477,0.338628351688385,0.8555616140365601,-0.2914801239967346
0.7793775796890259,0.8645184636116028,-0.2912212014198303,0.3389959931373596,0.8548765182495117,-0.29161742329597473
0.7793995141983032,0.86451256275177,-0.27705758810043335,0.33902087807655334,0.8542687296867371,-0.31860461831092834
0.7793774008750916,0.8651482462882996,-0.2528184652328491,0.3352915346622467,0.8549053072929382,-0.32485371828079224
0.7792352437973022,0.8663596510887146,-0.18265701830387115,0.34212881326675415,0.8484920859336853,-0.27932217717170715
0.7785298824310303,0.8662989139556885,-0.19743379950523376,0.34296637773513794,0.8491329550743103,-0.20400254428386688
0.7770447731018066,0.8643555045127869,-0.19086815416812897,0.34291088581085205,0.8491684794425964,-0.1573628932237625
0.7748333215713501,0.8620772957801819,-0.19797733426094055,0.34317299723625183,0.8468825221061707,-0.17916199564933777
0.773645281791687,0.8590920567512512,-0.1936606615781784,0.34326475858688354,0.8445990085601807,-0.16148383915424347
0.7724300026893616,0.8584192395210266,-0.19488996267318726,0.34257954359054565,0.8434892892837524,-0.17549720406532288
0.7718225717544556,0.8560795187950134,-0.19464579224586487,0.3423672914505005,0.8414601683616638,-0.15434814989566803
0.7710694074630737,0.8548408150672913,-0.225516676902771,0.3418290615081787,0.8384149670600891,-0.16142211854457855
0.7703014016151428,0.8519513010978699,-0.22573335468769073,0.3412587344646454,0.8361232876777649,-0.1444668471813202
0.7699183225631714,0.8503268957138062,-0.23062583804130554,0.34115058183670044,0.8348144888877869,-0.14675261080265045
0.7690899968147278,0.8491224050521851,-0.23580768704414368,0.3410615921020508,0.8336294889450073,-0.14956849813461304
0.7681881785392761,0.8481616973876953,-0.21846573054790497,0.3409613370895386,0.8319404721260071,-0.13468804955482483
0.7673851251602173,0.8476926684379578,-0.2187085598707199,0.34094151854515076,0.8312467932701111,-0.13981276750564575
0.7670122981071472,0.847927451133728,-0.21903464198112488,0.3404209017753601,0.8313055038452148,-0.14576753973960876
0.7662233710289001,0.8478916883468628,-0.2128017395734787,0.3394668698310852,0.8309837579727173,-0.147555872797966
0.7654366493225098,0.8472729325294495,-0.21299855411052704,0.3393518030643463,0.8310098052024841,-0.1565338671207428
0.7648102641105652,0.8461334705352783,-0.20897376537322998,0.33894509077072144,0.8310377597808838,-0.158380925655365
0.7643342614173889,0.8456058502197266,-0.20768804848194122,0.33685094118118286,0.8309699296951294,-0.1640760898590088
0.7642866373062134,0.8458507657051086,-0.22140958905220032,0.33497050404548645,0.8309668302536011,-0.2047843486070633
0.7642818689346313,0.8459256291389465,-0.22021706402301788,0.3349795937538147,0.8309658169746399,-0.2010711431503296
0.7644286751747131,0.8462762236595154,-0.22675125300884247,0.3349810242652893,0.8310301303863525,-0.1981513500213623
0.7645508050918579,0.8470751643180847,-0.22795486450195312,0.3347990810871124,0.8313208818435669,-0.19843365252017975
0.7647227048873901,0.848236620426178,-0.24380497634410858,0.3350198268890381,0.83126300573349,-0.20969009399414062
0.7648667693138123,0.8483639359474182,-0.2480357587337494,0.33506178855895996,0.8312473297119141,-0.2113187313079834
0.765121340751648,0.8489357829093933,-0.24500763416290283,0.3348487615585327,0.8316547870635986,-0.2118453085422516
0.7651264071464539,0.8493101000785828,-0.2457595318555832,0.33484774827957153,0.8314644694328308,-0.21256229281425476
0.7651647925376892,0.84951251745224,-0.22959664463996887,0.33476197719573975,0.8313446640968323,-0.19670410454273224
0.7652039527893066,0.849615752696991,-0.23835496604442596,0.33505773544311523,0.8314574956893921,-0.20142820477485657
0.765289306640625,0.8497341275215149,-0.2504000663757324,0.33580294251441956,0.8315061330795288,-0.20710229873657227
