0.7791351079940796,0.8685018420219421,-0.19939105212688446,0.33570095896720886,0.8672596216201782,-0.26208826899528503
0.7791014909744263,0.8686060309410095,-0.21991607546806335,0.33603769540786743,0.8671697974205017,-0.2806292176246643
0.7797229290008545,0.868971049785614,-0.2731301486492157,0.340334951877594,0.8643109202384949,-0.3193384110927582
0.7802377939224243,0.8689730763435364,-0.3023586571216583,0.3428744673728943,0.8622629642486572,-0.3181849718093872
0.7800806760787964,0.8686879277229309,-0.2920604348182678,0.34301871061325073,0.8612343072891235,-0.35222747921943665
0.7797771692276001,0.8676189184188843,-0.2888663411140442,0.33923739194869995,0.8611619472503662,-0.3891589045524597
0.7797461748123169,0.8673568964004517,-0.29633641242980957,0.33634069561958313,0.8614575862884521,-0.4160901606082916
0.7786288857460022,0.8673251867294312,-0.2905386984348297,0.33384060859680176,0.8597977161407471,-0.3603650629520416
0.7788858413696289,0.8673655986785889,-0.20913474261760712,0.34586888551712036,0.8442251682281494,-0.33879420161247253
0.7788403630256653,0.867345929145813,-0.27995914220809937,0.34553807973861694,0.84625643491745,-0.23730476200580597
0.7777239680290222,0.8664805293083191,-0.2891744077205658,0.34528109431266785,0.8461057543754578,-0.20965532958507538
0.7756710648536682,0.8656187653541565,-0.2989087700843811,0.34486517310142517,0.8440332412719727,-0.22473028302192688
0.7709013223648071,0.8634621500968933,-0.3112078309059143,0.34321683645248413,0.841737687587738,-0.27471858263015747
0.7695975303649902,0.8626092076301575,-0.28906339406967163,0.3426545560359955,0.8385781645774841,-0.27010172605514526
0.7688863277435303,0.8624299168586731,-0.17037498950958252,0.3425893187522888,0.8353815674781799,-0.08574316650629044
0.7685944437980652,0.8618752956390381,-0.1977827399969101,0.3416988253593445,0.8346468806266785,-0.13894087076187134
0.7684552669525146,0.861647367477417,-0.19680391252040863,0.34081190824508667,0.8348615169525146,-0.13326145708560944
0.7681142091751099,0.8606442213058472,-0.20602896809577942,0.33910253643989563,0.835057258605957,-0.1430782973766327
0.7679087519645691,0.8585880398750305,-0.22216299176216125,0.3382610082626343,0.8349380493164062,-0.1588510274887085
0.7675555348396301,0.8565940260887146,-0.20766565203666687,0.33652448654174805,0.8348738551139832,-0.15322092175483704
0.7672524452209473,0.8540422916412354,-0.20387332141399384,0.3357817232608795,0.8349205851554871,-0.13943800330162048
0.7669979333877563,0.8518555760383606,-0.21109330654144287,0.335502564907074,0.8349189162254333,-0.14817264676094055
0.7669312357902527,0.8509612679481506,-0.21183045208454132,0.3354493975639343,0.8349801301956177,-0.11365728080272675
0.7669811248779297,0.850816011428833,-0.21817538142204285,0.335009902715683,0.8350027203559875,-0.12049641460180283
0.768016517162323,0.8526750802993774,-0.3662410378456116,0.3335065245628357,0.8460267782211304,-0.19621309638023376
0.7687312960624695,0.8547983169555664,-0.36280396580696106,0.3316763639450073,0.8528748154640198,-0.15091410279273987
0.7703958749771118,0.8599616885185242,-0.2547057271003723,0.3315987288951874,0.857124924659729,-0.17189417779445648
0.7703982591629028,0.86065673828125,-0.1735990345478058,0.332793653011322,0.8561275005340576,-0.20530369877815247
0.771977961063385,0.8621681332588196,-0.2381540834903717,0.3333229422569275,0.8561835885047913,-0.29175060987472534
0.7744064927101135,0.8627455830574036,-0.2931367754936218,0.3313080668449402,0.8620964884757996,-0.37088149785995483
0.7746957540512085,0.8630415201187134,-0.28515568375587463,0.3323041796684265,0.8624284863471985,-0.3524542450904846
0.7745975255966187,0.8623908758163452,-0.28430894017219543,0.33484840393066406,0.8620675802230835,-0.3145814538002014
0.7743289470672607,0.8623727560043335,-0.2917211949825287,0.33476078510284424,0.8625525832176208,-0.3127490282058716
0.7739508748054504,0.8623576760292053,-0.2855210602283478,0.3348424434661865,0.8623692393302917,-0.3018684685230255
0.7736425995826721,0.8621701002120972,-0.2824711799621582,0.3348199725151062,0.8625104427337646,-0.30524635314941406
0.7733567357063293,0.8624354004859924,-0.2802390158176422,0.3349023163318634,0.8623060584068298,-0.31264954805374146
