0.7721155285835266,0.8693109750747681,-0.25209227204322815,0.33651530742645264,0.8616617918014526,-0.28349679708480835
0.7720437049865723,0.8693149089813232,-0.28417131304740906,0.33661800622940063,0.8616698980331421,-0.2772060036659241
0.7718549966812134,0.8692286014556885,-0.297604501247406,0.3381027579307556,0.8623138070106506,-0.25236445665359497
0.7718254327774048,0.8679812550544739,-0.2979501485824585,0.3380987346172333,0.8621071577072144,-0.2599402070045471
0.7734643816947937,0.8687876462936401,-0.34074485301971436,0.3343847692012787,0.8685805201530457,-0.3462591767311096
0.7741064429283142,0.8691560626029968,-0.3280901312828064,0.33369019627571106,0.8701673150062561,-0.33489808440208435
0.7742249369621277,0.869683563709259,-0.3206595778465271,0.33300653100013733,0.8699710965156555,-0.32895421981811523
0.7739210724830627,0.8723142743110657,-0.17672815918922424,0.3457096219062805,0.8407466411590576,-0.25008445978164673
0.7742521166801453,0.8748981356620789,-0.21009841561317444,0.343716025352478,0.841746985912323,-0.17121276259422302
0.774179220199585,0.8748899102210999,-0.3220454454421997,0.34322214126586914,0.8426317572593689,-0.20651519298553467
0.7725752592086792,0.8742561340332031,-0.3142578899860382,0.34256401658058167,0.8431217074394226,-0.2226419448852539
0.7712041139602661,0.8739414811134338,-0.4022514820098877,0.3423064351081848,0.8418280482292175,-0.2869224548339844
0.767354428768158,0.8674343228340149,-0.34401392936706543,0.34215885400772095,0.8386464715003967,-0.23770511150360107
0.7671505808830261,0.8648431301116943,-0.28177350759506226,0.34088078141212463,0.8391266465187073,-0.23119321465492249
0.7669284343719482,0.8633560538291931,-0.25918740034103394,0.3397076427936554,0.8396150469779968,-0.22136123478412628
0.7669379711151123,0.8622062802314758,-0.25496795773506165,0.33954375982284546,0.8397160172462463,-0.2158813178539276
0.7669188380241394,0.8611056208610535,-0.2607421875,0.3393251597881317,0.8393334150314331,-0.21939346194267273
0.766924262046814,0.8599579930305481,-0.24741318821907043,0.33915868401527405,0.8391692638397217,-0.21767926216125488
0.7669178247451782,0.8588659763336182,-0.2220466434955597,0.3396129906177521,0.8374043703079224,-0.2048615962266922
0.7667125463485718,0.8583777546882629,-0.1716584712266922,0.3395227789878845,0.8367347121238708,-0.161972314119339
0.7661668062210083,0.8576277494430542,-0.17932197451591492,0.33914250135421753,0.836410403251648,-0.16564926505088806
0.7658520340919495,0.8561363816261292,-0.1754453480243683,0.3398703932762146,0.8349477648735046,-0.12395644187927246
0.7658079266548157,0.8554055690765381,-0.1862335056066513,0.3401755690574646,0.8346840143203735,-0.1537570357322693
0.7658576369285583,0.8553804755210876,-0.20843997597694397,0.3397262394428253,0.8347713947296143,-0.17277948558330536
0.7656737565994263,0.8551164865493774,-0.23567374050617218,0.33857473731040955,0.8350113034248352,-0.21962030231952667
0.7657150626182556,0.8549812436103821,-0.2694179117679596,0.33714941143989563,0.8357216119766235,-0.23613126575946808
0.7656992673873901,0.8545578718185425,-0.29002660512924194,0.33645206689834595,0.836307942867279,-0.2541598379611969
0.7656909227371216,0.8544988632202148,-0.28348758816719055,0.33562928438186646,0.8366497755050659,-0.24840930104255676
0.7656971216201782,0.8544107675552368,-0.27538323402404785,0.3351818919181824,0.8374093770980835,-0.23895278573036194
0.7657083868980408,0.854289710521698,-0.27387386560440063,0.33505165576934814,0.8374426364898682,-0.2231612503528595
0.7657058238983154,0.8538176417350769,-0.3125157654285431,0.33503350615501404,0.8380253314971924,-0.25247618556022644
0.7657245397567749,0.8530314564704895,-0.30523428320884705,0.3353014588356018,0.8378773331642151,-0.24811959266662598
0.766131579875946,0.8551843762397766,-0.30112066864967346,0.33474200963974,0.8451907634735107,-0.2083926498889923
0.766545832157135,0.862528920173645,-0.23886844515800476,0.3334171772003174,0.8477675318717957,-0.20916104316711426
0.7656369209289551,0.8631707429885864,-0.13234543800354004,0.3394005000591278,0.8349961042404175,-0.2032226026058197
0.766887903213501,0.8635709881782532,-0.16428455710411072,0.33979856967926025,0.8351756930351257,-0.21589668095111847
