0.8715773820877075,0.8243243098258972,-0.08870609849691391,0.46768084168434143,0.8011701107025146,-0.09544475376605988
0.8708117604255676,0.8194137215614319,-0.09159092605113983,0.4693028926849365,0.7985397577285767,-0.09587778896093369
0.8700318336486816,0.809309184551239,-0.09555378556251526,0.47014397382736206,0.7967323660850525,-0.08136527240276337
0.8699114918708801,0.8113923668861389,-0.10489138215780258,0.47099024057388306,0.7971467971801758,-0.09486102312803268
0.8698177337646484,0.8125081658363342,-0.11840783059597015,0.4713529646396637,0.7979692220687866,-0.10271553695201874
0.8697638511657715,0.812930703163147,-0.11220358312129974,0.4714379906654358,0.7985357642173767,-0.10582689940929413
0.8699456453323364,0.8131056427955627,-0.1078864187002182,0.47156357765197754,0.7990716099739075,-0.10690291225910187
0.8699734807014465,0.8139135837554932,-0.10199449956417084,0.47219792008399963,0.799168586730957,-0.09612242132425308
0.8700164556503296,0.814430296421051,-0.09708757698535919,0.47250857949256897,0.7994675040245056,-0.096553735435009
0.8702804446220398,0.8146965503692627,-0.08766035735607147,0.4724920690059662,0.7996686100959778,-0.09363293647766113
0.8702648282051086,0.8150841593742371,-0.09375341981649399,0.4724586009979248,0.7997518181800842,-0.08943397551774979
0.8703974485397339,0.8153120279312134,-0.08796697109937668,0.47246819734573364,0.7998315095901489,-0.09156238287687302
0.8704921007156372,0.8159748315811157,-0.09093992412090302,0.4722279906272888,0.7999354600906372,-0.09281717985868454
0.8705223202705383,0.8162253499031067,-0.08239172399044037,0.47222480177879333,0.8000154495239258,-0.08482278883457184
0.8706631660461426,0.816909670829773,-0.08240511268377304,0.47220319509506226,0.8004655838012695,-0.08754513412714005
0.8709849119186401,0.8181543946266174,-0.08421184122562408,0.47217637300491333,0.8008794188499451,-0.08821454644203186
0.8715359568595886,0.8201561570167542,-0.0857027918100357,0.4721643328666687,0.8011985421180725,-0.0898641049861908
0.8719195127487183,0.8202970623970032,-0.08617386966943741,0.47157707810401917,0.8022114038467407,-0.0938330739736557
0.8723236918449402,0.8203566074371338,-0.08443145453929901,0.47156214714050293,0.8028197884559631,-0.09450586140155792
0.8723857998847961,0.820453941822052,-0.08222053945064545,0.47153806686401367,0.8028707504272461,-0.09486953914165497
0.8724176287651062,0.820704996585846,-0.0825156420469284,0.47142475843429565,0.8029108643531799,-0.09533946961164474
0.8724063634872437,0.820720911026001,-0.08539815247058868,0.4714139997959137,0.8029595017433167,-0.09706943482160568
0.8723994493484497,0.8208417892456055,-0.08846601098775864,0.4713248610496521,0.8031561374664307,-0.09735410660505295
0.8724258542060852,0.8208738565444946,-0.0887630432844162,0.47131118178367615,0.8032030463218689,-0.10094733536243439
0.8724344372749329,0.8209468126296997,-0.09239960461854935,0.4712999761104584,0.8032703995704651,-0.10481878370046616
0.8723527193069458,0.8209892511367798,-0.09257015585899353,0.4712865948677063,0.8032773733139038,-0.10464011132717133
0.8727352023124695,0.8232741951942444,-0.09856345504522324,0.4712241291999817,0.8034434914588928,-0.11135882139205933
0.8732067942619324,0.827535092830658,-0.10328129678964615,0.4701696038246155,0.8045955896377563,-0.12253715842962265
0.8737437129020691,0.8284103870391846,-0.10500119626522064,0.4701603353023529,0.8050984144210815,-0.12474795430898666
0.8737419247627258,0.8307883739471436,-0.11056400835514069,0.4691864550113678,0.8064046502113342,-0.12874969840049744
0.8737834692001343,0.835034191608429,-0.11220662295818329,0.4675072729587555,0.808492124080658,-0.13315483927726746
0.8738149404525757,0.8364429473876953,-0.11315087974071503,0.4661078453063965,0.8104711771011353,-0.1353958696126938
0.8738387227058411,0.8367286920547485,-0.11301213502883911,0.4651898741722107,0.8111783266067505,-0.13434892892837524
0.8739081621170044,0.8371661305427551,-0.11650027334690094,0.46322351694107056,0.8124598264694214,-0.1447569876909256
0.8739105463027954,0.8381598591804504,-0.12120091915130615,0.46192416548728943,0.81248939037323,-0.14198555052280426
0.873916745185852,0.8391164541244507,-0.12078221142292023,0.46043673157691956,0.812671959400177,-0.1391904056072235
