0.8303545117378235,0.8028249740600586,-0.15372437238693237,0.4185124933719635,0.8033431768417358,-0.09972472488880157
0.8315269351005554,0.801529049873352,-0.16843487322330475,0.42206400632858276,0.7981127500534058,-0.10464540868997574
0.8325262069702148,0.7978163957595825,-0.14695513248443604,0.42238736152648926,0.7957527041435242,-0.09588829427957535
0.8329852223396301,0.7980802655220032,-0.13234461843967438,0.42375341057777405,0.7964617609977722,-0.08117355406284332
0.8335927128791809,0.7969029545783997,-0.13971176743507385,0.42446914315223694,0.7969692945480347,-0.09737150371074677
0.8336787223815918,0.7973402142524719,-0.14604386687278748,0.4250771105289459,0.7971420884132385,-0.10554574429988861
0.8340533971786499,0.797239363193512,-0.1491522341966629,0.4256057143211365,0.7975450158119202,-0.11017358303070068
0.8342151641845703,0.7971101999282837,-0.14987713098526,0.42569422721862793,0.797812819480896,-0.112249456346035
0.8344383239746094,0.7970046997070312,-0.12181544303894043,0.4256892204284668,0.7978845834732056,-0.09747491776943207
0.8346134424209595,0.7970549464225769,-0.11377517133951187,0.42568889260292053,0.7985300421714783,-0.09356905519962311
0.8351231813430786,0.7976598739624023,-0.11284086853265762,0.42567452788352966,0.7991988658905029,-0.08323375880718231
0.8352565765380859,0.797749400138855,-0.10779719054698944,0.4257834553718567,0.7993913292884827,-0.07738924771547318
0.8360384106636047,0.7981715798377991,-0.1126541718840599,0.42580246925354004,0.8000633716583252,-0.07759089767932892
0.836175262928009,0.7982310652732849,-0.11465640366077423,0.425804078578949,0.8001178503036499,-0.07307128608226776
0.8365256190299988,0.7986120581626892,-0.10410898923873901,0.42606204748153687,0.8002616763114929,-0.061267293989658356
0.836696445941925,0.7998183965682983,-0.1052912026643753,0.42608365416526794,0.8009740114212036,-0.06308670341968536
0.8368738293647766,0.8007975816726685,-0.10393063724040985,0.42647475004196167,0.8020610809326172,-0.06198068708181381
0.8370004892349243,0.8008142113685608,-0.10061826556921005,0.42652684450149536,0.8022705912590027,-0.06360303610563278
0.8366001844406128,0.7990755438804626,-0.09056628495454788,0.426829993724823,0.8023796081542969,-0.06428888440132141
0.8366263508796692,0.7982895374298096,-0.09147122502326965,0.4268711507320404,0.8024457097053528,-0.06492467224597931
0.8365176320075989,0.7979084849357605,-0.09624464809894562,0.42678219079971313,0.8024571537971497,-0.06611211597919464
0.8365172147750854,0.7977287173271179,-0.09858608990907669,0.42685356736183167,0.8025362491607666,-0.06691209226846695
0.836462140083313,0.7976619005203247,-0.09812010079622269,0.4268994927406311,0.8025891780853271,-0.06747733056545258
0.8364512324333191,0.7976300716400146,-0.10383175313472748,0.4269194006919861,0.8026506900787354,-0.07052266597747803
0.8366445302963257,0.7977489233016968,-0.09483734518289566,0.42710167169570923,0.8029047250747681,-0.06312457472085953
0.8370872735977173,0.7980678677558899,-0.08682041615247726,0.4270680844783783,0.8035013675689697,-0.05031995102763176
0.8378111720085144,0.7994169592857361,-0.10800842195749283,0.42733079195022583,0.8040382266044617,-0.05196477100253105
0.8379672169685364,0.8004494905471802,-0.1291048228740692,0.4271138608455658,0.8040446639060974,-0.06281457841396332
0.8379837870597839,0.8008463978767395,-0.12077398598194122,0.4271334111690521,0.8040861487388611,-0.056921638548374176
0.8379352688789368,0.802479088306427,-0.1449563205242157,0.42669740319252014,0.8041219115257263,-0.08123860508203506
0.8378146290779114,0.803179919719696,-0.14688988029956818,0.426038920879364,0.8043416738510132,-0.08690527826547623
0.8379311561584473,0.8036222457885742,-0.15376874804496765,0.4253087043762207,0.8046120405197144,-0.08691134303808212
0.8379403352737427,0.8035932183265686,-0.16448549926280975,0.42448940873146057,0.8045744299888611,-0.08609984070062637
0.837868332862854,0.8036070466041565,-0.16180838644504547,0.42429661750793457,0.8047703504562378,-0.08754466474056244
0.8378575444221497,0.8036825060844421,-0.16009879112243652,0.424426794052124,0.8049801588058472,-0.08158154785633087
0.8378654718399048,0.803803026676178,-0.12205425649881363,0.425609827041626,0.8049887418746948,-0.07633786648511887
