0.8434425592422485,0.8125206232070923,-0.2081466168165207,0.44152554869651794,0.8252260684967041,-0.27084848284721375
0.8433734774589539,0.8127014636993408,-0.21107551455497742,0.4423220157623291,0.825143575668335,-0.2607526481151581
0.8430778384208679,0.8134521842002869,-0.2017553299665451,0.4445440173149109,0.8251121044158936,-0.24530784785747528
0.8444973826408386,0.813773512840271,-0.19844664633274078,0.44535407423973083,0.8250830173492432,-0.2547155022621155
0.8458350896835327,0.8142531514167786,-0.19679096341133118,0.44546574354171753,0.8228232860565186,-0.25028517842292786
0.8501414060592651,0.8163439035415649,-0.19605271518230438,0.44549551606178284,0.8214470148086548,-0.24768412113189697
0.8540617823600769,0.8188539743423462,-0.19501617550849915,0.44592490792274475,0.8204732537269592,-0.24368958175182343
0.8557855486869812,0.8200045824050903,-0.1942194253206253,0.44602590799331665,0.8195992708206177,-0.24240043759346008
0.8558127284049988,0.820033609867096,-0.11169803142547607,0.4492698609828949,0.8048868775367737,-0.15332534909248352
0.8568127751350403,0.8220722079277039,-0.12457585334777832,0.4498926103115082,0.8053978085517883,-0.16666565835475922
0.8569743037223816,0.821540892124176,-0.10386747121810913,0.4521755278110504,0.8031100630760193,-0.13262508809566498
0.8565933108329773,0.8166491389274597,-0.09137743711471558,0.4528356194496155,0.8010817766189575,-0.11149688810110092
0.8565062284469604,0.8161612153053284,-0.10400557518005371,0.4523543417453766,0.8012827634811401,-0.10135059058666229
0.8564770817756653,0.815952718257904,-0.1009446233510971,0.45363545417785645,0.7985689043998718,-0.09654377400875092
0.8564435839653015,0.8158220648765564,-0.10511881113052368,0.4528336524963379,0.797585666179657,-0.13495604693889618
0.856543242931366,0.8157848715782166,-0.12123934179544449,0.451993465423584,0.7976072430610657,-0.17737388610839844
0.8564965128898621,0.8157758712768555,-0.1476370096206665,0.449930340051651,0.7976815104484558,-0.21409504115581512
0.8564571142196655,0.8157641291618347,-0.1489405781030655,0.44938188791275024,0.7977240085601807,-0.2062283307313919
0.8564322590827942,0.8156183958053589,-0.14962029457092285,0.44930940866470337,0.7977951765060425,-0.185045525431633
0.8560993075370789,0.8154325485229492,-0.1089133769273758,0.4492655396461487,0.7959962487220764,-0.15075135231018066
0.8556596040725708,0.8148476481437683,-0.09405333548784256,0.44849124550819397,0.7957718372344971,-0.1502549946308136
0.8542253375053406,0.8143142461776733,-0.08114604651927948,0.44526076316833496,0.7959772944450378,-0.13158367574214935
0.8531940579414368,0.8142215609550476,-0.07895388454198837,0.4450570046901703,0.7960434556007385,-0.11089281737804413
0.8519364595413208,0.8136060833930969,-0.08415966480970383,0.4448612630367279,0.7960834503173828,-0.11835422366857529
0.8511238098144531,0.8128769993782043,-0.0845295637845993,0.4450153708457947,0.7961542010307312,-0.11974853277206421
0.850835919380188,0.8127521276473999,-0.10896100103855133,0.4450198709964752,0.7965537905693054,-0.1277545839548111
0.8506733775138855,0.8127397894859314,-0.1058901697397232,0.4450199604034424,0.7987349033355713,-0.12624585628509521
0.8499839901924133,0.8119558691978455,-0.10601381212472916,0.44502344727516174,0.7992973923683167,-0.12243245542049408
0.8496547937393188,0.8116508722305298,-0.10608048737049103,0.4450572431087494,0.7995272278785706,-0.12286531925201416
0.8493474125862122,0.811381459236145,-0.12650150060653687,0.4448074400424957,0.8003866076469421,-0.14037790894508362
0.8490235209465027,0.8111525774002075,-0.1325494796037674,0.4448089003562927,0.8013947010040283,-0.1415398120880127
0.8485780954360962,0.8106196522712708,-0.14702041447162628,0.44487088918685913,0.8015644550323486,-0.1484949290752411
0.8484283685684204,0.810573399066925,-0.15044741332530975,0.4448973536491394,0.8017845749855042,-0.14895930886268616
0.8482134938240051,0.8103689551353455,-0.1730431318283081,0.4448947310447693,0.802334189414978,-0.22898872196674347
0.8480302691459656,0.8103436827659607,-0.16325496137142181,0.44475412368774414,0.8026060461997986,-0.19440527260303497
0.848006546497345,0.8101685643196106,-0.1229584664106369,0.4449574947357178,0.8029484152793884,-0.12519104778766632
